# ASY+PE method (with partition functions): 1066 integration steps in 2.0297e-02 seconds
# All quantities except Asy, RG_PE, and sumX are log10(x)
# Log of absolute values for E and dE/dt as they can be negative
# Units: t and dt in s; E in erg; dE/dt in erg/g/s; others dimensionless 
#
#    t     dt     |E|  |dE/dt| Asy  Equil  sumX  X(4He)     X(12C)     X(16O)     

-10.929 -11.893 15.641 26.555 0.000 0.000 1.000 -2.449e+00 -3.198e-01 -3.013e-01
-10.879 -11.843 15.689 26.551 0.000 0.000 1.000 -2.401e+00 -3.220e-01 -3.013e-01
-10.829 -11.793 15.737 26.546 0.000 0.000 1.000 -2.353e+00 -3.245e-01 -3.014e-01
-10.779 -11.743 15.784 26.542 0.000 0.000 1.000 -2.306e+00 -3.273e-01 -3.014e-01
-10.729 -11.693 15.831 26.536 0.000 0.000 1.000 -2.259e+00 -3.304e-01 -3.014e-01
-10.679 -11.643 15.878 26.530 0.000 0.000 1.000 -2.212e+00 -3.339e-01 -3.015e-01
-10.629 -11.593 15.924 26.523 0.000 0.000 1.000 -2.165e+00 -3.377e-01 -3.015e-01
-10.579 -11.543 15.970 26.516 0.000 0.000 1.000 -2.119e+00 -3.420e-01 -3.016e-01
-10.529 -11.493 16.016 26.508 0.000 0.000 1.000 -2.074e+00 -3.468e-01 -3.017e-01
-10.479 -11.443 16.061 26.499 0.000 0.000 1.000 -2.029e+00 -3.521e-01 -3.017e-01
-10.429 -11.393 16.106 26.489 0.000 0.000 1.000 -1.984e+00 -3.580e-01 -3.018e-01
-10.379 -11.343 16.150 26.478 0.000 0.000 1.000 -1.941e+00 -3.645e-01 -3.019e-01
-10.329 -11.293 16.194 26.466 0.000 0.000 1.000 -1.897e+00 -3.717e-01 -3.020e-01
-10.279 -11.243 16.236 26.453 0.000 0.000 1.000 -1.855e+00 -3.797e-01 -3.021e-01
-10.229 -11.193 16.279 26.438 0.000 0.000 1.000 -1.813e+00 -3.885e-01 -3.022e-01
-10.179 -11.143 16.320 26.423 0.000 0.000 1.000 -1.773e+00 -3.982e-01 -3.023e-01
-10.129 -11.093 16.361 26.406 0.000 0.000 1.000 -1.733e+00 -4.088e-01 -3.024e-01
-10.079 -11.043 16.401 26.387 0.000 0.000 1.000 -1.694e+00 -4.205e-01 -3.025e-01
-10.029 -10.993 16.440 26.367 0.000 0.000 1.000 -1.656e+00 -4.332e-01 -3.027e-01
-9.979 -10.943 16.478 26.346 0.000 0.000 1.000 -1.620e+00 -4.471e-01 -3.028e-01
-9.929 -10.893 16.515 26.324 0.000 0.000 1.000 -1.585e+00 -4.623e-01 -3.030e-01
-9.879 -10.843 16.552 26.301 0.000 0.000 1.000 -1.551e+00 -4.788e-01 -3.031e-01
-9.829 -10.793 16.587 26.276 0.000 0.000 1.000 -1.518e+00 -4.966e-01 -3.032e-01
-9.779 -10.743 16.622 26.251 0.000 0.000 1.000 -1.488e+00 -5.158e-01 -3.034e-01
-9.729 -10.693 16.656 26.225 0.000 0.000 1.000 -1.459e+00 -5.365e-01 -3.035e-01
-9.679 -10.643 16.689 26.198 0.000 0.000 1.000 -1.431e+00 -5.587e-01 -3.036e-01
-9.629 -10.593 16.722 26.172 0.000 0.000 1.000 -1.406e+00 -5.825e-01 -3.037e-01
-9.579 -10.543 16.753 26.146 0.000 0.000 1.000 -1.382e+00 -6.077e-01 -3.038e-01
-9.529 -10.493 16.785 26.121 0.000 0.000 1.000 -1.361e+00 -6.346e-01 -3.038e-01
-9.479 -10.443 16.816 26.096 0.000 0.000 1.000 -1.341e+00 -6.630e-01 -3.039e-01
-9.429 -10.393 16.846 26.073 0.000 0.000 1.000 -1.324e+00 -6.930e-01 -3.038e-01
-9.379 -10.343 16.877 26.051 0.000 0.000 1.000 -1.309e+00 -7.245e-01 -3.038e-01
-9.329 -10.293 16.907 26.030 0.000 0.000 1.000 -1.297e+00 -7.575e-01 -3.036e-01
-9.279 -10.243 16.938 26.010 0.000 0.000 1.000 -1.287e+00 -7.920e-01 -3.034e-01
-9.229 -10.193 16.968 25.990 0.000 0.000 1.000 -1.280e+00 -8.278e-01 -3.032e-01
-9.179 -10.143 16.998 25.971 0.000 0.000 1.000 -1.275e+00 -8.651e-01 -3.028e-01
-9.129 -10.093 17.029 25.952 0.000 0.000 1.000 -1.273e+00 -9.036e-01 -3.024e-01
-9.079 -10.043 17.059 25.931 0.000 0.000 1.000 -1.274e+00 -9.434e-01 -3.019e-01
-9.029 -9.993 17.089 25.909 0.000 0.000 1.000 -1.278e+00 -9.843e-01 -3.013e-01
-8.979 -9.943 17.119 25.885 0.000 0.000 1.000 -1.285e+00 -1.026e+00 -3.007e-01
-8.929 -9.893 17.149 25.858 0.000 0.000 1.000 -1.295e+00 -1.070e+00 -2.999e-01
-8.880 -9.843 17.177 25.828 0.000 0.000 1.000 -1.308e+00 -1.114e+00 -2.991e-01
-8.830 -9.793 17.205 25.795 0.000 0.000 1.000 -1.324e+00 -1.159e+00 -2.982e-01
-8.780 -9.743 17.233 25.758 0.000 0.000 1.000 -1.343e+00 -1.205e+00 -2.972e-01
-8.730 -9.693 17.259 25.717 0.000 0.000 1.000 -1.366e+00 -1.252e+00 -2.962e-01
-8.680 -9.643 17.284 25.673 0.000 0.000 1.000 -1.391e+00 -1.299e+00 -2.952e-01
-8.630 -9.593 17.307 25.625 0.000 0.000 1.000 -1.420e+00 -1.348e+00 -2.942e-01
-8.580 -9.543 17.330 25.572 0.000 0.000 1.000 -1.451e+00 -1.397e+00 -2.931e-01
-8.530 -9.493 17.350 25.517 0.000 0.000 1.000 -1.486e+00 -1.447e+00 -2.921e-01
-8.480 -9.443 17.370 25.457 0.000 0.000 1.000 -1.524e+00 -1.498e+00 -2.911e-01
-8.430 -9.393 17.388 25.394 0.000 0.000 1.000 -1.565e+00 -1.550e+00 -2.901e-01
-8.380 -9.343 17.405 25.328 0.000 0.000 1.000 -1.610e+00 -1.602e+00 -2.892e-01
-8.330 -9.293 17.421 25.259 0.000 0.000 1.000 -1.658e+00 -1.656e+00 -2.884e-01
-8.280 -9.243 17.435 25.187 0.000 0.000 1.000 -1.709e+00 -1.710e+00 -2.875e-01
-8.230 -9.193 17.448 25.111 0.000 0.000 1.000 -1.764e+00 -1.765e+00 -2.868e-01
-8.180 -9.143 17.460 25.033 0.000 0.000 1.000 -1.823e+00 -1.821e+00 -2.861e-01
-8.130 -9.093 17.470 24.951 0.000 0.000 1.000 -1.885e+00 -1.878e+00 -2.854e-01
-8.080 -9.043 17.480 24.866 0.000 0.000 1.000 -1.952e+00 -1.937e+00 -2.848e-01
-8.030 -8.993 17.489 24.778 0.000 0.000 1.000 -2.022e+00 -1.996e+00 -2.842e-01
-7.980 -8.943 17.496 24.686 0.000 0.000 1.000 -2.096e+00 -2.057e+00 -2.837e-01
-7.930 -8.893 17.503 24.592 0.000 0.000 1.000 -2.174e+00 -2.119e+00 -2.832e-01
-7.880 -8.843 17.509 24.495 0.000 0.000 1.000 -2.255e+00 -2.183e+00 -2.827e-01
-7.830 -8.793 17.515 24.395 0.000 0.000 1.000 -2.338e+00 -2.248e+00 -2.823e-01
-7.780 -8.743 17.519 24.294 0.000 0.000 1.000 -2.423e+00 -2.316e+00 -2.820e-01
-7.730 -8.693 17.524 24.192 0.000 0.000 1.000 -2.509e+00 -2.384e+00 -2.817e-01
-7.680 -8.643 17.527 24.090 0.000 0.000 1.000 -2.596e+00 -2.455e+00 -2.815e-01
-7.630 -8.593 17.530 23.990 0.000 0.000 1.000 -2.683e+00 -2.527e+00 -2.814e-01
-7.580 -8.543 17.533 23.893 0.000 0.000 1.000 -2.769e+00 -2.601e+00 -2.815e-01
-7.530 -8.493 17.536 23.799 0.000 0.000 1.000 -2.853e+00 -2.675e+00 -2.817e-01
-7.480 -8.443 17.538 23.709 0.000 0.000 1.000 -2.936e+00 -2.750e+00 -2.821e-01
-7.430 -8.393 17.540 23.623 0.000 0.000 1.000 -3.015e+00 -2.823e+00 -2.826e-01
-7.380 -8.343 17.542 23.543 0.000 0.000 1.000 -3.088e+00 -2.894e+00 -2.834e-01
-7.330 -8.293 17.544 23.470 0.000 0.000 1.000 -3.153e+00 -2.960e+00 -2.843e-01
-7.285 -8.294 17.546 23.407 0.000 0.000 1.000 -3.205e+00 -3.018e+00 -2.854e-01
-7.244 -8.294 17.547 23.355 0.000 0.000 1.000 -3.242e+00 -3.062e+00 -2.865e-01
-7.207 -8.294 17.548 23.318 0.000 0.000 1.000 -3.266e+00 -3.095e+00 -2.876e-01
-7.169 -8.244 17.550 23.293 0.000 0.000 1.000 -3.284e+00 -3.120e+00 -2.888e-01
-7.137 -8.288 17.551 23.274 0.000 0.000 1.000 -3.295e+00 -3.138e+00 -2.900e-01
-7.108 -8.288 17.552 23.261 0.000 0.000 1.000 -3.303e+00 -3.151e+00 -2.912e-01
-7.080 -8.288 17.553 23.251 0.000 0.000 1.000 -3.309e+00 -3.160e+00 -2.924e-01
-7.054 -8.288 17.554 23.244 0.000 0.000 1.000 -3.312e+00 -3.167e+00 -2.936e-01
-7.026 -8.238 17.556 23.238 0.000 0.000 1.000 -3.315e+00 -3.172e+00 -2.948e-01
-7.000 -8.230 17.557 23.233 0.062 0.000 1.000 -3.316e+00 -3.176e+00 -2.961e-01
-6.978 -8.283 17.558 23.230 0.000 0.000 1.000 -3.319e+00 -3.178e+00 -2.973e-01
-6.957 -8.283 17.559 23.225 0.000 0.000 1.000 -3.320e+00 -3.180e+00 -2.985e-01
-6.937 -8.283 17.560 23.222 0.000 0.000 1.000 -3.322e+00 -3.181e+00 -2.997e-01
-6.918 -8.283 17.561 23.219 0.000 0.000 1.000 -3.322e+00 -3.182e+00 -3.009e-01
-6.899 -8.283 17.562 23.217 0.000 0.000 1.000 -3.323e+00 -3.183e+00 -3.021e-01
-6.882 -8.284 17.563 23.214 0.000 0.000 1.000 -3.324e+00 -3.183e+00 -3.032e-01
-6.863 -8.234 17.564 23.211 0.000 0.000 1.000 -3.325e+00 -3.184e+00 -3.044e-01
-6.844 -8.225 17.565 23.209 0.062 0.000 1.000 -3.325e+00 -3.184e+00 -3.058e-01
-6.829 -8.278 17.566 23.207 0.000 0.000 1.000 -3.326e+00 -3.184e+00 -3.070e-01
-6.814 -8.278 17.567 23.204 0.000 0.000 1.000 -3.326e+00 -3.185e+00 -3.082e-01
-6.799 -8.278 17.568 23.201 0.000 0.000 1.000 -3.327e+00 -3.185e+00 -3.093e-01
-6.785 -8.278 17.569 23.199 0.000 0.000 1.000 -3.327e+00 -3.185e+00 -3.105e-01
-6.771 -8.278 17.570 23.197 0.000 0.000 1.000 -3.328e+00 -3.185e+00 -3.117e-01
-6.758 -8.279 17.571 23.194 0.000 0.000 1.000 -3.328e+00 -3.185e+00 -3.129e-01
-6.745 -8.279 17.572 23.192 0.000 0.000 1.000 -3.328e+00 -3.185e+00 -3.141e-01
-6.731 -8.229 17.573 23.190 0.000 0.000 1.000 -3.329e+00 -3.185e+00 -3.152e-01
-6.718 -8.273 17.574 23.187 0.000 0.000 1.000 -3.329e+00 -3.186e+00 -3.164e-01
-6.707 -8.273 17.575 23.185 0.000 0.000 1.000 -3.329e+00 -3.186e+00 -3.176e-01
-6.695 -8.273 17.576 23.183 0.000 0.000 1.000 -3.330e+00 -3.186e+00 -3.188e-01
-6.684 -8.273 17.577 23.180 0.000 0.000 1.000 -3.330e+00 -3.186e+00 -3.200e-01
-6.673 -8.274 17.578 23.178 0.000 0.000 1.000 -3.330e+00 -3.186e+00 -3.211e-01
-6.662 -8.274 17.579 23.176 0.000 0.000 1.000 -3.330e+00 -3.186e+00 -3.223e-01
-6.651 -8.274 17.580 23.174 0.000 0.000 1.000 -3.331e+00 -3.186e+00 -3.235e-01
-6.640 -8.224 17.581 23.171 0.000 0.000 1.000 -3.331e+00 -3.186e+00 -3.247e-01
-6.630 -8.268 17.582 23.169 0.000 0.000 1.000 -3.331e+00 -3.187e+00 -3.259e-01
-6.620 -8.268 17.582 23.167 0.000 0.000 1.000 -3.331e+00 -3.187e+00 -3.270e-01
-6.610 -8.268 17.583 23.164 0.000 0.000 1.000 -3.331e+00 -3.187e+00 -3.282e-01
-6.601 -8.268 17.584 23.162 0.000 0.000 1.000 -3.332e+00 -3.187e+00 -3.294e-01
-6.592 -8.269 17.585 23.160 0.000 0.000 1.000 -3.332e+00 -3.187e+00 -3.305e-01
-6.583 -8.269 17.586 23.158 0.000 0.000 1.000 -3.332e+00 -3.187e+00 -3.317e-01
-6.574 -8.269 17.587 23.155 0.000 0.000 1.000 -3.332e+00 -3.187e+00 -3.329e-01
-6.565 -8.269 17.588 23.153 0.000 0.000 1.000 -3.332e+00 -3.187e+00 -3.340e-01
-6.556 -8.219 17.589 23.151 0.000 0.000 1.000 -3.332e+00 -3.187e+00 -3.352e-01
-6.547 -8.263 17.590 23.149 0.000 0.000 1.000 -3.332e+00 -3.188e+00 -3.364e-01
-6.539 -8.263 17.590 23.147 0.000 0.000 1.000 -3.332e+00 -3.188e+00 -3.376e-01
-6.531 -8.264 17.591 23.144 0.000 0.000 1.000 -3.332e+00 -3.188e+00 -3.387e-01
-6.523 -8.264 17.592 23.142 0.000 0.000 1.000 -3.333e+00 -3.188e+00 -3.399e-01
-6.515 -8.264 17.593 23.140 0.000 0.000 1.000 -3.333e+00 -3.188e+00 -3.411e-01
-6.507 -8.264 17.594 23.138 0.000 0.000 1.000 -3.333e+00 -3.188e+00 -3.422e-01
-6.500 -8.264 17.595 23.136 0.000 0.000 1.000 -3.333e+00 -3.188e+00 -3.434e-01
-6.491 -8.214 17.595 23.133 0.062 0.000 1.000 -3.333e+00 -3.188e+00 -3.446e-01
-6.482 -8.164 17.597 23.131 0.062 0.000 1.000 -3.333e+00 -3.189e+00 -3.459e-01
-6.473 -8.156 17.598 23.129 0.062 0.000 1.000 -3.333e+00 -3.189e+00 -3.474e-01
-6.464 -8.147 17.599 23.126 0.062 0.000 1.000 -3.333e+00 -3.189e+00 -3.489e-01
-6.455 -8.138 17.600 23.123 0.062 0.000 1.000 -3.332e+00 -3.189e+00 -3.504e-01
-6.446 -8.130 17.601 23.120 0.062 0.000 1.000 -3.332e+00 -3.189e+00 -3.520e-01
-6.437 -8.121 17.602 23.117 0.062 0.000 1.000 -3.332e+00 -3.189e+00 -3.536e-01
-6.428 -8.113 17.603 23.114 0.062 0.000 1.000 -3.332e+00 -3.190e+00 -3.552e-01
-6.419 -8.104 17.604 23.111 0.062 0.000 1.000 -3.332e+00 -3.190e+00 -3.568e-01
-6.410 -8.095 17.605 23.108 0.062 0.000 1.000 -3.332e+00 -3.190e+00 -3.585e-01
-6.401 -8.087 17.606 23.105 0.062 0.000 1.000 -3.332e+00 -3.190e+00 -3.602e-01
-6.392 -8.078 17.607 23.102 0.062 0.000 1.000 -3.332e+00 -3.190e+00 -3.619e-01
-6.383 -8.070 17.608 23.098 0.062 0.000 1.000 -3.331e+00 -3.190e+00 -3.637e-01
-6.374 -8.061 17.610 23.095 0.125 0.000 1.000 -3.331e+00 -3.191e+00 -3.655e-01
-6.365 -8.070 17.611 23.092 0.062 0.000 1.000 -3.331e+00 -3.191e+00 -3.672e-01
-6.356 -8.061 17.612 23.089 0.062 0.000 1.000 -3.331e+00 -3.191e+00 -3.690e-01
-6.348 -8.053 17.613 23.085 0.125 0.000 1.000 -3.330e+00 -3.191e+00 -3.708e-01
-6.339 -8.062 17.614 23.082 0.062 0.000 1.000 -3.330e+00 -3.191e+00 -3.726e-01
-6.331 -8.062 17.615 23.079 0.062 0.000 1.000 -3.330e+00 -3.192e+00 -3.744e-01
-6.323 -8.053 17.616 23.075 0.125 0.000 1.000 -3.329e+00 -3.192e+00 -3.762e-01
-6.315 -8.062 17.617 23.072 0.062 0.000 1.000 -3.329e+00 -3.192e+00 -3.779e-01
-6.307 -8.054 17.618 23.069 0.125 0.000 1.000 -3.329e+00 -3.192e+00 -3.797e-01
-6.300 -8.063 17.620 23.065 0.062 0.000 1.000 -3.328e+00 -3.192e+00 -3.814e-01
-6.292 -8.054 17.621 23.062 0.125 0.000 1.000 -3.328e+00 -3.193e+00 -3.832e-01
-6.285 -8.063 17.622 23.059 0.062 0.000 1.000 -3.327e+00 -3.193e+00 -3.849e-01
-6.278 -8.054 17.623 23.056 0.125 0.000 1.000 -3.327e+00 -3.193e+00 -3.867e-01
-6.270 -8.063 17.624 23.053 0.062 0.000 1.000 -3.326e+00 -3.193e+00 -3.884e-01
-6.263 -8.055 17.625 23.050 0.125 0.000 1.000 -3.326e+00 -3.193e+00 -3.902e-01
-6.257 -8.064 17.626 23.046 0.062 0.000 1.000 -3.325e+00 -3.194e+00 -3.919e-01
-6.250 -8.055 17.627 23.043 0.125 0.000 1.000 -3.325e+00 -3.194e+00 -3.936e-01
-6.243 -8.064 17.628 23.040 0.062 0.000 1.000 -3.324e+00 -3.194e+00 -3.953e-01
-6.236 -8.055 17.629 23.037 0.125 0.000 1.000 -3.324e+00 -3.194e+00 -3.971e-01
-6.230 -8.047 17.630 23.034 0.125 0.000 1.000 -3.323e+00 -3.194e+00 -3.988e-01
-6.223 -8.065 17.631 23.030 0.062 0.000 1.000 -3.323e+00 -3.195e+00 -4.005e-01
-6.217 -8.056 17.632 23.028 0.125 0.000 1.000 -3.322e+00 -3.195e+00 -4.022e-01
-6.211 -8.065 17.632 23.024 0.062 0.000 1.000 -3.322e+00 -3.195e+00 -4.039e-01
-6.199 -8.048 17.634 23.018 0.125 0.000 1.000 -3.321e+00 -3.195e+00 -4.074e-01
-6.170 -8.057 17.639 23.003 0.125 0.000 1.000 -3.318e+00 -3.196e+00 -4.158e-01
-6.137 -8.067 17.644 22.984 0.062 0.000 1.000 -3.314e+00 -3.198e+00 -4.258e-01
-6.107 -8.051 17.649 22.966 0.125 0.000 1.000 -3.310e+00 -3.199e+00 -4.357e-01
-6.078 -8.043 17.654 22.949 0.125 0.000 1.000 -3.305e+00 -3.200e+00 -4.456e-01
-6.046 -8.035 17.659 22.928 0.125 0.000 1.000 -3.300e+00 -3.201e+00 -4.570e-01
-6.017 -8.037 17.664 22.907 0.125 0.000 1.000 -3.294e+00 -3.203e+00 -4.683e-01
-5.987 -8.064 17.669 22.886 0.062 0.000 1.000 -3.288e+00 -3.204e+00 -4.803e-01
-5.960 -8.215 17.673 22.866 0.000 0.000 1.000 -3.281e+00 -3.206e+00 -4.920e-01
-5.929 -8.211 17.679 22.842 0.000 0.000 1.000 -3.274e+00 -3.208e+00 -5.056e-01
-5.898 -8.207 17.684 22.816 0.000 0.000 1.000 -3.266e+00 -3.210e+00 -5.200e-01
-5.869 -8.203 17.689 22.790 0.000 0.000 1.000 -3.257e+00 -3.212e+00 -5.343e-01
-5.840 -8.200 17.694 22.764 0.000 0.000 1.000 -3.249e+00 -3.214e+00 -5.495e-01
-5.808 -8.153 17.699 22.734 0.000 0.000 1.000 -3.239e+00 -3.216e+00 -5.664e-01
-5.779 -8.199 17.704 22.705 0.000 0.000 1.000 -3.229e+00 -3.219e+00 -5.830e-01
-5.749 -8.196 17.709 22.673 0.000 0.000 1.000 -3.219e+00 -3.221e+00 -6.014e-01
-5.719 -8.187 17.714 22.641 0.000 0.053 1.000 -3.208e+00 -3.224e+00 -6.195e-01
-5.689 -8.017    nan   -inf 0.000 1.000  -nan  -nan  -nan  -nan
-5.659 -7.905    nan   -inf 0.000 1.000  -nan   nan  -nan  -nan
-5.630 -7.811    nan   -inf 0.000 1.000  -nan  -nan  -nan  -nan
-5.599 -7.725    nan   -inf 0.000 1.000  -nan  -nan  -nan  -nan
-5.568 -7.647    nan   -inf 0.000 1.000  -nan   nan  -nan  -nan
-5.537 -7.578    nan   -inf 0.000 1.000  -nan   nan  -nan  -nan
-5.508 -7.518    nan   -inf 0.000 1.000  -nan  -nan  -nan  -nan
-5.477 -7.458    nan   -inf 0.000 1.000  -nan   nan  -nan  -nan
-5.449 -7.406    nan   -inf 0.000 1.000  -nan   nan  -nan  -nan
-5.419 -7.355    nan   -inf 0.000 1.000  -nan   nan  -nan  -nan
-5.388 -7.303    nan   -inf 0.000 1.000  -nan   nan  -nan  -nan
-5.355 -7.252    nan   -inf 0.000 1.000  -nan   nan  -nan  -nan
-5.327 -7.209    nan   -inf 0.000 1.000  -nan  -nan  -nan  -nan
-5.298 -7.166    nan   -inf 0.000 1.000  -nan   nan  -nan  -nan
-5.267 -7.123    nan   -inf 0.000 1.000  -nan  -nan  -nan  -nan
-5.236 -7.080    nan   -inf 0.000 1.000  -nan   nan  -nan  -nan
-5.204 -7.037    nan   -inf 0.000 1.000  -nan  -nan  -nan  -nan
-5.178 -7.002    nan   -inf 0.000 1.000  -nan  -nan  -nan  -nan
-5.145 -6.959    nan   -inf 0.000 1.000  -nan   nan  -nan  -nan
-5.118 -6.925    nan   -inf 0.000 1.000  -nan   nan  -nan  -nan
-5.083 -6.882    nan   -inf 0.000 1.000  -nan  -nan  -nan  -nan
-5.055 -6.847    nan   -inf 0.000 1.000  -nan  -nan  -nan  -nan
-5.027 -6.813    nan   -inf 0.000 1.000  -nan  -nan  -nan  -nan
-4.998 -6.779    nan   -inf 0.000 1.000  -nan  -nan  -nan  -nan
-4.969 -6.744    nan   -inf 0.000 1.000  -nan  -nan  -nan  -nan
-4.939 -6.710    nan   -inf 0.000 1.000  -nan  -nan  -nan  -nan
-4.909 -6.675    nan   -inf 0.000 1.000  -nan  -nan  -nan  -nan
-4.879 -6.641    nan   -inf 0.000 1.000  -nan  -nan  -nan  -nan
-4.848 -6.607    nan   -inf 0.000 1.000  -nan  -nan  -nan  -nan
-4.818 -6.572    nan   -inf 0.000 1.000  -nan  -nan  -nan  -nan
-4.787 -6.538    nan   -inf 0.000 1.000  -nan  -nan  -nan  -nan
-4.755 -6.503    nan   -inf 0.000 1.000  -nan  -nan  -nan  -nan
-4.724 -6.469    nan   -inf 0.000 1.000  -nan  -nan  -nan  -nan
-4.692 -6.435    nan   -inf 0.000 1.000  -nan  -nan  -nan  -nan
-4.668 -6.409    nan   -inf 0.000 1.000  -nan   nan  -nan  -nan
-4.636 -6.374    nan   -inf 0.000 1.000  -nan   nan  -nan  -nan
-4.604 -6.340    nan   -inf 0.000 1.000  -nan   nan  -nan  -nan
-4.572 -6.306    nan   -inf 0.000 1.000  -nan   nan  -nan  -nan
-4.548 -6.280    nan   -inf 0.000 1.000  -nan  -nan  -nan  -nan
-4.515 -6.245    nan   -inf 0.000 1.000  -nan  -nan  -nan  -nan
-4.482 -6.211    nan   -inf 0.000 1.000  -nan  -nan  -nan  -nan
-4.458 -6.185    nan   -inf 0.000 1.000  -nan   nan  -nan  -nan
-4.425 -6.151    nan   -inf 0.000 1.000  -nan   nan  -nan  -nan
-4.392 -6.116    nan   -inf 0.000 1.000  -nan   nan  -nan  -nan
-4.367 -6.091    nan   -inf 0.000 1.000  -nan  -nan  -nan  -nan
-4.334 -6.056    nan   -inf 0.000 1.000  -nan  -nan  -nan  -nan
-4.309 -6.030    nan   -inf 0.000 1.000  -nan   nan  -nan  -nan
-4.275 -5.996    nan   -inf 0.000 1.000  -nan   nan  -nan  -nan
-4.242 -5.962    nan   -inf 0.000 1.000  -nan   nan  -nan  -nan
-4.217 -5.936    nan   -inf 0.000 1.000  -nan  -nan  -nan  -nan
-4.183 -5.901    nan   -inf 0.000 1.000  -nan  -nan  -nan  -nan
-4.158 -5.876    nan   -inf 0.000 1.000  -nan   nan  -nan  -nan
-4.124 -5.841    nan   -inf 0.000 1.000  -nan   nan  -nan  -nan
-4.099 -5.815    nan   -inf 0.000 1.000  -nan  -nan  -nan  -nan
-4.065 -5.781    nan   -inf 0.000 1.000  -nan  -nan  -nan  -nan
-4.032 -5.747    nan   -inf 0.000 1.000  -nan  -nan  -nan  -nan
-4.006 -5.721    nan   -inf 0.000 1.000  -nan   nan  -nan  -nan
-3.972 -5.686    nan   -inf 0.000 1.000  -nan   nan  -nan  -nan
-3.947 -5.661    nan   -inf 0.000 1.000  -nan  -nan  -nan  -nan
-3.913 -5.626    nan   -inf 0.000 1.000  -nan  -nan  -nan  -nan
-3.888 -5.600    nan   -inf 0.000 1.000  -nan   nan  -nan  -nan
-3.854 -5.566    nan   -inf 0.000 1.000  -nan   nan  -nan  -nan
-3.828 -5.540    nan   -inf 0.000 1.000  -nan  -nan  -nan  -nan
-3.794 -5.506    nan   -inf 0.000 1.000  -nan  -nan  -nan  -nan
-3.768 -5.480    nan   -inf 0.000 1.000  -nan   nan  -nan  -nan
-3.734 -5.446    nan   -inf 0.000 1.000  -nan   nan  -nan  -nan
-3.709 -5.420    nan   -inf 0.000 1.000  -nan  -nan  -nan  -nan
-3.675 -5.385    nan   -inf 0.000 1.000  -nan  -nan  -nan  -nan
-3.649 -5.360    nan   -inf 0.000 1.000  -nan   nan  -nan  -nan
-3.615 -5.325    nan   -inf 0.000 1.000  -nan   nan  -nan  -nan
-3.589 -5.299    nan   -inf 0.000 1.000  -nan  -nan  -nan  -nan
-3.555 -5.265    nan   -inf 0.000 1.000  -nan  -nan  -nan  -nan
-3.529 -5.239    nan   -inf 0.000 1.000  -nan   nan  -nan  -nan
-3.495 -5.205    nan   -inf 0.000 1.000  -nan   nan  -nan  -nan
-3.469 -5.179    nan   -inf 0.000 1.000  -nan  -nan  -nan  -nan
-3.435 -5.145    nan   -inf 0.000 1.000  -nan  -nan  -nan  -nan
-3.409 -5.119    nan   -inf 0.000 1.000  -nan   nan  -nan  -nan
-3.375 -5.084    nan   -inf 0.000 1.000  -nan   nan  -nan  -nan
-3.349 -5.059    nan   -inf 0.000 1.000  -nan  -nan  -nan  -nan
-3.315 -5.024    nan   -inf 0.000 1.000  -nan  -nan  -nan  -nan
-3.289 -4.998    nan   -inf 0.000 1.000  -nan   nan  -nan  -nan
-3.255 -4.964    nan   -inf 0.000 1.000  -nan   nan  -nan  -nan
-3.229 -4.938    nan   -inf 0.000 1.000  -nan  -nan  -nan  -nan
-3.195 -4.904    nan   -inf 0.000 1.000  -nan  -nan  -nan  -nan
-3.169 -4.878    nan   -inf 0.000 1.000  -nan   nan  -nan  -nan
-3.135 -4.844    nan   -inf 0.000 1.000  -nan   nan  -nan  -nan
-3.109 -4.818    nan   -inf 0.000 1.000  -nan  -nan  -nan  -nan
-3.075 -4.783    nan   -inf 0.000 1.000  -nan  -nan  -nan  -nan
-3.049 -4.758    nan   -inf 0.000 1.000  -nan   nan  -nan  -nan
-3.015 -4.723    nan   -inf 0.000 1.000  -nan   nan  -nan  -nan
-2.989 -4.697    nan   -inf 0.000 1.000  -nan  -nan  -nan  -nan
-2.955 -4.663    nan   -inf 0.000 1.000  -nan  -nan  -nan  -nan
-2.929 -4.637    nan   -inf 0.000 1.000  -nan   nan  -nan  -nan
-2.895 -4.603    nan   -inf 0.000 1.000  -nan   nan  -nan  -nan
-2.869 -4.577    nan   -inf 0.000 1.000  -nan  -nan  -nan  -nan
-2.834 -4.543    nan   -inf 0.000 1.000  -nan  -nan  -nan  -nan
-2.809 -4.517    nan   -inf 0.000 1.000  -nan   nan  -nan  -nan
-2.774 -4.482    nan   -inf 0.000 1.000  -nan   nan  -nan  -nan
-2.749 -4.457    nan   -inf 0.000 1.000  -nan  -nan  -nan  -nan
-2.714 -4.422    nan   -inf 0.000 1.000  -nan  -nan  -nan  -nan
-2.688 -4.396    nan   -inf 0.000 1.000  -nan   nan  -nan  -nan
-2.654 -4.362    nan   -inf 0.000 1.000  -nan   nan  -nan  -nan
-2.628 -4.336    nan   -inf 0.000 1.000  -nan  -nan  -nan  -nan
-2.594 -4.302    nan   -inf 0.000 1.000  -nan  -nan  -nan  -nan
-2.568 -4.276    nan   -inf 0.000 1.000  -nan   nan  -nan  -nan
-2.534 -4.242    nan   -inf 0.000 1.000  -nan   nan  -nan  -nan
-2.508 -4.216    nan   -inf 0.000 1.000  -nan  -nan  -nan  -nan
-2.474 -4.181    nan   -inf 0.000 1.000  -nan  -nan  -nan  -nan
-2.448 -4.156    nan   -inf 0.000 1.000  -nan   nan  -nan  -nan
-2.413 -4.121    nan   -inf 0.000 1.000  -nan   nan  -nan  -nan
-2.388 -4.095    nan   -inf 0.000 1.000  -nan  -nan  -nan  -nan
-2.353 -4.061    nan   -inf 0.000 1.000  -nan  -nan  -nan  -nan
-2.327 -4.035    nan   -inf 0.000 1.000  -nan   nan  -nan  -nan
-2.293 -4.001    nan   -inf 0.000 1.000  -nan   nan  -nan  -nan
-2.267 -3.975    nan   -inf 0.000 1.000  -nan  -nan  -nan  -nan
-2.233 -3.941    nan   -inf 0.000 1.000  -nan  -nan  -nan  -nan
-2.207 -3.915    nan   -inf 0.000 1.000  -nan   nan  -nan  -nan
-2.173 -3.880    nan   -inf 0.000 1.000  -nan   nan  -nan  -nan
-2.147 -3.855    nan   -inf 0.000 1.000  -nan  -nan  -nan  -nan
-2.112 -3.820    nan   -inf 0.000 1.000  -nan  -nan  -nan  -nan
-2.087 -3.794    nan   -inf 0.000 1.000  -nan   nan  -nan  -nan
-2.052 -3.760    nan   -inf 0.000 1.000  -nan   nan  -nan  -nan
-2.026 -3.734    nan   -inf 0.000 1.000  -nan  -nan  -nan  -nan
-1.992 -3.700    nan   -inf 0.000 1.000  -nan  -nan  -nan  -nan
