
#    t     dt   F+(4He)   F+(12C)   F+(16O)   F-(4He)   F-(12C)   F-(16O)   
-10.949 -12.153 4.242e+00 3.440e+00 2.906e-01 2.906e-01 3.691e+00 3.440e+00 4.242e+00 3.333e+00 3.440e+00
-10.921 -12.125 4.242e+00 3.440e+00 3.186e-01 3.186e-01 3.691e+00 3.440e+00 4.242e+00 3.333e+00 3.440e+00
-10.893 -12.097 4.242e+00 3.440e+00 3.466e-01 3.466e-01 3.691e+00 3.440e+00 4.242e+00 3.333e+00 3.440e+00
-10.865 -12.069 4.242e+00 3.440e+00 3.747e-01 3.747e-01 3.691e+00 3.440e+00 4.242e+00 3.333e+00 3.440e+00
-10.837 -12.041 4.242e+00 3.440e+00 4.027e-01 4.027e-01 3.691e+00 3.440e+00 4.242e+00 3.333e+00 3.440e+00
-10.809 -12.013 4.242e+00 3.440e+00 4.307e-01 4.307e-01 3.691e+00 3.440e+00 4.242e+00 3.333e+00 3.440e+00
-10.781 -11.985 4.242e+00 3.440e+00 4.587e-01 4.587e-01 3.691e+00 3.440e+00 4.242e+00 3.333e+00 3.440e+00
-10.753 -11.957 4.242e+00 3.440e+00 4.868e-01 4.868e-01 3.691e+00 3.440e+00 4.242e+00 3.333e+00 3.439e+00
-10.725 -11.929 4.242e+00 3.440e+00 5.148e-01 5.148e-01 3.691e+00 3.440e+00 4.242e+00 3.333e+00 3.439e+00
-10.697 -11.901 4.242e+00 3.440e+00 5.428e-01 5.428e-01 3.691e+00 3.440e+00 4.242e+00 3.333e+00 3.439e+00
-10.669 -11.873 4.242e+00 3.440e+00 5.708e-01 5.708e-01 3.691e+00 3.440e+00 4.242e+00 3.333e+00 3.439e+00
-10.612 -11.817 4.242e+00 3.440e+00 6.269e-01 6.269e-01 3.691e+00 3.440e+00 4.242e+00 3.333e+00 3.439e+00
-10.584 -11.789 4.242e+00 3.440e+00 6.549e-01 6.549e-01 3.691e+00 3.440e+00 4.242e+00 3.333e+00 3.439e+00
-10.556 -11.761 4.242e+00 3.440e+00 6.829e-01 6.829e-01 3.691e+00 3.440e+00 4.242e+00 3.333e+00 3.439e+00
-10.528 -11.732 4.242e+00 3.440e+00 7.110e-01 7.110e-01 3.691e+00 3.440e+00 4.242e+00 3.333e+00 3.439e+00
-10.500 -11.704 4.242e+00 3.440e+00 7.390e-01 7.390e-01 3.691e+00 3.440e+00 4.242e+00 3.333e+00 3.439e+00
-10.472 -11.676 4.242e+00 3.440e+00 7.670e-01 7.670e-01 3.691e+00 3.440e+00 4.242e+00 3.334e+00 3.439e+00
-10.444 -11.648 4.242e+00 3.440e+00 7.950e-01 7.950e-01 3.691e+00 3.440e+00 4.242e+00 3.334e+00 3.439e+00
-10.416 -11.620 4.242e+00 3.440e+00 8.231e-01 8.231e-01 3.691e+00 3.440e+00 4.242e+00 3.334e+00 3.439e+00
-10.388 -11.592 4.242e+00 3.440e+00 8.511e-01 8.511e-01 3.691e+00 3.440e+00 4.242e+00 3.334e+00 3.439e+00
-10.360 -11.564 4.242e+00 3.440e+00 8.791e-01 8.791e-01 3.691e+00 3.440e+00 4.242e+00 3.334e+00 3.439e+00
-10.332 -11.536 4.242e+00 3.440e+00 9.071e-01 9.071e-01 3.691e+00 3.440e+00 4.242e+00 3.334e+00 3.439e+00
-10.304 -11.508 4.242e+00 3.440e+00 9.352e-01 9.352e-01 3.691e+00 3.440e+00 4.242e+00 3.334e+00 3.439e+00
-10.276 -11.480 4.242e+00 3.440e+00 9.632e-01 9.632e-01 3.691e+00 3.440e+00 4.242e+00 3.334e+00 3.439e+00
-10.248 -11.452 4.242e+00 3.440e+00 9.912e-01 9.912e-01 3.691e+00 3.440e+00 4.242e+00 3.334e+00 3.438e+00
-10.192 -11.396 4.242e+00 3.440e+00 1.047e+00 1.047e+00 3.692e+00 3.440e+00 4.242e+00 3.335e+00 3.438e+00
-10.164 -11.368 4.242e+00 3.440e+00 1.075e+00 1.075e+00 3.692e+00 3.440e+00 4.242e+00 3.335e+00 3.438e+00
-10.136 -11.340 4.242e+00 3.440e+00 1.103e+00 1.103e+00 3.692e+00 3.440e+00 4.242e+00 3.335e+00 3.438e+00
-10.108 -11.312 4.242e+00 3.440e+00 1.131e+00 1.131e+00 3.692e+00 3.440e+00 4.242e+00 3.335e+00 3.438e+00
-10.080 -11.284 4.242e+00 3.440e+00 1.159e+00 1.159e+00 3.692e+00 3.440e+00 4.242e+00 3.335e+00 3.438e+00
-10.052 -11.256 4.242e+00 3.440e+00 1.187e+00 1.187e+00 3.692e+00 3.440e+00 4.242e+00 3.335e+00 3.438e+00
-10.024 -11.228 4.242e+00 3.440e+00 1.215e+00 1.215e+00 3.692e+00 3.440e+00 4.242e+00 3.336e+00 3.437e+00
-9.996 -11.200 4.242e+00 3.440e+00 1.243e+00 1.243e+00 3.692e+00 3.440e+00 4.242e+00 3.336e+00 3.437e+00
-9.968 -11.172 4.242e+00 3.440e+00 1.271e+00 1.271e+00 3.692e+00 3.440e+00 4.242e+00 3.336e+00 3.437e+00
-9.940 -11.144 4.242e+00 3.440e+00 1.299e+00 1.299e+00 3.692e+00 3.440e+00 4.242e+00 3.336e+00 3.437e+00
-9.912 -11.116 4.242e+00 3.440e+00 1.327e+00 1.327e+00 3.692e+00 3.440e+00 4.242e+00 3.337e+00 3.437e+00
-9.884 -11.088 4.242e+00 3.440e+00 1.355e+00 1.355e+00 3.693e+00 3.440e+00 4.242e+00 3.337e+00 3.436e+00
-9.856 -11.060 4.242e+00 3.440e+00 1.383e+00 1.383e+00 3.693e+00 3.440e+00 4.242e+00 3.337e+00 3.436e+00
-9.828 -11.032 4.242e+00 3.440e+00 1.411e+00 1.411e+00 3.693e+00 3.440e+00 4.242e+00 3.338e+00 3.436e+00
-9.800 -11.004 4.242e+00 3.440e+00 1.439e+00 1.439e+00 3.693e+00 3.440e+00 4.241e+00 3.338e+00 3.436e+00
-9.744 -10.948 4.242e+00 3.440e+00 1.495e+00 1.495e+00 3.693e+00 3.440e+00 4.241e+00 3.339e+00 3.435e+00
-9.716 -10.920 4.242e+00 3.440e+00 1.523e+00 1.523e+00 3.693e+00 3.440e+00 4.241e+00 3.339e+00 3.435e+00
-9.688 -10.892 4.242e+00 3.440e+00 1.551e+00 1.551e+00 3.694e+00 3.440e+00 4.241e+00 3.339e+00 3.434e+00
-9.659 -10.864 4.242e+00 3.440e+00 1.579e+00 1.579e+00 3.694e+00 3.440e+00 4.241e+00 3.340e+00 3.434e+00
-9.631 -10.836 4.242e+00 3.440e+00 1.607e+00 1.607e+00 3.694e+00 3.440e+00 4.241e+00 3.340e+00 3.434e+00
-9.603 -10.808 4.242e+00 3.440e+00 1.635e+00 1.635e+00 3.694e+00 3.440e+00 4.241e+00 3.341e+00 3.433e+00
-9.575 -10.780 4.242e+00 3.440e+00 1.663e+00 1.663e+00 3.695e+00 3.440e+00 4.241e+00 3.342e+00 3.433e+00
-9.547 -10.751 4.242e+00 3.440e+00 1.691e+00 1.691e+00 3.695e+00 3.440e+00 4.241e+00 3.342e+00 3.432e+00
-9.519 -10.723 4.242e+00 3.440e+00 1.719e+00 1.719e+00 3.695e+00 3.440e+00 4.241e+00 3.343e+00 3.432e+00
-9.491 -10.695 4.242e+00 3.440e+00 1.747e+00 1.747e+00 3.695e+00 3.440e+00 4.241e+00 3.344e+00 3.431e+00
-9.463 -10.667 4.242e+00 3.440e+00 1.775e+00 1.775e+00 3.696e+00 3.440e+00 4.241e+00 3.344e+00 3.430e+00
-9.435 -10.639 4.242e+00 3.440e+00 1.803e+00 1.803e+00 3.696e+00 3.440e+00 4.241e+00 3.345e+00 3.430e+00
-9.407 -10.611 4.242e+00 3.440e+00 1.831e+00 1.831e+00 3.696e+00 3.440e+00 4.240e+00 3.346e+00 3.429e+00
-9.379 -10.583 4.242e+00 3.440e+00 1.859e+00 1.859e+00 3.697e+00 3.440e+00 4.240e+00 3.347e+00 3.428e+00
-9.323 -10.527 4.242e+00 3.440e+00 1.915e+00 1.915e+00 3.698e+00 3.440e+00 4.240e+00 3.349e+00 3.427e+00
-9.295 -10.499 4.242e+00 3.440e+00 1.943e+00 1.943e+00 3.698e+00 3.440e+00 4.240e+00 3.350e+00 3.426e+00
-9.267 -10.471 4.242e+00 3.440e+00 1.971e+00 1.971e+00 3.699e+00 3.440e+00 4.240e+00 3.351e+00 3.425e+00
-9.239 -10.443 4.242e+00 3.440e+00 1.999e+00 1.999e+00 3.699e+00 3.440e+00 4.240e+00 3.352e+00 3.424e+00
-9.211 -10.415 4.242e+00 3.440e+00 2.027e+00 2.027e+00 3.700e+00 3.440e+00 4.240e+00 3.353e+00 3.423e+00
-9.183 -10.387 4.242e+00 3.440e+00 2.055e+00 2.055e+00 3.700e+00 3.440e+00 4.239e+00 3.355e+00 3.422e+00
-9.155 -10.359 4.242e+00 3.440e+00 2.083e+00 2.083e+00 3.701e+00 3.440e+00 4.239e+00 3.356e+00 3.420e+00
-9.127 -10.331 4.242e+00 3.440e+00 2.111e+00 2.111e+00 3.702e+00 3.440e+00 4.239e+00 3.358e+00 3.419e+00
-9.099 -10.303 4.242e+00 3.440e+00 2.139e+00 2.139e+00 3.703e+00 3.440e+00 4.239e+00 3.359e+00 3.418e+00
-9.071 -10.275 4.242e+00 3.440e+00 2.167e+00 2.167e+00 3.703e+00 3.440e+00 4.238e+00 3.361e+00 3.416e+00
-9.043 -10.247 4.242e+00 3.440e+00 2.195e+00 2.195e+00 3.704e+00 3.440e+00 4.238e+00 3.363e+00 3.415e+00
-9.015 -10.219 4.242e+00 3.440e+00 2.223e+00 2.223e+00 3.705e+00 3.440e+00 4.238e+00 3.365e+00 3.413e+00
-8.987 -10.191 4.242e+00 3.440e+00 2.250e+00 2.250e+00 3.706e+00 3.440e+00 4.238e+00 3.367e+00 3.411e+00
-8.959 -10.163 4.242e+00 3.440e+00 2.278e+00 2.278e+00 3.707e+00 3.440e+00 4.237e+00 3.369e+00 3.409e+00
-8.903 -10.107 4.242e+00 3.440e+00 2.334e+00 2.334e+00 3.709e+00 3.440e+00 4.237e+00 3.374e+00 3.404e+00
-8.875 -10.079 4.242e+00 3.440e+00 2.362e+00 2.362e+00 3.710e+00 3.440e+00 4.236e+00 3.377e+00 3.402e+00
-8.847 -10.051 4.242e+00 3.440e+00 2.390e+00 2.390e+00 3.712e+00 3.440e+00 4.236e+00 3.379e+00 3.399e+00
-8.819 -10.023 4.242e+00 3.440e+00 2.418e+00 2.418e+00 3.713e+00 3.440e+00 4.236e+00 3.382e+00 3.397e+00
-8.791 -9.995 4.242e+00 3.440e+00 2.445e+00 2.445e+00 3.715e+00 3.440e+00 4.235e+00 3.385e+00 3.394e+00
-8.763 -9.967 4.242e+00 3.440e+00 2.473e+00 2.473e+00 3.716e+00 3.440e+00 4.235e+00 3.389e+00 3.390e+00
-8.735 -9.939 4.242e+00 3.440e+00 2.501e+00 2.501e+00 3.718e+00 3.440e+00 4.234e+00 3.392e+00 3.387e+00
-8.707 -9.911 4.242e+00 3.440e+00 2.529e+00 2.529e+00 3.719e+00 3.440e+00 4.234e+00 3.396e+00 3.383e+00
-8.678 -9.883 4.242e+00 3.440e+00 2.556e+00 2.556e+00 3.721e+00 3.440e+00 4.233e+00 3.400e+00 3.379e+00
-8.650 -9.855 4.242e+00 3.440e+00 2.584e+00 2.584e+00 3.723e+00 3.440e+00 4.232e+00 3.404e+00 3.375e+00
-8.622 -9.827 4.242e+00 3.440e+00 2.612e+00 2.612e+00 3.725e+00 3.440e+00 4.232e+00 3.408e+00 3.370e+00
-8.594 -9.799 4.242e+00 3.440e+00 2.640e+00 2.640e+00 3.727e+00 3.440e+00 4.231e+00 3.413e+00 3.365e+00
-8.566 -9.770 4.242e+00 3.440e+00 2.667e+00 2.667e+00 3.730e+00 3.440e+00 4.230e+00 3.417e+00 3.360e+00
-8.538 -9.742 4.242e+00 3.440e+00 2.695e+00 2.695e+00 3.732e+00 3.440e+00 4.230e+00 3.422e+00 3.354e+00
-8.482 -9.686 4.242e+00 3.440e+00 2.750e+00 2.750e+00 3.738e+00 3.440e+00 4.228e+00 3.433e+00 3.341e+00
-8.454 -9.658 4.242e+00 3.440e+00 2.778e+00 2.778e+00 3.741e+00 3.440e+00 4.227e+00 3.439e+00 3.333e+00
-8.426 -9.630 4.242e+00 3.440e+00 2.805e+00 2.805e+00 3.744e+00 3.440e+00 4.226e+00 3.445e+00 3.325e+00
-8.398 -9.602 4.242e+00 3.440e+00 2.833e+00 2.833e+00 3.747e+00 3.440e+00 4.225e+00 3.452e+00 3.317e+00
-8.370 -9.574 4.242e+00 3.440e+00 2.860e+00 2.860e+00 3.750e+00 3.440e+00 4.224e+00 3.458e+00 3.307e+00
-8.342 -9.546 4.242e+00 3.440e+00 2.888e+00 2.888e+00 3.754e+00 3.440e+00 4.222e+00 3.466e+00 3.297e+00
-8.314 -9.518 4.242e+00 3.440e+00 2.915e+00 2.915e+00 3.758e+00 3.440e+00 4.221e+00 3.473e+00 3.286e+00
-8.286 -9.490 4.242e+00 3.440e+00 2.942e+00 2.942e+00 3.762e+00 3.440e+00 4.220e+00 3.481e+00 3.274e+00
-8.258 -9.462 4.242e+00 3.440e+00 2.970e+00 2.970e+00 3.766e+00 3.440e+00 4.218e+00 3.489e+00 3.260e+00
-8.230 -9.434 4.242e+00 3.440e+00 2.997e+00 2.997e+00 3.770e+00 3.440e+00 4.217e+00 3.497e+00 3.246e+00
-8.202 -9.406 4.242e+00 3.440e+00 3.024e+00 3.024e+00 3.775e+00 3.440e+00 4.215e+00 3.506e+00 3.229e+00
-8.174 -9.378 4.242e+00 3.440e+00 3.051e+00 3.051e+00 3.780e+00 3.440e+00 4.213e+00 3.515e+00 3.212e+00
-8.146 -9.350 4.242e+00 3.440e+00 3.078e+00 3.078e+00 3.785e+00 3.440e+00 4.211e+00 3.525e+00 3.192e+00
-8.118 -9.322 4.242e+00 3.440e+00 3.105e+00 3.105e+00 3.791e+00 3.440e+00 4.209e+00 3.534e+00 3.170e+00
-8.090 -9.294 4.242e+00 3.440e+00 3.132e+00 3.132e+00 3.796e+00 3.440e+00 4.207e+00 3.545e+00 3.145e+00
-8.034 -9.238 4.242e+00 3.440e+00 3.186e+00 3.186e+00 3.809e+00 3.440e+00 4.202e+00 3.566e+00 3.086e+00
-8.006 -9.210 4.242e+00 3.440e+00 3.213e+00 3.213e+00 3.815e+00 3.440e+00 4.199e+00 3.578e+00 3.049e+00
-7.978 -9.182 4.242e+00 3.440e+00 3.239e+00 3.239e+00 3.822e+00 3.440e+00 4.196e+00 3.589e+00 3.007e+00
-7.950 -9.154 4.242e+00 3.440e+00 3.266e+00 3.266e+00 3.829e+00 3.440e+00 4.193e+00 3.601e+00 2.958e+00
-7.922 -9.126 4.242e+00 3.440e+00 3.292e+00 3.292e+00 3.836e+00 3.440e+00 4.190e+00 3.614e+00 2.899e+00
-7.894 -9.098 4.242e+00 3.440e+00 3.319e+00 3.319e+00 3.844e+00 3.440e+00 4.187e+00 3.626e+00 2.825e+00
-7.866 -9.070 4.242e+00 3.440e+00 3.345e+00 3.345e+00 3.852e+00 3.440e+00 4.183e+00 3.639e+00 2.732e+00
-7.838 -9.042 4.242e+00 3.440e+00 3.371e+00 3.371e+00 3.860e+00 3.440e+00 4.179e+00 3.653e+00 2.604e+00
-7.810 -9.014 4.242e+00 3.440e+00 3.397e+00 3.397e+00 3.869e+00 3.440e+00 4.175e+00 3.667e+00 2.410e+00
-7.782 -8.986 4.242e+00 3.440e+00 3.423e+00 3.423e+00 3.878e+00 3.440e+00 4.170e+00 3.681e+00 2.017e+00
-7.754 -8.958 4.242e+00 3.440e+00 3.449e+00 3.449e+00 3.887e+00 3.440e+00 4.165e+00 3.695e+00 1.760e+00
-7.726 -8.930 4.242e+00 3.440e+00 3.474e+00 3.474e+00 3.896e+00 3.440e+00 4.160e+00 3.710e+00 2.358e+00
-7.697 -8.902 4.242e+00 3.440e+00 3.500e+00 3.500e+00 3.906e+00 3.440e+00 4.155e+00 3.725e+00 2.610e+00
-7.669 -8.874 4.241e+00 3.440e+00 3.525e+00 3.525e+00 3.916e+00 3.440e+00 4.149e+00 3.740e+00 2.775e+00
-7.613 -8.818 4.241e+00 3.440e+00 3.575e+00 3.575e+00 3.937e+00 3.440e+00 4.136e+00 3.771e+00 3.002e+00
-7.585 -8.789 4.241e+00 3.440e+00 3.599e+00 3.599e+00 3.948e+00 3.440e+00 4.129e+00 3.786e+00 3.087e+00
-7.557 -8.761 4.241e+00 3.440e+00 3.624e+00 3.624e+00 3.959e+00 3.440e+00 4.121e+00 3.802e+00 3.162e+00
-7.529 -8.733 4.241e+00 3.440e+00 3.648e+00 3.648e+00 3.970e+00 3.440e+00 4.113e+00 3.818e+00 3.229e+00
-7.501 -8.705 4.241e+00 3.440e+00 3.672e+00 3.672e+00 3.982e+00 3.440e+00 4.104e+00 3.835e+00 3.289e+00
-7.473 -8.677 4.241e+00 3.440e+00 3.696e+00 3.696e+00 3.993e+00 3.440e+00 4.095e+00 3.851e+00 3.344e+00
-7.445 -8.649 4.241e+00 3.440e+00 3.719e+00 3.719e+00 4.005e+00 3.440e+00 4.085e+00 3.867e+00 3.395e+00
-7.417 -8.621 4.241e+00 3.440e+00 3.742e+00 3.742e+00 4.017e+00 3.440e+00 4.075e+00 3.884e+00 3.442e+00
-7.389 -8.593 4.240e+00 3.440e+00 3.765e+00 3.765e+00 4.029e+00 3.440e+00 4.064e+00 3.900e+00 3.486e+00
-7.361 -8.565 4.240e+00 3.440e+00 3.787e+00 3.787e+00 4.042e+00 3.440e+00 4.052e+00 3.916e+00 3.528e+00
-7.333 -8.537 4.240e+00 3.440e+00 3.809e+00 3.809e+00 4.054e+00 3.440e+00 4.039e+00 3.933e+00 3.567e+00
-7.305 -8.509 4.240e+00 3.441e+00 3.831e+00 3.831e+00 4.066e+00 3.441e+00 4.025e+00 3.949e+00 3.604e+00
-7.277 -8.481 4.240e+00 3.441e+00 3.852e+00 3.852e+00 4.079e+00 3.441e+00 4.011e+00 3.965e+00 3.639e+00
-7.249 -8.453 4.239e+00 3.441e+00 3.873e+00 3.873e+00 4.091e+00 3.441e+00 3.995e+00 3.981e+00 3.673e+00
-7.193 -8.397 4.239e+00 3.441e+00 3.914e+00 3.914e+00 4.116e+00 3.441e+00 3.961e+00 4.012e+00 3.735e+00
-7.165 -8.369 4.239e+00 3.442e+00 3.933e+00 3.933e+00 4.128e+00 3.442e+00 3.942e+00 4.028e+00 3.764e+00
-7.137 -8.341 4.238e+00 3.442e+00 3.952e+00 3.952e+00 4.140e+00 3.442e+00 3.922e+00 4.043e+00 3.792e+00
-7.109 -8.313 4.238e+00 3.442e+00 3.971e+00 3.971e+00 4.152e+00 3.442e+00 3.900e+00 4.057e+00 3.818e+00
-7.081 -8.285 4.237e+00 3.443e+00 3.988e+00 3.988e+00 4.163e+00 3.443e+00 3.877e+00 4.072e+00 3.843e+00
-7.053 -8.257 4.237e+00 3.443e+00 4.006e+00 4.006e+00 4.175e+00 3.443e+00 3.853e+00 4.086e+00 3.866e+00
-7.025 -8.229 4.236e+00 3.444e+00 4.022e+00 4.022e+00 4.186e+00 3.444e+00 3.827e+00 4.099e+00 3.889e+00
-6.997 -8.201 4.236e+00 3.445e+00 4.038e+00 4.038e+00 4.197e+00 3.445e+00 3.799e+00 4.112e+00 3.910e+00
-6.969 -8.173 4.235e+00 3.445e+00 4.053e+00 4.053e+00 4.207e+00 3.445e+00 3.770e+00 4.124e+00 3.930e+00
-6.941 -8.145 4.235e+00 3.446e+00 4.068e+00 4.068e+00 4.217e+00 3.446e+00 3.738e+00 4.136e+00 3.949e+00
-6.913 -8.117 4.234e+00 3.447e+00 4.082e+00 4.082e+00 4.227e+00 3.447e+00 3.705e+00 4.148e+00 3.967e+00
-6.885 -8.089 4.233e+00 3.448e+00 4.095e+00 4.095e+00 4.236e+00 3.448e+00 3.669e+00 4.158e+00 3.984e+00
-6.857 -8.061 4.232e+00 3.449e+00 4.107e+00 4.107e+00 4.244e+00 3.449e+00 3.631e+00 4.168e+00 3.999e+00
-6.829 -8.033 4.231e+00 3.450e+00 4.118e+00 4.118e+00 4.252e+00 3.450e+00 3.591e+00 4.177e+00 4.013e+00
-6.773 -7.977 4.229e+00 3.453e+00 4.139e+00 4.139e+00 4.266e+00 3.453e+00 3.504e+00 4.194e+00 4.038e+00
-6.745 -7.949 4.228e+00 3.454e+00 4.147e+00 4.147e+00 4.272e+00 3.454e+00 3.456e+00 4.201e+00 4.049e+00
-6.716 -7.921 4.227e+00 3.456e+00 4.155e+00 4.155e+00 4.278e+00 3.456e+00 3.405e+00 4.207e+00 4.059e+00
-6.688 -7.893 4.225e+00 3.458e+00 4.163e+00 4.163e+00 4.283e+00 3.458e+00 3.352e+00 4.212e+00 4.067e+00
-6.660 -7.865 4.223e+00 3.460e+00 4.169e+00 4.169e+00 4.287e+00 3.460e+00 3.297e+00 4.217e+00 4.074e+00
-6.632 -7.837 4.222e+00 3.462e+00 4.174e+00 4.174e+00 4.291e+00 3.462e+00 3.238e+00 4.221e+00 4.080e+00
-6.604 -7.808 4.220e+00 3.464e+00 4.179e+00 4.179e+00 4.293e+00 3.464e+00 3.178e+00 4.224e+00 4.086e+00
-6.576 -7.780 4.218e+00 3.467e+00 4.182e+00 4.182e+00 4.296e+00 3.467e+00 3.115e+00 4.226e+00 4.089e+00
-6.548 -7.752 4.216e+00 3.469e+00 4.185e+00 4.185e+00 4.297e+00 3.469e+00 3.050e+00 4.227e+00 4.092e+00
-6.520 -7.724 4.214e+00 3.472e+00 4.187e+00 4.187e+00 4.298e+00 3.472e+00 2.984e+00 4.227e+00 4.094e+00
-6.492 -7.696 4.211e+00 3.475e+00 4.188e+00 4.188e+00 4.298e+00 3.475e+00 2.918e+00 4.227e+00 4.095e+00
-6.464 -7.668 4.209e+00 3.479e+00 4.189e+00 4.189e+00 4.297e+00 3.479e+00 2.852e+00 4.226e+00 4.095e+00
-6.436 -7.640 4.206e+00 3.482e+00 4.189e+00 4.189e+00 4.296e+00 3.482e+00 2.788e+00 4.224e+00 4.094e+00
-6.408 -7.612 4.203e+00 3.485e+00 4.188e+00 4.188e+00 4.295e+00 3.485e+00 2.727e+00 4.222e+00 4.092e+00
-6.352 -7.556 4.196e+00 3.493e+00 4.184e+00 4.184e+00 4.290e+00 3.493e+00 2.620e+00 4.214e+00 4.086e+00
-6.324 -7.528 4.192e+00 3.497e+00 4.182e+00 4.182e+00 4.287e+00 3.497e+00 2.577e+00 4.210e+00 4.081e+00
-6.296 -7.500 4.189e+00 3.502e+00 4.179e+00 4.179e+00 4.283e+00 3.502e+00 2.541e+00 4.204e+00 4.076e+00
-6.268 -7.472 4.185e+00 3.506e+00 4.175e+00 4.175e+00 4.279e+00 3.506e+00 2.514e+00 4.198e+00 4.070e+00
-6.240 -7.444 4.180e+00 3.511e+00 4.171e+00 4.171e+00 4.274e+00 3.511e+00 2.494e+00 4.192e+00 4.064e+00
-6.212 -7.416 4.176e+00 3.516e+00 4.167e+00 4.167e+00 4.269e+00 3.516e+00 2.481e+00 4.185e+00 4.057e+00
-6.184 -7.388 4.171e+00 3.521e+00 4.162e+00 4.162e+00 4.264e+00 3.521e+00 2.474e+00 4.177e+00 4.049e+00
-6.156 -7.360 4.165e+00 3.526e+00 4.157e+00 4.157e+00 4.258e+00 3.526e+00 2.472e+00 4.168e+00 4.041e+00
-6.128 -7.332 4.160e+00 3.532e+00 4.151e+00 4.151e+00 4.251e+00 3.532e+00 2.473e+00 4.159e+00 4.031e+00
-6.100 -7.304 4.154e+00 3.537e+00 4.145e+00 4.145e+00 4.245e+00 3.537e+00 2.477e+00 4.150e+00 4.022e+00
-6.072 -7.276 4.148e+00 3.543e+00 4.138e+00 4.138e+00 4.237e+00 3.543e+00 2.484e+00 4.139e+00 4.011e+00
-6.044 -7.248 4.141e+00 3.549e+00 4.131e+00 4.131e+00 4.230e+00 3.549e+00 2.492e+00 4.128e+00 4.000e+00
-6.016 -7.220 4.134e+00 3.555e+00 4.124e+00 4.124e+00 4.222e+00 3.555e+00 2.501e+00 4.116e+00 3.988e+00
-5.988 -7.194 4.127e+00 3.561e+00 4.116e+00 4.116e+00 4.213e+00 3.561e+00 2.512e+00 4.103e+00 3.975e+00
-5.938 -7.201 4.112e+00 3.573e+00 4.101e+00 4.101e+00 4.195e+00 3.573e+00 2.534e+00 4.077e+00 3.948e+00
-5.915 -7.188 4.105e+00 3.579e+00 4.093e+00 4.093e+00 4.187e+00 3.579e+00 2.544e+00 4.063e+00 3.934e+00
-5.891 -7.175 4.098e+00 3.584e+00 4.085e+00 4.085e+00 4.178e+00 3.584e+00 2.555e+00 4.050e+00 3.920e+00
-5.869 -7.162 4.090e+00 3.590e+00 4.077e+00 4.077e+00 4.168e+00 3.590e+00 2.567e+00 4.035e+00 3.906e+00
-5.825 -7.137 4.075e+00 3.601e+00 4.060e+00 4.060e+00 4.150e+00 3.601e+00 2.590e+00 4.006e+00 3.875e+00
-5.804 -7.124 4.067e+00 3.606e+00 4.052e+00 4.052e+00 4.140e+00 3.606e+00 2.603e+00 3.990e+00 3.859e+00
-5.762 -7.098 4.051e+00 3.616e+00 4.034e+00 4.034e+00 4.120e+00 3.616e+00 2.628e+00 3.957e+00 3.825e+00
-5.742 -7.085 4.043e+00 3.621e+00 4.025e+00 4.025e+00 4.110e+00 3.621e+00 2.641e+00 3.940e+00 3.807e+00
-5.703 -7.060 4.026e+00 3.630e+00 4.007e+00 4.007e+00 4.089e+00 3.630e+00 2.667e+00 3.903e+00 3.770e+00
-5.683 -7.047 4.018e+00 3.635e+00 3.998e+00 3.998e+00 4.078e+00 3.635e+00 2.680e+00 3.884e+00 3.750e+00
-5.646 -7.021 4.001e+00 3.644e+00 3.979e+00 3.979e+00 4.057e+00 3.644e+00 2.708e+00 3.844e+00 3.709e+00
-5.627 -7.008 3.993e+00 3.648e+00 3.969e+00 3.969e+00 4.046e+00 3.648e+00 2.722e+00 3.823e+00 3.687e+00
-5.591 -6.983 3.976e+00 3.656e+00 3.949e+00 3.949e+00 4.023e+00 3.656e+00 2.750e+00 3.779e+00 3.640e+00
-5.556 -6.957 3.959e+00 3.664e+00 3.930e+00 3.930e+00 4.000e+00 3.664e+00 2.779e+00 3.732e+00 3.590e+00
-5.538 -6.944 3.951e+00 3.667e+00 3.920e+00 3.920e+00 3.989e+00 3.667e+00 2.794e+00 3.707e+00 3.564e+00
-5.504 -6.918 3.935e+00 3.674e+00 3.900e+00 3.900e+00 3.965e+00 3.674e+00 2.822e+00 3.655e+00 3.508e+00
-5.470 -6.893 3.919e+00 3.680e+00 3.880e+00 3.880e+00 3.942e+00 3.680e+00 2.850e+00 3.598e+00 3.447e+00
-5.437 -6.867 3.903e+00 3.686e+00 3.860e+00 3.860e+00 3.919e+00 3.686e+00 2.877e+00 3.538e+00 3.380e+00
-5.405 -6.841 3.888e+00 3.691e+00 3.841e+00 3.841e+00 3.896e+00 3.691e+00 2.903e+00 3.473e+00 3.307e+00
-5.389 -6.829 3.881e+00 3.693e+00 3.832e+00 3.832e+00 3.885e+00 3.693e+00 2.915e+00 3.439e+00 3.269e+00
-5.357 -6.803 3.868e+00 3.697e+00 3.813e+00 3.813e+00 3.864e+00 3.697e+00 2.938e+00 3.367e+00 3.185e+00
-5.326 -6.777 3.855e+00 3.700e+00 3.796e+00 3.796e+00 3.843e+00 3.700e+00 2.957e+00 3.291e+00 3.093e+00
-5.295 -6.752 3.844e+00 3.703e+00 3.781e+00 3.781e+00 3.824e+00 3.703e+00 2.973e+00 3.210e+00 2.992e+00
-5.264 -6.726 3.833e+00 3.706e+00 3.767e+00 3.767e+00 3.807e+00 3.706e+00 2.985e+00 3.125e+00 2.881e+00
-5.234 -6.700 3.823e+00 3.708e+00 3.754e+00 3.754e+00 3.792e+00 3.708e+00 2.993e+00 3.037e+00 2.757e+00
-5.204 -6.675 3.815e+00 3.710e+00 3.744e+00 3.744e+00 3.779e+00 3.710e+00 2.996e+00 2.947e+00 2.620e+00
-5.174 -6.649 3.807e+00 3.711e+00 3.735e+00 3.735e+00 3.768e+00 3.711e+00 2.994e+00 2.856e+00 2.465e+00
-5.145 -6.623 3.801e+00 3.712e+00 3.728e+00 3.728e+00 3.758e+00 3.712e+00 2.989e+00 2.766e+00 2.286e+00
-5.116 -6.598 3.795e+00 3.712e+00 3.722e+00 3.722e+00 3.751e+00 3.712e+00 2.981e+00 2.677e+00 2.070e+00
-5.087 -6.572 3.789e+00 3.713e+00 3.718e+00 3.718e+00 3.744e+00 3.713e+00 2.970e+00 2.591e+00 1.775e+00
-5.058 -6.546 2.963e+00 -1.097e+00 -2.400e+01 -6.198e-01 2.486e+00 -2.400e+01 2.963e+00 2.486e+00 -2.400e+01
-5.029 -6.520 2.935e+00 -1.011e+00 -2.400e+01 -5.341e-01 2.458e+00 -2.400e+01 2.935e+00 2.458e+00 -2.400e+01
-4.987 -6.482 2.894e+00 -8.894e-01 -2.400e+01 -4.123e-01 2.417e+00 -2.400e+01 2.894e+00 2.417e+00 -2.400e+01
-4.959 -6.456 2.868e+00 -8.121e-01 -2.400e+01 -3.350e-01 2.391e+00 -2.400e+01 2.868e+00 2.390e+00 -2.400e+01
-4.931 -6.431 2.843e+00 -7.378e-01 -2.400e+01 -2.606e-01 2.366e+00 -2.400e+01 2.842e+00 2.365e+00 -2.400e+01
-4.903 -6.405 2.818e+00 -6.661e-01 -2.400e+01 -1.890e-01 2.341e+00 -2.400e+01 2.818e+00 2.341e+00 -2.400e+01
-4.875 -6.379 2.795e+00 -5.969e-01 -2.400e+01 -1.198e-01 2.318e+00 -2.400e+01 2.794e+00 2.317e+00 -2.400e+01
-4.848 -6.354 2.772e+00 -5.299e-01 -2.400e+01 -5.282e-02 2.295e+00 -2.400e+01 2.771e+00 2.294e+00 -2.400e+01
-4.807 -6.315 2.739e+00 -4.334e-01 -2.400e+01 4.371e-02 2.261e+00 -2.400e+01 2.738e+00 2.261e+00 -2.400e+01
-4.779 -6.289 2.717e+00 -3.714e-01 -2.400e+01 1.057e-01 2.240e+00 -2.400e+01 2.716e+00 2.239e+00 -2.400e+01
-4.752 -6.264 2.696e+00 -3.111e-01 -2.400e+01 1.660e-01 2.219e+00 -2.400e+01 2.695e+00 2.218e+00 -2.400e+01
-4.725 -6.238 2.676e+00 -2.524e-01 -2.400e+01 2.247e-01 2.199e+00 -2.400e+01 2.674e+00 2.197e+00 -2.400e+01
-4.698 -6.212 2.656e+00 -1.951e-01 -2.400e+01 2.820e-01 2.179e+00 -2.400e+01 2.654e+00 2.177e+00 -2.400e+01
-4.658 -6.174 2.626e+00 -1.118e-01 -2.400e+01 3.653e-01 2.149e+00 -2.400e+01 2.624e+00 2.147e+00 -2.400e+01
-4.631 -6.148 2.607e+00 -5.776e-02 -2.400e+01 4.194e-01 2.130e+00 -2.400e+01 2.605e+00 2.127e+00 -2.400e+01
-4.604 -6.123 2.589e+00 -4.872e-03 -2.400e+01 4.722e-01 2.112e+00 -2.400e+01 2.585e+00 2.108e+00 -2.400e+01
-4.577 -6.097 2.570e+00 4.695e-02 -2.400e+01 5.241e-01 2.093e+00 -2.400e+01 2.566e+00 2.089e+00 -2.400e+01
-4.537 -6.058 2.543e+00 1.228e-01 -2.400e+01 5.999e-01 2.066e+00 -2.400e+01 2.538e+00 2.061e+00 -2.400e+01
-4.511 -6.033 2.526e+00 1.723e-01 -2.400e+01 6.494e-01 2.048e+00 -2.400e+01 2.520e+00 2.043e+00 -2.400e+01
-4.484 -6.007 2.508e+00 2.208e-01 -2.400e+01 6.979e-01 2.031e+00 -2.400e+01 2.501e+00 2.024e+00 -2.400e+01
-4.459 -6.007 2.491e+00 2.679e-01 -2.400e+01 7.450e-01 2.014e+00 -2.400e+01 2.483e+00 2.006e+00 -2.400e+01
-4.424 -6.007 2.468e+00 3.324e-01 -2.400e+01 8.095e-01 1.990e+00 -2.400e+01 2.458e+00 1.981e+00 -2.400e+01
-4.391 -6.007 2.446e+00 3.907e-01 -2.400e+01 8.679e-01 1.969e+00 -2.400e+01 2.435e+00 1.958e+00 -2.400e+01
-4.361 -6.007 2.427e+00 4.440e-01 -2.400e+01 9.211e-01 1.950e+00 -2.400e+01 2.413e+00 1.936e+00 -2.400e+01
-4.332 -6.007 2.409e+00 4.928e-01 -2.400e+01 9.699e-01 1.932e+00 -2.400e+01 2.393e+00 1.916e+00 -2.400e+01
-4.305 -6.007 2.392e+00 5.379e-01 -2.400e+01 1.015e+00 1.915e+00 -2.400e+01 2.373e+00 1.896e+00 -2.400e+01
-4.272 -6.007 2.372e+00 5.931e-01 -2.400e+01 1.070e+00 1.894e+00 -2.400e+01 2.349e+00 1.872e+00 -2.400e+01
-4.249 -6.007 2.357e+00 6.312e-01 -2.400e+01 1.108e+00 1.880e+00 -2.400e+01 2.332e+00 1.855e+00 -2.400e+01
-4.219 -6.007 2.340e+00 6.782e-01 -2.400e+01 1.155e+00 1.863e+00 -2.400e+01 2.310e+00 1.833e+00 -2.400e+01
-4.185 -6.007 2.319e+00 7.319e-01 -2.400e+01 1.209e+00 1.842e+00 -2.400e+01 2.284e+00 1.807e+00 -2.400e+01
-4.154 -6.007 2.301e+00 7.806e-01 -2.400e+01 1.258e+00 1.824e+00 -2.400e+01 2.260e+00 1.782e+00 -2.400e+01
-4.130 -5.994 2.287e+00 8.165e-01 -2.400e+01 1.294e+00 1.810e+00 -2.400e+01 2.241e+00 1.763e+00 -2.400e+01
-4.096 -5.994 2.268e+00 8.674e-01 -2.400e+01 1.345e+00 1.790e+00 -2.400e+01 2.212e+00 1.735e+00 -2.400e+01
-4.069 -5.981 2.253e+00 9.063e-01 -2.400e+01 1.383e+00 1.775e+00 -2.400e+01 2.189e+00 1.712e+00 -2.400e+01
-4.038 -5.981 2.236e+00 9.501e-01 -2.400e+01 1.427e+00 1.758e+00 -2.400e+01 2.162e+00 1.685e+00 -2.400e+01
-4.009 -5.968 2.220e+00 9.907e-01 -2.400e+01 1.468e+00 1.742e+00 -2.400e+01 2.135e+00 1.658e+00 -2.400e+01
-3.976 -5.956 2.202e+00 1.035e+00 -2.400e+01 1.512e+00 1.725e+00 -2.400e+01 2.103e+00 1.626e+00 -2.400e+01
-3.949 -5.943 2.188e+00 1.070e+00 -2.400e+01 1.547e+00 1.711e+00 -2.400e+01 2.076e+00 1.599e+00 -2.400e+01
-3.918 -5.930 2.173e+00 1.108e+00 -2.400e+01 1.586e+00 1.696e+00 -2.400e+01 2.043e+00 1.566e+00 -2.400e+01
-3.889 -5.904 2.159e+00 1.145e+00 -2.400e+01 1.622e+00 1.681e+00 -2.400e+01 2.009e+00 1.532e+00 -2.400e+01
-3.860 -5.891 2.145e+00 1.179e+00 -2.400e+01 1.656e+00 1.668e+00 -2.400e+01 1.975e+00 1.497e+00 -2.400e+01
-3.827 -5.866 2.130e+00 1.215e+00 -2.400e+01 1.692e+00 1.653e+00 -2.400e+01 1.933e+00 1.456e+00 -2.400e+01
-3.799 -5.840 2.118e+00 1.245e+00 -2.400e+01 1.723e+00 1.641e+00 -2.400e+01 1.894e+00 1.417e+00 -2.400e+01
-3.767 -5.802 2.104e+00 1.278e+00 -2.400e+01 1.755e+00 1.627e+00 -2.400e+01 1.847e+00 1.370e+00 -2.400e+01
-3.739 -5.776 2.093e+00 1.305e+00 -2.400e+01 1.782e+00 1.616e+00 -2.400e+01 1.802e+00 1.325e+00 -2.400e+01
-3.710 -5.737 2.082e+00 1.331e+00 -2.400e+01 1.808e+00 1.605e+00 -2.400e+01 1.753e+00 1.276e+00 -2.400e+01
-3.676 -5.686 2.071e+00 1.359e+00 -2.400e+01 1.836e+00 1.594e+00 -2.400e+01 1.691e+00 1.214e+00 -2.400e+01
-3.650 -5.648 2.062e+00 1.379e+00 -2.400e+01 1.856e+00 1.585e+00 -2.400e+01 1.640e+00 1.163e+00 -2.400e+01
-3.618 -5.583 2.053e+00 1.402e+00 -2.400e+01 1.879e+00 1.576e+00 -2.400e+01 1.572e+00 1.095e+00 -2.400e+01
-3.588 -5.532 2.045e+00 1.420e+00 -2.400e+01 1.897e+00 1.568e+00 -2.400e+01 1.504e+00 1.027e+00 -2.400e+01
-3.557 -5.455 2.037e+00 1.438e+00 -2.400e+01 1.915e+00 1.560e+00 -2.400e+01 1.426e+00 9.491e-01 -2.400e+01
-3.528 -5.391 2.031e+00 1.453e+00 -2.400e+01 1.930e+00 1.554e+00 -2.400e+01 1.349e+00 8.718e-01 -2.400e+01
-3.496 -5.327 2.025e+00 1.467e+00 -2.400e+01 1.944e+00 1.548e+00 -2.400e+01 1.258e+00 7.813e-01 -2.400e+01
-3.469 -5.275 2.021e+00 1.477e+00 -2.400e+01 1.954e+00 1.544e+00 -2.400e+01 1.175e+00 6.978e-01 -2.400e+01
-3.434 -5.211 2.016e+00 1.488e+00 -2.400e+01 1.966e+00 1.539e+00 -2.400e+01 1.055e+00 5.775e-01 -2.400e+01
-3.404 -5.160 2.012e+00 1.497e+00 -2.400e+01 1.974e+00 1.535e+00 -2.400e+01 9.437e-01 4.666e-01 -2.400e+01
-3.372 -5.108 2.009e+00 1.503e+00 -2.400e+01 1.981e+00 1.532e+00 -2.400e+01 8.178e-01 3.407e-01 -2.400e+01
-3.347 -5.070 2.008e+00 1.508e+00 -2.400e+01 1.985e+00 1.530e+00 -2.400e+01 7.123e-01 2.352e-01 -2.400e+01
-3.313 -5.019 2.006e+00 1.512e+00 -2.400e+01 1.989e+00 1.529e+00 -2.400e+01 5.896e-01 1.125e-01 -2.400e+01
-3.287 -4.980 2.005e+00 1.514e+00 -2.400e+01 1.991e+00 1.528e+00 -2.400e+01 4.892e-01 1.212e-02 -2.400e+01
-3.260 -4.942 2.004e+00 1.516e+00 -2.400e+01 1.993e+00 1.527e+00 -2.400e+01 3.804e-01 -9.673e-02 -2.400e+01
-3.222 -4.890 2.003e+00 1.519e+00 -2.400e+01 1.996e+00 1.526e+00 -2.400e+01 2.209e-01 -2.562e-01 -2.400e+01
-3.194 -4.852 2.002e+00 1.520e+00 -2.400e+01 1.997e+00 1.525e+00 -2.400e+01 8.948e-02 -3.876e-01 -2.400e+01
-3.164 -4.813 -2.400e+01 -2.400e+01 -2.400e+01 -2.400e+01 -2.400e+01 -2.400e+01 -2.400e+01 -2.400e+01 -2.400e+01
-3.134 -4.775 -2.400e+01 -2.400e+01 -2.400e+01 -2.400e+01 -2.400e+01 -2.400e+01 -2.400e+01 -2.400e+01 -2.400e+01
-3.104 -4.736 -2.400e+01 -2.400e+01 -2.400e+01 -2.400e+01 -2.400e+01 -2.400e+01 -2.400e+01 -2.400e+01 -2.400e+01
-3.073 -4.698 -2.400e+01 -2.400e+01 -2.400e+01 -2.400e+01 -2.400e+01 -2.400e+01 -2.400e+01 -2.400e+01 -2.400e+01
-3.041 -4.659 -2.400e+01 -2.400e+01 -2.400e+01 -2.400e+01 -2.400e+01 -2.400e+01 -2.400e+01 -2.400e+01 -2.400e+01
-3.020 -4.633 -2.400e+01 -2.400e+01 -2.400e+01 -2.400e+01 -2.400e+01 -2.400e+01 -2.400e+01 -2.400e+01 -2.400e+01
-2.987 -4.595 -2.400e+01 -2.400e+01 -2.400e+01 -2.400e+01 -2.400e+01 -2.400e+01 -2.400e+01 -2.400e+01 -2.400e+01
-2.954 -4.556 -2.400e+01 -2.400e+01 -2.400e+01 -2.400e+01 -2.400e+01 -2.400e+01 -2.400e+01 -2.400e+01 -2.400e+01
-2.921 -4.518 -2.400e+01 -2.400e+01 -2.400e+01 -2.400e+01 -2.400e+01 -2.400e+01 -2.400e+01 -2.400e+01 -2.400e+01
-2.899 -4.492 -2.400e+01 -2.400e+01 -2.400e+01 -2.400e+01 -2.400e+01 -2.400e+01 -2.400e+01 -2.400e+01 -2.400e+01
-2.865 -4.454 -2.400e+01 -2.400e+01 -2.400e+01 -2.400e+01 -2.400e+01 -2.400e+01 -2.400e+01 -2.400e+01 -2.400e+01
-2.831 -4.415 -2.400e+01 -2.400e+01 -2.400e+01 -2.400e+01 -2.400e+01 -2.400e+01 -2.400e+01 -2.400e+01 -2.400e+01
-2.808 -4.390 -2.400e+01 -2.400e+01 -2.400e+01 -2.400e+01 -2.400e+01 -2.400e+01 -2.400e+01 -2.400e+01 -2.400e+01
-2.773 -4.351 -2.400e+01 -2.400e+01 -2.400e+01 -2.400e+01 -2.400e+01 -2.400e+01 -2.400e+01 -2.400e+01 -2.400e+01
-2.749 -4.325 -2.400e+01 -2.400e+01 -2.400e+01 -2.400e+01 -2.400e+01 -2.400e+01 -2.400e+01 -2.400e+01 -2.400e+01
-2.714 -4.287 -2.400e+01 -2.400e+01 -2.400e+01 -2.400e+01 -2.400e+01 -2.400e+01 -2.400e+01 -2.400e+01 -2.400e+01
-2.679 -4.248 -2.400e+01 -2.400e+01 -2.400e+01 -2.400e+01 -2.400e+01 -2.400e+01 -2.400e+01 -2.400e+01 -2.400e+01
-2.655 -4.223 -2.400e+01 -2.400e+01 -2.400e+01 -2.400e+01 -2.400e+01 -2.400e+01 -2.400e+01 -2.400e+01 -2.400e+01
-2.619 -4.184 -2.400e+01 -2.400e+01 -2.400e+01 -2.400e+01 -2.400e+01 -2.400e+01 -2.400e+01 -2.400e+01 -2.400e+01
-2.595 -4.158 -2.400e+01 -2.400e+01 -2.400e+01 -2.400e+01 -2.400e+01 -2.400e+01 -2.400e+01 -2.400e+01 -2.400e+01
-2.559 -4.120 -2.400e+01 -2.400e+01 -2.400e+01 -2.400e+01 -2.400e+01 -2.400e+01 -2.400e+01 -2.400e+01 -2.400e+01
-2.535 -4.094 -2.400e+01 -2.400e+01 -2.400e+01 -2.400e+01 -2.400e+01 -2.400e+01 -2.400e+01 -2.400e+01 -2.400e+01
-2.498 -4.056 -2.400e+01 -2.400e+01 -2.400e+01 -2.400e+01 -2.400e+01 -2.400e+01 -2.400e+01 -2.400e+01 -2.400e+01
-2.474 -4.030 -2.400e+01 -2.400e+01 -2.400e+01 -2.400e+01 -2.400e+01 -2.400e+01 -2.400e+01 -2.400e+01 -2.400e+01
-2.449 -4.004 -2.400e+01 -2.400e+01 -2.400e+01 -2.400e+01 -2.400e+01 -2.400e+01 -2.400e+01 -2.400e+01 -2.400e+01
-2.412 -3.966 -2.400e+01 -2.400e+01 -2.400e+01 -2.400e+01 -2.400e+01 -2.400e+01 -2.400e+01 -2.400e+01 -2.400e+01
-2.388 -3.940 -2.400e+01 -2.400e+01 -2.400e+01 -2.400e+01 -2.400e+01 -2.400e+01 -2.400e+01 -2.400e+01 -2.400e+01
-2.350 -3.902 -2.400e+01 -2.400e+01 -2.400e+01 -2.400e+01 -2.400e+01 -2.400e+01 -2.400e+01 -2.400e+01 -2.400e+01
-2.326 -3.876 -2.400e+01 -2.400e+01 -2.400e+01 -2.400e+01 -2.400e+01 -2.400e+01 -2.400e+01 -2.400e+01 -2.400e+01
-2.288 -3.838 -2.400e+01 -2.400e+01 -2.400e+01 -2.400e+01 -2.400e+01 -2.400e+01 -2.400e+01 -2.400e+01 -2.400e+01
-2.263 -3.812 -2.400e+01 -2.400e+01 -2.400e+01 -2.400e+01 -2.400e+01 -2.400e+01 -2.400e+01 -2.400e+01 -2.400e+01
-2.238 -3.786 -2.400e+01 -2.400e+01 -2.400e+01 -2.400e+01 -2.400e+01 -2.400e+01 -2.400e+01 -2.400e+01 -2.400e+01
-2.201 -3.748 -2.400e+01 -2.400e+01 -2.400e+01 -2.400e+01 -2.400e+01 -2.400e+01 -2.400e+01 -2.400e+01 -2.400e+01
-2.176 -3.722 -2.400e+01 -2.400e+01 -2.400e+01 -2.400e+01 -2.400e+01 -2.400e+01 -2.400e+01 -2.400e+01 -2.400e+01
-2.138 -3.683 -2.400e+01 -2.400e+01 -2.400e+01 -2.400e+01 -2.400e+01 -2.400e+01 -2.400e+01 -2.400e+01 -2.400e+01
-2.113 -3.658 -2.400e+01 -2.400e+01 -2.400e+01 -2.400e+01 -2.400e+01 -2.400e+01 -2.400e+01 -2.400e+01 -2.400e+01
-2.088 -3.632 -2.400e+01 -2.400e+01 -2.400e+01 -2.400e+01 -2.400e+01 -2.400e+01 -2.400e+01 -2.400e+01 -2.400e+01
-2.050 -3.594 -2.400e+01 -2.400e+01 -2.400e+01 -2.400e+01 -2.400e+01 -2.400e+01 -2.400e+01 -2.400e+01 -2.400e+01
-2.025 -3.568 -2.400e+01 -2.400e+01 -2.400e+01 -2.400e+01 -2.400e+01 -2.400e+01 -2.400e+01 -2.400e+01 -2.400e+01
-2.000 -3.542 -2.400e+01 -2.400e+01 -2.400e+01 -2.400e+01 -2.400e+01 -2.400e+01 -2.400e+01 -2.400e+01 -2.400e+01