# ASY+PE method (no partition functions): 9011 integration steps in 2.0257e-01 seconds
# All double quantities are log10(x); rates in units of s^-1
#
#      t       dt  2/Rmin   Reaction_Rmin    1/Rmax   Reaction_Rmax     dt_FE   dt_EA   trial_dt
-17.9111 -18.9111 11.7613 he4+he4+he4-->c12 -10.6278 c12+c12-->he4+ne20 -6.6278 -18.9525 -18.9111
-17.8283 -18.8283 11.5943 he4+he4+he4-->c12 -10.6278 c12+c12-->he4+ne20 -6.6278 -18.8697 -18.8283
-17.7455 -18.7455 11.4276 he4+he4+he4-->c12 -10.6278 c12+c12-->he4+ne20 -6.6278 -18.7869 -18.7455
-17.6627 -18.6627 11.2611 he4+he4+he4-->c12 -10.6278 c12+c12-->he4+ne20 -6.6278 -18.7041 -18.6627
-17.5799 -18.5799 11.0948 he4+he4+he4-->c12 -10.6278 c12+c12-->he4+ne20 -6.6278 -18.6213 -18.5799
-17.4971 -18.4971 10.9286 he4+he4+he4-->c12 -10.6278 c12+c12-->he4+ne20 -6.6278 -18.5385 -18.4971
-17.4143 -18.4143 10.7625 he4+he4+he4-->c12 -10.6278 c12+c12-->he4+ne20 -6.6278 -18.4557 -18.4143
-17.3316 -18.3316 10.5965 he4+he4+he4-->c12 -10.6278 c12+c12-->he4+ne20 -6.6278 -18.3730 -18.3316
-17.2488 -18.2488 10.4306 he4+he4+he4-->c12 -10.6278 c12+c12-->he4+ne20 -6.6278 -18.2902 -18.2488
-17.1660 -18.1660 10.2647 he4+he4+he4-->c12 -10.6278 c12+c12-->he4+ne20 -6.6278 -18.2074 -18.1660
-17.0832 -18.0832 10.0989 he4+he4+he4-->c12 -10.6278 c12+c12-->he4+ne20 -6.6278 -18.1246 -18.0832
-17.0004 -18.0004  9.9331 he4+he4+he4-->c12 -10.6278 c12+c12-->he4+ne20 -6.6278 -18.0418 -18.0004
-16.9590 -17.9590  9.8502 he4+he4+he4-->c12 -10.6278 c12+c12-->he4+ne20 -6.6278 -18.0004 -17.9590
-16.8762 -17.8762  9.6845 he4+he4+he4-->c12 -10.6278 c12+c12-->he4+ne20 -6.6278 -17.9176 -17.8762
-16.7935 -17.7935  9.5188 he4+he4+he4-->c12 -10.6278 c12+c12-->he4+ne20 -6.6278 -17.8349 -17.7935
-16.7107 -17.7107  9.3531 he4+he4+he4-->c12 -10.6278 c12+c12-->he4+ne20 -6.6278 -17.7521 -17.7107
-16.6279 -17.6279  9.1875 he4+he4+he4-->c12 -10.6278 c12+c12-->he4+ne20 -6.6278 -17.6693 -17.6279
-16.5451 -17.5451  9.0219 he4+he4+he4-->c12 -10.6278 c12+c12-->he4+ne20 -6.6278 -17.5865 -17.5451
-16.4623 -17.4623  8.8562 he4+he4+he4-->c12 -10.6277 c12+c12-->he4+ne20 -6.6277 -17.5037 -17.4623
-16.3795 -17.3795  8.6906 he4+he4+he4-->c12 -10.6277 c12+c12-->he4+ne20 -6.6277 -17.4209 -17.3795
-16.2967 -17.2967  8.5250 he4+he4+he4-->c12 -10.6277 c12+c12-->he4+ne20 -6.6277 -17.3381 -17.2967
-16.2140 -17.2140  8.3594 he4+he4+he4-->c12 -10.6277 c12+c12-->he4+ne20 -6.6277 -17.2554 -17.2140
-16.1312 -17.1312  8.1938 he4+he4+he4-->c12 -10.6277 c12+c12-->he4+ne20 -6.6277 -17.1726 -17.1312
-16.0484 -17.0484  8.0282 he4+he4+he4-->c12 -10.6277 c12+c12-->he4+ne20 -6.6277 -17.0898 -17.0484
-15.9656 -16.9656  7.8626 he4+he4+he4-->c12 -10.6277 c12+c12-->he4+ne20 -6.6277 -17.0070 -16.9656
-15.8828 -16.8828  7.6970 he4+he4+he4-->c12 -10.6277 c12+c12-->he4+ne20 -6.6277 -16.9242 -16.8828
-15.8000 -16.8000  7.5315 he4+he4+he4-->c12 -10.6277 c12+c12-->he4+ne20 -6.6277 -16.8414 -16.8000
-15.7586 -16.7586  7.4487 he4+he4+he4-->c12 -10.6277 c12+c12-->he4+ne20 -6.6277 -16.8000 -16.7586
-15.6759 -16.6759  7.2831 he4+he4+he4-->c12 -10.6277 c12+c12-->he4+ne20 -6.6277 -16.7172 -16.6759
-15.5931 -16.5931  7.1175 he4+he4+he4-->c12 -10.6277 c12+c12-->he4+ne20 -6.6277 -16.6345 -16.5931
-15.5103 -16.5103  6.9519 he4+he4+he4-->c12 -10.6277 c12+c12-->he4+ne20 -6.6277 -16.5517 -16.5103
-15.4275 -16.4275  6.7864 he4+he4+he4-->c12 -10.6277 c12+c12-->he4+ne20 -6.6277 -16.4689 -16.4275
-15.3447 -16.3447  6.6208 he4+he4+he4-->c12 -10.6277 c12+c12-->he4+ne20 -6.6277 -16.3861 -16.3447
-15.2619 -16.2619  6.4553 he4+he4+he4-->c12 -10.6277 c12+c12-->he4+ne20 -6.6277 -16.3033 -16.2619
-15.1791 -16.1791  6.2897 he4+he4+he4-->c12 -10.6277 c12+c12-->he4+ne20 -6.6277 -16.2205 -16.1791
-15.0964 -16.0964  6.1241 he4+he4+he4-->c12 -10.6277 c12+c12-->he4+ne20 -6.6277 -16.1378 -16.0964
-15.0136 -16.0136  5.9586 he4+he4+he4-->c12 -10.6277 c12+c12-->he4+ne20 -6.6277 -16.0550 -16.0136
-14.9308 -15.9308  5.7930 he4+he4+he4-->c12 -10.6277 c12+c12-->he4+ne20 -6.6277 -15.9722 -15.9308
-14.8480 -15.8480  5.6275 he4+he4+he4-->c12 -10.6277 c12+c12-->he4+ne20 -6.6277 -15.8894 -15.8480
-14.7652 -15.7652  5.4620 he4+he4+he4-->c12 -10.6276 c12+c12-->he4+ne20 -6.6276 -15.8066 -15.7652
-14.6824 -15.6824  5.2964 he4+he4+he4-->c12 -10.6276 c12+c12-->he4+ne20 -6.6276 -15.7238 -15.6824
-14.5996 -15.5996  5.1944 he4+o16-->ne20 -10.6276 c12+c12-->he4+ne20 -6.6276 -15.6410 -15.5996
-14.5583 -15.5583  5.1530 he4+o16-->ne20 -10.6276 c12+c12-->he4+ne20 -6.6276 -15.5996 -15.5583
-14.4755 -15.4755  5.0702 he4+o16-->ne20 -10.6275 c12+c12-->he4+ne20 -6.6275 -15.5169 -15.4755
-14.3927 -15.3927  4.9875 he4+o16-->ne20 -10.6275 c12+c12-->he4+ne20 -6.6275 -15.4341 -15.3927
-14.3099 -15.3099  4.9048 he4+o16-->ne20 -10.6274 c12+c12-->he4+ne20 -6.6274 -15.3513 -15.3099
-14.2271 -15.2271  4.8220 he4+o16-->ne20 -10.6273 c12+c12-->he4+ne20 -6.6273 -15.2685 -15.2271
-14.1443 -15.1443  4.7393 he4+o16-->ne20 -10.6273 c12+c12-->he4+ne20 -6.6273 -15.1857 -15.1443
-14.0615 -15.0615  4.6566 he4+o16-->ne20 -10.6272 c12+c12-->he4+ne20 -6.6272 -15.1029 -15.0615
-13.9788 -14.9788  4.5740 he4+o16-->ne20 -10.6270 c12+c12-->he4+ne20 -6.6270 -15.0201 -14.9788
-13.8960 -14.8960  4.4913 he4+o16-->ne20 -10.6269 c12+c12-->he4+ne20 -6.6269 -14.9374 -14.8960
-13.8132 -14.8132  4.4087 he4+o16-->ne20 -10.6267 c12+c12-->he4+ne20 -6.6267 -14.8546 -14.8132
-13.7304 -14.7304  4.3261 he4+o16-->ne20 -10.6265 c12+c12-->he4+ne20 -6.6265 -14.7718 -14.7304
-13.6476 -14.6476  4.2436 he4+o16-->ne20 -10.6262 c12+c12-->he4+ne20 -6.6262 -14.6890 -14.6476
-13.5648 -14.5648  4.1611 he4+o16-->ne20 -10.6259 c12+c12-->he4+ne20 -6.6259 -14.6062 -14.5648
-13.4820 -14.4820  4.0787 he4+o16-->ne20 -10.6255 c12+c12-->he4+ne20 -6.6255 -14.5234 -14.4820
-13.3993 -14.3993  3.9963 he4+o16-->ne20 -10.6250 c12+c12-->he4+ne20 -6.6250 -14.4407 -14.3993
-13.3579 -14.3579  3.9552 he4+o16-->ne20 -10.6248 c12+c12-->he4+ne20 -6.6248 -14.3993 -14.3579
-13.2751 -14.2751  3.8729 he4+o16-->ne20 -10.6241 c12+c12-->he4+ne20 -6.6241 -14.3165 -14.2751
-13.1923 -14.1923  3.7908 he4+o16-->ne20 -10.6234 c12+c12-->he4+ne20 -6.6234 -14.2337 -14.1923
-13.1095 -14.1095  3.7089 he4+o16-->ne20 -10.6225 c12+c12-->he4+ne20 -6.6225 -14.1509 -14.1095
-13.0267 -14.0267  3.6271 he4+o16-->ne20 -10.6214 c12+c12-->he4+ne20 -6.6214 -14.0681 -14.0267
-12.9439 -13.9439  3.5455 he4+o16-->ne20 -10.6200 c12+c12-->he4+ne20 -6.6200 -13.9853 -13.9439
-12.8612 -13.8612  3.4642 he4+o16-->ne20 -10.6184 c12+c12-->he4+ne20 -6.6184 -13.9025 -13.8612
-12.7784 -13.7784  3.3832 he4+o16-->ne20 -10.6165 c12+c12-->he4+ne20 -6.6165 -13.8198 -13.7784
-12.6956 -13.6956  3.3025 he4+o16-->ne20 -10.6142 c12+c12-->he4+ne20 -6.6142 -13.7370 -13.6956
-12.6128 -13.6128  3.2223 he4+o16-->ne20 -10.6114 c12+c12-->he4+ne20 -6.6114 -13.6542 -13.6128
-12.5300 -13.5300  3.1426 he4+o16-->ne20 -10.6080 c12+c12-->he4+ne20 -6.6080 -13.5714 -13.5300
-12.4472 -13.4472  3.0635 he4+o16-->ne20 -10.6040 c12+c12-->he4+ne20 -6.6040 -13.4886 -13.4472
-12.3644 -13.3644  2.9851 he4+o16-->ne20 -10.5991 c12+c12-->he4+ne20 -6.5991 -13.4058 -13.3644
-12.2817 -13.2817  2.9076 he4+o16-->ne20 -10.5933 c12+c12-->he4+ne20 -6.5933 -13.3230 -13.2817
-12.1989 -13.1989  2.8311 he4+o16-->ne20 -10.5864 c12+c12-->he4+ne20 -6.5864 -13.2403 -13.1989
-12.1575 -13.1575  2.7932 he4+o16-->ne20 -10.5825 c12+c12-->he4+ne20 -6.5825 -13.1989 -13.1575
-12.0747 -13.0747  2.7186 he4+o16-->ne20 -10.5735 c12+c12-->he4+ne20 -6.5735 -13.1161 -13.0747
-11.9919 -12.9919  2.6454 he4+o16-->ne20 -10.5629 c12+c12-->he4+ne20 -6.5629 -13.0333 -12.9919
-11.9091 -12.9091  2.5739 he4+o16-->ne20 -10.5504 c12+c12-->he4+ne20 -6.5504 -12.9505 -12.9091
-11.8263 -12.8263  2.5044 he4+o16-->ne20 -10.5356 c12+c12-->he4+ne20 -6.5356 -12.8677 -12.8263
-11.7436 -12.7436  2.4371 he4+o16-->ne20 -10.5184 c12+c12-->he4+ne20 -6.5184 -12.7849 -12.7436
-11.6608 -12.6608  2.3722 he4+o16-->ne20 -10.4984 c12+c12-->he4+ne20 -6.4984 -12.7022 -12.6608
-11.5780 -12.5780  2.3100 he4+o16-->ne20 -10.4753 c12+c12-->he4+ne20 -6.4753 -12.6194 -12.5780
-11.4952 -12.4952  2.2506 he4+o16-->ne20 -10.4488 c12+c12-->he4+ne20 -6.4488 -12.5366 -12.4952
-11.4124 -12.4124  2.1944 he4+o16-->ne20 -10.4186 c12+c12-->he4+ne20 -6.4186 -12.4538 -12.4124
-11.3296 -12.3296  2.1413 he4+o16-->ne20 -10.3846 c12+c12-->he4+ne20 -6.3846 -12.3710 -12.3296
-11.2468 -12.2468  2.0914 he4+o16-->ne20 -10.3466 c12+c12-->he4+ne20 -6.3466 -12.2882 -12.2468
-11.1641 -12.1641  2.0447 he4+o16-->ne20 -10.3044 c12+c12-->he4+ne20 -6.3044 -12.2054 -12.1641
-11.0813 -12.0813  2.0011 he4+o16-->ne20 -10.2580 c12+c12-->he4+ne20 -6.2580 -12.1227 -12.0813
-11.0399 -12.0399  1.9804 he4+o16-->ne20 -10.2332 c12+c12-->he4+ne20 -6.2332 -12.0813 -12.0399
-10.9571 -11.9571  1.9409 he4+o16-->ne20 -10.1807 c12+c12-->he4+ne20 -6.1807 -11.9985 -11.9571
-10.8743 -11.8743  1.9039 he4+o16-->ne20 -10.1242 c12+c12-->he4+ne20 -6.1242 -11.9157 -11.8743
-10.7915 -11.7915  1.8690 he4+o16-->ne20 -10.0639 c12+c12-->he4+ne20 -6.0639 -11.8329 -11.7915
-10.7087 -11.7087  1.8358 he4+o16-->ne20 -10.0002 c12+c12-->he4+ne20 -6.0002 -11.7501 -11.7087
-10.6259 -11.6259  1.8040 he4+o16-->ne20 -9.9332 c12+c12-->he4+ne20 -5.9332 -11.6673 -11.6259
-10.5432 -11.5432  1.7733 he4+o16-->ne20 -9.8874 ne20-->he4+o16 -5.8874 -11.5846 -11.5432
-10.4604 -11.4604  1.7435 he4+o16-->ne20 -9.8874 ne20-->he4+o16 -5.8874 -11.5018 -11.4604
-10.3776 -11.3776  1.7146 he4+o16-->ne20 -9.8874 ne20-->he4+o16 -5.8874 -11.4190 -11.3776
-10.2948 -11.2948  1.6865 he4+o16-->ne20 -9.8874 ne20-->he4+o16 -5.8874 -11.3362 -11.2948
-10.2120 -11.2120  1.6596 he4+o16-->ne20 -9.8874 ne20-->he4+o16 -5.8874 -11.2534 -11.2120
-10.1292 -11.1292  1.6341 he4+o16-->ne20 -9.8874 ne20-->he4+o16 -5.8874 -11.1706 -11.1292
-10.0465 -11.0465  1.6104 he4+o16-->ne20 -9.8874 ne20-->he4+o16 -5.8874 -11.0878 -11.0465
-9.9637 -10.9637  1.5890 he4+o16-->ne20 -9.8874 ne20-->he4+o16 -5.8874 -11.0051 -10.9637
-9.8809 -10.8809  1.5700 he4+o16-->ne20 -9.8874 ne20-->he4+o16 -5.8874 -10.9223 -10.8809
-9.8395 -10.8395  1.5616 he4+o16-->ne20 -9.8874 ne20-->he4+o16 -5.8874 -10.8809 -10.8395
-9.7567 -10.7567  1.5466 he4+o16-->ne20 -9.8874 ne20-->he4+o16 -5.8874 -10.7981 -10.7567
-9.6739 -10.6739  1.5340 he4+o16-->ne20 -9.8874 ne20-->he4+o16 -5.8874 -10.7153 -10.6739
-9.5911 -10.5911  1.5232 he4+o16-->ne20 -9.8874 ne20-->he4+o16 -5.8874 -10.6325 -10.5911
-9.5083 -10.5083  1.5136 he4+o16-->ne20 -9.8874 ne20-->he4+o16 -5.8874 -10.5497 -10.5083
-9.4256 -10.4256  1.5046 he4+o16-->ne20 -9.8874 ne20-->he4+o16 -5.8874 -10.4670 -10.4256
-9.3428 -10.3428  1.4955 he4+o16-->ne20 -9.8874 ne20-->he4+o16 -5.8874 -10.3842 -10.3428
-9.2600 -10.2600  1.4861 he4+o16-->ne20 -9.8874 ne20-->he4+o16 -5.8874 -10.3014 -10.2600
-9.1772 -10.1772  1.4764 he4+o16-->ne20 -9.8874 ne20-->he4+o16 -5.8874 -10.2186 -10.1772
-9.0944 -10.0944  1.4665 he4+o16-->ne20 -9.8874 ne20-->he4+o16 -5.8874 -10.1358 -10.0944
-9.0116 -10.0116  1.4565 he4+o16-->ne20 -9.8874 ne20-->he4+o16 -5.8874 -10.0530 -10.0116
-8.9288 -9.9288  1.4466 he4+o16-->ne20 -9.8874 ne20-->he4+o16 -5.8874 -9.9702 -9.9288
-8.8461 -9.8461  1.4369 he4+o16-->ne20 -9.8874 ne20-->he4+o16 -5.8874 -9.8875 -9.8461
-8.7633 -9.7633  1.4273 he4+o16-->ne20 -9.8874 ne20-->he4+o16 -5.8874 -9.8047 -9.7633
-8.6805 -9.6805  1.4179 he4+o16-->ne20 -9.8874 ne20-->he4+o16 -5.8874 -9.7219 -9.6805
-8.6391 -9.6391  1.4133 he4+o16-->ne20 -9.8874 ne20-->he4+o16 -5.8874 -9.6805 -9.6391
-8.5563 -9.5563  1.4044 he4+o16-->ne20 -9.8874 ne20-->he4+o16 -5.8874 -9.5977 -9.5563
-8.4735 -9.4735  1.3957 he4+o16-->ne20 -9.8874 ne20-->he4+o16 -5.8874 -9.5149 -9.4735
-8.3907 -9.3907  1.3876 he4+o16-->ne20 -9.8874 ne20-->he4+o16 -5.8874 -9.4321 -9.3907
-8.3080 -9.4032  1.3800 he4+o16-->ne20 -9.8874 ne20-->he4+o16 -5.8874 -9.3494 -9.4032
-8.2330 -9.2330  1.3739 he4+o16-->ne20 -9.8874 ne20-->he4+o16 -5.8874 -9.2744 -9.2330
-8.1502 -9.1502  1.3682 he4+o16-->ne20 -9.8874 ne20-->he4+o16 -5.8874 -9.1916 -9.1502
-8.0674 -9.0674  1.3634 he4+o16-->ne20 -9.8874 ne20-->he4+o16 -5.8874 -9.1088 -9.0674
-7.9847 -8.9847  1.3647 he4+o16-->ne20 -9.8874 ne20-->he4+o16 -5.8874 -9.0261 -8.9847
-7.9019 -8.9019  1.3592 he4+o16-->ne20 -9.8874 ne20-->he4+o16 -5.8874 -8.9433 -8.9019
-7.8191 -8.8191  1.3550 he4+o16-->ne20 -9.8874 ne20-->he4+o16 -5.8874 -8.8605 -8.8191
-7.7363 -8.7363  1.3516 he4+o16-->ne20 -9.8874 ne20-->he4+o16 -5.8874 -8.7777 -8.7363
-7.6535 -8.6535  1.3486 he4+o16-->ne20 -9.8874 ne20-->he4+o16 -5.8874 -8.6949 -8.6535
-7.5707 -8.5707  1.3457 he4+o16-->ne20 -9.8874 ne20-->he4+o16 -5.8874 -8.6121 -8.5707
-7.4880 -8.4880  1.3420 he4+o16-->ne20 -9.8874 ne20-->he4+o16 -5.8874 -8.5293 -8.4880
-7.4052 -8.4052  1.3380 he4+o16-->ne20 -9.8874 ne20-->he4+o16 -5.8874 -8.4466 -8.4052
-7.3224 -8.3224  1.3340 he4+o16-->ne20 -9.8874 ne20-->he4+o16 -5.8874 -8.3638 -8.3224
-7.2396 -8.2396  1.3303 he4+o16-->ne20 -9.8874 ne20-->he4+o16 -5.8874 -8.2810 -8.2396
-7.1982 -8.1982  1.3286 he4+o16-->ne20 -9.8874 ne20-->he4+o16 -5.8874 -8.2396 -8.1982
-7.0868 -8.0868  1.3136 he4+o16-->ne20 -9.8874 ne20-->he4+o16 -5.8874 -8.1282 -8.0868
-7.0040 -8.0040  1.3067 he4+o16-->ne20 -9.8874 ne20-->he4+o16 -5.8874 -8.0454 -8.0040
-6.9212 -7.9212  1.2991 he4+o16-->ne20 -9.8874 ne20-->he4+o16 -5.8874 -7.9626 -7.9212
-6.8798 -8.2222  1.2968 he4+o16-->ne20 -9.8874 ne20-->he4+o16 -5.8874 -7.9212 -8.2222
-6.7987 -7.7987  1.2841 he4+o16-->ne20 -9.8874 ne20-->he4+o16 -5.8874 -7.9859 -7.7987
-6.7159 -7.7159  1.2757 he4+o16-->ne20 -9.8874 ne20-->he4+o16 -5.8874 -7.7573 -7.7159
-6.6332 -7.6332  1.2654 he4+o16-->ne20 -9.8874 ne20-->he4+o16 -5.8874 -7.6745 -7.6332
-6.5504 -7.8928  1.2586 he4+o16-->ne20 -9.8874 ne20-->he4+o16 -5.8874 -7.5918 -7.8928
-6.4731 -7.5836  1.2651 he4+o16-->ne20 -9.8874 ne20-->he4+o16 -5.8874 -7.8626 -7.5836
-6.3993 -7.3993  1.2601 he4+o16-->ne20 -9.8874 ne20-->he4+o16 -5.8874 -7.4407 -7.3993
-6.3186 -8.2055  1.2323 he4+o16-->ne20 -9.8874 ne20-->he4+o16 -5.8874 -8.5065 -8.2055
-6.2000 -7.2000  1.2192 he4+o16-->ne20 -9.8874 ne20-->he4+o16 -5.8874 -7.2414 -7.2000
-6.1562 -7.5204  1.2061 he4+o16-->ne20 -9.8874 ne20-->he4+o16 -5.8874 -7.8214 -7.5204
-6.0618 -7.0618  1.1960 he4+o16-->ne20 -9.8874 ne20-->he4+o16 -5.8874 -7.1032 -7.0618
-5.9978 -7.9422  1.1816 he4+o16-->ne20 -9.8874 ne20-->he4+o16 -5.8874 -8.2432 -7.9422
-5.8882 -6.8882  1.1668 he4+o16-->ne20 -9.8874 ne20-->he4+o16 -5.8874 -7.0164 -6.8882
-5.8376 -6.9504  1.1492 he4+o16-->ne20 -9.8874 ne20-->he4+o16 -5.8874 -7.2514 -6.9504
-5.7309 -6.7309  1.1573 he4+o16-->ne20 -9.8874 ne20-->he4+o16 -5.8874 -6.9099 -6.7309
-5.6626 -6.6626  1.1459 he4+o16-->ne20 -9.8874 ne20-->he4+o16 -5.8874 -6.8088 -6.6626
-5.5954 -6.5954  1.1387 he4+o16-->ne20 -9.8874 ne20-->he4+o16 -5.8874 -6.7447 -6.5954
-5.5193 -7.6041  1.1208 he4+o16-->ne20 -9.8874 ne20-->he4+o16 -5.8874 -7.9052 -7.6041
-5.4381 -6.9814  1.1116 he4+o16-->ne20 -9.8874 ne20-->he4+o16 -5.8874 -7.2824 -6.9814
-5.3598 -8.8820  1.1014 he4+o16-->ne20 -9.8874 ne20-->he4+o16 -5.8874 -8.5810 -8.8820
-5.2794 -6.9200  1.1049 he4+o16-->ne20 -9.8874 ne20-->he4+o16 -5.8874 -7.2210 -6.9200
-5.1994 -7.5592  1.0885 he4+o16-->ne20 -9.8874 ne20-->he4+o16 -5.8874 -7.8602 -7.5592
-5.1184 -6.6275  1.0915 he4+o16-->ne20 -9.8874 ne20-->he4+o16 -5.8874 -6.9285 -6.6275
-5.0388 -6.6038  1.0816 he4+o16-->ne20 -9.8874 ne20-->he4+o16 -5.8874 -6.9048 -6.6038
-4.9595 -6.5188  1.0797 he4+o16-->ne20 -9.8874 ne20-->he4+o16 -5.8874 -6.8198 -6.5188
-4.8789 -6.8897  1.0830 he4+o16-->ne20 -9.8874 ne20-->he4+o16 -5.8874 -7.1907 -6.8897
-4.7958 -6.4945  1.0850 he4+o16-->ne20 -9.8874 ne20-->he4+o16 -5.8874 -6.7955 -6.4945
-4.7094 -6.5670  1.0772 he4+o16-->ne20 -9.8874 ne20-->he4+o16 -5.8874 -6.2660 -6.5670
-4.6396 -7.1996  1.0822 he4+o16-->ne20 -9.8874 ne20-->he4+o16 -5.8874 -7.5007 -7.1996
-4.5509 -6.1167  1.0742 he4+o16-->ne20 -9.8874 ne20-->he4+o16 -5.8874 -6.1577 -6.1167
-4.4724 -6.0773  1.0756 he4+o16-->ne20 -9.8874 ne20-->he4+o16 -5.8874 -6.2037 -6.0773
-4.3997 -7.2303 -3.1029 he4+he4+he4-->c12 -8.2793 he4+c12-->o16 -4.2793 -7.5313 -7.2303
-4.3199 -6.5058 -3.0886 he4+he4+he4-->c12 -8.2721 he4+c12-->o16 -4.2721 -6.7703 -6.5058
-4.2398 -6.6409 -3.0629 he4+he4+he4-->c12 -8.2593 he4+c12-->o16 -4.2593 -6.9420 -6.6409
-4.1516 -5.7974 -3.0749 he4+he4+he4-->c12 -8.2669 he4+c12-->o16 -4.2653 -5.7857 -5.7974
-4.0726 -5.7992 -3.0854 he4+he4+he4-->c12 -8.2720 he4+c12-->o16 -4.2705 -5.8024 -5.7992
-3.9950 -5.7569 -3.0957 he4+he4+he4-->c12 -8.2771 he4+c12-->o16 -4.2757 -5.7616 -5.7569
-3.9152 -5.7017 -3.1060 he4+he4+he4-->c12 -8.2823 he4+c12-->o16 -4.2808 -5.7070 -5.7017
-3.8391 -5.6408 -3.1155 he4+he4+he4-->c12 -8.2869 he4+c12-->o16 -4.2856 -5.6466 -5.6408
-3.7582 -5.5674 -3.1247 he4+he4+he4-->c12 -8.2915 he4+c12-->o16 -4.2902 -5.5738 -5.5674
-3.6780 -5.4861 -3.1326 he4+he4+he4-->c12 -8.2954 he4+c12-->o16 -4.2941 -5.4932 -5.4861
-3.5970 -5.3966 -3.1393 he4+he4+he4-->c12 -8.2987 he4+c12-->o16 -4.2975 -5.4044 -5.3966
-3.5138 -5.3002 -3.1446 he4+he4+he4-->c12 -8.3012 he4+c12-->o16 -4.3001 -5.3085 -5.3002
-3.4353 -5.2093 -3.1481 he4+he4+he4-->c12 -8.3029 he4+c12-->o16 -4.3019 -5.2176 -5.2093
-3.3565 -5.2838 -6.4407 o16-->he4+c12 -8.3037 he4+c12-->o16 -4.3027 -5.2326 -5.2838
-3.2773 -5.4310 -6.4407 o16-->he4+c12 -8.3014 he4+c12-->o16 -4.3006 -5.4275 -5.4310
-3.1994 -5.5176 -6.4407 o16-->he4+c12 -8.2989 he4+c12-->o16 -4.2981 -5.5153 -5.5176
-3.1200 -5.5982 -6.4407 o16-->he4+c12 -8.2959 he4+c12-->o16 -4.2950 -5.5968 -5.5982
-3.0392 -5.6679 -6.4407 o16-->he4+c12 -8.2926 he4+c12-->o16 -4.2917 -5.6671 -5.6679
-2.9599 -5.7217 -6.4407 o16-->he4+c12 -8.2895 he4+c12-->o16 -4.2887 -5.7213 -5.7217
-2.8798 -5.7617 -6.4407 o16-->he4+c12 -8.2871 he4+c12-->o16 -4.2862 -5.7614 -5.7617
-2.7997 -5.7901 -6.4407 o16-->he4+c12 -8.2853 he4+c12-->o16 -4.2845 -5.7899 -5.7901
-2.7197 -5.8108 -6.4407 o16-->he4+c12 -8.2843 he4+c12-->o16 -4.2834 -5.8107 -5.8108
-2.6399 -5.8276 -6.4407 o16-->he4+c12 -8.2836 he4+c12-->o16 -4.2827 -5.8276 -5.8276
-2.5600 -5.8428 -6.4407 o16-->he4+c12 -8.2831 he4+c12-->o16 -4.2822 -5.8428 -5.8428
-2.4799 -5.8573 -6.4407 o16-->he4+c12 -8.2826 he4+c12-->o16 -4.2817 -5.8572 -5.8573
-2.3999 -5.8709 -6.4407 o16-->he4+c12 -8.2822 he4+c12-->o16 -4.2813 -5.8708 -5.8709
-2.3200 -5.8832 -6.4407 o16-->he4+c12 -8.2818 he4+c12-->o16 -4.2809 -5.8832 -5.8832
-2.2399 -5.8938 -6.4407 o16-->he4+c12 -8.2814 he4+c12-->o16 -4.2805 -5.8938 -5.8938
-2.1599 -5.9024 -6.4407 o16-->he4+c12 -8.2811 he4+c12-->o16 -4.2802 -5.9024 -5.9024
-2.0800 -5.9088 -6.4407 o16-->he4+c12 -8.2809 he4+c12-->o16 -4.2800 -5.9088 -5.9088
-1.9999 -5.9131 -6.4407 o16-->he4+c12 -8.2807 he4+c12-->o16 -4.2798 -5.9131 -5.9131
