-17.911 -18.911 10.304 28.218 0.000 0.000 1.000 -7.745e+00 -3.010e-01 -3.010e-01 -7.065e+00 -8.377e+00 -1.007e+01 -2.400e+01 -2.400e+01 -2.400e+01 -2.400e+01 -2.400e+01 -2.400e+01 -2.400e+01 -2.400e+01 -2.400e+01 -2.400e+01
-17.828 -18.828 10.387 28.218 0.000 0.000 1.000 -7.662e+00 -3.010e-01 -3.010e-01 -6.982e+00 -8.294e+00 -9.984e+00 -2.400e+01 -2.400e+01 -2.400e+01 -2.400e+01 -2.400e+01 -2.400e+01 -2.400e+01 -2.400e+01 -2.400e+01 -2.400e+01
-17.745 -18.745 10.470 28.218 0.000 0.000 1.000 -7.578e+00 -3.010e-01 -3.010e-01 -6.898e+00 -8.210e+00 -9.901e+00 -2.400e+01 -2.400e+01 -2.400e+01 -2.400e+01 -2.400e+01 -2.400e+01 -2.400e+01 -2.400e+01 -2.400e+01 -2.400e+01
-17.663 -18.663 10.554 28.218 0.000 0.000 1.000 -7.495e+00 -3.010e-01 -3.010e-01 -6.815e+00 -8.127e+00 -9.818e+00 -2.399e+01 -2.400e+01 -2.400e+01 -2.400e+01 -2.400e+01 -2.400e+01 -2.400e+01 -2.400e+01 -2.400e+01 -2.400e+01
-17.580 -18.580 10.637 28.218 0.000 0.000 1.000 -7.412e+00 -3.010e-01 -3.010e-01 -6.732e+00 -8.044e+00 -9.735e+00 -2.399e+01 -2.400e+01 -2.400e+01 -2.400e+01 -2.400e+01 -2.400e+01 -2.400e+01 -2.400e+01 -2.400e+01 -2.400e+01
-17.497 -18.497 10.720 28.218 0.000 0.000 1.000 -7.329e+00 -3.010e-01 -3.010e-01 -6.649e+00 -7.961e+00 -9.652e+00 -2.398e+01 -2.400e+01 -2.400e+01 -2.400e+01 -2.400e+01 -2.400e+01 -2.400e+01 -2.400e+01 -2.400e+01 -2.400e+01
-17.414 -18.414 10.803 28.218 0.000 0.000 1.000 -7.246e+00 -3.010e-01 -3.010e-01 -6.566e+00 -7.878e+00 -9.569e+00 -2.396e+01 -2.400e+01 -2.400e+01 -2.400e+01 -2.400e+01 -2.400e+01 -2.400e+01 -2.400e+01 -2.400e+01 -2.400e+01
-17.332 -18.332 10.886 28.218 0.000 0.000 1.000 -7.163e+00 -3.010e-01 -3.010e-01 -6.483e+00 -7.795e+00 -9.486e+00 -2.393e+01 -2.400e+01 -2.400e+01 -2.400e+01 -2.400e+01 -2.400e+01 -2.400e+01 -2.400e+01 -2.400e+01 -2.400e+01
-17.249 -18.249 10.969 28.218 0.000 0.000 1.000 -7.080e+00 -3.010e-01 -3.010e-01 -6.400e+00 -7.712e+00 -9.403e+00 -2.388e+01 -2.400e+01 -2.400e+01 -2.400e+01 -2.400e+01 -2.400e+01 -2.400e+01 -2.400e+01 -2.400e+01 -2.400e+01
-17.166 -18.166 11.052 28.218 0.000 0.000 1.000 -6.997e+00 -3.010e-01 -3.010e-01 -6.317e+00 -7.629e+00 -9.320e+00 -2.381e+01 -2.400e+01 -2.400e+01 -2.400e+01 -2.400e+01 -2.400e+01 -2.400e+01 -2.400e+01 -2.400e+01 -2.400e+01
-17.083 -18.083 11.135 28.218 0.000 0.000 1.000 -6.914e+00 -3.010e-01 -3.010e-01 -6.234e+00 -7.546e+00 -9.237e+00 -2.370e+01 -2.400e+01 -2.400e+01 -2.400e+01 -2.400e+01 -2.400e+01 -2.400e+01 -2.400e+01 -2.400e+01 -2.400e+01
-17.000 -18.000 11.218 28.218 0.000 0.000 1.000 -6.831e+00 -3.010e-01 -3.010e-01 -6.151e+00 -7.463e+00 -9.154e+00 -2.356e+01 -2.400e+01 -2.400e+01 -2.400e+01 -2.400e+01 -2.400e+01 -2.400e+01 -2.400e+01 -2.400e+01 -2.400e+01
-16.959 -17.959 11.259 28.218 0.000 0.000 1.000 -6.790e+00 -3.010e-01 -3.010e-01 -6.110e+00 -7.422e+00 -9.112e+00 -2.348e+01 -2.400e+01 -2.400e+01 -2.400e+01 -2.400e+01 -2.400e+01 -2.400e+01 -2.400e+01 -2.400e+01 -2.400e+01
-16.876 -17.876 11.342 28.218 0.000 0.000 1.000 -6.707e+00 -3.010e-01 -3.010e-01 -6.027e+00 -7.339e+00 -9.030e+00 -2.329e+01 -2.400e+01 -2.400e+01 -2.400e+01 -2.400e+01 -2.400e+01 -2.400e+01 -2.400e+01 -2.400e+01 -2.400e+01
-16.793 -17.793 11.425 28.218 0.000 0.000 1.000 -6.624e+00 -3.010e-01 -3.010e-01 -5.944e+00 -7.256e+00 -8.947e+00 -2.308e+01 -2.400e+01 -2.400e+01 -2.400e+01 -2.400e+01 -2.400e+01 -2.400e+01 -2.400e+01 -2.400e+01 -2.400e+01
-16.711 -17.711 11.507 28.218 0.000 0.000 1.000 -6.541e+00 -3.010e-01 -3.010e-01 -5.861e+00 -7.173e+00 -8.864e+00 -2.285e+01 -2.400e+01 -2.400e+01 -2.400e+01 -2.400e+01 -2.400e+01 -2.400e+01 -2.400e+01 -2.400e+01 -2.400e+01
-16.628 -17.628 11.590 28.218 0.000 0.000 1.000 -6.459e+00 -3.010e-01 -3.010e-01 -5.778e+00 -7.091e+00 -8.781e+00 -2.262e+01 -2.400e+01 -2.400e+01 -2.400e+01 -2.400e+01 -2.400e+01 -2.400e+01 -2.400e+01 -2.400e+01 -2.400e+01
-16.545 -17.545 11.673 28.218 0.000 0.000 1.000 -6.376e+00 -3.010e-01 -3.010e-01 -5.696e+00 -7.008e+00 -8.698e+00 -2.238e+01 -2.400e+01 -2.400e+01 -2.400e+01 -2.400e+01 -2.400e+01 -2.400e+01 -2.400e+01 -2.400e+01 -2.400e+01
-16.462 -17.462 11.756 28.218 0.000 0.000 1.000 -6.293e+00 -3.010e-01 -3.010e-01 -5.613e+00 -6.925e+00 -8.615e+00 -2.213e+01 -2.400e+01 -2.400e+01 -2.400e+01 -2.400e+01 -2.400e+01 -2.400e+01 -2.400e+01 -2.400e+01 -2.400e+01
-16.380 -17.380 11.839 28.218 0.000 0.000 1.000 -6.210e+00 -3.010e-01 -3.010e-01 -5.530e+00 -6.842e+00 -8.533e+00 -2.189e+01 -2.400e+01 -2.400e+01 -2.400e+01 -2.400e+01 -2.400e+01 -2.400e+01 -2.400e+01 -2.400e+01 -2.400e+01
-16.297 -17.297 11.922 28.218 0.000 0.000 1.000 -6.127e+00 -3.010e-01 -3.010e-01 -5.447e+00 -6.759e+00 -8.450e+00 -2.164e+01 -2.400e+01 -2.400e+01 -2.400e+01 -2.400e+01 -2.400e+01 -2.400e+01 -2.400e+01 -2.400e+01 -2.400e+01
-16.214 -17.214 12.004 28.218 0.000 0.000 1.000 -6.045e+00 -3.010e-01 -3.010e-01 -5.364e+00 -6.677e+00 -8.367e+00 -2.139e+01 -2.400e+01 -2.400e+01 -2.400e+01 -2.400e+01 -2.400e+01 -2.400e+01 -2.400e+01 -2.400e+01 -2.400e+01
-16.131 -17.131 12.087 28.218 0.000 0.000 1.000 -5.962e+00 -3.010e-01 -3.010e-01 -5.282e+00 -6.594e+00 -8.284e+00 -2.114e+01 -2.400e+01 -2.400e+01 -2.400e+01 -2.400e+01 -2.400e+01 -2.400e+01 -2.400e+01 -2.400e+01 -2.400e+01
-16.048 -17.048 12.170 28.218 0.000 0.000 1.000 -5.879e+00 -3.010e-01 -3.010e-01 -5.199e+00 -6.511e+00 -8.201e+00 -2.090e+01 -2.400e+01 -2.400e+01 -2.400e+01 -2.400e+01 -2.400e+01 -2.400e+01 -2.400e+01 -2.400e+01 -2.400e+01
-15.966 -16.966 12.253 28.218 0.000 0.000 1.000 -5.796e+00 -3.010e-01 -3.010e-01 -5.116e+00 -6.428e+00 -8.119e+00 -2.065e+01 -2.400e+01 -2.400e+01 -2.400e+01 -2.400e+01 -2.400e+01 -2.400e+01 -2.400e+01 -2.400e+01 -2.400e+01
-15.883 -16.883 12.336 28.218 0.000 0.000 1.000 -5.713e+00 -3.010e-01 -3.010e-01 -5.033e+00 -6.345e+00 -8.036e+00 -2.040e+01 -2.400e+01 -2.400e+01 -2.400e+01 -2.400e+01 -2.400e+01 -2.400e+01 -2.400e+01 -2.400e+01 -2.400e+01
-15.800 -16.800 12.418 28.218 0.000 0.000 1.000 -5.631e+00 -3.010e-01 -3.010e-01 -4.950e+00 -6.263e+00 -7.953e+00 -2.015e+01 -2.400e+01 -2.400e+01 -2.400e+01 -2.400e+01 -2.400e+01 -2.400e+01 -2.400e+01 -2.400e+01 -2.400e+01
-15.759 -16.759 12.460 28.218 0.000 0.000 1.000 -5.589e+00 -3.010e-01 -3.010e-01 -4.909e+00 -6.221e+00 -7.912e+00 -2.003e+01 -2.400e+01 -2.400e+01 -2.400e+01 -2.400e+01 -2.400e+01 -2.400e+01 -2.400e+01 -2.400e+01 -2.400e+01
-15.676 -16.676 12.543 28.218 0.000 0.000 1.000 -5.506e+00 -3.010e-01 -3.010e-01 -4.826e+00 -6.138e+00 -7.829e+00 -1.978e+01 -2.400e+01 -2.400e+01 -2.400e+01 -2.400e+01 -2.400e+01 -2.400e+01 -2.400e+01 -2.400e+01 -2.400e+01
-15.593 -16.593 12.625 28.218 0.000 0.000 1.000 -5.424e+00 -3.010e-01 -3.010e-01 -4.744e+00 -6.056e+00 -7.746e+00 -1.953e+01 -2.400e+01 -2.400e+01 -2.400e+01 -2.400e+01 -2.400e+01 -2.400e+01 -2.400e+01 -2.400e+01 -2.400e+01
-15.510 -16.510 12.708 28.218 0.000 0.000 1.000 -5.341e+00 -3.011e-01 -3.010e-01 -4.661e+00 -5.973e+00 -7.663e+00 -1.928e+01 -2.400e+01 -2.400e+01 -2.400e+01 -2.400e+01 -2.400e+01 -2.400e+01 -2.400e+01 -2.400e+01 -2.400e+01
-15.427 -16.427 12.791 28.218 0.000 0.000 1.000 -5.258e+00 -3.011e-01 -3.010e-01 -4.578e+00 -5.890e+00 -7.581e+00 -1.903e+01 -2.400e+01 -2.400e+01 -2.400e+01 -2.400e+01 -2.400e+01 -2.400e+01 -2.400e+01 -2.400e+01 -2.400e+01
-15.345 -16.345 12.874 28.218 0.000 0.000 1.000 -5.175e+00 -3.011e-01 -3.010e-01 -4.495e+00 -5.807e+00 -7.498e+00 -1.878e+01 -2.400e+01 -2.400e+01 -2.400e+01 -2.400e+01 -2.400e+01 -2.400e+01 -2.400e+01 -2.400e+01 -2.400e+01
-15.262 -16.262 12.956 28.218 0.000 0.000 1.000 -5.093e+00 -3.011e-01 -3.010e-01 -4.412e+00 -5.724e+00 -7.415e+00 -1.854e+01 -2.400e+01 -2.400e+01 -2.400e+01 -2.400e+01 -2.400e+01 -2.400e+01 -2.400e+01 -2.400e+01 -2.400e+01
-15.179 -16.179 13.039 28.218 0.000 0.000 1.000 -5.010e+00 -3.011e-01 -3.010e-01 -4.330e+00 -5.642e+00 -7.332e+00 -1.829e+01 -2.400e+01 -2.400e+01 -2.400e+01 -2.400e+01 -2.400e+01 -2.400e+01 -2.400e+01 -2.400e+01 -2.400e+01
-15.096 -16.096 13.122 28.218 0.000 0.000 1.000 -4.927e+00 -3.011e-01 -3.010e-01 -4.247e+00 -5.559e+00 -7.249e+00 -1.804e+01 -2.400e+01 -2.400e+01 -2.400e+01 -2.400e+01 -2.400e+01 -2.400e+01 -2.400e+01 -2.400e+01 -2.400e+01
-15.014 -16.014 13.205 28.218 0.000 0.000 1.000 -4.844e+00 -3.011e-01 -3.010e-01 -4.164e+00 -5.476e+00 -7.167e+00 -1.779e+01 -2.400e+01 -2.400e+01 -2.400e+01 -2.400e+01 -2.400e+01 -2.400e+01 -2.400e+01 -2.400e+01 -2.400e+01
-14.931 -15.931 13.288 28.218 0.000 0.000 1.000 -4.761e+00 -3.011e-01 -3.010e-01 -4.081e+00 -5.393e+00 -7.084e+00 -1.754e+01 -2.400e+01 -2.400e+01 -2.400e+01 -2.400e+01 -2.400e+01 -2.400e+01 -2.400e+01 -2.400e+01 -2.400e+01
-14.848 -15.848 13.370 28.218 0.000 0.000 1.000 -4.679e+00 -3.011e-01 -3.010e-01 -3.999e+00 -5.311e+00 -7.001e+00 -1.729e+01 -2.400e+01 -2.400e+01 -2.400e+01 -2.400e+01 -2.400e+01 -2.400e+01 -2.400e+01 -2.400e+01 -2.400e+01
-14.765 -15.765 13.453 28.218 0.000 0.000 1.000 -4.596e+00 -3.012e-01 -3.010e-01 -3.916e+00 -5.228e+00 -6.918e+00 -1.705e+01 -2.400e+01 -2.400e+01 -2.400e+01 -2.400e+01 -2.400e+01 -2.400e+01 -2.400e+01 -2.400e+01 -2.400e+01
-14.682 -15.682 13.536 28.218 0.000 0.000 1.000 -4.513e+00 -3.012e-01 -3.010e-01 -3.833e+00 -5.145e+00 -6.835e+00 -1.680e+01 -2.400e+01 -2.400e+01 -2.400e+01 -2.400e+01 -2.400e+01 -2.400e+01 -2.400e+01 -2.400e+01 -2.400e+01
-14.600 -15.600 13.619 28.218 0.000 0.000 1.000 -4.430e+00 -3.012e-01 -3.010e-01 -3.750e+00 -5.062e+00 -6.753e+00 -1.655e+01 -2.400e+01 -2.400e+01 -2.400e+01 -2.400e+01 -2.400e+01 -2.400e+01 -2.400e+01 -2.400e+01 -2.400e+01
-14.558 -15.558 13.660 28.218 0.000 0.000 1.000 -4.389e+00 -3.012e-01 -3.010e-01 -3.709e+00 -5.021e+00 -6.711e+00 -1.643e+01 -2.400e+01 -2.400e+01 -2.400e+01 -2.400e+01 -2.400e+01 -2.400e+01 -2.400e+01 -2.400e+01 -2.400e+01
-14.475 -15.475 13.743 28.218 0.000 0.000 1.000 -4.306e+00 -3.013e-01 -3.010e-01 -3.626e+00 -4.938e+00 -6.628e+00 -1.618e+01 -2.400e+01 -2.400e+01 -2.400e+01 -2.400e+01 -2.400e+01 -2.400e+01 -2.400e+01 -2.400e+01 -2.400e+01
-14.393 -15.393 13.825 28.218 0.000 0.000 1.000 -4.224e+00 -3.013e-01 -3.010e-01 -3.543e+00 -4.855e+00 -6.546e+00 -1.593e+01 -2.400e+01 -2.400e+01 -2.400e+01 -2.400e+01 -2.400e+01 -2.400e+01 -2.400e+01 -2.400e+01 -2.400e+01
-14.310 -15.310 13.908 28.218 0.000 0.000 1.000 -4.141e+00 -3.014e-01 -3.010e-01 -3.461e+00 -4.773e+00 -6.463e+00 -1.568e+01 -2.399e+01 -2.400e+01 -2.400e+01 -2.400e+01 -2.400e+01 -2.400e+01 -2.400e+01 -2.400e+01 -2.400e+01
-14.227 -15.227 13.991 28.218 0.000 0.000 1.000 -4.058e+00 -3.015e-01 -3.010e-01 -3.378e+00 -4.690e+00 -6.380e+00 -1.543e+01 -2.398e+01 -2.400e+01 -2.400e+01 -2.400e+01 -2.400e+01 -2.400e+01 -2.400e+01 -2.400e+01 -2.400e+01
-14.144 -15.144 14.074 28.217 0.000 0.000 1.000 -3.975e+00 -3.016e-01 -3.010e-01 -3.295e+00 -4.607e+00 -6.297e+00 -1.518e+01 -2.396e+01 -2.400e+01 -2.400e+01 -2.400e+01 -2.400e+01 -2.400e+01 -2.400e+01 -2.400e+01 -2.400e+01
-14.062 -15.062 14.156 28.217 0.000 0.000 1.000 -3.893e+00 -3.017e-01 -3.010e-01 -3.213e+00 -4.524e+00 -6.214e+00 -1.494e+01 -2.390e+01 -2.400e+01 -2.400e+01 -2.400e+01 -2.400e+01 -2.400e+01 -2.400e+01 -2.400e+01 -2.400e+01
-13.979 -14.979 14.239 28.217 0.000 0.000 1.000 -3.810e+00 -3.018e-01 -3.011e-01 -3.130e+00 -4.442e+00 -6.132e+00 -1.469e+01 -2.378e+01 -2.400e+01 -2.400e+01 -2.400e+01 -2.400e+01 -2.400e+01 -2.400e+01 -2.400e+01 -2.400e+01
-13.896 -14.896 14.321 28.217 0.000 0.000 1.000 -3.727e+00 -3.020e-01 -3.011e-01 -3.047e+00 -4.359e+00 -6.049e+00 -1.444e+01 -2.356e+01 -2.400e+01 -2.400e+01 -2.400e+01 -2.400e+01 -2.400e+01 -2.400e+01 -2.400e+01 -2.400e+01
-13.813 -14.813 14.404 28.216 0.000 0.000 1.000 -3.645e+00 -3.022e-01 -3.011e-01 -2.965e+00 -4.276e+00 -5.966e+00 -1.419e+01 -2.326e+01 -2.400e+01 -2.400e+01 -2.400e+01 -2.400e+01 -2.400e+01 -2.400e+01 -2.400e+01 -2.400e+01
-13.730 -14.730 14.487 28.216 0.000 0.000 1.000 -3.562e+00 -3.024e-01 -3.011e-01 -2.882e+00 -4.194e+00 -5.883e+00 -1.394e+01 -2.290e+01 -2.400e+01 -2.400e+01 -2.400e+01 -2.400e+01 -2.400e+01 -2.400e+01 -2.400e+01 -2.400e+01
-13.648 -14.648 14.569 28.215 0.000 0.000 1.000 -3.480e+00 -3.027e-01 -3.011e-01 -2.800e+00 -4.111e+00 -5.800e+00 -1.369e+01 -2.250e+01 -2.400e+01 -2.400e+01 -2.400e+01 -2.400e+01 -2.400e+01 -2.400e+01 -2.400e+01 -2.400e+01
-13.565 -14.565 14.652 28.215 0.000 0.000 1.000 -3.397e+00 -3.031e-01 -3.011e-01 -2.717e+00 -4.028e+00 -5.717e+00 -1.345e+01 -2.210e+01 -2.400e+01 -2.400e+01 -2.400e+01 -2.400e+01 -2.400e+01 -2.400e+01 -2.400e+01 -2.400e+01
-13.482 -14.482 14.734 28.214 0.000 0.000 1.000 -3.315e+00 -3.035e-01 -3.011e-01 -2.635e+00 -3.946e+00 -5.634e+00 -1.320e+01 -2.169e+01 -2.400e+01 -2.400e+01 -2.400e+01 -2.400e+01 -2.400e+01 -2.400e+01 -2.400e+01 -2.400e+01
-13.399 -14.399 14.816 28.213 0.000 0.000 1.000 -3.233e+00 -3.040e-01 -3.011e-01 -2.553e+00 -3.863e+00 -5.551e+00 -1.295e+01 -2.128e+01 -2.400e+01 -2.400e+01 -2.400e+01 -2.400e+01 -2.400e+01 -2.400e+01 -2.400e+01 -2.400e+01
-13.358 -14.358 14.857 28.212 0.000 0.000 1.000 -3.191e+00 -3.043e-01 -3.011e-01 -2.512e+00 -3.822e+00 -5.510e+00 -1.283e+01 -2.107e+01 -2.400e+01 -2.400e+01 -2.400e+01 -2.400e+01 -2.400e+01 -2.400e+01 -2.400e+01 -2.400e+01
-13.275 -14.275 14.939 28.211 0.000 0.000 1.000 -3.109e+00 -3.050e-01 -3.011e-01 -2.429e+00 -3.740e+00 -5.427e+00 -1.258e+01 -2.066e+01 -2.400e+01 -2.400e+01 -2.400e+01 -2.400e+01 -2.400e+01 -2.400e+01 -2.400e+01 -2.400e+01
-13.192 -14.192 15.021 28.209 0.000 0.000 1.000 -3.027e+00 -3.058e-01 -3.012e-01 -2.348e+00 -3.657e+00 -5.344e+00 -1.233e+01 -2.024e+01 -2.400e+01 -2.400e+01 -2.400e+01 -2.400e+01 -2.400e+01 -2.400e+01 -2.400e+01 -2.400e+01
-13.110 -14.110 15.103 28.208 0.000 0.000 1.000 -2.945e+00 -3.068e-01 -3.012e-01 -2.266e+00 -3.575e+00 -5.260e+00 -1.208e+01 -1.983e+01 -2.400e+01 -2.400e+01 -2.400e+01 -2.400e+01 -2.400e+01 -2.400e+01 -2.400e+01 -2.400e+01
-13.027 -14.027 15.185 28.205 0.000 0.000 1.000 -2.864e+00 -3.080e-01 -3.012e-01 -2.184e+00 -3.493e+00 -5.177e+00 -1.183e+01 -1.942e+01 -2.400e+01 -2.400e+01 -2.400e+01 -2.400e+01 -2.400e+01 -2.400e+01 -2.400e+01 -2.400e+01
-12.944 -13.944 15.266 28.203 0.000 0.000 1.000 -2.782e+00 -3.095e-01 -3.013e-01 -2.103e+00 -3.411e+00 -5.094e+00 -1.159e+01 -1.901e+01 -2.400e+01 -2.400e+01 -2.400e+01 -2.400e+01 -2.400e+01 -2.400e+01 -2.400e+01 -2.400e+01
-12.861 -13.861 15.347 28.199 0.000 0.000 1.000 -2.701e+00 -3.113e-01 -3.013e-01 -2.022e+00 -3.329e+00 -5.010e+00 -1.134e+01 -1.859e+01 -2.400e+01 -2.400e+01 -2.400e+01 -2.400e+01 -2.400e+01 -2.400e+01 -2.400e+01 -2.400e+01
-12.778 -13.778 15.428 28.195 0.000 0.000 1.000 -2.620e+00 -3.134e-01 -3.014e-01 -1.941e+00 -3.247e+00 -4.927e+00 -1.109e+01 -1.818e+01 -2.400e+01 -2.400e+01 -2.400e+01 -2.400e+01 -2.400e+01 -2.400e+01 -2.400e+01 -2.400e+01
-12.696 -13.696 15.508 28.190 0.000 0.000 1.000 -2.540e+00 -3.159e-01 -3.014e-01 -1.861e+00 -3.166e+00 -4.843e+00 -1.084e+01 -1.777e+01 -2.398e+01 -2.400e+01 -2.400e+01 -2.400e+01 -2.400e+01 -2.400e+01 -2.400e+01 -2.400e+01
-12.613 -13.613 15.588 28.185 0.000 0.000 1.000 -2.460e+00 -3.190e-01 -3.015e-01 -1.781e+00 -3.084e+00 -4.759e+00 -1.060e+01 -1.736e+01 -2.394e+01 -2.400e+01 -2.400e+01 -2.400e+01 -2.400e+01 -2.400e+01 -2.400e+01 -2.400e+01
-12.530 -13.530 15.667 28.178 0.000 0.000 1.000 -2.381e+00 -3.227e-01 -3.016e-01 -1.702e+00 -3.003e+00 -4.675e+00 -1.035e+01 -1.695e+01 -2.381e+01 -2.400e+01 -2.400e+01 -2.400e+01 -2.400e+01 -2.400e+01 -2.400e+01 -2.400e+01
-12.447 -13.447 15.746 28.169 0.000 0.000 1.000 -2.302e+00 -3.271e-01 -3.017e-01 -1.624e+00 -2.923e+00 -4.591e+00 -1.010e+01 -1.654e+01 -2.351e+01 -2.400e+01 -2.400e+01 -2.400e+01 -2.400e+01 -2.400e+01 -2.400e+01 -2.400e+01
-12.364 -13.364 15.823 28.159 0.000 0.000 1.000 -2.224e+00 -3.324e-01 -3.019e-01 -1.547e+00 -2.843e+00 -4.506e+00 -9.857e+00 -1.613e+01 -2.306e+01 -2.400e+01 -2.400e+01 -2.400e+01 -2.400e+01 -2.400e+01 -2.400e+01 -2.400e+01
-12.282 -13.282 15.900 28.147 0.000 0.000 1.000 -2.147e+00 -3.387e-01 -3.020e-01 -1.470e+00 -2.763e+00 -4.421e+00 -9.611e+00 -1.573e+01 -2.253e+01 -2.400e+01 -2.400e+01 -2.400e+01 -2.400e+01 -2.400e+01 -2.400e+01 -2.400e+01
-12.199 -13.199 15.975 28.133 0.000 0.000 1.000 -2.071e+00 -3.463e-01 -3.022e-01 -1.395e+00 -2.684e+00 -4.336e+00 -9.366e+00 -1.532e+01 -2.197e+01 -2.400e+01 -2.400e+01 -2.400e+01 -2.400e+01 -2.400e+01 -2.400e+01 -2.400e+01
-12.157 -13.157 16.012 28.125 0.000 0.000 1.000 -2.034e+00 -3.506e-01 -3.023e-01 -1.358e+00 -2.645e+00 -4.293e+00 -9.244e+00 -1.512e+01 -2.169e+01 -2.400e+01 -2.400e+01 -2.400e+01 -2.400e+01 -2.400e+01 -2.400e+01 -2.400e+01
-12.075 -13.075 16.085 28.106 0.000 0.000 1.000 -1.960e+00 -3.604e-01 -3.026e-01 -1.285e+00 -2.567e+00 -4.207e+00 -9.000e+00 -1.472e+01 -2.113e+01 -2.400e+01 -2.400e+01 -2.400e+01 -2.400e+01 -2.400e+01 -2.400e+01 -2.400e+01
-11.992 -12.992 16.157 28.084 0.000 0.000 1.000 -1.888e+00 -3.719e-01 -3.028e-01 -1.214e+00 -2.490e+00 -4.121e+00 -8.757e+00 -1.432e+01 -2.057e+01 -2.400e+01 -2.400e+01 -2.400e+01 -2.400e+01 -2.400e+01 -2.400e+01 -2.400e+01
-11.909 -12.909 16.226 28.058 0.000 0.000 1.000 -1.817e+00 -3.855e-01 -3.031e-01 -1.145e+00 -2.414e+00 -4.034e+00 -8.515e+00 -1.392e+01 -2.002e+01 -2.399e+01 -2.400e+01 -2.400e+01 -2.400e+01 -2.400e+01 -2.400e+01 -2.400e+01
-11.826 -12.826 16.293 28.028 0.000 0.000 1.000 -1.749e+00 -4.014e-01 -3.034e-01 -1.079e+00 -2.339e+00 -3.947e+00 -8.274e+00 -1.352e+01 -1.947e+01 -2.395e+01 -2.400e+01 -2.400e+01 -2.400e+01 -2.400e+01 -2.400e+01 -2.400e+01
-11.744 -12.744 16.358 27.992 0.000 0.000 1.000 -1.683e+00 -4.200e-01 -3.037e-01 -1.015e+00 -2.265e+00 -3.860e+00 -8.035e+00 -1.313e+01 -1.892e+01 -2.380e+01 -2.400e+01 -2.400e+01 -2.400e+01 -2.400e+01 -2.400e+01 -2.400e+01
-11.661 -12.661 16.419 27.950 0.000 0.000 1.000 -1.620e+00 -4.415e-01 -3.040e-01 -9.544e-01 -2.193e+00 -3.772e+00 -7.797e+00 -1.274e+01 -1.838e+01 -2.341e+01 -2.400e+01 -2.400e+01 -2.400e+01 -2.400e+01 -2.400e+01 -2.400e+01
-11.578 -12.578 16.477 27.902 0.000 0.000 1.000 -1.560e+00 -4.663e-01 -3.043e-01 -8.972e-01 -2.122e+00 -3.683e+00 -7.562e+00 -1.236e+01 -1.784e+01 -2.282e+01 -2.400e+01 -2.400e+01 -2.400e+01 -2.400e+01 -2.400e+01 -2.400e+01
-11.495 -12.495 16.532 27.846 0.000 0.000 1.000 -1.502e+00 -4.946e-01 -3.046e-01 -8.438e-01 -2.052e+00 -3.595e+00 -7.328e+00 -1.198e+01 -1.732e+01 -2.217e+01 -2.400e+01 -2.400e+01 -2.400e+01 -2.400e+01 -2.400e+01 -2.400e+01
-11.412 -12.412 16.582 27.781 0.000 0.000 1.000 -1.448e+00 -5.266e-01 -3.047e-01 -7.945e-01 -1.985e+00 -3.506e+00 -7.098e+00 -1.160e+01 -1.680e+01 -2.151e+01 -2.400e+01 -2.400e+01 -2.400e+01 -2.400e+01 -2.400e+01 -2.400e+01
-11.330 -12.330 16.629 27.708 0.000 0.000 1.000 -1.397e+00 -5.627e-01 -3.047e-01 -7.496e-01 -1.919e+00 -3.417e+00 -6.869e+00 -1.123e+01 -1.629e+01 -2.086e+01 -2.400e+01 -2.400e+01 -2.400e+01 -2.400e+01 -2.400e+01 -2.400e+01
-11.247 -12.247 16.671 27.625 0.000 0.000 1.000 -1.350e+00 -6.028e-01 -3.044e-01 -7.095e-01 -1.855e+00 -3.327e+00 -6.644e+00 -1.087e+01 -1.579e+01 -2.022e+01 -2.400e+01 -2.400e+01 -2.400e+01 -2.400e+01 -2.400e+01 -2.400e+01
-11.164 -12.164 16.709 27.531 0.000 0.000 1.000 -1.306e+00 -6.471e-01 -3.039e-01 -6.742e-01 -1.792e+00 -3.238e+00 -6.422e+00 -1.051e+01 -1.529e+01 -1.959e+01 -2.399e+01 -2.400e+01 -2.400e+01 -2.400e+01 -2.400e+01 -2.400e+01
-11.081 -12.081 16.742 27.424 0.000 0.000 1.000 -1.265e+00 -6.955e-01 -3.028e-01 -6.442e-01 -1.731e+00 -3.148e+00 -6.203e+00 -1.016e+01 -1.481e+01 -1.897e+01 -2.397e+01 -2.400e+01 -2.400e+01 -2.400e+01 -2.400e+01 -2.400e+01
-11.040 -12.040 16.757 27.366 0.000 0.000 1.000 -1.246e+00 -7.213e-01 -3.021e-01 -6.311e-01 -1.701e+00 -3.103e+00 -6.094e+00 -9.988e+00 -1.457e+01 -1.867e+01 -2.393e+01 -2.400e+01 -2.400e+01 -2.400e+01 -2.400e+01 -2.400e+01
-10.957 -11.957 16.783 27.237 0.000 0.000 1.000 -1.209e+00 -7.759e-01 -3.002e-01 -6.091e-01 -1.642e+00 -3.012e+00 -5.879e+00 -9.646e+00 -1.410e+01 -1.807e+01 -2.372e+01 -2.400e+01 -2.400e+01 -2.400e+01 -2.400e+01 -2.400e+01
-10.874 -11.874 16.805 27.090 0.000 0.000 1.000 -1.175e+00 -8.342e-01 -2.975e-01 -5.928e-01 -1.585e+00 -2.920e+00 -5.667e+00 -9.309e+00 -1.364e+01 -1.748e+01 -2.324e+01 -2.400e+01 -2.400e+01 -2.400e+01 -2.400e+01 -2.400e+01
-10.792 -11.792 16.822 26.917 0.000 0.000 1.000 -1.143e+00 -8.962e-01 -2.938e-01 -5.823e-01 -1.528e+00 -2.827e+00 -5.457e+00 -8.978e+00 -1.318e+01 -1.690e+01 -2.260e+01 -2.400e+01 -2.400e+01 -2.400e+01 -2.400e+01 -2.400e+01
-10.709 -11.709 16.835 26.707 0.000 0.000 1.000 -1.113e+00 -9.616e-01 -2.891e-01 -5.781e-01 -1.472e+00 -2.733e+00 -5.248e+00 -8.651e+00 -1.274e+01 -1.633e+01 -2.193e+01 -2.400e+01 -2.400e+01 -2.400e+01 -2.400e+01 -2.400e+01
-10.626 -11.626 16.843 26.430 0.000 0.000 1.000 -1.084e+00 -1.030e+00 -2.832e-01 -5.804e-01 -1.417e+00 -2.636e+00 -5.040e+00 -8.327e+00 -1.229e+01 -1.578e+01 -2.125e+01 -2.400e+01 -2.400e+01 -2.400e+01 -2.400e+01 -2.400e+01
-10.543 -11.543 16.847 25.974 0.000 0.000 1.000 -1.056e+00 -1.101e+00 -2.761e-01 -5.899e-01 -1.362e+00 -2.537e+00 -4.833e+00 -8.006e+00 -1.186e+01 -1.522e+01 -2.058e+01 -2.400e+01 -2.400e+01 -2.400e+01 -2.400e+01 -2.400e+01
-10.460 -11.460 16.847 25.406 0.000 0.000 1.000 -1.029e+00 -1.175e+00 -2.677e-01 -6.073e-01 -1.309e+00 -2.434e+00 -4.625e+00 -7.687e+00 -1.143e+01 -1.468e+01 -1.992e+01 -2.399e+01 -2.400e+01 -2.400e+01 -2.400e+01 -2.400e+01
-10.378 -11.378 16.844 25.998 0.000 0.000 1.000 -1.003e+00 -1.251e+00 -2.582e-01 -6.336e-01 -1.256e+00 -2.329e+00 -4.416e+00 -7.369e+00 -1.100e+01 -1.414e+01 -1.927e+01 -2.397e+01 -2.400e+01 -2.400e+01 -2.400e+01 -2.400e+01
-10.295 -11.295 16.836 26.137 0.000 0.000 1.000 -9.773e-01 -1.328e+00 -2.477e-01 -6.702e-01 -1.205e+00 -2.220e+00 -4.206e+00 -7.051e+00 -1.057e+01 -1.360e+01 -1.862e+01 -2.383e+01 -2.400e+01 -2.400e+01 -2.400e+01 -2.400e+01
-10.212 -11.212 16.826 26.165 0.000 0.000 1.000 -9.522e-01 -1.406e+00 -2.366e-01 -7.184e-01 -1.155e+00 -2.108e+00 -3.993e+00 -6.733e+00 -1.014e+01 -1.307e+01 -1.798e+01 -2.344e+01 -2.400e+01 -2.400e+01 -2.400e+01 -2.400e+01
-10.129 -11.129 16.815 26.127 0.000 0.000 1.000 -9.281e-01 -1.483e+00 -2.254e-01 -7.803e-01 -1.109e+00 -1.993e+00 -3.780e+00 -6.414e+00 -9.716e+00 -1.254e+01 -1.734e+01 -2.280e+01 -2.400e+01 -2.400e+01 -2.400e+01 -2.400e+01
-10.046 -11.046 16.803 26.029 0.000 0.000 1.000 -9.053e-01 -1.559e+00 -2.148e-01 -8.580e-01 -1.065e+00 -1.876e+00 -3.565e+00 -6.095e+00 -9.290e+00 -1.201e+01 -1.670e+01 -2.208e+01 -2.400e+01 -2.400e+01 -2.400e+01 -2.400e+01
-9.964 -10.964 16.792 25.854 0.000 0.000 1.000 -8.840e-01 -1.632e+00 -2.055e-01 -9.538e-01 -1.027e+00 -1.757e+00 -3.349e+00 -5.776e+00 -8.866e+00 -1.148e+01 -1.607e+01 -2.134e+01 -2.400e+01 -2.400e+01 -2.400e+01 -2.400e+01
-9.881 -10.881 16.786 25.516 0.000 0.000 1.000 -8.648e-01 -1.699e+00 -1.983e-01 -1.070e+00 -9.943e-01 -1.640e+00 -3.135e+00 -5.458e+00 -8.444e+00 -1.096e+01 -1.544e+01 -2.060e+01 -2.400e+01 -2.400e+01 -2.400e+01 -2.400e+01
-9.839 -10.839 16.784 25.142 0.000 0.000 1.000 -8.560e-01 -1.730e+00 -1.958e-01 -1.136e+00 -9.804e-01 -1.581e+00 -3.028e+00 -5.300e+00 -8.234e+00 -1.070e+01 -1.513e+01 -2.024e+01 -2.399e+01 -2.400e+01 -2.400e+01 -2.400e+01
-9.757 -10.757 16.787 25.320 0.000 0.000 1.000 -8.402e-01 -1.784e+00 -1.931e-01 -1.283e+00 -9.579e-01 -1.467e+00 -2.818e+00 -4.987e+00 -7.817e+00 -1.019e+01 -1.451e+01 -1.952e+01 -2.396e+01 -2.400e+01 -2.400e+01 -2.400e+01
-9.674 -10.674 16.798 25.692 0.000 0.000 1.000 -8.266e-01 -1.828e+00 -1.941e-01 -1.445e+00 -9.429e-01 -1.356e+00 -2.613e+00 -4.679e+00 -7.405e+00 -9.686e+00 -1.390e+01 -1.880e+01 -2.377e+01 -2.400e+01 -2.400e+01 -2.400e+01
-9.591 -10.591 16.818 25.844 0.000 0.000 1.000 -8.149e-01 -1.859e+00 -1.991e-01 -1.608e+00 -9.352e-01 -1.251e+00 -2.415e+00 -4.379e+00 -7.002e+00 -9.192e+00 -1.330e+01 -1.810e+01 -2.327e+01 -2.400e+01 -2.400e+01 -2.400e+01
-9.508 -10.508 16.845 25.918 0.000 0.000 1.000 -8.047e-01 -1.881e+00 -2.080e-01 -1.749e+00 -9.344e-01 -1.152e+00 -2.226e+00 -4.086e+00 -6.606e+00 -8.709e+00 -1.271e+01 -1.741e+01 -2.255e+01 -2.400e+01 -2.400e+01 -2.400e+01
-9.426 -10.426 16.880 25.952 0.000 0.000 1.000 -7.954e-01 -1.895e+00 -2.208e-01 -1.848e+00 -9.398e-01 -1.059e+00 -2.046e+00 -3.804e+00 -6.221e+00 -8.239e+00 -1.214e+01 -1.673e+01 -2.178e+01 -2.400e+01 -2.400e+01 -2.400e+01
-9.343 -10.343 16.919 25.964 0.000 0.000 1.000 -7.863e-01 -1.905e+00 -2.372e-01 -1.902e+00 -9.506e-01 -9.719e-01 -1.877e+00 -3.533e+00 -5.846e+00 -7.783e+00 -1.158e+01 -1.607e+01 -2.102e+01 -2.399e+01 -2.400e+01 -2.400e+01
-9.260 -10.260 16.963 25.963 0.000 0.000 1.000 -7.773e-01 -1.914e+00 -2.573e-01 -1.931e+00 -9.667e-01 -8.913e-01 -1.718e+00 -3.272e+00 -5.481e+00 -7.342e+00 -1.103e+01 -1.542e+01 -2.027e+01 -2.394e+01 -2.400e+01 -2.400e+01
-9.177 -10.177 17.010 25.954 0.000 0.000 1.000 -7.681e-01 -1.923e+00 -2.813e-01 -1.952e+00 -9.885e-01 -8.165e-01 -1.571e+00 -3.024e+00 -5.128e+00 -6.916e+00 -1.050e+01 -1.479e+01 -1.953e+01 -2.369e+01 -2.400e+01 -2.400e+01
-9.094 -10.094 17.059 25.938 0.000 0.000 1.000 -7.589e-01 -1.933e+00 -3.096e-01 -1.973e+00 -1.017e+00 -7.474e-01 -1.436e+00 -2.789e+00 -4.787e+00 -6.506e+00 -9.983e+00 -1.416e+01 -1.881e+01 -2.311e+01 -2.400e+01 -2.400e+01
-9.012 -10.012 17.109 25.912 0.000 0.000 1.000 -7.497e-01 -1.945e+00 -3.430e-01 -2.000e+00 -1.053e+00 -6.838e-01 -1.313e+00 -2.567e+00 -4.459e+00 -6.114e+00 -9.482e+00 -1.356e+01 -1.810e+01 -2.235e+01 -2.400e+01 -2.400e+01
-8.929 -9.929 17.159 25.877 0.000 0.000 1.000 -7.408e-01 -1.959e+00 -3.820e-01 -2.032e+00 -1.099e+00 -6.259e-01 -1.203e+00 -2.360e+00 -4.144e+00 -5.741e+00 -8.999e+00 -1.297e+01 -1.741e+01 -2.157e+01 -2.400e+01 -2.400e+01
-8.846 -9.846 17.208 25.829 0.000 0.000 1.001 -7.321e-01 -1.976e+00 -4.274e-01 -2.072e+00 -1.155e+00 -5.736e-01 -1.105e+00 -2.169e+00 -3.843e+00 -5.388e+00 -8.534e+00 -1.240e+01 -1.673e+01 -2.080e+01 -2.400e+01 -2.400e+01
-8.763 -9.763 17.255 25.773 0.062 0.000 1.001 -7.236e-01 -1.995e+00 -4.800e-01 -2.108e+00 -1.221e+00 -5.271e-01 -1.019e+00 -1.994e+00 -3.558e+00 -5.057e+00 -8.089e+00 -1.184e+01 -1.607e+01 -2.005e+01 -2.397e+01 -2.400e+01
-8.680 -9.680 17.298 25.703 0.062 0.000 1.003 -7.153e-01 -2.018e+00 -5.404e-01 -2.158e+00 -1.296e+00 -4.864e-01 -9.457e-01 -1.837e+00 -3.289e+00 -4.757e+00 -7.669e+00 -1.131e+01 -1.543e+01 -1.931e+01 -2.384e+01 -2.400e+01
-8.639 -9.639 17.319 25.663 0.062 0.000 1.003 -7.113e-01 -2.032e+00 -5.738e-01 -2.187e+00 -1.337e+00 -4.682e-01 -9.132e-01 -1.765e+00 -3.162e+00 -4.613e+00 -7.471e+00 -1.105e+01 -1.512e+01 -1.896e+01 -2.366e+01 -2.400e+01
-8.556 -9.556 17.357 25.573 0.062 0.000 1.005 -7.035e-01 -2.061e+00 -6.477e-01 -2.252e+00 -1.425e+00 -4.360e-01 -8.560e-01 -1.635e+00 -2.921e+00 -4.336e+00 -7.085e+00 -1.055e+01 -1.451e+01 -1.826e+01 -2.307e+01 -2.400e+01
-8.474 -9.474 17.390 25.471 0.062 0.000 1.007 -6.961e-01 -2.096e+00 -7.319e-01 -2.327e+00 -1.518e+00 -4.092e-01 -8.085e-01 -1.524e+00 -2.698e+00 -4.081e+00 -6.716e+00 -1.008e+01 -1.392e+01 -1.759e+01 -2.234e+01 -2.400e+01
-8.391 -9.391 17.420 25.355 0.125 0.000 1.009 -6.891e-01 -2.137e+00 -8.271e-01 -2.413e+00 -1.614e+00 -3.873e-01 -7.694e-01 -1.431e+00 -2.493e+00 -3.889e+00 -6.368e+00 -9.616e+00 -1.336e+01 -1.694e+01 -2.160e+01 -2.399e+01
-8.308 -9.308 17.442 25.176 0.125 0.000 1.009 -6.831e-01 -2.184e+00 -9.343e-01 -2.510e+00 -1.711e+00 -3.711e-01 -7.400e-01 -1.357e+00 -2.313e+00 -3.694e+00 -6.056e+00 -9.183e+00 -1.281e+01 -1.632e+01 -2.088e+01 -2.392e+01
-8.225 -9.225 17.461 25.055 0.125 0.000 1.010 -6.778e-01 -2.238e+00 -1.054e+00 -2.619e+00 -1.800e+00 -3.583e-01 -7.159e-01 -1.300e+00 -2.153e+00 -3.514e+00 -5.762e+00 -8.775e+00 -1.229e+01 -1.573e+01 -2.018e+01 -2.365e+01
-8.142 -9.142 17.471 24.837 0.125 0.053 1.000 -6.788e-01 -2.301e+00 -1.192e+00 -2.748e+00 -1.893e+00 -3.545e-01 -6.992e-01 -1.262e+00 -2.018e+00 -3.367e+00 -5.492e+00 -8.394e+00 -1.180e+01 -1.518e+01 -1.953e+01 -2.311e+01
-8.060 -9.060 17.482 24.674 0.125 0.053 1.000 -6.752e-01 -2.372e+00 -1.340e+00 -2.884e+00 -1.972e+00 -3.467e-01 -6.879e-01 -1.234e+00 -1.901e+00 -3.235e+00 -5.240e+00 -8.031e+00 -1.133e+01 -1.465e+01 -1.891e+01 -2.244e+01
-7.977 -8.977 17.491 24.473 0.125 0.053 1.000 -6.722e-01 -2.450e+00 -1.501e+00 -3.032e+00 -2.040e+00 -3.417e-01 -6.800e-01 -1.212e+00 -1.801e+00 -3.124e+00 -5.007e+00 -7.686e+00 -1.088e+01 -1.416e+01 -1.831e+01 -2.178e+01
-7.894 -8.894 17.497 24.281 0.188 0.053 1.000 -6.702e-01 -2.536e+00 -1.673e+00 -3.191e+00 -2.080e+00 -3.389e-01 -6.751e-01 -1.197e+00 -1.718e+00 -3.032e+00 -4.792e+00 -7.360e+00 -1.045e+01 -1.370e+01 -1.777e+01 -2.115e+01
-7.811 -8.811 17.502 24.025 0.188 0.053 1.000 -6.686e-01 -2.628e+00 -1.852e+00 -3.355e+00 -2.120e+00 -3.373e-01 -6.721e-01 -1.188e+00 -1.652e+00 -2.958e+00 -4.595e+00 -7.051e+00 -1.003e+01 -1.324e+01 -1.724e+01 -2.057e+01
-7.728 -8.728 17.504 23.467 0.188 0.105 1.000 -6.664e-01 -2.724e+00 -2.031e+00 -3.517e+00 -2.148e+00 -3.369e-01 -6.738e-01 -1.173e+00 -1.599e+00 -2.899e+00 -4.414e+00 -6.760e+00 -9.638e+00 -1.281e+01 -1.674e+01 -2.000e+01
-7.646 -8.646 17.504 20.792 0.250 0.105 1.000 -6.636e-01 -2.819e+00 -2.199e+00 -3.665e+00 -2.169e+00 -3.383e-01 -6.725e-01 -1.170e+00 -1.558e+00 -2.851e+00 -4.248e+00 -6.483e+00 -9.257e+00 -1.248e+01 -1.628e+01 -1.948e+01
-7.563 -8.563 17.504 23.303 0.188 0.158 1.000 -6.609e-01 -2.891e+00 -2.331e+00 -3.776e+00 -2.186e+00 -3.401e-01 -6.721e-01 -1.166e+00 -1.530e+00 -2.818e+00 -4.095e+00 -6.222e+00 -8.891e+00 -1.210e+01 -1.584e+01 -1.902e+01
-7.480 -8.480 17.502 23.381 0.188 0.211 1.000 -6.577e-01 -2.956e+00 -2.435e+00 -3.866e+00 -2.192e+00 -3.428e-01 -6.713e-01 -1.162e+00 -1.511e+00 -2.786e+00 -3.954e+00 -5.973e+00 -8.539e+00 -1.173e+01 -1.541e+01 -1.856e+01
-7.439 -8.439 17.501 23.319 0.125 0.211 1.000 -6.562e-01 -2.984e+00 -2.476e+00 -3.903e+00 -2.196e+00 -3.446e-01 -6.711e-01 -1.160e+00 -1.497e+00 -2.770e+00 -3.887e+00 -5.853e+00 -8.368e+00 -1.155e+01 -1.520e+01 -1.833e+01
-7.356 -8.356 17.498 23.478 0.250 0.263 1.000 -6.524e-01 -3.019e+00 -2.534e+00 -3.959e+00 -2.203e+00 -3.480e-01 -6.703e-01 -1.160e+00 -1.474e+00 -2.747e+00 -3.758e+00 -5.621e+00 -8.034e+00 -1.120e+01 -1.480e+01 -1.795e+01
-7.273 -8.273 17.494 23.497 0.312 0.263 1.000 -6.476e-01 -3.048e+00 -2.567e+00 -3.998e+00 -2.212e+00 -3.517e-01 -6.694e-01 -1.156e+00 -1.467e+00 -2.737e+00 -3.637e+00 -5.396e+00 -7.710e+00 -1.086e+01 -1.441e+01 -1.756e+01
-7.190 -8.190 17.489 23.470 0.312 0.263 1.000 -6.423e-01 -3.068e+00 -2.593e+00 -4.027e+00 -2.222e+00 -3.559e-01 -6.687e-01 -1.151e+00 -1.459e+00 -2.725e+00 -3.523e+00 -5.180e+00 -7.395e+00 -1.053e+01 -1.404e+01 -1.716e+01
-7.108 -8.108 17.484 23.442 0.312 0.263 1.000 -6.364e-01 -3.087e+00 -2.616e+00 -4.054e+00 -2.233e+00 -3.607e-01 -6.680e-01 -1.146e+00 -1.450e+00 -2.710e+00 -3.416e+00 -4.972e+00 -7.087e+00 -1.021e+01 -1.370e+01 -1.681e+01
-7.025 -8.025 17.478 23.408 0.312 0.263 1.000 -6.300e-01 -3.106e+00 -2.637e+00 -4.068e+00 -2.244e+00 -3.661e-01 -6.675e-01 -1.141e+00 -1.440e+00 -2.694e+00 -3.312e+00 -4.769e+00 -6.787e+00 -9.901e+00 -1.335e+01 -1.646e+01
-6.942 -7.942 17.471 23.382 0.312 0.263 1.000 -6.228e-01 -3.117e+00 -2.652e+00 -4.084e+00 -2.258e+00 -3.722e-01 -6.670e-01 -1.135e+00 -1.428e+00 -2.676e+00 -3.212e+00 -4.572e+00 -6.492e+00 -9.596e+00 -1.301e+01 -1.611e+01
-6.859 -7.859 17.463 23.348 0.375 0.263 1.000 -6.149e-01 -3.133e+00 -2.668e+00 -4.104e+00 -2.273e+00 -3.791e-01 -6.667e-01 -1.128e+00 -1.416e+00 -2.657e+00 -3.114e+00 -4.379e+00 -6.203e+00 -9.295e+00 -1.273e+01 -1.576e+01
-6.776 -7.776 17.453 23.310 0.375 0.263 1.000 -6.062e-01 -3.151e+00 -2.687e+00 -4.126e+00 -2.289e+00 -3.868e-01 -6.665e-01 -1.121e+00 -1.403e+00 -2.635e+00 -3.018e+00 -4.190e+00 -5.918e+00 -8.999e+00 -1.243e+01 -1.546e+01
-6.694 -7.694 17.443 23.268 0.375 0.263 1.000 -5.969e-01 -3.171e+00 -2.707e+00 -4.150e+00 -2.307e+00 -3.954e-01 -6.666e-01 -1.114e+00 -1.388e+00 -2.612e+00 -2.924e+00 -4.003e+00 -5.637e+00 -8.706e+00 -1.211e+01 -1.514e+01
-6.611 -7.611 17.432 23.211 0.438 0.263 1.000 -5.872e-01 -3.193e+00 -2.729e+00 -4.175e+00 -2.326e+00 -4.047e-01 -6.670e-01 -1.106e+00 -1.372e+00 -2.588e+00 -2.833e+00 -3.820e+00 -5.359e+00 -8.416e+00 -1.181e+01 -1.481e+01
-6.528 -7.528 17.419 23.163 0.438 0.263 1.000 -5.769e-01 -3.217e+00 -2.752e+00 -4.202e+00 -2.346e+00 -4.148e-01 -6.677e-01 -1.098e+00 -1.356e+00 -2.562e+00 -2.743e+00 -3.640e+00 -5.084e+00 -8.129e+00 -1.150e+01 -1.450e+01
-6.445 -7.445 17.405 23.111 0.438 0.263 1.000 -5.662e-01 -3.243e+00 -2.776e+00 -4.230e+00 -2.368e+00 -4.259e-01 -6.688e-01 -1.091e+00 -1.340e+00 -2.536e+00 -2.657e+00 -3.462e+00 -4.813e+00 -7.845e+00 -1.120e+01 -1.418e+01
-6.375 -7.375 17.392 23.048 0.438 0.263 1.000 -5.567e-01 -3.265e+00 -2.802e+00 -4.252e+00 -2.388e+00 -4.367e-01 -6.700e-01 -1.082e+00 -1.322e+00 -2.509e+00 -2.584e+00 -3.313e+00 -4.581e+00 -7.585e+00 -1.091e+01 -1.388e+01
-6.316 -7.316 17.381 23.014 0.438 0.263 1.000 -5.486e-01 -3.281e+00 -2.823e+00 -4.273e+00 -2.406e+00 -4.467e-01 -6.715e-01 -1.075e+00 -1.306e+00 -2.483e+00 -2.524e+00 -3.191e+00 -4.390e+00 -7.384e+00 -1.069e+01 -1.363e+01
-6.228 -7.228 17.362 22.951 0.438 0.263 1.000 -5.362e-01 -3.314e+00 -2.854e+00 -4.307e+00 -2.434e+00 -4.621e-01 -6.743e-01 -1.065e+00 -1.282e+00 -2.448e+00 -2.436e+00 -3.011e+00 -4.107e+00 -7.088e+00 -1.038e+01 -1.330e+01
-6.139 -7.139 17.341 22.880 0.438 0.263 1.000 -5.235e-01 -3.348e+00 -2.886e+00 -4.343e+00 -2.463e+00 -4.782e-01 -6.778e-01 -1.056e+00 -1.261e+00 -2.414e+00 -2.352e+00 -2.835e+00 -3.831e+00 -6.797e+00 -1.007e+01 -1.298e+01
-6.060 -7.089 17.321 22.793 0.438 0.263 1.000 -5.121e-01 -3.378e+00 -2.920e+00 -4.373e+00 -2.489e+00 -4.940e-01 -6.818e-01 -1.047e+00 -1.240e+00 -2.381e+00 -2.280e+00 -2.683e+00 -3.586e+00 -6.526e+00 -9.775e+00 -1.267e+01
-5.992 -7.050 17.303 22.735 0.438 0.263 1.000 -5.025e-01 -3.403e+00 -2.949e+00 -4.400e+00 -2.514e+00 -5.086e-01 -6.860e-01 -1.040e+00 -1.221e+00 -2.352e+00 -2.221e+00 -2.557e+00 -3.380e+00 -6.308e+00 -9.540e+00 -1.241e+01
-5.908 -6.993 17.280 22.655 0.438 0.263 1.000 -4.906e-01 -3.438e+00 -2.985e+00 -4.436e+00 -2.545e+00 -5.273e-01 -6.921e-01 -1.032e+00 -1.200e+00 -2.318e+00 -2.150e+00 -2.407e+00 -3.132e+00 -6.045e+00 -9.259e+00 -1.211e+01
-5.825 -6.910 17.255 22.572 0.438 0.263 1.000 -4.791e-01 -3.474e+00 -3.019e+00 -4.473e+00 -2.575e+00 -5.459e-01 -6.989e-01 -1.027e+00 -1.182e+00 -2.289e+00 -2.088e+00 -2.268e+00 -2.897e+00 -5.797e+00 -8.997e+00 -1.184e+01
-5.745 -6.803 17.230 22.487 0.438 0.263 1.000 -4.683e-01 -3.511e+00 -3.052e+00 -4.509e+00 -2.604e+00 -5.643e-01 -7.063e-01 -1.023e+00 -1.168e+00 -2.264e+00 -2.034e+00 -2.142e+00 -2.679e+00 -5.568e+00 -8.757e+00 -1.159e+01
-5.672 -6.683 17.206 22.415 0.438 0.263 1.000 -4.589e-01 -3.543e+00 -3.083e+00 -4.541e+00 -2.631e+00 -5.818e-01 -7.140e-01 -1.021e+00 -1.155e+00 -2.242e+00 -1.989e+00 -2.035e+00 -2.488e+00 -5.370e+00 -8.549e+00 -1.136e+01
-5.598 -6.718 17.182 22.301 0.438 0.263 1.000 -4.499e-01 -3.576e+00 -3.115e+00 -4.573e+00 -2.658e+00 -5.995e-01 -7.224e-01 -1.019e+00 -1.145e+00 -2.223e+00 -1.950e+00 -1.938e+00 -2.308e+00 -5.173e+00 -8.334e+00 -1.114e+01
-5.510 -6.607 17.153 22.192 0.438 0.263 1.000 -4.398e-01 -3.615e+00 -3.151e+00 -4.611e+00 -2.689e+00 -6.210e-01 -7.335e-01 -1.020e+00 -1.136e+00 -2.204e+00 -1.911e+00 -1.833e+00 -2.108e+00 -4.962e+00 -8.112e+00 -1.090e+01
-5.429 -6.496 17.127 22.097 0.438 0.263 1.000 -4.313e-01 -3.650e+00 -3.186e+00 -4.645e+00 -2.719e+00 -6.415e-01 -7.449e-01 -1.022e+00 -1.129e+00 -2.188e+00 -1.879e+00 -1.748e+00 -1.938e+00 -4.783e+00 -7.924e+00 -1.070e+01
-5.350 -6.540 17.102 21.933 0.438 0.263 1.000 -4.234e-01 -3.685e+00 -3.219e+00 -4.679e+00 -2.747e+00 -6.620e-01 -7.573e-01 -1.026e+00 -1.125e+00 -2.177e+00 -1.853e+00 -1.674e+00 -1.786e+00 -4.617e+00 -7.742e+00 -1.051e+01
-5.277 -6.592 17.082 21.778 0.438 0.263 1.000 -4.172e-01 -3.713e+00 -3.253e+00 -4.707e+00 -2.773e+00 -6.825e-01 -7.705e-01 -1.031e+00 -1.120e+00 -2.165e+00 -1.821e+00 -1.610e+00 -1.658e+00 -4.479e+00 -7.593e+00 -1.035e+01
-5.190 -6.508 17.059 21.642 0.438 0.263 1.000 -4.102e-01 -3.749e+00 -3.289e+00 -4.742e+00 -2.805e+00 -7.071e-01 -7.875e-01 -1.039e+00 -1.121e+00 -2.159e+00 -1.800e+00 -1.536e+00 -1.516e+00 -4.329e+00 -7.434e+00 -1.018e+01
-5.120 -6.578 17.045 21.396 0.375 0.421 1.000 -4.054e-01 -3.774e+00 -3.321e+00 -4.768e+00 -2.831e+00 -7.284e-01 -8.033e-01 -1.048e+00 -1.123e+00 -2.155e+00 -1.774e+00 -1.482e+00 -1.411e+00 -4.216e+00 -7.312e+00 -1.004e+01
-5.035 -6.511 17.033 21.274 0.250 0.421 1.000 -4.007e-01 -3.807e+00 -3.353e+00 -4.803e+00 -2.862e+00 -7.544e-01 -8.240e-01 -1.063e+00 -1.132e+00 -2.159e+00 -1.758e+00 -1.417e+00 -1.288e+00 -4.093e+00 -7.203e+00 -9.944e+00
-4.958 -6.443 17.026 20.778 0.250 0.421 1.000 -3.972e-01 -3.837e+00 -3.383e+00 -4.833e+00 -2.890e+00 -7.788e-01 -8.443e-01 -1.079e+00 -1.142e+00 -2.165e+00 -1.738e+00 -1.364e+00 -1.193e+00 -3.993e+00 -7.095e+00 -9.831e+00
-4.878 -6.385 17.021 20.690 0.250 0.421 1.000 -3.940e-01 -3.867e+00 -3.412e+00 -4.865e+00 -2.919e+00 -8.043e-01 -8.663e-01 -1.097e+00 -1.157e+00 -2.175e+00 -1.728e+00 -1.315e+00 -1.108e+00 -3.903e+00 -6.999e+00 -9.729e+00
-4.798 -6.335 17.015 20.662 0.250 0.421 1.000 -3.907e-01 -3.896e+00 -3.442e+00 -4.895e+00 -2.948e+00 -8.308e-01 -8.895e-01 -1.116e+00 -1.172e+00 -2.187e+00 -1.720e+00 -1.272e+00 -1.036e+00 -3.826e+00 -6.915e+00 -9.640e+00
-4.718 -6.286 17.008 20.642 0.250 0.421 1.000 -3.873e-01 -3.925e+00 -3.473e+00 -4.925e+00 -2.978e+00 -8.574e-01 -9.127e-01 -1.136e+00 -1.188e+00 -2.199e+00 -1.713e+00 -1.236e+00 -9.766e-01 -3.762e+00 -6.845e+00 -9.566e+00
-4.640 -6.236 16.998 20.502 0.250 0.421 1.000 -3.836e-01 -3.953e+00 -3.504e+00 -4.954e+00 -3.008e+00 -8.838e-01 -9.355e-01 -1.155e+00 -1.203e+00 -2.210e+00 -1.708e+00 -1.207e+00 -9.287e-01 -3.710e+00 -6.786e+00 -9.502e+00
-4.560 -6.032 16.988 20.749 0.312 0.421 1.000 -3.800e-01 -3.983e+00 -3.534e+00 -4.984e+00 -3.039e+00 -9.103e-01 -9.582e-01 -1.174e+00 -1.216e+00 -2.219e+00 -1.711e+00 -1.181e+00 -8.882e-01 -3.666e+00 -6.739e+00 -9.451e+00
-4.475 -5.991 16.975 20.722 0.312 0.421 1.000 -3.762e-01 -4.011e+00 -3.566e+00 -5.012e+00 -3.069e+00 -9.374e-01 -9.813e-01 -1.192e+00 -1.230e+00 -2.228e+00 -1.706e+00 -1.159e+00 -8.536e-01 -3.627e+00 -6.695e+00 -9.403e+00
-4.399 -5.941 16.964 20.737 0.312 0.421 1.000 -3.731e-01 -4.035e+00 -3.594e+00 -5.035e+00 -3.097e+00 -9.615e-01 -1.002e+00 -1.209e+00 -1.243e+00 -2.237e+00 -1.699e+00 -1.140e+00 -8.267e-01 -3.596e+00 -6.661e+00 -9.365e+00
-4.314 -5.900 16.952 20.401 0.375 0.421 1.000 -3.699e-01 -4.059e+00 -3.625e+00 -5.059e+00 -3.125e+00 -9.870e-01 -1.024e+00 -1.227e+00 -1.256e+00 -2.246e+00 -1.687e+00 -1.122e+00 -8.016e-01 -3.567e+00 -6.627e+00 -9.328e+00
-4.238 -5.506 16.885 21.084 0.250 0.579 1.000 -3.604e-01 -4.079e+00 -3.650e+00 -5.070e+00 -3.152e+00 -1.005e+00 -1.035e+00 -1.234e+00 -1.257e+00 -2.277e+00 -1.718e+00 -1.135e+00 -7.958e-01 -3.552e+00 -6.603e+00 -9.294e+00
-4.144 -5.257 16.813 20.812 0.250 0.579 1.000 -3.519e-01 -4.097e+00 -3.684e+00 -5.077e+00 -3.178e+00 -1.023e+00 -1.046e+00 -1.237e+00 -1.255e+00 -2.279e+00 -1.730e+00 -1.143e+00 -7.965e-01 -3.545e+00 -6.586e+00 -9.268e+00
-4.073 -5.138 16.772 20.583 0.250 0.579 1.000 -3.477e-01 -4.105e+00 -3.702e+00 -5.081e+00 -3.192e+00 -1.033e+00 -1.052e+00 -1.240e+00 -1.253e+00 -2.280e+00 -1.735e+00 -1.147e+00 -7.963e-01 -3.540e+00 -6.577e+00 -9.255e+00
-3.983 -4.983 16.734 20.290 0.250 0.579 1.000 -3.441e-01 -4.112e+00 -3.719e+00 -5.084e+00 -3.205e+00 -1.042e+00 -1.058e+00 -1.242e+00 -1.252e+00 -2.280e+00 -1.739e+00 -1.149e+00 -7.956e-01 -3.536e+00 -6.569e+00 -9.243e+00
-3.900 -4.900 16.718 19.890 0.250 0.579 1.000 -3.427e-01 -4.115e+00 -3.727e+00 -5.085e+00 -3.211e+00 -1.047e+00 -1.060e+00 -1.243e+00 -1.252e+00 -2.280e+00 -1.741e+00 -1.150e+00 -7.951e-01 -3.534e+00 -6.565e+00 -9.237e+00
-3.818 -4.818 16.707 19.617 0.250 0.579 1.000 -3.417e-01 -4.117e+00 -3.733e+00 -5.086e+00 -3.215e+00 -1.050e+00 -1.063e+00 -1.244e+00 -1.251e+00 -2.279e+00 -1.741e+00 -1.150e+00 -7.942e-01 -3.532e+00 -6.561e+00 -9.233e+00
-3.735 -4.735 16.700 19.316 0.250 0.579 1.000 -3.411e-01 -4.119e+00 -3.738e+00 -5.086e+00 -3.219e+00 -1.053e+00 -1.065e+00 -1.244e+00 -1.251e+00 -2.279e+00 -1.741e+00 -1.150e+00 -7.931e-01 -3.530e+00 -6.558e+00 -9.229e+00
-3.652 -4.652 16.701 19.300 0.250 0.632 1.000 -3.411e-01 -4.127e+00 -3.742e+00 -5.088e+00 -3.221e+00 -1.055e+00 -1.066e+00 -1.245e+00 -1.251e+00 -2.278e+00 -1.740e+00 -1.149e+00 -7.917e-01 -3.528e+00 -6.556e+00 -9.226e+00
-3.569 -4.569 16.698 17.604 0.312 0.632 1.000 -3.408e-01 -4.126e+00 -3.745e+00 -5.090e+00 -3.224e+00 -1.058e+00 -1.068e+00 -1.246e+00 -1.251e+00 -2.278e+00 -1.740e+00 -1.148e+00 -7.905e-01 -3.527e+00 -6.554e+00 -9.224e+00
-3.486 -4.486 16.698 18.338 0.312 0.632 1.000 -3.407e-01 -4.126e+00 -3.747e+00 -5.091e+00 -3.226e+00 -1.059e+00 -1.069e+00 -1.247e+00 -1.251e+00 -2.278e+00 -1.739e+00 -1.146e+00 -7.891e-01 -3.526e+00 -6.553e+00 -9.222e+00
-3.404 -4.404 16.700 18.384 0.312 0.632 1.000 -3.408e-01 -4.126e+00 -3.749e+00 -5.092e+00 -3.227e+00 -1.061e+00 -1.071e+00 -1.248e+00 -1.252e+00 -2.278e+00 -1.738e+00 -1.145e+00 -7.877e-01 -3.524e+00 -6.551e+00 -9.221e+00
-3.321 -4.321 16.702 18.420 0.312 0.684 1.000 -3.408e-01 -4.126e+00 -3.758e+00 -5.092e+00 -3.229e+00 -1.062e+00 -1.072e+00 -1.249e+00 -1.253e+00 -2.278e+00 -1.737e+00 -1.144e+00 -7.863e-01 -3.523e+00 -6.550e+00 -9.219e+00
-3.279 -4.279 16.696 19.100 0.312 0.789 1.000 -3.404e-01 -4.123e+00 -3.758e+00 -5.087e+00 -3.230e+00 -1.063e+00 -1.073e+00 -1.250e+00 -1.253e+00 -2.278e+00 -1.737e+00 -1.144e+00 -7.860e-01 -3.522e+00 -6.549e+00 -9.218e+00
-3.169 -4.169 16.718 18.520 0.000 1.000 1.000 -3.420e-01 -4.122e+00 -3.759e+00 -5.085e+00 -3.228e+00 -1.063e+00 -1.074e+00 -1.250e+00 -1.254e+00 -2.277e+00 -1.733e+00 -1.140e+00 -7.831e-01 -3.520e+00 -6.548e+00 -9.218e+00
-3.086 -4.086 16.721 18.433 0.000 1.000 1.000 -3.422e-01 -4.123e+00 -3.759e+00 -5.086e+00 -3.229e+00 -1.064e+00 -1.075e+00 -1.251e+00 -1.255e+00 -2.277e+00 -1.732e+00 -1.138e+00 -7.818e-01 -3.519e+00 -6.547e+00 -9.218e+00
-3.003 -4.003 16.724 18.345 0.000 1.000 1.000 -3.424e-01 -4.124e+00 -3.760e+00 -5.087e+00 -3.230e+00 -1.064e+00 -1.075e+00 -1.252e+00 -1.256e+00 -2.278e+00 -1.730e+00 -1.137e+00 -7.805e-01 -3.518e+00 -6.546e+00 -9.217e+00
-2.920 -3.920 16.727 18.255 0.000 1.000 1.000 -3.426e-01 -4.124e+00 -3.760e+00 -5.087e+00 -3.230e+00 -1.065e+00 -1.076e+00 -1.253e+00 -1.257e+00 -2.278e+00 -1.729e+00 -1.135e+00 -7.792e-01 -3.517e+00 -6.545e+00 -9.217e+00
-2.879 -3.879 16.729 18.210 0.000 1.000 1.000 -3.427e-01 -4.125e+00 -3.760e+00 -5.087e+00 -3.230e+00 -1.065e+00 -1.077e+00 -1.254e+00 -1.258e+00 -2.278e+00 -1.729e+00 -1.135e+00 -7.786e-01 -3.517e+00 -6.545e+00 -9.216e+00
-2.796 -3.796 16.732 18.119 0.000 1.000 1.000 -3.429e-01 -4.125e+00 -3.761e+00 -5.088e+00 -3.231e+00 -1.066e+00 -1.077e+00 -1.255e+00 -1.259e+00 -2.278e+00 -1.728e+00 -1.133e+00 -7.774e-01 -3.516e+00 -6.544e+00 -9.216e+00
-2.714 -3.714 16.735 18.029 0.000 1.000 1.000 -3.431e-01 -4.125e+00 -3.761e+00 -5.088e+00 -3.231e+00 -1.067e+00 -1.078e+00 -1.256e+00 -1.260e+00 -2.279e+00 -1.727e+00 -1.132e+00 -7.761e-01 -3.515e+00 -6.543e+00 -9.215e+00
-2.631 -3.631 16.738 17.938 0.000 1.000 1.000 -3.433e-01 -4.126e+00 -3.762e+00 -5.089e+00 -3.232e+00 -1.067e+00 -1.079e+00 -1.257e+00 -1.261e+00 -2.279e+00 -1.726e+00 -1.131e+00 -7.749e-01 -3.514e+00 -6.542e+00 -9.214e+00
-2.548 -3.548 16.741 17.847 0.000 1.000 1.000 -3.435e-01 -4.126e+00 -3.762e+00 -5.089e+00 -3.232e+00 -1.068e+00 -1.080e+00 -1.258e+00 -1.262e+00 -2.279e+00 -1.724e+00 -1.129e+00 -7.738e-01 -3.513e+00 -6.542e+00 -9.214e+00
-2.465 -3.465 16.744 17.757 0.000 1.000 1.000 -3.437e-01 -4.127e+00 -3.762e+00 -5.090e+00 -3.233e+00 -1.068e+00 -1.081e+00 -1.258e+00 -1.263e+00 -2.279e+00 -1.723e+00 -1.128e+00 -7.726e-01 -3.512e+00 -6.541e+00 -9.213e+00
-2.382 -3.382 16.747 17.666 0.000 1.000 1.000 -3.439e-01 -4.127e+00 -3.763e+00 -5.090e+00 -3.233e+00 -1.069e+00 -1.081e+00 -1.259e+00 -1.264e+00 -2.279e+00 -1.722e+00 -1.127e+00 -7.715e-01 -3.511e+00 -6.540e+00 -9.212e+00
-2.300 -3.300 16.749 17.575 0.000 1.000 1.000 -3.441e-01 -4.127e+00 -3.763e+00 -5.091e+00 -3.233e+00 -1.069e+00 -1.082e+00 -1.260e+00 -1.265e+00 -2.280e+00 -1.721e+00 -1.126e+00 -7.704e-01 -3.510e+00 -6.539e+00 -9.212e+00
-2.217 -3.217 16.752 17.484 0.000 1.000 1.000 -3.443e-01 -4.128e+00 -3.764e+00 -5.091e+00 -3.234e+00 -1.070e+00 -1.083e+00 -1.261e+00 -1.266e+00 -2.280e+00 -1.721e+00 -1.125e+00 -7.694e-01 -3.509e+00 -6.539e+00 -9.211e+00
-2.134 -3.134 16.754 17.393 0.000 1.000 1.000 -3.444e-01 -4.128e+00 -3.764e+00 -5.092e+00 -3.234e+00 -1.071e+00 -1.083e+00 -1.262e+00 -1.267e+00 -2.280e+00 -1.720e+00 -1.123e+00 -7.683e-01 -3.508e+00 -6.538e+00 -9.211e+00
-2.051 -3.051 16.757 17.302 0.000 1.000 1.000 -3.446e-01 -4.128e+00 -3.764e+00 -5.092e+00 -3.235e+00 -1.071e+00 -1.084e+00 -1.263e+00 -1.267e+00 -2.280e+00 -1.719e+00 -1.122e+00 -7.673e-01 -3.507e+00 -6.537e+00 -9.210e+00
-1.968 -2.968 16.759 17.212 0.000 1.000 1.000 -3.448e-01 -4.129e+00 -3.765e+00 -5.092e+00 -3.235e+00 -1.072e+00 -1.085e+00 -1.263e+00 -1.268e+00 -2.280e+00 -1.718e+00 -1.121e+00 -7.663e-01 -3.506e+00 -6.536e+00 -9.210e+00