-17.911 -18.911 10.304 28.218 0.000 0.000 1.000 -7.745e+00 -3.010e-01 -3.010e-01 -7.065e+00 -8.377e+00 -1.007e+01 -2.400e+01 -2.400e+01 -2.400e+01 -2.400e+01 -2.400e+01 -2.400e+01 -2.400e+01 -2.400e+01 -2.400e+01 -2.400e+01
-17.828 -18.828 10.387 28.218 0.000 0.000 1.000 -7.662e+00 -3.010e-01 -3.010e-01 -6.982e+00 -8.294e+00 -9.984e+00 -2.400e+01 -2.400e+01 -2.400e+01 -2.400e+01 -2.400e+01 -2.400e+01 -2.400e+01 -2.400e+01 -2.400e+01 -2.400e+01
-17.745 -18.745 10.470 28.218 0.000 0.000 1.000 -7.578e+00 -3.010e-01 -3.010e-01 -6.898e+00 -8.210e+00 -9.901e+00 -2.400e+01 -2.400e+01 -2.400e+01 -2.400e+01 -2.400e+01 -2.400e+01 -2.400e+01 -2.400e+01 -2.400e+01 -2.400e+01
-17.663 -18.663 10.554 28.218 0.000 0.000 1.000 -7.495e+00 -3.010e-01 -3.010e-01 -6.815e+00 -8.127e+00 -9.818e+00 -2.399e+01 -2.400e+01 -2.400e+01 -2.400e+01 -2.400e+01 -2.400e+01 -2.400e+01 -2.400e+01 -2.400e+01 -2.400e+01
-17.580 -18.580 10.637 28.218 0.000 0.000 1.000 -7.412e+00 -3.010e-01 -3.010e-01 -6.732e+00 -8.044e+00 -9.735e+00 -2.399e+01 -2.400e+01 -2.400e+01 -2.400e+01 -2.400e+01 -2.400e+01 -2.400e+01 -2.400e+01 -2.400e+01 -2.400e+01
-17.497 -18.497 10.720 28.218 0.000 0.000 1.000 -7.329e+00 -3.010e-01 -3.010e-01 -6.649e+00 -7.961e+00 -9.652e+00 -2.398e+01 -2.400e+01 -2.400e+01 -2.400e+01 -2.400e+01 -2.400e+01 -2.400e+01 -2.400e+01 -2.400e+01 -2.400e+01
-17.414 -18.414 10.803 28.218 0.000 0.000 1.000 -7.246e+00 -3.010e-01 -3.010e-01 -6.566e+00 -7.878e+00 -9.569e+00 -2.396e+01 -2.400e+01 -2.400e+01 -2.400e+01 -2.400e+01 -2.400e+01 -2.400e+01 -2.400e+01 -2.400e+01 -2.400e+01
-17.332 -18.332 10.886 28.218 0.000 0.000 1.000 -7.163e+00 -3.010e-01 -3.010e-01 -6.483e+00 -7.795e+00 -9.486e+00 -2.393e+01 -2.400e+01 -2.400e+01 -2.400e+01 -2.400e+01 -2.400e+01 -2.400e+01 -2.400e+01 -2.400e+01 -2.400e+01
-17.249 -18.249 10.969 28.218 0.000 0.000 1.000 -7.080e+00 -3.010e-01 -3.010e-01 -6.400e+00 -7.712e+00 -9.403e+00 -2.388e+01 -2.400e+01 -2.400e+01 -2.400e+01 -2.400e+01 -2.400e+01 -2.400e+01 -2.400e+01 -2.400e+01 -2.400e+01
-17.166 -18.166 11.052 28.218 0.000 0.000 1.000 -6.997e+00 -3.010e-01 -3.010e-01 -6.317e+00 -7.629e+00 -9.320e+00 -2.381e+01 -2.400e+01 -2.400e+01 -2.400e+01 -2.400e+01 -2.400e+01 -2.400e+01 -2.400e+01 -2.400e+01 -2.400e+01
-17.083 -18.083 11.135 28.218 0.000 0.000 1.000 -6.914e+00 -3.010e-01 -3.010e-01 -6.234e+00 -7.546e+00 -9.237e+00 -2.370e+01 -2.400e+01 -2.400e+01 -2.400e+01 -2.400e+01 -2.400e+01 -2.400e+01 -2.400e+01 -2.400e+01 -2.400e+01
-17.000 -18.000 11.218 28.218 0.000 0.000 1.000 -6.831e+00 -3.010e-01 -3.010e-01 -6.151e+00 -7.463e+00 -9.154e+00 -2.356e+01 -2.400e+01 -2.400e+01 -2.400e+01 -2.400e+01 -2.400e+01 -2.400e+01 -2.400e+01 -2.400e+01 -2.400e+01
-16.959 -17.959 11.259 28.218 0.000 0.000 1.000 -6.790e+00 -3.010e-01 -3.010e-01 -6.110e+00 -7.422e+00 -9.112e+00 -2.348e+01 -2.400e+01 -2.400e+01 -2.400e+01 -2.400e+01 -2.400e+01 -2.400e+01 -2.400e+01 -2.400e+01 -2.400e+01
-16.876 -17.876 11.342 28.218 0.000 0.000 1.000 -6.707e+00 -3.010e-01 -3.010e-01 -6.027e+00 -7.339e+00 -9.030e+00 -2.329e+01 -2.400e+01 -2.400e+01 -2.400e+01 -2.400e+01 -2.400e+01 -2.400e+01 -2.400e+01 -2.400e+01 -2.400e+01
-16.793 -17.793 11.425 28.218 0.000 0.000 1.000 -6.624e+00 -3.010e-01 -3.010e-01 -5.944e+00 -7.256e+00 -8.947e+00 -2.308e+01 -2.400e+01 -2.400e+01 -2.400e+01 -2.400e+01 -2.400e+01 -2.400e+01 -2.400e+01 -2.400e+01 -2.400e+01
-16.711 -17.711 11.507 28.218 0.000 0.000 1.000 -6.541e+00 -3.010e-01 -3.010e-01 -5.861e+00 -7.173e+00 -8.864e+00 -2.285e+01 -2.400e+01 -2.400e+01 -2.400e+01 -2.400e+01 -2.400e+01 -2.400e+01 -2.400e+01 -2.400e+01 -2.400e+01
-16.628 -17.628 11.590 28.218 0.000 0.000 1.000 -6.459e+00 -3.010e-01 -3.010e-01 -5.778e+00 -7.091e+00 -8.781e+00 -2.262e+01 -2.400e+01 -2.400e+01 -2.400e+01 -2.400e+01 -2.400e+01 -2.400e+01 -2.400e+01 -2.400e+01 -2.400e+01
-16.545 -17.545 11.673 28.218 0.000 0.000 1.000 -6.376e+00 -3.010e-01 -3.010e-01 -5.696e+00 -7.008e+00 -8.698e+00 -2.238e+01 -2.400e+01 -2.400e+01 -2.400e+01 -2.400e+01 -2.400e+01 -2.400e+01 -2.400e+01 -2.400e+01 -2.400e+01
-16.462 -17.462 11.756 28.218 0.000 0.000 1.000 -6.293e+00 -3.010e-01 -3.010e-01 -5.613e+00 -6.925e+00 -8.615e+00 -2.213e+01 -2.400e+01 -2.400e+01 -2.400e+01 -2.400e+01 -2.400e+01 -2.400e+01 -2.400e+01 -2.400e+01 -2.400e+01
-16.380 -17.380 11.839 28.218 0.000 0.000 1.000 -6.210e+00 -3.010e-01 -3.010e-01 -5.530e+00 -6.842e+00 -8.533e+00 -2.189e+01 -2.400e+01 -2.400e+01 -2.400e+01 -2.400e+01 -2.400e+01 -2.400e+01 -2.400e+01 -2.400e+01 -2.400e+01
-16.297 -17.297 11.922 28.218 0.000 0.000 1.000 -6.127e+00 -3.010e-01 -3.010e-01 -5.447e+00 -6.759e+00 -8.450e+00 -2.164e+01 -2.400e+01 -2.400e+01 -2.400e+01 -2.400e+01 -2.400e+01 -2.400e+01 -2.400e+01 -2.400e+01 -2.400e+01
-16.214 -17.214 12.004 28.218 0.000 0.000 1.000 -6.045e+00 -3.010e-01 -3.010e-01 -5.364e+00 -6.677e+00 -8.367e+00 -2.139e+01 -2.400e+01 -2.400e+01 -2.400e+01 -2.400e+01 -2.400e+01 -2.400e+01 -2.400e+01 -2.400e+01 -2.400e+01
-16.131 -17.131 12.087 28.218 0.000 0.000 1.000 -5.962e+00 -3.010e-01 -3.010e-01 -5.282e+00 -6.594e+00 -8.284e+00 -2.114e+01 -2.400e+01 -2.400e+01 -2.400e+01 -2.400e+01 -2.400e+01 -2.400e+01 -2.400e+01 -2.400e+01 -2.400e+01
-16.048 -17.048 12.170 28.218 0.000 0.000 1.000 -5.879e+00 -3.010e-01 -3.010e-01 -5.199e+00 -6.511e+00 -8.201e+00 -2.090e+01 -2.400e+01 -2.400e+01 -2.400e+01 -2.400e+01 -2.400e+01 -2.400e+01 -2.400e+01 -2.400e+01 -2.400e+01
-15.966 -16.966 12.253 28.218 0.000 0.000 1.000 -5.796e+00 -3.010e-01 -3.010e-01 -5.116e+00 -6.428e+00 -8.119e+00 -2.065e+01 -2.400e+01 -2.400e+01 -2.400e+01 -2.400e+01 -2.400e+01 -2.400e+01 -2.400e+01 -2.400e+01 -2.400e+01
-15.883 -16.883 12.336 28.218 0.000 0.000 1.000 -5.713e+00 -3.010e-01 -3.010e-01 -5.033e+00 -6.345e+00 -8.036e+00 -2.040e+01 -2.400e+01 -2.400e+01 -2.400e+01 -2.400e+01 -2.400e+01 -2.400e+01 -2.400e+01 -2.400e+01 -2.400e+01
-15.800 -16.800 12.418 28.218 0.000 0.000 1.000 -5.631e+00 -3.010e-01 -3.010e-01 -4.950e+00 -6.263e+00 -7.953e+00 -2.015e+01 -2.400e+01 -2.400e+01 -2.400e+01 -2.400e+01 -2.400e+01 -2.400e+01 -2.400e+01 -2.400e+01 -2.400e+01
-15.759 -16.759 12.460 28.218 0.000 0.000 1.000 -5.589e+00 -3.010e-01 -3.010e-01 -4.909e+00 -6.221e+00 -7.912e+00 -2.003e+01 -2.400e+01 -2.400e+01 -2.400e+01 -2.400e+01 -2.400e+01 -2.400e+01 -2.400e+01 -2.400e+01 -2.400e+01
-15.676 -16.676 12.543 28.218 0.000 0.000 1.000 -5.506e+00 -3.010e-01 -3.010e-01 -4.826e+00 -6.138e+00 -7.829e+00 -1.978e+01 -2.400e+01 -2.400e+01 -2.400e+01 -2.400e+01 -2.400e+01 -2.400e+01 -2.400e+01 -2.400e+01 -2.400e+01
-15.593 -16.593 12.625 28.218 0.000 0.000 1.000 -5.424e+00 -3.010e-01 -3.010e-01 -4.744e+00 -6.056e+00 -7.746e+00 -1.953e+01 -2.400e+01 -2.400e+01 -2.400e+01 -2.400e+01 -2.400e+01 -2.400e+01 -2.400e+01 -2.400e+01 -2.400e+01
-15.510 -16.510 12.708 28.218 0.000 0.000 1.000 -5.341e+00 -3.011e-01 -3.010e-01 -4.661e+00 -5.973e+00 -7.663e+00 -1.928e+01 -2.400e+01 -2.400e+01 -2.400e+01 -2.400e+01 -2.400e+01 -2.400e+01 -2.400e+01 -2.400e+01 -2.400e+01
-15.427 -16.427 12.791 28.218 0.000 0.000 1.000 -5.258e+00 -3.011e-01 -3.010e-01 -4.578e+00 -5.890e+00 -7.581e+00 -1.903e+01 -2.400e+01 -2.400e+01 -2.400e+01 -2.400e+01 -2.400e+01 -2.400e+01 -2.400e+01 -2.400e+01 -2.400e+01
-15.345 -16.345 12.874 28.218 0.000 0.000 1.000 -5.175e+00 -3.011e-01 -3.010e-01 -4.495e+00 -5.807e+00 -7.498e+00 -1.878e+01 -2.400e+01 -2.400e+01 -2.400e+01 -2.400e+01 -2.400e+01 -2.400e+01 -2.400e+01 -2.400e+01 -2.400e+01
-15.262 -16.262 12.956 28.218 0.000 0.000 1.000 -5.093e+00 -3.011e-01 -3.010e-01 -4.412e+00 -5.724e+00 -7.415e+00 -1.854e+01 -2.400e+01 -2.400e+01 -2.400e+01 -2.400e+01 -2.400e+01 -2.400e+01 -2.400e+01 -2.400e+01 -2.400e+01
-15.179 -16.179 13.039 28.218 0.000 0.000 1.000 -5.010e+00 -3.011e-01 -3.010e-01 -4.330e+00 -5.642e+00 -7.332e+00 -1.829e+01 -2.400e+01 -2.400e+01 -2.400e+01 -2.400e+01 -2.400e+01 -2.400e+01 -2.400e+01 -2.400e+01 -2.400e+01
-15.096 -16.096 13.122 28.218 0.000 0.000 1.000 -4.927e+00 -3.011e-01 -3.010e-01 -4.247e+00 -5.559e+00 -7.249e+00 -1.804e+01 -2.400e+01 -2.400e+01 -2.400e+01 -2.400e+01 -2.400e+01 -2.400e+01 -2.400e+01 -2.400e+01 -2.400e+01
-15.014 -16.014 13.205 28.218 0.000 0.000 1.000 -4.844e+00 -3.011e-01 -3.010e-01 -4.164e+00 -5.476e+00 -7.167e+00 -1.779e+01 -2.400e+01 -2.400e+01 -2.400e+01 -2.400e+01 -2.400e+01 -2.400e+01 -2.400e+01 -2.400e+01 -2.400e+01
-14.931 -15.931 13.288 28.218 0.000 0.000 1.000 -4.761e+00 -3.011e-01 -3.010e-01 -4.081e+00 -5.393e+00 -7.084e+00 -1.754e+01 -2.400e+01 -2.400e+01 -2.400e+01 -2.400e+01 -2.400e+01 -2.400e+01 -2.400e+01 -2.400e+01 -2.400e+01
-14.848 -15.848 13.370 28.218 0.000 0.000 1.000 -4.679e+00 -3.011e-01 -3.010e-01 -3.999e+00 -5.311e+00 -7.001e+00 -1.729e+01 -2.400e+01 -2.400e+01 -2.400e+01 -2.400e+01 -2.400e+01 -2.400e+01 -2.400e+01 -2.400e+01 -2.400e+01
-14.765 -15.765 13.453 28.218 0.000 0.000 1.000 -4.596e+00 -3.012e-01 -3.010e-01 -3.916e+00 -5.228e+00 -6.918e+00 -1.705e+01 -2.400e+01 -2.400e+01 -2.400e+01 -2.400e+01 -2.400e+01 -2.400e+01 -2.400e+01 -2.400e+01 -2.400e+01
-14.682 -15.682 13.536 28.218 0.000 0.000 1.000 -4.513e+00 -3.012e-01 -3.010e-01 -3.833e+00 -5.145e+00 -6.835e+00 -1.680e+01 -2.400e+01 -2.400e+01 -2.400e+01 -2.400e+01 -2.400e+01 -2.400e+01 -2.400e+01 -2.400e+01 -2.400e+01
-14.600 -15.600 13.619 28.218 0.000 0.000 1.000 -4.430e+00 -3.012e-01 -3.010e-01 -3.750e+00 -5.062e+00 -6.753e+00 -1.655e+01 -2.400e+01 -2.400e+01 -2.400e+01 -2.400e+01 -2.400e+01 -2.400e+01 -2.400e+01 -2.400e+01 -2.400e+01
-14.558 -15.558 13.660 28.218 0.000 0.000 1.000 -4.389e+00 -3.012e-01 -3.010e-01 -3.709e+00 -5.021e+00 -6.711e+00 -1.643e+01 -2.400e+01 -2.400e+01 -2.400e+01 -2.400e+01 -2.400e+01 -2.400e+01 -2.400e+01 -2.400e+01 -2.400e+01
-14.475 -15.475 13.743 28.218 0.000 0.000 1.000 -4.306e+00 -3.013e-01 -3.010e-01 -3.626e+00 -4.938e+00 -6.628e+00 -1.618e+01 -2.400e+01 -2.400e+01 -2.400e+01 -2.400e+01 -2.400e+01 -2.400e+01 -2.400e+01 -2.400e+01 -2.400e+01
-14.393 -15.393 13.825 28.218 0.000 0.000 1.000 -4.224e+00 -3.013e-01 -3.010e-01 -3.543e+00 -4.855e+00 -6.546e+00 -1.593e+01 -2.400e+01 -2.400e+01 -2.400e+01 -2.400e+01 -2.400e+01 -2.400e+01 -2.400e+01 -2.400e+01 -2.400e+01
-14.310 -15.310 13.908 28.218 0.000 0.000 1.000 -4.141e+00 -3.014e-01 -3.010e-01 -3.461e+00 -4.773e+00 -6.463e+00 -1.568e+01 -2.399e+01 -2.400e+01 -2.400e+01 -2.400e+01 -2.400e+01 -2.400e+01 -2.400e+01 -2.400e+01 -2.400e+01
-14.227 -15.227 13.991 28.218 0.000 0.000 1.000 -4.058e+00 -3.015e-01 -3.010e-01 -3.378e+00 -4.690e+00 -6.380e+00 -1.543e+01 -2.398e+01 -2.400e+01 -2.400e+01 -2.400e+01 -2.400e+01 -2.400e+01 -2.400e+01 -2.400e+01 -2.400e+01
-14.144 -15.144 14.074 28.217 0.000 0.000 1.000 -3.975e+00 -3.016e-01 -3.010e-01 -3.295e+00 -4.607e+00 -6.297e+00 -1.518e+01 -2.396e+01 -2.400e+01 -2.400e+01 -2.400e+01 -2.400e+01 -2.400e+01 -2.400e+01 -2.400e+01 -2.400e+01
-14.062 -15.062 14.156 28.217 0.000 0.000 1.000 -3.893e+00 -3.017e-01 -3.010e-01 -3.213e+00 -4.524e+00 -6.214e+00 -1.494e+01 -2.390e+01 -2.400e+01 -2.400e+01 -2.400e+01 -2.400e+01 -2.400e+01 -2.400e+01 -2.400e+01 -2.400e+01
-13.979 -14.979 14.239 28.217 0.000 0.000 1.000 -3.810e+00 -3.018e-01 -3.011e-01 -3.130e+00 -4.442e+00 -6.132e+00 -1.469e+01 -2.378e+01 -2.400e+01 -2.400e+01 -2.400e+01 -2.400e+01 -2.400e+01 -2.400e+01 -2.400e+01 -2.400e+01
-13.896 -14.896 14.321 28.217 0.000 0.000 1.000 -3.727e+00 -3.020e-01 -3.011e-01 -3.047e+00 -4.359e+00 -6.049e+00 -1.444e+01 -2.356e+01 -2.400e+01 -2.400e+01 -2.400e+01 -2.400e+01 -2.400e+01 -2.400e+01 -2.400e+01 -2.400e+01
-13.813 -14.813 14.404 28.216 0.000 0.000 1.000 -3.645e+00 -3.022e-01 -3.011e-01 -2.965e+00 -4.276e+00 -5.966e+00 -1.419e+01 -2.326e+01 -2.400e+01 -2.400e+01 -2.400e+01 -2.400e+01 -2.400e+01 -2.400e+01 -2.400e+01 -2.400e+01
-13.730 -14.730 14.487 28.216 0.000 0.000 1.000 -3.562e+00 -3.024e-01 -3.011e-01 -2.882e+00 -4.194e+00 -5.883e+00 -1.394e+01 -2.290e+01 -2.400e+01 -2.400e+01 -2.400e+01 -2.400e+01 -2.400e+01 -2.400e+01 -2.400e+01 -2.400e+01
-13.648 -14.648 14.569 28.215 0.000 0.000 1.000 -3.480e+00 -3.027e-01 -3.011e-01 -2.800e+00 -4.111e+00 -5.800e+00 -1.369e+01 -2.250e+01 -2.400e+01 -2.400e+01 -2.400e+01 -2.400e+01 -2.400e+01 -2.400e+01 -2.400e+01 -2.400e+01
-13.565 -14.565 14.652 28.215 0.000 0.000 1.000 -3.397e+00 -3.031e-01 -3.011e-01 -2.717e+00 -4.028e+00 -5.717e+00 -1.345e+01 -2.210e+01 -2.400e+01 -2.400e+01 -2.400e+01 -2.400e+01 -2.400e+01 -2.400e+01 -2.400e+01 -2.400e+01
-13.482 -14.482 14.734 28.214 0.000 0.000 1.000 -3.315e+00 -3.035e-01 -3.011e-01 -2.635e+00 -3.946e+00 -5.634e+00 -1.320e+01 -2.169e+01 -2.400e+01 -2.400e+01 -2.400e+01 -2.400e+01 -2.400e+01 -2.400e+01 -2.400e+01 -2.400e+01
-13.399 -14.399 14.816 28.213 0.000 0.000 1.000 -3.233e+00 -3.040e-01 -3.011e-01 -2.553e+00 -3.863e+00 -5.551e+00 -1.295e+01 -2.128e+01 -2.400e+01 -2.400e+01 -2.400e+01 -2.400e+01 -2.400e+01 -2.400e+01 -2.400e+01 -2.400e+01
-13.358 -14.358 14.857 28.212 0.000 0.000 1.000 -3.191e+00 -3.043e-01 -3.011e-01 -2.512e+00 -3.822e+00 -5.510e+00 -1.283e+01 -2.107e+01 -2.400e+01 -2.400e+01 -2.400e+01 -2.400e+01 -2.400e+01 -2.400e+01 -2.400e+01 -2.400e+01
-13.275 -14.275 14.939 28.211 0.000 0.000 1.000 -3.109e+00 -3.050e-01 -3.011e-01 -2.429e+00 -3.740e+00 -5.427e+00 -1.258e+01 -2.066e+01 -2.400e+01 -2.400e+01 -2.400e+01 -2.400e+01 -2.400e+01 -2.400e+01 -2.400e+01 -2.400e+01
-13.192 -14.192 15.021 28.209 0.000 0.000 1.000 -3.027e+00 -3.058e-01 -3.012e-01 -2.348e+00 -3.657e+00 -5.344e+00 -1.233e+01 -2.024e+01 -2.400e+01 -2.400e+01 -2.400e+01 -2.400e+01 -2.400e+01 -2.400e+01 -2.400e+01 -2.400e+01
-13.110 -14.110 15.103 28.208 0.000 0.000 1.000 -2.945e+00 -3.068e-01 -3.012e-01 -2.266e+00 -3.575e+00 -5.260e+00 -1.208e+01 -1.983e+01 -2.400e+01 -2.400e+01 -2.400e+01 -2.400e+01 -2.400e+01 -2.400e+01 -2.400e+01 -2.400e+01
-13.027 -14.027 15.185 28.205 0.000 0.000 1.000 -2.864e+00 -3.080e-01 -3.012e-01 -2.184e+00 -3.493e+00 -5.177e+00 -1.183e+01 -1.942e+01 -2.400e+01 -2.400e+01 -2.400e+01 -2.400e+01 -2.400e+01 -2.400e+01 -2.400e+01 -2.400e+01
-12.944 -13.944 15.266 28.203 0.000 0.000 1.000 -2.782e+00 -3.095e-01 -3.013e-01 -2.103e+00 -3.411e+00 -5.094e+00 -1.159e+01 -1.901e+01 -2.400e+01 -2.400e+01 -2.400e+01 -2.400e+01 -2.400e+01 -2.400e+01 -2.400e+01 -2.400e+01
-12.861 -13.861 15.347 28.199 0.000 0.000 1.000 -2.701e+00 -3.113e-01 -3.013e-01 -2.022e+00 -3.329e+00 -5.010e+00 -1.134e+01 -1.859e+01 -2.400e+01 -2.400e+01 -2.400e+01 -2.400e+01 -2.400e+01 -2.400e+01 -2.400e+01 -2.400e+01
-12.778 -13.778 15.428 28.195 0.000 0.000 1.000 -2.620e+00 -3.134e-01 -3.014e-01 -1.941e+00 -3.247e+00 -4.927e+00 -1.109e+01 -1.818e+01 -2.400e+01 -2.400e+01 -2.400e+01 -2.400e+01 -2.400e+01 -2.400e+01 -2.400e+01 -2.400e+01
-12.696 -13.696 15.508 28.190 0.000 0.000 1.000 -2.540e+00 -3.159e-01 -3.014e-01 -1.861e+00 -3.166e+00 -4.843e+00 -1.084e+01 -1.777e+01 -2.398e+01 -2.400e+01 -2.400e+01 -2.400e+01 -2.400e+01 -2.400e+01 -2.400e+01 -2.400e+01
-12.613 -13.613 15.588 28.185 0.000 0.000 1.000 -2.460e+00 -3.190e-01 -3.015e-01 -1.781e+00 -3.084e+00 -4.759e+00 -1.060e+01 -1.736e+01 -2.394e+01 -2.400e+01 -2.400e+01 -2.400e+01 -2.400e+01 -2.400e+01 -2.400e+01 -2.400e+01
-12.530 -13.530 15.667 28.178 0.000 0.000 1.000 -2.381e+00 -3.227e-01 -3.016e-01 -1.702e+00 -3.003e+00 -4.675e+00 -1.035e+01 -1.695e+01 -2.381e+01 -2.400e+01 -2.400e+01 -2.400e+01 -2.400e+01 -2.400e+01 -2.400e+01 -2.400e+01
-12.447 -13.447 15.746 28.169 0.000 0.000 1.000 -2.302e+00 -3.271e-01 -3.017e-01 -1.624e+00 -2.923e+00 -4.591e+00 -1.010e+01 -1.654e+01 -2.351e+01 -2.400e+01 -2.400e+01 -2.400e+01 -2.400e+01 -2.400e+01 -2.400e+01 -2.400e+01
-12.364 -13.364 15.823 28.159 0.000 0.000 1.000 -2.224e+00 -3.324e-01 -3.019e-01 -1.547e+00 -2.843e+00 -4.506e+00 -9.857e+00 -1.613e+01 -2.306e+01 -2.400e+01 -2.400e+01 -2.400e+01 -2.400e+01 -2.400e+01 -2.400e+01 -2.400e+01
-12.282 -13.282 15.900 28.147 0.000 0.000 1.000 -2.147e+00 -3.387e-01 -3.020e-01 -1.470e+00 -2.763e+00 -4.421e+00 -9.611e+00 -1.573e+01 -2.253e+01 -2.400e+01 -2.400e+01 -2.400e+01 -2.400e+01 -2.400e+01 -2.400e+01 -2.400e+01
-12.199 -13.199 15.975 28.133 0.000 0.000 1.000 -2.071e+00 -3.463e-01 -3.022e-01 -1.395e+00 -2.684e+00 -4.336e+00 -9.366e+00 -1.532e+01 -2.197e+01 -2.400e+01 -2.400e+01 -2.400e+01 -2.400e+01 -2.400e+01 -2.400e+01 -2.400e+01
-12.157 -13.157 16.012 28.125 0.000 0.000 1.000 -2.034e+00 -3.506e-01 -3.023e-01 -1.358e+00 -2.645e+00 -4.293e+00 -9.244e+00 -1.512e+01 -2.169e+01 -2.400e+01 -2.400e+01 -2.400e+01 -2.400e+01 -2.400e+01 -2.400e+01 -2.400e+01
-12.075 -13.075 16.085 28.106 0.000 0.000 1.000 -1.960e+00 -3.604e-01 -3.026e-01 -1.285e+00 -2.567e+00 -4.207e+00 -9.000e+00 -1.472e+01 -2.113e+01 -2.400e+01 -2.400e+01 -2.400e+01 -2.400e+01 -2.400e+01 -2.400e+01 -2.400e+01
-11.992 -12.992 16.157 28.084 0.000 0.000 1.000 -1.888e+00 -3.719e-01 -3.028e-01 -1.214e+00 -2.490e+00 -4.121e+00 -8.757e+00 -1.432e+01 -2.057e+01 -2.400e+01 -2.400e+01 -2.400e+01 -2.400e+01 -2.400e+01 -2.400e+01 -2.400e+01
-11.909 -12.909 16.226 28.058 0.000 0.000 1.000 -1.817e+00 -3.855e-01 -3.031e-01 -1.145e+00 -2.414e+00 -4.034e+00 -8.515e+00 -1.392e+01 -2.002e+01 -2.399e+01 -2.400e+01 -2.400e+01 -2.400e+01 -2.400e+01 -2.400e+01 -2.400e+01
-11.826 -12.826 16.293 28.028 0.000 0.000 1.000 -1.749e+00 -4.014e-01 -3.034e-01 -1.079e+00 -2.339e+00 -3.947e+00 -8.274e+00 -1.352e+01 -1.947e+01 -2.395e+01 -2.400e+01 -2.400e+01 -2.400e+01 -2.400e+01 -2.400e+01 -2.400e+01
-11.744 -12.744 16.358 27.992 0.000 0.000 1.000 -1.683e+00 -4.200e-01 -3.037e-01 -1.015e+00 -2.265e+00 -3.860e+00 -8.035e+00 -1.313e+01 -1.892e+01 -2.380e+01 -2.400e+01 -2.400e+01 -2.400e+01 -2.400e+01 -2.400e+01 -2.400e+01
-11.661 -12.661 16.419 27.950 0.000 0.000 1.000 -1.620e+00 -4.415e-01 -3.040e-01 -9.544e-01 -2.193e+00 -3.772e+00 -7.797e+00 -1.274e+01 -1.838e+01 -2.341e+01 -2.400e+01 -2.400e+01 -2.400e+01 -2.400e+01 -2.400e+01 -2.400e+01
-11.578 -12.578 16.477 27.902 0.000 0.000 1.000 -1.560e+00 -4.663e-01 -3.043e-01 -8.972e-01 -2.122e+00 -3.683e+00 -7.562e+00 -1.236e+01 -1.784e+01 -2.282e+01 -2.400e+01 -2.400e+01 -2.400e+01 -2.400e+01 -2.400e+01 -2.400e+01
-11.495 -12.495 16.532 27.846 0.000 0.000 1.000 -1.502e+00 -4.946e-01 -3.046e-01 -8.438e-01 -2.052e+00 -3.595e+00 -7.328e+00 -1.198e+01 -1.732e+01 -2.217e+01 -2.400e+01 -2.400e+01 -2.400e+01 -2.400e+01 -2.400e+01 -2.400e+01
-11.412 -12.412 16.582 27.781 0.000 0.000 1.000 -1.448e+00 -5.266e-01 -3.047e-01 -7.945e-01 -1.985e+00 -3.506e+00 -7.098e+00 -1.160e+01 -1.680e+01 -2.151e+01 -2.400e+01 -2.400e+01 -2.400e+01 -2.400e+01 -2.400e+01 -2.400e+01
-11.330 -12.330 16.629 27.708 0.000 0.000 1.000 -1.397e+00 -5.627e-01 -3.047e-01 -7.496e-01 -1.919e+00 -3.417e+00 -6.869e+00 -1.123e+01 -1.629e+01 -2.086e+01 -2.400e+01 -2.400e+01 -2.400e+01 -2.400e+01 -2.400e+01 -2.400e+01
-11.247 -12.247 16.671 27.625 0.000 0.000 1.000 -1.350e+00 -6.028e-01 -3.044e-01 -7.095e-01 -1.855e+00 -3.327e+00 -6.644e+00 -1.087e+01 -1.579e+01 -2.022e+01 -2.400e+01 -2.400e+01 -2.400e+01 -2.400e+01 -2.400e+01 -2.400e+01
-11.164 -12.164 16.709 27.531 0.000 0.000 1.000 -1.306e+00 -6.471e-01 -3.039e-01 -6.742e-01 -1.792e+00 -3.238e+00 -6.422e+00 -1.051e+01 -1.529e+01 -1.959e+01 -2.399e+01 -2.400e+01 -2.400e+01 -2.400e+01 -2.400e+01 -2.400e+01
-11.081 -12.081 16.742 27.424 0.000 0.000 1.000 -1.265e+00 -6.955e-01 -3.028e-01 -6.442e-01 -1.731e+00 -3.148e+00 -6.203e+00 -1.016e+01 -1.481e+01 -1.897e+01 -2.397e+01 -2.400e+01 -2.400e+01 -2.400e+01 -2.400e+01 -2.400e+01
-11.040 -12.040 16.757 27.366 0.000 0.000 1.000 -1.246e+00 -7.213e-01 -3.021e-01 -6.311e-01 -1.701e+00 -3.103e+00 -6.094e+00 -9.988e+00 -1.457e+01 -1.867e+01 -2.393e+01 -2.400e+01 -2.400e+01 -2.400e+01 -2.400e+01 -2.400e+01
-10.957 -11.957 16.783 27.237 0.000 0.000 1.000 -1.209e+00 -7.759e-01 -3.002e-01 -6.091e-01 -1.642e+00 -3.012e+00 -5.879e+00 -9.646e+00 -1.410e+01 -1.807e+01 -2.372e+01 -2.400e+01 -2.400e+01 -2.400e+01 -2.400e+01 -2.400e+01
-10.874 -11.874 16.805 27.090 0.000 0.000 1.000 -1.175e+00 -8.342e-01 -2.975e-01 -5.928e-01 -1.585e+00 -2.920e+00 -5.667e+00 -9.309e+00 -1.364e+01 -1.748e+01 -2.324e+01 -2.400e+01 -2.400e+01 -2.400e+01 -2.400e+01 -2.400e+01
-10.792 -11.792 16.822 26.917 0.000 0.000 1.000 -1.143e+00 -8.962e-01 -2.938e-01 -5.823e-01 -1.528e+00 -2.827e+00 -5.457e+00 -8.978e+00 -1.318e+01 -1.690e+01 -2.260e+01 -2.400e+01 -2.400e+01 -2.400e+01 -2.400e+01 -2.400e+01
-10.709 -11.709 16.835 26.707 0.000 0.000 1.000 -1.113e+00 -9.616e-01 -2.891e-01 -5.781e-01 -1.472e+00 -2.733e+00 -5.248e+00 -8.651e+00 -1.274e+01 -1.633e+01 -2.193e+01 -2.400e+01 -2.400e+01 -2.400e+01 -2.400e+01 -2.400e+01
-10.626 -11.626 16.843 26.430 0.000 0.000 1.000 -1.084e+00 -1.030e+00 -2.832e-01 -5.804e-01 -1.417e+00 -2.636e+00 -5.040e+00 -8.327e+00 -1.229e+01 -1.578e+01 -2.125e+01 -2.400e+01 -2.400e+01 -2.400e+01 -2.400e+01 -2.400e+01
-10.543 -11.543 16.847 25.974 0.000 0.000 1.000 -1.056e+00 -1.101e+00 -2.761e-01 -5.899e-01 -1.362e+00 -2.537e+00 -4.833e+00 -8.006e+00 -1.186e+01 -1.522e+01 -2.058e+01 -2.400e+01 -2.400e+01 -2.400e+01 -2.400e+01 -2.400e+01
-10.460 -11.460 16.847 25.406 0.000 0.000 1.000 -1.029e+00 -1.175e+00 -2.677e-01 -6.073e-01 -1.309e+00 -2.434e+00 -4.625e+00 -7.687e+00 -1.143e+01 -1.468e+01 -1.992e+01 -2.399e+01 -2.400e+01 -2.400e+01 -2.400e+01 -2.400e+01
-10.378 -11.378 16.844 25.998 0.000 0.000 1.000 -1.003e+00 -1.251e+00 -2.582e-01 -6.336e-01 -1.256e+00 -2.329e+00 -4.416e+00 -7.369e+00 -1.100e+01 -1.414e+01 -1.927e+01 -2.397e+01 -2.400e+01 -2.400e+01 -2.400e+01 -2.400e+01
-10.295 -11.295 16.836 26.137 0.000 0.000 1.000 -9.773e-01 -1.328e+00 -2.477e-01 -6.702e-01 -1.205e+00 -2.220e+00 -4.206e+00 -7.051e+00 -1.057e+01 -1.360e+01 -1.862e+01 -2.383e+01 -2.400e+01 -2.400e+01 -2.400e+01 -2.400e+01
-10.212 -11.212 16.826 26.165 0.000 0.000 1.000 -9.522e-01 -1.406e+00 -2.366e-01 -7.184e-01 -1.155e+00 -2.108e+00 -3.993e+00 -6.733e+00 -1.014e+01 -1.307e+01 -1.798e+01 -2.344e+01 -2.400e+01 -2.400e+01 -2.400e+01 -2.400e+01
-10.129 -11.129 16.815 26.127 0.000 0.000 1.000 -9.281e-01 -1.483e+00 -2.254e-01 -7.803e-01 -1.109e+00 -1.993e+00 -3.780e+00 -6.414e+00 -9.716e+00 -1.254e+01 -1.734e+01 -2.280e+01 -2.400e+01 -2.400e+01 -2.400e+01 -2.400e+01
-10.046 -11.046 16.803 26.029 0.000 0.000 1.000 -9.053e-01 -1.559e+00 -2.148e-01 -8.580e-01 -1.065e+00 -1.876e+00 -3.565e+00 -6.095e+00 -9.290e+00 -1.201e+01 -1.670e+01 -2.208e+01 -2.400e+01 -2.400e+01 -2.400e+01 -2.400e+01
-9.964 -10.964 16.792 25.854 0.000 0.000 1.000 -8.840e-01 -1.632e+00 -2.055e-01 -9.538e-01 -1.027e+00 -1.757e+00 -3.349e+00 -5.776e+00 -8.866e+00 -1.148e+01 -1.607e+01 -2.134e+01 -2.400e+01 -2.400e+01 -2.400e+01 -2.400e+01
-9.881 -10.881 16.786 25.516 0.000 0.000 1.000 -8.648e-01 -1.699e+00 -1.983e-01 -1.070e+00 -9.943e-01 -1.640e+00 -3.135e+00 -5.458e+00 -8.444e+00 -1.096e+01 -1.544e+01 -2.060e+01 -2.400e+01 -2.400e+01 -2.400e+01 -2.400e+01
-9.839 -10.839 16.784 25.142 0.000 0.000 1.000 -8.560e-01 -1.730e+00 -1.958e-01 -1.136e+00 -9.804e-01 -1.581e+00 -3.028e+00 -5.300e+00 -8.234e+00 -1.070e+01 -1.513e+01 -2.024e+01 -2.399e+01 -2.400e+01 -2.400e+01 -2.400e+01
-9.757 -10.757 16.787 25.320 0.000 0.000 1.000 -8.402e-01 -1.784e+00 -1.931e-01 -1.283e+00 -9.579e-01 -1.467e+00 -2.818e+00 -4.987e+00 -7.817e+00 -1.019e+01 -1.451e+01 -1.952e+01 -2.396e+01 -2.400e+01 -2.400e+01 -2.400e+01
-9.674 -10.674 16.798 25.692 0.000 0.000 1.000 -8.266e-01 -1.828e+00 -1.941e-01 -1.445e+00 -9.429e-01 -1.356e+00 -2.613e+00 -4.679e+00 -7.405e+00 -9.686e+00 -1.390e+01 -1.880e+01 -2.377e+01 -2.400e+01 -2.400e+01 -2.400e+01
-9.591 -10.591 16.818 25.844 0.000 0.000 1.000 -8.149e-01 -1.859e+00 -1.991e-01 -1.608e+00 -9.352e-01 -1.251e+00 -2.415e+00 -4.379e+00 -7.002e+00 -9.192e+00 -1.330e+01 -1.810e+01 -2.327e+01 -2.400e+01 -2.400e+01 -2.400e+01
-9.508 -10.508 16.845 25.918 0.000 0.000 1.000 -8.047e-01 -1.881e+00 -2.080e-01 -1.749e+00 -9.344e-01 -1.152e+00 -2.226e+00 -4.086e+00 -6.606e+00 -8.709e+00 -1.271e+01 -1.741e+01 -2.255e+01 -2.400e+01 -2.400e+01 -2.400e+01
-9.426 -10.426 16.880 25.952 0.000 0.000 1.000 -7.954e-01 -1.895e+00 -2.208e-01 -1.848e+00 -9.398e-01 -1.059e+00 -2.046e+00 -3.804e+00 -6.221e+00 -8.239e+00 -1.214e+01 -1.673e+01 -2.178e+01 -2.400e+01 -2.400e+01 -2.400e+01
-9.343 -10.343 16.919 25.964 0.000 0.000 1.000 -7.863e-01 -1.905e+00 -2.372e-01 -1.902e+00 -9.506e-01 -9.719e-01 -1.877e+00 -3.533e+00 -5.846e+00 -7.783e+00 -1.158e+01 -1.607e+01 -2.102e+01 -2.399e+01 -2.400e+01 -2.400e+01
-9.260 -10.260 16.963 25.963 0.000 0.000 1.000 -7.773e-01 -1.914e+00 -2.573e-01 -1.931e+00 -9.667e-01 -8.913e-01 -1.718e+00 -3.272e+00 -5.481e+00 -7.342e+00 -1.103e+01 -1.542e+01 -2.027e+01 -2.394e+01 -2.400e+01 -2.400e+01
-9.177 -10.177 17.010 25.954 0.000 0.000 1.000 -7.681e-01 -1.923e+00 -2.813e-01 -1.952e+00 -9.885e-01 -8.165e-01 -1.571e+00 -3.024e+00 -5.128e+00 -6.916e+00 -1.050e+01 -1.479e+01 -1.953e+01 -2.369e+01 -2.400e+01 -2.400e+01
-9.094 -10.437 17.059 25.938 0.000 0.000 1.000 -7.589e-01 -1.933e+00 -3.096e-01 -1.973e+00 -1.017e+00 -7.474e-01 -1.436e+00 -2.789e+00 -4.787e+00 -6.506e+00 -9.983e+00 -1.416e+01 -1.881e+01 -2.311e+01 -2.400e+01 -2.400e+01
-9.039 -10.437 17.092 25.920 0.000 0.000 1.000 -7.528e-01 -1.940e+00 -3.313e-01 -1.990e+00 -1.041e+00 -7.043e-01 -1.352e+00 -2.638e+00 -4.562e+00 -6.237e+00 -9.637e+00 -1.374e+01 -1.831e+01 -2.258e+01 -2.400e+01 -2.400e+01
-8.945 -10.437 17.149 25.880 0.000 0.000 1.000 -7.427e-01 -1.956e+00 -3.734e-01 -2.025e+00 -1.089e+00 -6.376e-01 -1.224e+00 -2.398e+00 -4.198e+00 -5.803e+00 -9.072e+00 -1.305e+01 -1.749e+01 -2.166e+01 -2.400e+01 -2.400e+01
-8.869 -10.437 17.194 25.835 0.000 0.000 1.000 -7.346e-01 -1.971e+00 -4.139e-01 -2.060e+00 -1.138e+00 -5.881e-01 -1.131e+00 -2.217e+00 -3.913e+00 -5.467e+00 -8.627e+00 -1.250e+01 -1.684e+01 -2.091e+01 -2.400e+01 -2.400e+01
-8.793 -10.136 17.237 25.773 0.000 0.000 1.000 -7.270e-01 -1.988e+00 -4.592e-01 -2.100e+00 -1.195e+00 -5.446e-01 -1.051e+00 -2.054e+00 -3.647e+00 -5.157e+00 -8.209e+00 -1.198e+01 -1.621e+01 -2.019e+01 -2.398e+01 -2.400e+01
-8.713 -10.136 17.280 25.702 0.000 0.000 1.000 -7.191e-01 -2.009e+00 -5.151e-01 -2.150e+00 -1.265e+00 -5.032e-01 -9.753e-01 -1.895e+00 -3.378e+00 -4.847e+00 -7.784e+00 -1.144e+01 -1.556e+01 -1.945e+01 -2.387e+01 -2.400e+01
-8.631 -10.437 17.319 25.623 0.000 0.000 1.001 -7.115e-01 -2.034e+00 -5.800e-01 -2.209e+00 -1.346e+00 -4.669e-01 -9.102e-01 -1.752e+00 -3.124e+00 -4.557e+00 -7.376e+00 -1.092e+01 -1.493e+01 -1.872e+01 -2.348e+01 -2.400e+01
-8.556 -10.437 17.352 25.533 0.000 0.000 1.001 -7.048e-01 -2.061e+00 -6.472e-01 -2.270e+00 -1.426e+00 -4.387e-01 -8.600e-01 -1.638e+00 -2.908e+00 -4.313e+00 -7.025e+00 -1.046e+01 -1.438e+01 -1.809e+01 -2.286e+01 -2.400e+01
-8.478 -10.437 17.382 25.427 0.000 0.000 1.001 -6.981e-01 -2.094e+00 -7.267e-01 -2.344e+00 -1.515e+00 -4.139e-01 -8.158e-01 -1.535e+00 -2.699e+00 -4.079e+00 -6.677e+00 -1.001e+01 -1.382e+01 -1.745e+01 -2.215e+01 -2.400e+01
-8.399 -10.437 17.409 25.308 0.000 0.000 1.001 -6.919e-01 -2.131e+00 -8.165e-01 -2.427e+00 -1.608e+00 -3.935e-01 -7.793e-01 -1.447e+00 -2.507e+00 -3.866e+00 -6.351e+00 -9.573e+00 -1.328e+01 -1.683e+01 -2.144e+01 -2.398e+01
-8.320 -10.136 17.432 25.167 0.000 0.000 1.001 -6.860e-01 -2.176e+00 -9.193e-01 -2.524e+00 -1.704e+00 -3.769e-01 -7.492e-01 -1.375e+00 -2.330e+00 -3.671e+00 -6.039e+00 -9.152e+00 -1.275e+01 -1.623e+01 -2.074e+01 -2.388e+01
-8.238 -10.136 17.451 25.017 0.000 0.000 1.001 -6.806e-01 -2.228e+00 -1.037e+00 -2.635e+00 -1.800e+00 -3.639e-01 -7.248e-01 -1.316e+00 -2.169e+00 -3.495e+00 -5.744e+00 -8.745e+00 -1.223e+01 -1.565e+01 -2.006e+01 -2.355e+01
-8.158 -10.437 17.466 24.859 0.000 0.000 1.001 -6.760e-01 -2.286e+00 -1.167e+00 -2.758e+00 -1.889e+00 -3.543e-01 -7.063e-01 -1.271e+00 -2.029e+00 -3.343e+00 -5.474e+00 -8.366e+00 -1.175e+01 -1.511e+01 -1.942e+01 -2.297e+01
-8.078 -10.014 17.478 24.677 0.000 0.000 1.001 -6.720e-01 -2.354e+00 -1.311e+00 -2.895e+00 -1.970e+00 -3.476e-01 -6.926e-01 -1.237e+00 -1.907e+00 -3.212e+00 -5.225e+00 -8.008e+00 -1.129e+01 -1.460e+01 -1.881e+01 -2.232e+01
-7.998 -10.107 17.487 24.485 0.000 0.000 1.001 -6.688e-01 -2.429e+00 -1.469e+00 -3.044e+00 -2.039e+00 -3.432e-01 -6.828e-01 -1.212e+00 -1.803e+00 -3.100e+00 -4.995e+00 -7.671e+00 -1.085e+01 -1.411e+01 -1.824e+01 -2.168e+01
-7.919 -9.942 17.494 24.269 0.000 0.000 1.001 -6.661e-01 -2.514e+00 -1.641e+00 -3.206e+00 -2.093e+00 -3.409e-01 -6.764e-01 -1.194e+00 -1.716e+00 -3.007e+00 -4.785e+00 -7.353e+00 -1.043e+01 -1.365e+01 -1.769e+01 -2.107e+01
-7.838 -9.495 17.499 24.020 0.062 0.000 1.001 -6.639e-01 -2.608e+00 -1.826e+00 -3.372e+00 -2.134e+00 -3.401e-01 -6.723e-01 -1.181e+00 -1.644e+00 -2.931e+00 -4.589e+00 -7.050e+00 -1.002e+01 -1.322e+01 -1.717e+01 -2.049e+01
-7.757 -9.399 17.502 23.689 0.062 0.000 1.002 -6.618e-01 -2.709e+00 -2.015e+00 -3.540e+00 -2.162e+00 -3.405e-01 -6.700e-01 -1.172e+00 -1.587e+00 -2.871e+00 -4.409e+00 -6.762e+00 -9.634e+00 -1.280e+01 -1.668e+01 -1.994e+01
-7.676 -9.490 17.502 23.203 0.062 0.053 1.000 -6.604e-01 -2.811e+00 -2.198e+00 -3.698e+00 -2.182e+00 -3.425e-01 -6.696e-01 -1.166e+00 -1.544e+00 -2.825e+00 -4.245e+00 -6.491e+00 -9.262e+00 -1.240e+01 -1.621e+01 -1.942e+01
-7.597 -9.134 17.502 22.915 0.125 0.105 1.000 -6.581e-01 -2.902e+00 -2.350e+00 -3.814e+00 -2.194e+00 -3.443e-01 -6.692e-01 -1.162e+00 -1.514e+00 -2.794e+00 -4.098e+00 -6.241e+00 -8.915e+00 -1.204e+01 -1.578e+01 -1.895e+01
-7.495 -9.008 17.500 23.420 0.250 0.053 1.000 -6.545e-01 -2.991e+00 -2.487e+00 -3.916e+00 -2.205e+00 -3.475e-01 -6.686e-01 -1.157e+00 -1.488e+00 -2.765e+00 -3.925e+00 -5.937e+00 -8.487e+00 -1.163e+01 -1.527e+01 -1.838e+01
-7.436 -8.638 17.498 23.478 0.188 0.053 1.000 -6.520e-01 -3.025e+00 -2.538e+00 -3.960e+00 -2.213e+00 -3.498e-01 -6.685e-01 -1.153e+00 -1.476e+00 -2.749e+00 -3.833e+00 -5.770e+00 -8.248e+00 -1.135e+01 -1.498e+01 -1.808e+01
-7.360 -9.123 17.495 23.512 0.188 0.053 1.000 -6.483e-01 -3.053e+00 -2.576e+00 -3.989e+00 -2.220e+00 -3.532e-01 -6.681e-01 -1.149e+00 -1.464e+00 -2.733e+00 -3.719e+00 -5.561e+00 -7.947e+00 -1.103e+01 -1.462e+01 -1.770e+01
-7.267 -9.010 17.490 23.518 0.250 0.053 1.000 -6.429e-01 -3.073e+00 -2.604e+00 -4.012e+00 -2.231e+00 -3.581e-01 -6.676e-01 -1.142e+00 -1.450e+00 -2.713e+00 -3.587e+00 -5.315e+00 -7.589e+00 -1.068e+01 -1.420e+01 -1.725e+01
-7.195 -8.709 17.486 23.482 0.188 0.053 1.000 -6.380e-01 -3.084e+00 -2.619e+00 -4.025e+00 -2.240e+00 -3.626e-01 -6.672e-01 -1.137e+00 -1.439e+00 -2.697e+00 -3.489e+00 -5.130e+00 -7.318e+00 -1.038e+01 -1.388e+01 -1.691e+01
-7.120 -8.840 17.480 23.485 0.125 0.053 1.000 -6.323e-01 -3.094e+00 -2.633e+00 -4.038e+00 -2.252e+00 -3.679e-01 -6.669e-01 -1.131e+00 -1.426e+00 -2.678e+00 -3.390e+00 -4.941e+00 -7.040e+00 -1.009e+01 -1.356e+01 -1.657e+01
-7.037 -8.942 17.473 23.473 0.250 0.053 1.000 -6.251e-01 -3.105e+00 -2.648e+00 -4.051e+00 -2.264e+00 -3.747e-01 -6.665e-01 -1.123e+00 -1.411e+00 -2.656e+00 -3.283e+00 -4.739e+00 -6.741e+00 -9.794e+00 -1.322e+01 -1.622e+01
-6.956 -8.966 17.466 23.454 0.250 0.053 1.000 -6.173e-01 -3.119e+00 -2.667e+00 -4.068e+00 -2.280e+00 -3.824e-01 -6.663e-01 -1.115e+00 -1.394e+00 -2.631e+00 -3.180e+00 -4.542e+00 -6.449e+00 -9.487e+00 -1.288e+01 -1.586e+01
-6.878 -9.001 17.457 23.422 0.250 0.053 1.000 -6.089e-01 -3.134e+00 -2.686e+00 -4.086e+00 -2.296e+00 -3.907e-01 -6.663e-01 -1.107e+00 -1.377e+00 -2.605e+00 -3.081e+00 -4.356e+00 -6.173e+00 -9.198e+00 -1.257e+01 -1.554e+01
-6.798 -9.001 17.447 23.378 0.188 0.053 1.000 -5.994e-01 -3.151e+00 -2.708e+00 -4.106e+00 -2.315e+00 -4.006e-01 -6.665e-01 -1.097e+00 -1.356e+00 -2.579e+00 -2.980e+00 -4.166e+00 -5.891e+00 -8.902e+00 -1.225e+01 -1.520e+01
-6.719 -9.152 17.435 23.354 0.062 0.105 1.000 -5.890e-01 -3.170e+00 -2.733e+00 -4.130e+00 -2.337e+00 -4.116e-01 -6.672e-01 -1.087e+00 -1.335e+00 -2.542e+00 -2.881e+00 -3.981e+00 -5.615e+00 -8.607e+00 -1.194e+01 -1.488e+01
-6.638 -8.698 17.421 23.339 0.125 0.158 1.000 -5.771e-01 -3.193e+00 -2.762e+00 -4.156e+00 -2.361e+00 -4.247e-01 -6.686e-01 -1.076e+00 -1.311e+00 -2.506e+00 -2.780e+00 -3.791e+00 -5.334e+00 -8.312e+00 -1.162e+01 -1.454e+01
-6.559 -8.793 17.405 23.288 0.125 0.158 1.000 -5.649e-01 -3.217e+00 -2.792e+00 -4.184e+00 -2.387e+00 -4.386e-01 -6.702e-01 -1.065e+00 -1.288e+00 -2.471e+00 -2.681e+00 -3.607e+00 -5.060e+00 -8.024e+00 -1.131e+01 -1.422e+01
-6.479 -8.708 17.387 23.235 0.125 0.158 1.000 -5.520e-01 -3.244e+00 -2.824e+00 -4.213e+00 -2.415e+00 -4.539e-01 -6.727e-01 -1.055e+00 -1.264e+00 -2.434e+00 -2.582e+00 -3.422e+00 -4.782e+00 -7.733e+00 -1.100e+01 -1.390e+01
-6.400 -8.827 17.368 23.172 0.125 0.158 1.000 -5.390e-01 -3.272e+00 -2.858e+00 -4.244e+00 -2.444e+00 -4.701e-01 -6.758e-01 -1.045e+00 -1.240e+00 -2.398e+00 -2.485e+00 -3.239e+00 -4.508e+00 -7.445e+00 -1.070e+01 -1.357e+01
-6.319 -8.745 17.346 23.110 0.125 0.158 1.000 -5.256e-01 -3.302e+00 -2.894e+00 -4.277e+00 -2.474e+00 -4.875e-01 -6.798e-01 -1.035e+00 -1.217e+00 -2.361e+00 -2.389e+00 -3.056e+00 -4.232e+00 -7.155e+00 -1.039e+01 -1.325e+01
-6.240 -8.631 17.323 23.043 0.125 0.158 1.000 -5.124e-01 -3.334e+00 -2.930e+00 -4.311e+00 -2.505e+00 -5.056e-01 -6.847e-01 -1.027e+00 -1.195e+00 -2.326e+00 -2.299e+00 -2.879e+00 -3.960e+00 -6.870e+00 -1.009e+01 -1.293e+01
-6.160 -8.665 17.298 22.971 0.125 0.158 1.000 -4.991e-01 -3.367e+00 -2.968e+00 -4.346e+00 -2.537e+00 -5.248e-01 -6.905e-01 -1.020e+00 -1.174e+00 -2.291e+00 -2.212e+00 -2.705e+00 -3.692e+00 -6.587e+00 -9.787e+00 -1.262e+01
-6.080 -8.642 17.271 22.892 0.125 0.158 1.000 -4.861e-01 -3.402e+00 -3.007e+00 -4.381e+00 -2.569e+00 -5.446e-01 -6.973e-01 -1.013e+00 -1.154e+00 -2.259e+00 -2.131e+00 -2.539e+00 -3.429e+00 -6.311e+00 -9.495e+00 -1.231e+01
-5.999 -8.569 17.242 22.813 0.125 0.158 1.000 -4.733e-01 -3.438e+00 -3.047e+00 -4.417e+00 -2.602e+00 -5.652e-01 -7.052e-01 -1.008e+00 -1.137e+00 -2.228e+00 -2.057e+00 -2.380e+00 -3.173e+00 -6.041e+00 -9.210e+00 -1.202e+01
-5.920 -8.404 17.212 22.728 0.125 0.158 1.000 -4.610e-01 -3.474e+00 -3.086e+00 -4.453e+00 -2.635e+00 -5.864e-01 -7.141e-01 -1.005e+00 -1.121e+00 -2.200e+00 -1.989e+00 -2.230e+00 -2.925e+00 -5.782e+00 -8.936e+00 -1.173e+01
-5.840 -8.400 17.176 22.667 0.188 0.211 1.000 -4.483e-01 -3.514e+00 -3.129e+00 -4.493e+00 -2.671e+00 -6.097e-01 -7.247e-01 -1.003e+00 -1.105e+00 -2.172e+00 -1.927e+00 -2.090e+00 -2.687e+00 -5.531e+00 -8.670e+00 -1.145e+01
-5.760 -8.441 17.141 22.544 0.125 0.211 1.000 -4.365e-01 -3.554e+00 -3.172e+00 -4.531e+00 -2.706e+00 -6.333e-01 -7.364e-01 -1.003e+00 -1.094e+00 -2.149e+00 -1.871e+00 -1.961e+00 -2.460e+00 -5.291e+00 -8.418e+00 -1.118e+01
-5.680 -8.325 17.105 22.423 0.188 0.211 1.000 -4.257e-01 -3.594e+00 -3.213e+00 -4.569e+00 -2.741e+00 -6.569e-01 -7.493e-01 -1.005e+00 -1.085e+00 -2.129e+00 -1.823e+00 -1.843e+00 -2.245e+00 -5.066e+00 -8.181e+00 -1.094e+01
-5.600 -8.092 17.070 22.379 0.188 0.211 1.000 -4.160e-01 -3.632e+00 -3.253e+00 -4.606e+00 -2.774e+00 -6.808e-01 -7.634e-01 -1.009e+00 -1.079e+00 -2.118e+00 -1.782e+00 -1.736e+00 -2.044e+00 -4.854e+00 -7.958e+00 -1.070e+01
-5.520 -8.564 17.037 22.213 0.125 0.316 1.000 -4.076e-01 -3.668e+00 -3.290e+00 -4.640e+00 -2.806e+00 -7.044e-01 -7.786e-01 -1.016e+00 -1.077e+00 -2.103e+00 -1.748e+00 -1.643e+00 -1.859e+00 -4.661e+00 -7.756e+00 -1.049e+01
-5.440 -8.326 17.008 22.068 0.125 0.316 1.000 -4.001e-01 -3.703e+00 -3.327e+00 -4.674e+00 -2.837e+00 -7.284e-01 -7.952e-01 -1.025e+00 -1.079e+00 -2.097e+00 -1.721e+00 -1.561e+00 -1.690e+00 -4.484e+00 -7.571e+00 -1.030e+01
-5.360 -8.553 16.982 21.907 0.125 0.316 1.000 -3.937e-01 -3.737e+00 -3.362e+00 -4.707e+00 -2.868e+00 -7.531e-01 -8.134e-01 -1.037e+00 -1.084e+00 -2.096e+00 -1.699e+00 -1.488e+00 -1.537e+00 -4.325e+00 -7.404e+00 -1.013e+01
-5.279 -8.214 16.961 21.932 0.250 0.316 1.000 -3.881e-01 -3.770e+00 -3.395e+00 -4.739e+00 -2.899e+00 -7.785e-01 -8.332e-01 -1.051e+00 -1.093e+00 -2.107e+00 -1.684e+00 -1.424e+00 -1.400e+00 -4.183e+00 -7.257e+00 -9.973e+00
-5.200 -8.279 16.946 21.547 0.125 0.368 1.000 -3.836e-01 -3.801e+00 -3.428e+00 -4.771e+00 -2.929e+00 -8.046e-01 -8.549e-01 -1.068e+00 -1.106e+00 -2.108e+00 -1.673e+00 -1.368e+00 -1.279e+00 -4.057e+00 -7.126e+00 -9.838e+00
-5.120 -8.570 16.935 21.351 0.125 0.368 1.000 -3.798e-01 -3.832e+00 -3.461e+00 -4.803e+00 -2.961e+00 -8.320e-01 -8.784e-01 -1.088e+00 -1.121e+00 -2.119e+00 -1.667e+00 -1.317e+00 -1.174e+00 -3.948e+00 -7.012e+00 -9.720e+00
-5.040 -8.042 16.929 21.605 0.250 0.316 1.000 -3.764e-01 -3.862e+00 -3.493e+00 -4.835e+00 -2.992e+00 -8.606e-01 -9.036e-01 -1.110e+00 -1.140e+00 -2.141e+00 -1.663e+00 -1.271e+00 -1.082e+00 -3.853e+00 -6.915e+00 -9.619e+00
-4.960 -8.005 16.924 21.509 0.250 0.316 1.000 -3.735e-01 -3.893e+00 -3.527e+00 -4.868e+00 -3.025e+00 -8.905e-01 -9.306e-01 -1.134e+00 -1.161e+00 -2.159e+00 -1.661e+00 -1.230e+00 -1.004e+00 -3.771e+00 -6.830e+00 -9.532e+00
-4.880 -7.916 16.921 21.424 0.250 0.316 1.000 -3.707e-01 -3.925e+00 -3.561e+00 -4.902e+00 -3.059e+00 -9.216e-01 -9.588e-01 -1.159e+00 -1.183e+00 -2.178e+00 -1.660e+00 -1.194e+00 -9.371e-01 -3.702e+00 -6.758e+00 -9.457e+00
-4.800 -7.810 16.916 20.864 0.250 0.368 1.000 -3.678e-01 -3.958e+00 -3.595e+00 -4.937e+00 -3.094e+00 -9.535e-01 -9.879e-01 -1.186e+00 -1.207e+00 -2.193e+00 -1.661e+00 -1.163e+00 -8.813e-01 -3.643e+00 -6.696e+00 -9.392e+00
-4.720 -8.331 16.911 20.872 0.125 0.368 1.000 -3.651e-01 -3.989e+00 -3.629e+00 -4.970e+00 -3.127e+00 -9.844e-01 -1.016e+00 -1.211e+00 -1.230e+00 -2.213e+00 -1.662e+00 -1.136e+00 -8.359e-01 -3.595e+00 -6.645e+00 -9.338e+00
-4.640 -8.394 16.899 19.846 0.062 0.421 1.000 -3.618e-01 -4.024e+00 -3.665e+00 -5.006e+00 -3.162e+00 -1.016e+00 -1.045e+00 -1.236e+00 -1.251e+00 -2.232e+00 -1.663e+00 -1.114e+00 -7.990e-01 -3.555e+00 -6.601e+00 -9.291e+00
-4.560 -8.079 16.886 19.853 0.125 0.368 1.000 -3.586e-01 -4.055e+00 -3.698e+00 -5.039e+00 -3.199e+00 -1.046e+00 -1.071e+00 -1.259e+00 -1.271e+00 -2.248e+00 -1.664e+00 -1.097e+00 -7.696e-01 -3.522e+00 -6.566e+00 -9.252e+00
-4.480 -7.800 16.876 19.175 0.188 0.368 1.000 -3.561e-01 -4.081e+00 -3.725e+00 -5.066e+00 -3.226e+00 -1.070e+00 -1.093e+00 -1.279e+00 -1.288e+00 -2.263e+00 -1.666e+00 -1.084e+00 -7.476e-01 -3.498e+00 -6.539e+00 -9.223e+00
-4.400 -8.044 16.866 20.193 0.125 0.421 1.000 -3.542e-01 -4.101e+00 -3.746e+00 -5.086e+00 -3.242e+00 -1.088e+00 -1.109e+00 -1.293e+00 -1.301e+00 -2.273e+00 -1.667e+00 -1.075e+00 -7.324e-01 -3.481e+00 -6.519e+00 -9.202e+00
-4.320 -7.463 16.859 19.967 0.250 0.421 1.000 -3.528e-01 -4.116e+00 -3.761e+00 -5.102e+00 -3.256e+00 -1.101e+00 -1.121e+00 -1.303e+00 -1.309e+00 -2.281e+00 -1.668e+00 -1.070e+00 -7.227e-01 -3.470e+00 -6.507e+00 -9.188e+00
-4.240 -7.377 16.853 20.022 0.250 0.421 1.000 -3.517e-01 -4.125e+00 -3.771e+00 -5.111e+00 -3.266e+00 -1.110e+00 -1.128e+00 -1.310e+00 -1.315e+00 -2.285e+00 -1.669e+00 -1.067e+00 -7.169e-01 -3.463e+00 -6.499e+00 -9.179e+00
-4.160 -7.362 16.846 19.886 0.250 0.421 1.000 -3.507e-01 -4.133e+00 -3.779e+00 -5.119e+00 -3.273e+00 -1.117e+00 -1.134e+00 -1.314e+00 -1.319e+00 -2.288e+00 -1.669e+00 -1.064e+00 -7.129e-01 -3.458e+00 -6.493e+00 -9.172e+00
-4.080 -7.152 16.841 19.681 0.250 0.421 1.000 -3.499e-01 -4.139e+00 -3.785e+00 -5.125e+00 -3.279e+00 -1.122e+00 -1.138e+00 -1.318e+00 -1.321e+00 -2.290e+00 -1.670e+00 -1.063e+00 -7.102e-01 -3.454e+00 -6.489e+00 -9.167e+00
-4.000 -6.932 16.836 19.464 0.250 0.474 1.000 -3.492e-01 -4.144e+00 -3.790e+00 -5.129e+00 -3.284e+00 -1.125e+00 -1.141e+00 -1.320e+00 -1.323e+00 -2.291e+00 -1.670e+00 -1.062e+00 -7.083e-01 -3.452e+00 -6.485e+00 -9.163e+00
-3.920 -6.700 16.833 19.116 0.250 0.526 1.000 -3.488e-01 -4.146e+00 -3.793e+00 -5.131e+00 -3.286e+00 -1.128e+00 -1.143e+00 -1.322e+00 -1.324e+00 -2.292e+00 -1.670e+00 -1.061e+00 -7.070e-01 -3.450e+00 -6.483e+00 -9.160e+00
-3.838 -5.745 16.831 17.326 0.125 0.895 1.000 -3.486e-01 -4.149e+00 -3.795e+00 -5.133e+00 -3.288e+00 -1.129e+00 -1.144e+00 -1.323e+00 -1.325e+00 -2.293e+00 -1.670e+00 -1.061e+00 -7.064e-01 -3.449e+00 -6.482e+00 -9.159e+00
-3.743 -4.743 16.831 17.051 0.000 1.000 1.000 -3.486e-01 -4.149e+00 -3.795e+00 -5.133e+00 -3.288e+00 -1.129e+00 -1.145e+00 -1.323e+00 -1.325e+00 -2.293e+00 -1.670e+00 -1.061e+00 -7.064e-01 -3.449e+00 -6.482e+00 -9.159e+00
-3.660 -4.660 16.831 16.958 0.000 1.000 1.000 -3.486e-01 -4.149e+00 -3.795e+00 -5.133e+00 -3.288e+00 -1.129e+00 -1.145e+00 -1.323e+00 -1.325e+00 -2.293e+00 -1.670e+00 -1.061e+00 -7.063e-01 -3.449e+00 -6.482e+00 -9.159e+00
-3.578 -4.578 16.831 16.866 0.000 1.000 1.000 -3.486e-01 -4.149e+00 -3.795e+00 -5.133e+00 -3.288e+00 -1.129e+00 -1.145e+00 -1.323e+00 -1.325e+00 -2.293e+00 -1.670e+00 -1.061e+00 -7.063e-01 -3.449e+00 -6.482e+00 -9.159e+00
-3.495 -4.495 16.831 16.774 0.000 1.000 1.000 -3.486e-01 -4.149e+00 -3.795e+00 -5.133e+00 -3.288e+00 -1.129e+00 -1.145e+00 -1.323e+00 -1.325e+00 -2.293e+00 -1.670e+00 -1.061e+00 -7.063e-01 -3.449e+00 -6.482e+00 -9.159e+00
-3.412 -4.412 16.831 16.683 0.000 1.000 1.000 -3.486e-01 -4.149e+00 -3.795e+00 -5.133e+00 -3.288e+00 -1.129e+00 -1.145e+00 -1.323e+00 -1.325e+00 -2.293e+00 -1.670e+00 -1.061e+00 -7.063e-01 -3.449e+00 -6.482e+00 -9.159e+00
-3.329 -4.329 16.831 16.591 0.000 1.000 1.000 -3.486e-01 -4.149e+00 -3.795e+00 -5.133e+00 -3.288e+00 -1.129e+00 -1.145e+00 -1.323e+00 -1.325e+00 -2.293e+00 -1.670e+00 -1.061e+00 -7.063e-01 -3.449e+00 -6.482e+00 -9.159e+00
-3.246 -4.246 16.831 16.500 0.000 1.000 1.000 -3.486e-01 -4.149e+00 -3.795e+00 -5.133e+00 -3.288e+00 -1.129e+00 -1.145e+00 -1.323e+00 -1.325e+00 -2.293e+00 -1.670e+00 -1.061e+00 -7.063e-01 -3.449e+00 -6.482e+00 -9.159e+00
-3.164 -4.164 16.831 16.409 0.000 1.000 1.000 -3.486e-01 -4.149e+00 -3.795e+00 -5.133e+00 -3.288e+00 -1.129e+00 -1.145e+00 -1.323e+00 -1.325e+00 -2.293e+00 -1.670e+00 -1.061e+00 -7.063e-01 -3.449e+00 -6.482e+00 -9.159e+00
-3.081 -4.081 16.831 16.317 0.000 1.000 1.000 -3.486e-01 -4.149e+00 -3.795e+00 -5.133e+00 -3.288e+00 -1.129e+00 -1.145e+00 -1.323e+00 -1.325e+00 -2.293e+00 -1.670e+00 -1.061e+00 -7.063e-01 -3.449e+00 -6.482e+00 -9.159e+00
-3.039 -4.039 16.831 16.272 0.000 1.000 1.000 -3.486e-01 -4.149e+00 -3.795e+00 -5.133e+00 -3.288e+00 -1.129e+00 -1.145e+00 -1.323e+00 -1.325e+00 -2.293e+00 -1.670e+00 -1.061e+00 -7.063e-01 -3.449e+00 -6.482e+00 -9.159e+00
-2.957 -3.957 16.831 16.181 0.000 1.000 1.000 -3.486e-01 -4.149e+00 -3.795e+00 -5.133e+00 -3.288e+00 -1.129e+00 -1.145e+00 -1.323e+00 -1.325e+00 -2.293e+00 -1.670e+00 -1.061e+00 -7.063e-01 -3.449e+00 -6.482e+00 -9.159e+00
-2.874 -3.874 16.831 16.090 0.000 1.000 1.000 -3.486e-01 -4.149e+00 -3.795e+00 -5.133e+00 -3.288e+00 -1.129e+00 -1.145e+00 -1.323e+00 -1.325e+00 -2.293e+00 -1.670e+00 -1.061e+00 -7.063e-01 -3.449e+00 -6.482e+00 -9.159e+00
-2.791 -3.791 16.831 15.999 0.000 1.000 1.000 -3.486e-01 -4.149e+00 -3.795e+00 -5.133e+00 -3.288e+00 -1.129e+00 -1.145e+00 -1.323e+00 -1.325e+00 -2.293e+00 -1.670e+00 -1.061e+00 -7.063e-01 -3.449e+00 -6.482e+00 -9.159e+00
-2.708 -3.708 16.831 15.908 0.000 1.000 1.000 -3.486e-01 -4.149e+00 -3.795e+00 -5.133e+00 -3.288e+00 -1.129e+00 -1.145e+00 -1.323e+00 -1.325e+00 -2.293e+00 -1.670e+00 -1.061e+00 -7.063e-01 -3.449e+00 -6.482e+00 -9.159e+00
-2.626 -3.626 16.831 15.817 0.000 1.000 1.000 -3.486e-01 -4.149e+00 -3.795e+00 -5.133e+00 -3.288e+00 -1.129e+00 -1.145e+00 -1.323e+00 -1.325e+00 -2.293e+00 -1.670e+00 -1.061e+00 -7.062e-01 -3.449e+00 -6.482e+00 -9.159e+00
-2.543 -3.543 16.831 15.726 0.000 1.000 1.000 -3.486e-01 -4.149e+00 -3.795e+00 -5.133e+00 -3.288e+00 -1.129e+00 -1.145e+00 -1.323e+00 -1.325e+00 -2.293e+00 -1.670e+00 -1.061e+00 -7.062e-01 -3.449e+00 -6.482e+00 -9.159e+00
-2.460 -3.460 16.831 15.635 0.000 1.000 1.000 -3.486e-01 -4.149e+00 -3.795e+00 -5.133e+00 -3.288e+00 -1.129e+00 -1.145e+00 -1.323e+00 -1.325e+00 -2.293e+00 -1.670e+00 -1.061e+00 -7.062e-01 -3.449e+00 -6.482e+00 -9.159e+00
-2.377 -3.377 16.832 15.545 0.000 1.000 1.000 -3.486e-01 -4.149e+00 -3.795e+00 -5.133e+00 -3.288e+00 -1.129e+00 -1.145e+00 -1.323e+00 -1.325e+00 -2.293e+00 -1.670e+00 -1.061e+00 -7.062e-01 -3.449e+00 -6.482e+00 -9.159e+00
-2.294 -3.294 16.832 15.454 0.000 1.000 1.000 -3.486e-01 -4.149e+00 -3.795e+00 -5.133e+00 -3.288e+00 -1.129e+00 -1.145e+00 -1.323e+00 -1.325e+00 -2.293e+00 -1.670e+00 -1.061e+00 -7.062e-01 -3.449e+00 -6.482e+00 -9.159e+00
-2.212 -3.212 16.832 15.363 0.000 1.000 1.000 -3.486e-01 -4.149e+00 -3.795e+00 -5.133e+00 -3.288e+00 -1.129e+00 -1.145e+00 -1.323e+00 -1.325e+00 -2.293e+00 -1.670e+00 -1.061e+00 -7.062e-01 -3.449e+00 -6.482e+00 -9.159e+00
-2.129 -3.129 16.832 15.272 0.000 1.000 1.000 -3.486e-01 -4.149e+00 -3.795e+00 -5.133e+00 -3.288e+00 -1.129e+00 -1.145e+00 -1.323e+00 -1.325e+00 -2.293e+00 -1.670e+00 -1.061e+00 -7.062e-01 -3.449e+00 -6.482e+00 -9.159e+00
-2.046 -3.046 16.832 15.181 0.000 1.000 1.000 -3.486e-01 -4.149e+00 -3.795e+00 -5.133e+00 -3.288e+00 -1.129e+00 -1.145e+00 -1.323e+00 -1.325e+00 -2.293e+00 -1.670e+00 -1.061e+00 -7.062e-01 -3.449e+00 -6.482e+00 -9.159e+00
-1.963 -2.963 16.832 15.090 0.000 1.000 1.000 -3.486e-01 -4.149e+00 -3.795e+00 -5.133e+00 -3.288e+00 -1.129e+00 -1.145e+00 -1.323e+00 -1.325e+00 -2.293e+00 -1.670e+00 -1.061e+00 -7.062e-01 -3.449e+00 -6.482e+00 -9.159e+00