
#    t     dt   F+(4He)   F+(12C)   F+(16O)   F-(4He)   F-(12C)   F-(16O)   
-10.916 -11.846 5.744e+00 5.375e+00 2.370e+00 2.370e+00 5.025e+00 5.375e+00 5.743e+00 5.117e+00 5.374e+00
-10.862 -11.792 5.744e+00 5.374e+00 2.424e+00 2.424e+00 5.025e+00 5.374e+00 5.743e+00 5.117e+00 5.374e+00
-10.807 -11.738 5.744e+00 5.374e+00 2.478e+00 2.478e+00 5.026e+00 5.374e+00 5.743e+00 5.117e+00 5.374e+00
-10.753 -11.683 5.744e+00 5.374e+00 2.533e+00 2.533e+00 5.026e+00 5.374e+00 5.743e+00 5.116e+00 5.374e+00
-10.699 -11.629 5.744e+00 5.374e+00 2.587e+00 2.587e+00 5.026e+00 5.374e+00 5.743e+00 5.116e+00 5.374e+00
-10.645 -11.575 5.744e+00 5.374e+00 2.641e+00 2.641e+00 5.026e+00 5.374e+00 5.743e+00 5.116e+00 5.374e+00
-10.590 -11.521 5.744e+00 5.374e+00 2.695e+00 2.695e+00 5.026e+00 5.374e+00 5.743e+00 5.116e+00 5.374e+00
-10.536 -11.467 5.744e+00 5.374e+00 2.750e+00 2.750e+00 5.027e+00 5.374e+00 5.743e+00 5.116e+00 5.373e+00
-10.482 -11.412 5.744e+00 5.374e+00 2.804e+00 2.804e+00 5.027e+00 5.374e+00 5.743e+00 5.115e+00 5.373e+00
-10.428 -11.358 5.744e+00 5.374e+00 2.858e+00 2.858e+00 5.027e+00 5.374e+00 5.743e+00 5.115e+00 5.373e+00
-10.373 -11.304 5.744e+00 5.374e+00 2.912e+00 2.912e+00 5.028e+00 5.374e+00 5.743e+00 5.115e+00 5.373e+00
-10.319 -11.250 5.744e+00 5.374e+00 2.966e+00 2.966e+00 5.028e+00 5.374e+00 5.743e+00 5.114e+00 5.373e+00
-10.265 -11.195 5.744e+00 5.374e+00 3.021e+00 3.021e+00 5.029e+00 5.374e+00 5.743e+00 5.114e+00 5.372e+00
-10.211 -11.141 5.744e+00 5.374e+00 3.075e+00 3.075e+00 5.029e+00 5.374e+00 5.743e+00 5.113e+00 5.372e+00
-10.157 -11.087 5.744e+00 5.374e+00 3.129e+00 3.129e+00 5.030e+00 5.374e+00 5.743e+00 5.113e+00 5.372e+00
-10.102 -11.033 5.744e+00 5.374e+00 3.183e+00 3.183e+00 5.031e+00 5.374e+00 5.742e+00 5.112e+00 5.372e+00
-10.048 -10.978 5.744e+00 5.374e+00 3.237e+00 3.237e+00 5.031e+00 5.374e+00 5.742e+00 5.111e+00 5.371e+00
-9.994 -10.924 5.744e+00 5.374e+00 3.291e+00 3.291e+00 5.032e+00 5.374e+00 5.742e+00 5.111e+00 5.371e+00
-9.940 -10.870 5.744e+00 5.374e+00 3.346e+00 3.346e+00 5.033e+00 5.374e+00 5.742e+00 5.110e+00 5.370e+00
-9.885 -10.816 5.744e+00 5.374e+00 3.400e+00 3.400e+00 5.035e+00 5.374e+00 5.742e+00 5.109e+00 5.370e+00
-9.831 -10.762 5.744e+00 5.374e+00 3.454e+00 3.454e+00 5.036e+00 5.374e+00 5.741e+00 5.107e+00 5.369e+00
-9.777 -10.707 5.744e+00 5.374e+00 3.508e+00 3.508e+00 5.038e+00 5.374e+00 5.741e+00 5.106e+00 5.368e+00
-9.723 -10.653 5.744e+00 5.374e+00 3.562e+00 3.562e+00 5.039e+00 5.374e+00 5.741e+00 5.104e+00 5.367e+00
-9.669 -10.599 5.744e+00 5.374e+00 3.616e+00 3.616e+00 5.041e+00 5.374e+00 5.740e+00 5.103e+00 5.366e+00
-9.614 -10.545 5.744e+00 5.374e+00 3.670e+00 3.670e+00 5.043e+00 5.374e+00 5.740e+00 5.101e+00 5.365e+00
-9.560 -10.490 5.743e+00 5.374e+00 3.724e+00 3.724e+00 5.046e+00 5.374e+00 5.739e+00 5.098e+00 5.364e+00
-9.506 -10.436 5.743e+00 5.374e+00 3.778e+00 3.778e+00 5.049e+00 5.374e+00 5.739e+00 5.096e+00 5.363e+00
-9.452 -10.382 5.743e+00 5.374e+00 3.832e+00 3.832e+00 5.052e+00 5.374e+00 5.738e+00 5.093e+00 5.361e+00
-9.397 -10.328 5.743e+00 5.373e+00 3.886e+00 3.886e+00 5.055e+00 5.373e+00 5.737e+00 5.089e+00 5.359e+00
-9.343 -10.274 5.743e+00 5.373e+00 3.940e+00 3.940e+00 5.059e+00 5.373e+00 5.737e+00 5.085e+00 5.357e+00
-9.289 -10.219 5.743e+00 5.373e+00 3.994e+00 3.994e+00 5.064e+00 5.373e+00 5.736e+00 5.081e+00 5.355e+00
-9.235 -10.165 5.743e+00 5.373e+00 4.048e+00 4.048e+00 5.068e+00 5.373e+00 5.734e+00 5.076e+00 5.352e+00
-9.180 -10.111 5.743e+00 5.373e+00 4.101e+00 4.101e+00 5.074e+00 5.373e+00 5.733e+00 5.070e+00 5.349e+00
-9.126 -10.057 5.743e+00 5.373e+00 4.155e+00 4.155e+00 5.080e+00 5.373e+00 5.732e+00 5.063e+00 5.345e+00
-9.072 -10.002 5.743e+00 5.372e+00 4.209e+00 4.209e+00 5.087e+00 5.372e+00 5.730e+00 5.055e+00 5.342e+00
-9.018 -9.948 5.743e+00 5.372e+00 4.262e+00 4.262e+00 5.094e+00 5.372e+00 5.729e+00 5.046e+00 5.337e+00
-8.964 -9.894 5.743e+00 5.372e+00 4.316e+00 4.316e+00 5.103e+00 5.372e+00 5.727e+00 5.036e+00 5.332e+00
-8.909 -9.840 5.743e+00 5.371e+00 4.369e+00 4.369e+00 5.112e+00 5.371e+00 5.724e+00 5.024e+00 5.326e+00
-8.855 -9.785 5.743e+00 5.371e+00 4.422e+00 4.422e+00 5.122e+00 5.371e+00 5.722e+00 5.011e+00 5.319e+00
-8.801 -9.731 5.743e+00 5.371e+00 4.475e+00 4.475e+00 5.133e+00 5.371e+00 5.719e+00 4.995e+00 5.312e+00
-8.747 -9.677 5.743e+00 5.370e+00 4.528e+00 4.528e+00 5.146e+00 5.370e+00 5.715e+00 4.976e+00 5.303e+00
-8.692 -9.623 5.743e+00 5.370e+00 4.581e+00 4.581e+00 5.159e+00 5.370e+00 5.712e+00 4.954e+00 5.293e+00
-8.638 -9.569 5.742e+00 5.369e+00 4.633e+00 4.633e+00 5.174e+00 5.369e+00 5.707e+00 4.928e+00 5.281e+00
-8.584 -9.514 5.742e+00 5.368e+00 4.685e+00 4.685e+00 5.190e+00 5.368e+00 5.702e+00 4.896e+00 5.267e+00
-8.530 -9.460 5.742e+00 5.368e+00 4.737e+00 4.737e+00 5.207e+00 5.368e+00 5.697e+00 4.858e+00 5.252e+00
-8.475 -9.406 5.742e+00 5.367e+00 4.789e+00 4.789e+00 5.225e+00 5.367e+00 5.691e+00 4.812e+00 5.234e+00
-8.421 -9.352 5.742e+00 5.366e+00 4.840e+00 4.840e+00 5.245e+00 5.366e+00 5.684e+00 4.753e+00 5.212e+00
-8.367 -9.297 5.741e+00 5.365e+00 4.891e+00 4.891e+00 5.266e+00 5.365e+00 5.675e+00 4.676e+00 5.187e+00
-8.313 -9.243 5.741e+00 5.364e+00 4.941e+00 4.941e+00 5.288e+00 5.364e+00 5.666e+00 4.572e+00 5.158e+00
-8.259 -9.189 5.741e+00 5.363e+00 4.991e+00 4.991e+00 5.311e+00 5.363e+00 5.656e+00 4.416e+00 5.123e+00
-8.204 -9.135 5.740e+00 5.362e+00 5.040e+00 5.040e+00 5.335e+00 5.362e+00 5.644e+00 4.138e+00 5.081e+00
-8.150 -9.080 5.740e+00 5.361e+00 5.088e+00 5.088e+00 5.360e+00 5.361e+00 5.631e+00 2.333e+00 5.029e+00
-8.096 -9.026 5.740e+00 5.360e+00 5.136e+00 5.136e+00 5.386e+00 5.360e+00 5.615e+00 4.163e+00 4.965e+00
-8.042 -8.972 5.739e+00 5.358e+00 5.182e+00 5.182e+00 5.413e+00 5.358e+00 5.598e+00 4.485e+00 4.882e+00
-7.987 -8.918 5.738e+00 5.357e+00 5.227e+00 5.227e+00 5.440e+00 5.357e+00 5.578e+00 4.679e+00 4.770e+00
-7.933 -8.864 5.738e+00 5.356e+00 5.271e+00 5.271e+00 5.467e+00 5.356e+00 5.556e+00 4.820e+00 4.606e+00
-7.879 -8.809 5.737e+00 5.356e+00 5.314e+00 5.314e+00 5.494e+00 5.356e+00 5.531e+00 4.932e+00 4.319e+00
-7.825 -8.755 5.736e+00 5.355e+00 5.355e+00 5.355e+00 5.521e+00 5.355e+00 5.503e+00 5.024e+00 2.552e+00
-7.770 -8.701 5.735e+00 5.355e+00 5.393e+00 5.393e+00 5.548e+00 5.355e+00 5.471e+00 5.101e+00 4.318e+00
-7.716 -8.647 5.734e+00 5.356e+00 5.430e+00 5.430e+00 5.573e+00 5.356e+00 5.436e+00 5.168e+00 4.626e+00
-7.662 -8.592 5.732e+00 5.357e+00 5.464e+00 5.464e+00 5.597e+00 5.357e+00 5.396e+00 5.225e+00 4.803e+00
-7.608 -8.538 5.731e+00 5.359e+00 5.495e+00 5.495e+00 5.619e+00 5.359e+00 5.353e+00 5.273e+00 4.925e+00
-7.554 -8.484 5.729e+00 5.362e+00 5.524e+00 5.524e+00 5.639e+00 5.362e+00 5.306e+00 5.313e+00 5.015e+00
-7.499 -8.430 5.727e+00 5.367e+00 5.549e+00 5.549e+00 5.657e+00 5.367e+00 5.256e+00 5.345e+00 5.083e+00
-7.445 -8.375 5.725e+00 5.372e+00 5.570e+00 5.570e+00 5.672e+00 5.372e+00 5.203e+00 5.370e+00 5.133e+00
-7.391 -8.321 5.723e+00 5.380e+00 5.588e+00 5.588e+00 5.684e+00 5.380e+00 5.150e+00 5.387e+00 5.169e+00
-7.337 -8.267 5.720e+00 5.388e+00 5.602e+00 5.602e+00 5.693e+00 5.388e+00 5.098e+00 5.396e+00 5.191e+00
-7.282 -8.213 5.717e+00 5.399e+00 5.612e+00 5.612e+00 5.699e+00 5.399e+00 5.050e+00 5.397e+00 5.202e+00
-7.228 -8.159 5.714e+00 5.410e+00 5.619e+00 5.619e+00 5.701e+00 5.410e+00 5.008e+00 5.390e+00 5.201e+00
-7.174 -8.104 5.711e+00 5.423e+00 5.622e+00 5.622e+00 5.701e+00 5.423e+00 4.976e+00 5.375e+00 5.188e+00
-7.120 -8.050 5.707e+00 5.436e+00 5.622e+00 5.622e+00 5.697e+00 5.436e+00 4.954e+00 5.352e+00 5.164e+00
-7.065 -7.996 5.703e+00 5.450e+00 5.620e+00 5.620e+00 5.691e+00 5.450e+00 4.942e+00 5.319e+00 5.129e+00
-7.011 -7.942 5.698e+00 5.464e+00 5.615e+00 5.615e+00 5.682e+00 5.464e+00 4.939e+00 5.278e+00 5.082e+00
-6.957 -7.887 5.693e+00 5.478e+00 5.609e+00 5.609e+00 5.672e+00 5.478e+00 4.941e+00 5.229e+00 5.022e+00
-6.903 -7.833 5.688e+00 5.492e+00 5.601e+00 5.601e+00 5.661e+00 5.492e+00 4.947e+00 5.170e+00 4.948e+00
-6.849 -7.779 5.683e+00 5.504e+00 5.593e+00 5.593e+00 5.649e+00 5.504e+00 4.955e+00 5.101e+00 4.859e+00
-6.794 -7.725 5.677e+00 5.515e+00 5.584e+00 5.584e+00 5.637e+00 5.515e+00 4.961e+00 5.024e+00 4.751e+00
-6.740 -7.670 5.671e+00 5.525e+00 5.576e+00 5.576e+00 5.625e+00 5.525e+00 4.964e+00 4.938e+00 4.623e+00
-6.686 -7.616 5.665e+00 5.533e+00 5.569e+00 5.569e+00 5.614e+00 5.533e+00 4.963e+00 4.844e+00 4.468e+00
-6.632 -7.562 5.658e+00 5.539e+00 5.562e+00 5.562e+00 5.604e+00 5.539e+00 4.956e+00 4.744e+00 4.279e+00
-6.577 -7.508 5.652e+00 5.543e+00 5.557e+00 5.557e+00 5.595e+00 5.543e+00 4.945e+00 4.642e+00 4.035e+00
-6.531 -7.526 5.645e+00 5.546e+00 5.552e+00 5.552e+00 5.587e+00 5.546e+00 4.928e+00 4.538e+00 3.671e+00
-6.494 -7.577 5.638e+00 5.548e+00 5.548e+00 5.548e+00 5.581e+00 5.548e+00 4.908e+00 4.446e+00 2.848e+00
-6.461 -7.595 5.633e+00 5.548e+00 5.546e+00 5.546e+00 5.576e+00 5.548e+00 4.889e+00 4.378e+00 3.173e+00
-6.431 -7.614 5.628e+00 5.547e+00 5.543e+00 5.543e+00 5.572e+00 5.547e+00 4.873e+00 4.313e+00 3.514e+00
-6.405 -7.633 5.623e+00 5.547e+00 5.541e+00 5.541e+00 5.568e+00 5.547e+00 4.858e+00 4.257e+00 3.648e+00
-6.381 -7.651 5.619e+00 5.546e+00 5.539e+00 5.539e+00 5.565e+00 5.546e+00 4.844e+00 4.207e+00 3.728e+00
-6.359 -7.670 5.615e+00 5.545e+00 5.537e+00 5.537e+00 5.562e+00 5.545e+00 4.830e+00 4.163e+00 3.779e+00
-6.339 -7.689 5.611e+00 5.543e+00 5.535e+00 5.535e+00 5.560e+00 5.543e+00 4.818e+00 4.122e+00 3.813e+00
-6.321 -7.707 5.608e+00 5.542e+00 5.533e+00 5.534e+00 5.557e+00 5.542e+00 4.807e+00 4.086e+00 3.838e+00
-6.301 -7.653 5.605e+00 5.541e+00 5.532e+00 5.532e+00 5.555e+00 5.541e+00 4.796e+00 4.053e+00 3.856e+00
-6.285 -7.735 5.602e+00 5.540e+00 5.530e+00 5.530e+00 5.552e+00 5.539e+00 4.786e+00 4.019e+00 3.872e+00
-6.268 -7.681 5.599e+00 5.538e+00 5.529e+00 5.529e+00 5.550e+00 5.538e+00 4.777e+00 3.991e+00 3.881e+00
-6.254 -7.731 5.597e+00 5.537e+00 5.527e+00 5.527e+00 5.548e+00 5.537e+00 4.767e+00 3.962e+00 3.890e+00
-6.240 -7.750 5.594e+00 5.535e+00 5.525e+00 5.525e+00 5.546e+00 5.535e+00 4.759e+00 3.935e+00 3.896e+00
-6.227 -7.768 5.591e+00 5.534e+00 5.524e+00 5.524e+00 5.544e+00 5.534e+00 4.750e+00 3.911e+00 3.901e+00
-6.213 -7.714 5.589e+00 5.533e+00 5.522e+00 5.522e+00 5.543e+00 5.533e+00 4.742e+00 3.888e+00 3.904e+00
-6.201 -7.764 5.587e+00 5.531e+00 5.521e+00 5.521e+00 5.541e+00 5.531e+00 4.735e+00 3.865e+00 3.907e+00
-6.190 -7.783 5.585e+00 5.530e+00 5.520e+00 5.520e+00 5.539e+00 5.530e+00 4.727e+00 3.843e+00 3.909e+00
-6.180 -7.802 5.582e+00 5.529e+00 5.518e+00 5.518e+00 5.537e+00 5.529e+00 4.720e+00 3.823e+00 3.910e+00
-6.168 -7.747 5.580e+00 5.528e+00 5.517e+00 5.517e+00 5.536e+00 5.528e+00 4.714e+00 3.804e+00 3.911e+00
-6.158 -7.798 5.578e+00 5.526e+00 5.516e+00 5.516e+00 5.534e+00 5.526e+00 4.707e+00 3.785e+00 3.912e+00
-6.148 -7.816 5.576e+00 5.525e+00 5.514e+00 5.514e+00 5.532e+00 5.525e+00 4.701e+00 3.767e+00 3.912e+00
-6.138 -7.762 5.574e+00 5.524e+00 5.513e+00 5.513e+00 5.531e+00 5.524e+00 4.695e+00 3.751e+00 3.911e+00
-6.129 -7.812 5.573e+00 5.522e+00 5.512e+00 5.512e+00 5.529e+00 5.522e+00 4.688e+00 3.734e+00 3.911e+00
-6.120 -7.831 5.571e+00 5.521e+00 5.510e+00 5.511e+00 5.528e+00 5.521e+00 4.683e+00 3.717e+00 3.910e+00
-6.111 -7.777 5.569e+00 5.520e+00 5.509e+00 5.509e+00 5.527e+00 5.520e+00 4.677e+00 3.702e+00 3.909e+00
-6.103 -7.827 5.567e+00 5.519e+00 5.508e+00 5.508e+00 5.525e+00 5.519e+00 4.672e+00 3.687e+00 3.908e+00
-6.095 -7.845 5.565e+00 5.518e+00 5.507e+00 5.507e+00 5.524e+00 5.518e+00 4.666e+00 3.672e+00 3.906e+00
-6.086 -7.791 5.564e+00 5.516e+00 5.506e+00 5.506e+00 5.522e+00 5.516e+00 4.661e+00 3.659e+00 3.905e+00
-6.079 -7.841 5.562e+00 5.515e+00 5.504e+00 5.505e+00 5.521e+00 5.515e+00 4.656e+00 3.645e+00 3.904e+00
-6.071 -7.860 5.561e+00 5.514e+00 5.503e+00 5.503e+00 5.520e+00 5.514e+00 4.651e+00 3.631e+00 3.902e+00
-6.064 -7.806 5.559e+00 5.513e+00 5.502e+00 5.502e+00 5.519e+00 5.513e+00 4.646e+00 3.619e+00 3.900e+00
-6.057 -7.856 5.557e+00 5.512e+00 5.501e+00 5.501e+00 5.517e+00 5.512e+00 4.641e+00 3.606e+00 3.899e+00
-6.050 -7.875 5.556e+00 5.511e+00 5.500e+00 5.500e+00 5.516e+00 5.511e+00 4.637e+00 3.594e+00 3.897e+00
-6.043 -7.821 5.554e+00 5.510e+00 5.499e+00 5.499e+00 5.515e+00 5.510e+00 4.632e+00 3.583e+00 3.895e+00
-6.036 -7.871 5.553e+00 5.509e+00 5.498e+00 5.498e+00 5.514e+00 5.509e+00 4.628e+00 3.571e+00 3.893e+00
-6.029 -7.817 5.552e+00 5.508e+00 5.497e+00 5.497e+00 5.512e+00 5.507e+00 4.624e+00 3.560e+00 3.892e+00
-6.023 -7.867 5.550e+00 5.506e+00 5.496e+00 5.496e+00 5.511e+00 5.506e+00 4.619e+00 3.548e+00 3.890e+00
-6.017 -7.885 5.549e+00 5.505e+00 5.495e+00 5.495e+00 5.510e+00 5.505e+00 4.615e+00 3.537e+00 3.888e+00
-6.010 -7.831 5.547e+00 5.504e+00 5.494e+00 5.494e+00 5.509e+00 5.504e+00 4.611e+00 3.527e+00 3.886e+00
-6.005 -7.881 5.546e+00 5.503e+00 5.493e+00 5.493e+00 5.508e+00 5.503e+00 4.607e+00 3.516e+00 3.884e+00
-5.999 -7.900 5.545e+00 5.502e+00 5.492e+00 5.492e+00 5.507e+00 5.502e+00 4.603e+00 3.506e+00 3.882e+00
-5.993 -7.846 5.543e+00 5.501e+00 5.491e+00 5.491e+00 5.505e+00 5.501e+00 4.599e+00 3.497e+00 3.880e+00
-5.988 -7.896 5.542e+00 5.500e+00 5.490e+00 5.490e+00 5.504e+00 5.500e+00 4.596e+00 3.487e+00 3.878e+00
-5.982 -7.915 5.541e+00 5.499e+00 5.489e+00 5.489e+00 5.503e+00 5.499e+00 4.592e+00 3.478e+00 3.876e+00
-5.977 -7.860 5.539e+00 5.498e+00 5.488e+00 5.488e+00 5.502e+00 5.498e+00 4.588e+00 3.469e+00 3.874e+00
-5.972 -7.911 5.538e+00 5.497e+00 5.487e+00 5.487e+00 5.501e+00 5.497e+00 4.585e+00 3.460e+00 3.872e+00
-5.966 -7.856 5.537e+00 5.496e+00 5.486e+00 5.486e+00 5.500e+00 5.496e+00 4.581e+00 3.451e+00 3.870e+00
-5.961 -7.907 5.536e+00 5.495e+00 5.485e+00 5.485e+00 5.499e+00 5.495e+00 4.578e+00 3.442e+00 3.868e+00
-5.956 -7.925 5.535e+00 5.494e+00 5.484e+00 5.484e+00 5.498e+00 5.494e+00 4.574e+00 3.433e+00 3.866e+00
-5.951 -7.871 5.533e+00 5.493e+00 5.483e+00 5.483e+00 5.497e+00 5.493e+00 4.571e+00 3.425e+00 3.864e+00
-5.947 -7.921 5.532e+00 5.492e+00 5.482e+00 5.482e+00 5.496e+00 5.492e+00 4.568e+00 3.417e+00 3.862e+00
-5.941 -7.867 5.531e+00 5.492e+00 5.481e+00 5.481e+00 5.495e+00 5.491e+00 4.565e+00 3.409e+00 3.860e+00
-5.937 -7.917 5.530e+00 5.491e+00 5.480e+00 5.480e+00 5.494e+00 5.491e+00 4.561e+00 3.401e+00 3.858e+00
-5.932 -7.936 5.529e+00 5.490e+00 5.479e+00 5.480e+00 5.493e+00 5.490e+00 4.558e+00 3.393e+00 3.856e+00
-5.928 -7.882 5.528e+00 5.489e+00 5.478e+00 5.479e+00 5.492e+00 5.489e+00 4.555e+00 3.385e+00 3.854e+00
-5.923 -7.932 5.527e+00 5.488e+00 5.478e+00 5.478e+00 5.491e+00 5.488e+00 4.552e+00 3.378e+00 3.852e+00
-5.919 -7.878 5.525e+00 5.487e+00 5.477e+00 5.477e+00 5.490e+00 5.487e+00 4.549e+00 3.370e+00 3.851e+00
-5.914 -7.928 5.524e+00 5.486e+00 5.476e+00 5.476e+00 5.489e+00 5.486e+00 4.546e+00 3.363e+00 3.849e+00
-5.910 -7.947 5.523e+00 5.485e+00 5.475e+00 5.475e+00 5.488e+00 5.485e+00 4.543e+00 3.355e+00 3.847e+00
-5.906 -7.892 5.522e+00 5.484e+00 5.474e+00 5.474e+00 5.487e+00 5.484e+00 4.540e+00 3.349e+00 3.845e+00
-5.902 -7.942 5.521e+00 5.483e+00 5.473e+00 5.474e+00 5.487e+00 5.483e+00 4.537e+00 3.341e+00 3.843e+00
-5.897 -7.888 5.520e+00 5.483e+00 5.472e+00 5.473e+00 5.486e+00 5.482e+00 4.534e+00 3.335e+00 3.841e+00
-5.893 -7.938 5.519e+00 5.482e+00 5.472e+00 5.472e+00 5.485e+00 5.482e+00 4.531e+00 3.327e+00 3.839e+00
-5.890 -7.957 5.518e+00 5.481e+00 5.471e+00 5.471e+00 5.484e+00 5.481e+00 4.529e+00 3.321e+00 3.837e+00
-5.886 -7.903 5.517e+00 5.480e+00 5.470e+00 5.470e+00 5.483e+00 5.480e+00 4.526e+00 3.314e+00 3.835e+00
-5.882 -7.953 5.516e+00 5.479e+00 5.469e+00 5.469e+00 5.482e+00 5.479e+00 4.523e+00 3.308e+00 3.833e+00
-5.878 -7.899 5.515e+00 5.478e+00 5.468e+00 5.469e+00 5.481e+00 5.478e+00 4.520e+00 3.301e+00 3.832e+00
-5.874 -7.949 5.514e+00 5.477e+00 5.467e+00 5.468e+00 5.480e+00 5.477e+00 4.518e+00 3.295e+00 3.830e+00
-5.870 -7.968 5.513e+00 5.477e+00 5.467e+00 5.467e+00 5.479e+00 5.477e+00 4.515e+00 3.288e+00 3.828e+00
-5.867 -7.914 5.512e+00 5.476e+00 5.466e+00 5.466e+00 5.479e+00 5.476e+00 4.513e+00 3.283e+00 3.826e+00
-5.863 -7.964 5.511e+00 5.475e+00 5.465e+00 5.465e+00 5.478e+00 5.475e+00 4.510e+00 3.276e+00 3.824e+00
-5.859 -7.909 5.510e+00 5.474e+00 5.464e+00 5.465e+00 5.477e+00 5.474e+00 4.507e+00 3.270e+00 3.823e+00
-5.856 -7.960 5.509e+00 5.473e+00 5.464e+00 5.464e+00 5.476e+00 5.473e+00 4.505e+00 3.264e+00 3.821e+00
-5.853 -7.978 5.508e+00 5.473e+00 5.463e+00 5.463e+00 5.475e+00 5.472e+00 4.502e+00 3.258e+00 3.819e+00
-5.849 -7.924 5.507e+00 5.472e+00 5.462e+00 5.462e+00 5.474e+00 5.472e+00 4.500e+00 3.253e+00 3.817e+00
-5.846 -7.974 5.506e+00 5.471e+00 5.461e+00 5.462e+00 5.474e+00 5.471e+00 4.498e+00 3.247e+00 3.815e+00
-5.842 -7.920 5.505e+00 5.470e+00 5.460e+00 5.461e+00 5.473e+00 5.470e+00 4.495e+00 3.241e+00 3.814e+00
-5.839 -7.970 5.505e+00 5.469e+00 5.460e+00 5.460e+00 5.472e+00 5.469e+00 4.493e+00 3.236e+00 3.812e+00
-5.836 -7.989 5.504e+00 5.469e+00 5.459e+00 5.459e+00 5.471e+00 5.469e+00 4.490e+00 3.230e+00 3.810e+00
-5.832 -7.935 5.503e+00 5.468e+00 5.458e+00 5.459e+00 5.470e+00 5.468e+00 4.488e+00 3.225e+00 3.809e+00
-5.829 -7.985 5.502e+00 5.467e+00 5.457e+00 5.458e+00 5.470e+00 5.467e+00 4.486e+00 3.220e+00 3.807e+00
-5.826 -7.931 5.501e+00 5.466e+00 5.457e+00 5.457e+00 5.469e+00 5.466e+00 4.484e+00 3.214e+00 3.805e+00
-5.823 -7.981 5.500e+00 5.466e+00 5.456e+00 5.456e+00 5.468e+00 5.466e+00 4.481e+00 3.209e+00 3.803e+00
-5.819 -7.927 5.499e+00 5.465e+00 5.455e+00 5.456e+00 5.467e+00 5.465e+00 4.479e+00 3.204e+00 3.802e+00
-5.816 -7.977 5.498e+00 5.464e+00 5.455e+00 5.455e+00 5.467e+00 5.464e+00 4.477e+00 3.198e+00 3.800e+00
-5.813 -7.996 5.497e+00 5.463e+00 5.454e+00 5.454e+00 5.466e+00 5.463e+00 4.475e+00 3.193e+00 3.798e+00
-5.810 -7.941 5.497e+00 5.463e+00 5.453e+00 5.453e+00 5.465e+00 5.463e+00 4.472e+00 3.188e+00 3.797e+00
-5.807 -7.992 5.496e+00 5.462e+00 5.452e+00 5.453e+00 5.464e+00 5.462e+00 4.470e+00 3.183e+00 3.795e+00
-5.804 -7.937 5.495e+00 5.461e+00 5.452e+00 5.452e+00 5.463e+00 5.461e+00 4.468e+00 3.178e+00 3.793e+00
-5.801 -7.988 5.494e+00 5.460e+00 5.451e+00 5.451e+00 5.463e+00 5.460e+00 4.466e+00 3.173e+00 3.792e+00
-5.799 -8.006 5.493e+00 5.460e+00 5.450e+00 5.451e+00 5.462e+00 5.460e+00 4.464e+00 3.168e+00 3.790e+00
-5.779 -8.013 5.488e+00 5.455e+00 5.445e+00 5.446e+00 5.457e+00 5.455e+00 4.450e+00 3.136e+00 3.779e+00
-5.748 -8.030 5.478e+00 5.447e+00 5.438e+00 5.438e+00 5.449e+00 5.447e+00 4.427e+00 3.085e+00 3.761e+00
-5.718 -7.993 5.469e+00 5.439e+00 5.429e+00 5.430e+00 5.440e+00 5.438e+00 4.404e+00 3.035e+00 3.743e+00
-5.689 -8.006 5.460e+00 5.430e+00 5.421e+00 5.422e+00 5.432e+00 5.430e+00 4.382e+00 2.987e+00 3.724e+00
-5.659 -8.015 5.450e+00 5.421e+00 5.412e+00 5.413e+00 5.423e+00 5.421e+00 4.359e+00 2.937e+00 3.704e+00
-5.630 -8.075 5.440e+00 5.412e+00 5.404e+00 5.404e+00 5.413e+00 5.412e+00 4.335e+00 2.888e+00 3.684e+00
-5.598 -8.044 5.429e+00 5.402e+00 5.394e+00 5.394e+00 5.403e+00 5.402e+00 4.310e+00 2.837e+00 3.662e+00
-5.569 -8.095 5.418e+00 5.392e+00 5.384e+00 5.385e+00 5.393e+00 5.392e+00 4.286e+00 2.788e+00 3.641e+00
-5.540 -8.111 5.407e+00 5.381e+00 5.374e+00 5.375e+00 5.382e+00 5.381e+00 4.261e+00 2.739e+00 3.618e+00
-5.510 -8.068 5.395e+00 5.370e+00 5.363e+00 5.364e+00 5.371e+00 5.370e+00 4.235e+00 2.689e+00 3.595e+00
-5.479 -8.145 5.383e+00 5.359e+00 5.351e+00 5.353e+00 5.360e+00 5.358e+00 4.209e+00 2.638e+00 3.570e+00
-5.450 -8.145 5.370e+00 5.347e+00 5.340e+00 5.341e+00 5.348e+00 5.346e+00 4.182e+00 2.588e+00 3.545e+00
-5.419 -8.105 5.357e+00 5.334e+00 5.327e+00 5.329e+00 5.335e+00 5.334e+00 4.153e+00 2.537e+00 3.519e+00
-5.390 -8.184 5.344e+00 5.322e+00 5.314e+00 5.316e+00 5.322e+00 5.321e+00 4.124e+00 2.485e+00 3.491e+00
-5.359 -8.182 5.330e+00 5.308e+00 5.301e+00 5.303e+00 5.309e+00 5.308e+00 4.094e+00 2.434e+00 3.463e+00
-5.329 -8.140 5.315e+00 5.295e+00 5.288e+00 5.290e+00 5.295e+00 5.294e+00 4.064e+00 2.382e+00 3.434e+00
-5.300 -8.164 5.301e+00 5.281e+00 5.274e+00 5.277e+00 5.281e+00 5.280e+00 4.032e+00 2.330e+00 3.403e+00
-5.270 -8.175 5.285e+00 5.266e+00 5.259e+00 5.262e+00 5.266e+00 5.265e+00 3.998e+00 2.276e+00 3.371e+00
-5.240 -8.228 5.270e+00 5.251e+00 5.244e+00 5.248e+00 5.251e+00 5.250e+00 3.964e+00 2.222e+00 3.337e+00
-5.210 -8.188 5.254e+00 5.236e+00 5.229e+00 5.233e+00 5.236e+00 5.234e+00 3.928e+00 2.168e+00 3.303e+00
-5.180 -8.204 5.237e+00 5.220e+00 5.213e+00 5.217e+00 5.220e+00 5.218e+00 3.890e+00 2.112e+00 3.266e+00
-5.150 -8.208 5.221e+00 5.204e+00 5.197e+00 5.202e+00 5.204e+00 5.202e+00 3.851e+00 2.055e+00 3.227e+00
-5.120 -8.219 5.204e+00 5.187e+00 5.181e+00 5.186e+00 5.188e+00 5.186e+00 3.810e+00 1.997e+00 3.187e+00
-5.090 -8.264 5.187e+00 5.171e+00 5.165e+00 5.170e+00 5.171e+00 5.169e+00 3.766e+00 1.938e+00 3.144e+00
-5.060 -8.230 5.170e+00 5.154e+00 5.148e+00 5.154e+00 5.154e+00 5.152e+00 3.720e+00 1.877e+00 3.099e+00
-5.030 -8.230 5.153e+00 5.138e+00 5.132e+00 5.138e+00 5.138e+00 5.136e+00 3.673e+00 1.815e+00 3.052e+00
-5.000 -8.301 5.136e+00 5.121e+00 5.115e+00 5.123e+00 5.121e+00 5.119e+00 3.622e+00 1.751e+00 3.002e+00
-4.970 -8.298 5.119e+00 5.105e+00 5.099e+00 5.107e+00 5.105e+00 5.102e+00 3.568e+00 1.684e+00 2.948e+00
-4.940 -8.262 5.103e+00 5.089e+00 5.083e+00 5.092e+00 5.089e+00 5.086e+00 3.511e+00 1.616e+00 2.892e+00
-4.910 -8.324 5.087e+00 5.073e+00 5.068e+00 5.077e+00 5.073e+00 5.070e+00 3.451e+00 1.545e+00 2.832e+00
-4.880 -8.318 5.072e+00 5.058e+00 5.053e+00 5.063e+00 5.059e+00 5.055e+00 3.387e+00 1.471e+00 2.768e+00
-4.850 -8.335 5.057e+00 5.044e+00 5.039e+00 5.049e+00 5.044e+00 5.041e+00 3.318e+00 1.394e+00 2.701e+00
-4.820 -8.268 5.043e+00 5.031e+00 5.025e+00 5.036e+00 5.031e+00 5.027e+00 3.246e+00 1.313e+00 2.628e+00
-4.790 -8.334 5.031e+00 5.018e+00 5.013e+00 5.025e+00 5.018e+00 5.015e+00 3.169e+00 1.228e+00 2.551e+00
-4.760 -8.282 5.019e+00 5.007e+00 5.002e+00 5.014e+00 5.007e+00 5.003e+00 3.086e+00 1.139e+00 2.469e+00
-4.730 -8.285 5.008e+00 4.997e+00 4.991e+00 5.004e+00 4.997e+00 4.992e+00 2.998e+00 1.046e+00 2.381e+00
-4.700 -8.344 4.999e+00 4.987e+00 4.982e+00 4.995e+00 4.988e+00 4.983e+00 2.904e+00 9.472e-01 2.288e+00
-4.670 -8.295 4.991e+00 4.979e+00 4.974e+00 4.988e+00 4.979e+00 4.975e+00 2.804e+00 8.427e-01 2.188e+00
-4.640 -8.347 4.983e+00 4.973e+00 4.967e+00 4.981e+00 4.973e+00 4.968e+00 2.697e+00 7.321e-01 2.081e+00
-4.610 -8.339 4.978e+00 4.967e+00 4.962e+00 4.976e+00 4.967e+00 4.962e+00 2.582e+00 6.144e-01 1.966e+00
-4.580 -8.342 4.973e+00 4.962e+00 4.957e+00 4.971e+00 4.962e+00 4.957e+00 2.459e+00 4.893e-01 1.843e+00
-4.550 -8.352 4.969e+00 4.958e+00 4.953e+00 4.968e+00 4.958e+00 4.953e+00 2.328e+00 3.562e-01 1.712e+00
-4.520 -8.344 4.965e+00 4.955e+00 4.950e+00 4.965e+00 4.955e+00 4.950e+00 2.187e+00 2.140e-01 1.571e+00
-4.490 -8.358 4.963e+00 4.953e+00 4.947e+00 4.963e+00 4.953e+00 4.948e+00 2.037e+00 6.253e-02 1.421e+00
-4.460 -8.344 4.961e+00 4.951e+00 4.946e+00 4.961e+00 4.951e+00 4.946e+00 1.876e+00 -9.959e-02 1.260e+00
-4.430 -8.291 4.960e+00 4.950e+00 4.944e+00 4.960e+00 4.950e+00 4.944e+00 1.703e+00 -2.728e-01 1.087e+00
-4.400 -8.348 4.959e+00 4.949e+00 4.943e+00 4.959e+00 4.949e+00 4.944e+00 1.518e+00 -4.583e-01 9.021e-01
-4.370 -8.297 4.958e+00 4.948e+00 4.943e+00 4.958e+00 4.948e+00 4.943e+00 1.335e+00 -6.417e-01 7.189e-01
-4.340 -8.128 4.958e+00 4.948e+00 4.943e+00 4.958e+00 4.948e+00 4.943e+00 1.166e+00 -8.104e-01 5.504e-01
-4.310 -8.027 4.958e+00 4.947e+00 4.942e+00 4.958e+00 4.947e+00 4.942e+00 1.011e+00 -9.660e-01 3.949e-01
-4.280 -8.007 4.958e+00 4.947e+00 4.942e+00 4.957e+00 4.947e+00 4.942e+00 8.688e-01 -1.108e+00 2.528e-01
-4.250 -8.084 4.957e+00 4.947e+00 4.942e+00 4.957e+00 4.947e+00 4.942e+00 7.377e-01 -1.239e+00 1.217e-01
-4.220 -7.696 4.957e+00 4.947e+00 4.942e+00 4.957e+00 4.947e+00 4.942e+00 6.174e-01 -1.360e+00 1.425e-03
-4.190 -7.531 4.957e+00 4.947e+00 4.942e+00 4.957e+00 4.947e+00 4.942e+00 5.072e-01 -1.470e+00 -1.088e-01
-4.160 -8.168 4.957e+00 4.947e+00 4.942e+00 4.957e+00 4.947e+00 4.942e+00 4.015e-01 -1.576e+00 -2.145e-01
-4.130 -7.357 4.957e+00 4.947e+00 4.942e+00 4.957e+00 4.947e+00 4.942e+00 3.056e-01 -1.672e+00 -3.104e-01
-4.100 -7.633 4.957e+00 4.947e+00 4.942e+00 4.957e+00 4.947e+00 4.942e+00 2.148e-01 -1.762e+00 -4.013e-01
-4.070 -7.591 4.957e+00 4.947e+00 4.942e+00 4.957e+00 4.947e+00 4.942e+00 1.291e-01 -1.848e+00 -4.869e-01
-4.040 -7.107 4.957e+00 4.947e+00 4.942e+00 4.957e+00 4.947e+00 4.942e+00 5.099e-02 -1.926e+00 -5.650e-01
-4.010 -7.247 4.957e+00 4.947e+00 4.942e+00 4.957e+00 4.947e+00 4.942e+00 -2.810e-02 -2.005e+00 -6.441e-01
-3.980 -6.946 4.957e+00 4.947e+00 4.942e+00 4.957e+00 4.947e+00 4.942e+00 -9.735e-02 -2.075e+00 -7.134e-01
-3.950 -7.059 4.957e+00 4.947e+00 4.942e+00 4.957e+00 4.947e+00 4.942e+00 -1.679e-01 -2.145e+00 -7.839e-01
-3.920 -6.840 4.957e+00 4.947e+00 4.942e+00 4.957e+00 4.947e+00 4.942e+00 -2.335e-01 -2.211e+00 -8.495e-01
-3.890 -6.991 4.957e+00 4.947e+00 4.942e+00 4.957e+00 4.947e+00 4.942e+00 -3.067e-01 -2.284e+00 -9.227e-01
-3.860 -8.123 4.957e+00 4.947e+00 4.942e+00 4.957e+00 4.947e+00 4.942e+00 -3.832e-01 -2.360e+00 -9.992e-01
-3.830 -8.301 4.957e+00 4.947e+00 4.942e+00 4.957e+00 4.947e+00 4.942e+00 -4.653e-01 -2.442e+00 -1.081e+00
-3.800 -7.101 4.957e+00 4.947e+00 4.942e+00 4.957e+00 4.947e+00 4.942e+00 -5.559e-01 -2.533e+00 -1.172e+00
-3.770 -6.935 4.957e+00 4.947e+00 4.942e+00 4.957e+00 4.947e+00 4.942e+00 -6.494e-01 -2.627e+00 -1.265e+00
-3.740 -6.937 4.957e+00 4.947e+00 4.942e+00 4.957e+00 4.947e+00 4.942e+00 -7.512e-01 -2.728e+00 -1.367e+00
-3.710 -7.051 4.957e+00 4.947e+00 4.942e+00 4.957e+00 4.947e+00 4.942e+00 -8.616e-01 -2.839e+00 -1.478e+00
-3.680 -7.472 4.957e+00 4.947e+00 4.942e+00 4.957e+00 4.947e+00 4.942e+00 -9.794e-01 -2.957e+00 -1.595e+00
-3.650 -6.940 4.957e+00 4.947e+00 4.942e+00 4.957e+00 4.947e+00 4.942e+00 -1.103e+00 -3.080e+00 -1.719e+00
-3.620 -7.261 4.957e+00 4.947e+00 4.942e+00 4.957e+00 4.947e+00 4.942e+00 -1.240e+00 -3.217e+00 -1.856e+00
-3.590 -6.877 4.957e+00 4.947e+00 4.942e+00 4.957e+00 4.947e+00 4.942e+00 -1.381e+00 -3.358e+00 -1.997e+00
-3.560 -7.029 4.957e+00 4.947e+00 4.942e+00 4.957e+00 4.947e+00 4.942e+00 -1.530e+00 -3.507e+00 -2.146e+00
-3.530 -6.834 4.957e+00 4.947e+00 4.942e+00 4.957e+00 4.947e+00 4.942e+00 -1.661e+00 -3.638e+00 -2.277e+00
-3.500 -7.106 4.957e+00 4.947e+00 4.942e+00 4.957e+00 4.947e+00 4.942e+00 -1.786e+00 -3.763e+00 -2.402e+00
-3.470 -6.975 4.957e+00 4.947e+00 4.942e+00 4.957e+00 4.947e+00 4.942e+00 -1.897e+00 -3.874e+00 -2.513e+00
-3.440 -7.086 4.957e+00 4.947e+00 4.942e+00 4.957e+00 4.947e+00 4.942e+00 -2.000e+00 -3.977e+00 -2.616e+00
-3.410 -7.206 4.957e+00 4.947e+00 4.942e+00 4.957e+00 4.947e+00 4.942e+00 -2.095e+00 -4.073e+00 -2.711e+00
-3.380 -6.671 4.957e+00 4.947e+00 4.942e+00 4.957e+00 4.947e+00 4.942e+00 -2.186e+00 -4.163e+00 -2.802e+00
-3.350 -6.276 4.957e+00 4.947e+00 4.942e+00 4.957e+00 4.947e+00 4.942e+00 -2.265e+00 -4.242e+00 -2.881e+00
-3.320 -6.246 4.957e+00 4.947e+00 4.942e+00 4.957e+00 4.947e+00 4.942e+00 -2.345e+00 -4.322e+00 -2.961e+00
-3.290 -6.874 4.957e+00 4.947e+00 4.942e+00 4.957e+00 4.947e+00 4.942e+00 -2.424e+00 -4.401e+00 -3.040e+00
-3.260 -6.505 4.957e+00 4.947e+00 4.942e+00 4.957e+00 4.947e+00 4.942e+00 -2.497e+00 -4.474e+00 -3.113e+00
-3.230 -7.374 4.957e+00 4.947e+00 4.942e+00 4.957e+00 4.947e+00 4.942e+00 -2.563e+00 -4.541e+00 -3.179e+00
-3.200 -6.337 4.957e+00 4.947e+00 4.942e+00 4.957e+00 4.947e+00 4.942e+00 -2.629e+00 -4.606e+00 -3.245e+00
-3.170 -6.173 4.957e+00 4.947e+00 4.942e+00 4.957e+00 4.947e+00 4.942e+00 -2.691e+00 -4.668e+00 -3.307e+00
-3.140 -6.283 4.957e+00 4.947e+00 4.942e+00 4.957e+00 4.947e+00 4.942e+00 -2.752e+00 -4.729e+00 -3.368e+00
-3.109 -5.754 4.957e+00 4.947e+00 4.942e+00 4.957e+00 4.947e+00 4.942e+00 -2.803e+00 -4.780e+00 -3.419e+00
-3.080 -6.111 4.957e+00 4.947e+00 4.942e+00 4.957e+00 4.947e+00 4.942e+00 -2.865e+00 -4.843e+00 -3.481e+00
-3.049 -5.424 4.957e+00 4.947e+00 4.942e+00 4.957e+00 4.947e+00 4.942e+00 -2.903e+00 -4.880e+00 -3.519e+00
-3.018 -4.936 4.957e+00 4.947e+00 4.942e+00 4.957e+00 4.947e+00 4.942e+00 -2.906e+00 -4.883e+00 -3.522e+00
-2.981 -4.665 4.957e+00 4.947e+00 4.942e+00 4.957e+00 4.947e+00 4.942e+00 -2.907e+00 -4.884e+00 -3.523e+00
-2.960 -4.556 4.957e+00 4.947e+00 4.942e+00 4.957e+00 4.947e+00 4.942e+00 -2.908e+00 -4.885e+00 -3.524e+00
-2.919 -4.394 4.957e+00 4.947e+00 4.942e+00 4.957e+00 4.947e+00 4.942e+00 -2.909e+00 -4.886e+00 -3.525e+00
-2.885 -4.285 4.957e+00 4.947e+00 4.942e+00 4.957e+00 4.947e+00 4.942e+00 -2.909e+00 -4.887e+00 -3.525e+00
-2.866 -4.231 4.957e+00 4.947e+00 4.942e+00 4.957e+00 4.947e+00 4.942e+00 -2.910e+00 -4.887e+00 -3.526e+00
-2.840 -5.644 4.957e+00 4.947e+00 4.942e+00 4.957e+00 4.947e+00 4.942e+00 -2.927e+00 -4.904e+00 -3.543e+00
-2.809 -4.831 4.957e+00 4.947e+00 4.942e+00 4.957e+00 4.947e+00 4.942e+00 -2.932e+00 -4.909e+00 -3.548e+00
-2.779 -4.560 4.957e+00 4.947e+00 4.942e+00 4.957e+00 4.947e+00 4.942e+00 -2.933e+00 -4.911e+00 -3.549e+00
-2.741 -4.343 4.957e+00 4.947e+00 4.942e+00 4.957e+00 4.947e+00 4.942e+00 -2.935e+00 -4.912e+00 -3.551e+00
-2.716 -4.234 4.957e+00 4.947e+00 4.942e+00 4.957e+00 4.947e+00 4.942e+00 -2.935e+00 -4.913e+00 -3.551e+00
-2.685 -4.126 4.957e+00 4.947e+00 4.942e+00 4.957e+00 4.947e+00 4.942e+00 -2.936e+00 -4.913e+00 -3.552e+00
-2.649 -4.017 4.957e+00 4.947e+00 4.942e+00 4.957e+00 4.947e+00 4.942e+00 -2.937e+00 -4.914e+00 -3.553e+00
-2.628 -3.963 4.957e+00 4.947e+00 4.942e+00 4.957e+00 4.947e+00 4.942e+00 -2.937e+00 -4.914e+00 -3.553e+00
-2.582 -3.855 4.957e+00 4.947e+00 4.942e+00 4.957e+00 4.947e+00 4.942e+00 -2.938e+00 -4.915e+00 -3.554e+00
-2.557 -3.800 4.957e+00 4.947e+00 4.942e+00 4.957e+00 4.947e+00 4.942e+00 -2.938e+00 -4.915e+00 -3.554e+00
-2.529 -3.746 4.957e+00 4.947e+00 4.942e+00 4.957e+00 4.947e+00 4.942e+00 -2.938e+00 -4.916e+00 -3.554e+00
-2.500 -3.692 4.957e+00 4.947e+00 4.942e+00 4.957e+00 4.947e+00 4.942e+00 -2.939e+00 -4.916e+00 -3.555e+00
-2.470 -3.638 4.957e+00 4.947e+00 4.942e+00 4.957e+00 4.947e+00 4.942e+00 -2.939e+00 -4.916e+00 -3.555e+00
-2.438 -3.584 4.957e+00 4.947e+00 4.942e+00 4.957e+00 4.947e+00 4.942e+00 -2.939e+00 -4.917e+00 -3.555e+00
-2.404 -3.529 4.957e+00 4.947e+00 4.942e+00 4.957e+00 4.947e+00 4.942e+00 -2.940e+00 -4.917e+00 -3.556e+00
-2.368 -3.475 4.957e+00 4.947e+00 4.942e+00 4.957e+00 4.947e+00 4.942e+00 -2.940e+00 -4.917e+00 -3.556e+00
-2.332 -3.421 4.957e+00 4.947e+00 4.942e+00 4.957e+00 4.947e+00 4.942e+00 -2.940e+00 -4.917e+00 -3.556e+00
-2.293 -3.367 4.957e+00 4.947e+00 4.942e+00 4.957e+00 4.947e+00 4.942e+00 -2.941e+00 -4.918e+00 -3.557e+00
-2.254 -3.312 4.957e+00 4.947e+00 4.942e+00 4.957e+00 4.947e+00 4.942e+00 -2.941e+00 -4.918e+00 -3.557e+00
-2.213 -3.258 4.957e+00 4.947e+00 4.942e+00 4.957e+00 4.947e+00 4.942e+00 -2.941e+00 -4.918e+00 -3.557e+00
-2.170 -3.204 4.957e+00 4.947e+00 4.942e+00 4.957e+00 4.947e+00 4.942e+00 -2.942e+00 -4.919e+00 -3.558e+00
-2.127 -3.150 4.957e+00 4.947e+00 4.942e+00 4.957e+00 4.947e+00 4.942e+00 -2.942e+00 -4.919e+00 -3.558e+00
-2.083 -3.095 4.957e+00 4.947e+00 4.942e+00 4.957e+00 4.947e+00 4.942e+00 -2.942e+00 -4.919e+00 -3.558e+00
-2.037 -3.041 4.957e+00 4.947e+00 4.942e+00 4.957e+00 4.947e+00 4.942e+00 -2.943e+00 -4.920e+00 -3.559e+00
-1.991 -2.987 4.957e+00 4.947e+00 4.942e+00 4.957e+00 4.947e+00 4.942e+00 -2.943e+00 -4.920e+00 -3.559e+00
+0.000 +0.000 -2.400e+01 -2.400e+01 -2.400e+01 -2.400e+01 -2.400e+01 -2.400e+01 -2.400e+01 -2.400e+01 -2.400e+01
+0.000 +0.000 -2.400e+01 -2.400e+01 -2.400e+01 -2.400e+01 -2.400e+01 -2.400e+01 -2.400e+01 -2.400e+01 -2.400e+01
+0.000 +0.000 -2.400e+01 -2.400e+01 -2.400e+01 -2.400e+01 -2.400e+01 -2.400e+01 -2.400e+01 -2.400e+01 -2.400e+01
+0.000 +0.000 -2.400e+01 -2.400e+01 -2.400e+01 -2.400e+01 -2.400e+01 -2.400e+01 -2.400e+01 -2.400e+01 -2.400e+01