# ASY+PE method (with partition functions): 27292 integration steps in 3.3065e-01 seconds
# All quantities except Asy, RG_PE, and sumX are log10(x)
# Log of absolute values for E and dE/dt as they can be negative
# Units: t and dt in s; E in erg; dE/dt in erg/g/s; others dimensionless 
#
#    t     dt     |E|  |dE/dt| Asy  Equil  sumX  X(4He)     X(12C)     X(16O)     X(20Ne)     X(24Mg)     X(28Si)     X(32S)     X(36Ar)     X(40Ca)     X(44Ti)     X(48Cr)     X(52Fe)     X(56Ni)     X(60Zn)     X(64Ge)     X(68Se)     

-17.930 -19.934  8.654 26.588 0.000 0.000 1.000 -9.386e+00 -3.010e-01 -3.010e-01 -8.696e+00 -1.027e+01 -1.270e+01 -2.400e+01 -2.400e+01 -2.400e+01 -2.400e+01 -2.400e+01 -2.400e+01 -2.400e+01 -2.400e+01 -2.400e+01 -2.400e+01
-17.865 -19.869  8.719 26.588 0.000 0.000 1.000 -9.320e+00 -3.010e-01 -3.010e-01 -8.631e+00 -1.021e+01 -1.263e+01 -2.400e+01 -2.400e+01 -2.400e+01 -2.400e+01 -2.400e+01 -2.400e+01 -2.400e+01 -2.400e+01 -2.400e+01 -2.400e+01
-17.796 -19.800  8.789 26.588 0.000 0.000 1.000 -9.251e+00 -3.010e-01 -3.010e-01 -8.561e+00 -1.014e+01 -1.256e+01 -2.400e+01 -2.400e+01 -2.400e+01 -2.400e+01 -2.400e+01 -2.400e+01 -2.400e+01 -2.400e+01 -2.400e+01 -2.400e+01
-17.731 -19.735  8.854 26.588 0.000 0.000 1.000 -9.186e+00 -3.010e-01 -3.010e-01 -8.496e+00 -1.007e+01 -1.250e+01 -2.400e+01 -2.400e+01 -2.400e+01 -2.400e+01 -2.400e+01 -2.400e+01 -2.400e+01 -2.400e+01 -2.400e+01 -2.400e+01
-17.666 -19.671  8.919 26.588 0.000 0.000 1.000 -9.120e+00 -3.010e-01 -3.010e-01 -8.431e+00 -1.001e+01 -1.243e+01 -2.400e+01 -2.400e+01 -2.400e+01 -2.400e+01 -2.400e+01 -2.400e+01 -2.400e+01 -2.400e+01 -2.400e+01 -2.400e+01
-17.597 -19.602  8.989 26.588 0.000 0.000 1.000 -9.051e+00 -3.010e-01 -3.010e-01 -8.362e+00 -9.936e+00 -1.236e+01 -2.400e+01 -2.400e+01 -2.400e+01 -2.400e+01 -2.400e+01 -2.400e+01 -2.400e+01 -2.400e+01 -2.400e+01 -2.400e+01
-17.532 -19.537  9.054 26.588 0.000 0.000 1.000 -8.986e+00 -3.010e-01 -3.010e-01 -8.297e+00 -9.871e+00 -1.230e+01 -2.400e+01 -2.400e+01 -2.400e+01 -2.400e+01 -2.400e+01 -2.400e+01 -2.400e+01 -2.400e+01 -2.400e+01 -2.400e+01
-17.463 -19.468  9.123 26.588 0.000 0.000 1.000 -8.917e+00 -3.010e-01 -3.010e-01 -8.227e+00 -9.802e+00 -1.223e+01 -2.400e+01 -2.400e+01 -2.400e+01 -2.400e+01 -2.400e+01 -2.400e+01 -2.400e+01 -2.400e+01 -2.400e+01 -2.400e+01
-17.398 -19.403  9.188 26.588 0.000 0.000 1.000 -8.852e+00 -3.010e-01 -3.010e-01 -8.162e+00 -9.737e+00 -1.217e+01 -2.400e+01 -2.400e+01 -2.400e+01 -2.400e+01 -2.400e+01 -2.400e+01 -2.400e+01 -2.400e+01 -2.400e+01 -2.400e+01
-17.329 -19.334  9.257 26.588 0.000 0.000 1.000 -8.782e+00 -3.010e-01 -3.010e-01 -8.093e+00 -9.668e+00 -1.210e+01 -2.400e+01 -2.400e+01 -2.400e+01 -2.400e+01 -2.400e+01 -2.400e+01 -2.400e+01 -2.400e+01 -2.400e+01 -2.400e+01
-17.264 -19.269  9.322 26.588 0.000 0.000 1.000 -8.717e+00 -3.010e-01 -3.010e-01 -8.028e+00 -9.603e+00 -1.203e+01 -2.400e+01 -2.400e+01 -2.400e+01 -2.400e+01 -2.400e+01 -2.400e+01 -2.400e+01 -2.400e+01 -2.400e+01 -2.400e+01
-17.200 -19.204  9.387 26.588 0.000 0.000 1.000 -8.652e+00 -3.010e-01 -3.010e-01 -7.963e+00 -9.538e+00 -1.197e+01 -2.400e+01 -2.400e+01 -2.400e+01 -2.400e+01 -2.400e+01 -2.400e+01 -2.400e+01 -2.400e+01 -2.400e+01 -2.400e+01
-17.130 -19.135  9.456 26.588 0.000 0.000 1.000 -8.583e+00 -3.010e-01 -3.010e-01 -7.894e+00 -9.469e+00 -1.190e+01 -2.400e+01 -2.400e+01 -2.400e+01 -2.400e+01 -2.400e+01 -2.400e+01 -2.400e+01 -2.400e+01 -2.400e+01 -2.400e+01
-17.066 -19.070  9.521 26.588 0.000 0.000 1.000 -8.518e+00 -3.010e-01 -3.010e-01 -7.829e+00 -9.404e+00 -1.183e+01 -2.400e+01 -2.400e+01 -2.400e+01 -2.400e+01 -2.400e+01 -2.400e+01 -2.400e+01 -2.400e+01 -2.400e+01 -2.400e+01
-16.997 -19.001  9.591 26.588 0.000 0.000 1.000 -8.449e+00 -3.010e-01 -3.010e-01 -7.760e+00 -9.334e+00 -1.176e+01 -2.400e+01 -2.400e+01 -2.400e+01 -2.400e+01 -2.400e+01 -2.400e+01 -2.400e+01 -2.400e+01 -2.400e+01 -2.400e+01
-16.932 -18.936  9.655 26.588 0.000 0.000 1.000 -8.384e+00 -3.010e-01 -3.010e-01 -7.695e+00 -9.270e+00 -1.170e+01 -2.400e+01 -2.400e+01 -2.400e+01 -2.400e+01 -2.400e+01 -2.400e+01 -2.400e+01 -2.400e+01 -2.400e+01 -2.400e+01
-16.863 -18.867  9.725 26.588 0.000 0.000 1.000 -8.315e+00 -3.010e-01 -3.010e-01 -7.626e+00 -9.200e+00 -1.163e+01 -2.400e+01 -2.400e+01 -2.400e+01 -2.400e+01 -2.400e+01 -2.400e+01 -2.400e+01 -2.400e+01 -2.400e+01 -2.400e+01
-16.798 -18.802  9.790 26.588 0.000 0.000 1.000 -8.250e+00 -3.010e-01 -3.010e-01 -7.561e+00 -9.136e+00 -1.156e+01 -2.400e+01 -2.400e+01 -2.400e+01 -2.400e+01 -2.400e+01 -2.400e+01 -2.400e+01 -2.400e+01 -2.400e+01 -2.400e+01
-16.733 -18.737  9.854 26.588 0.000 0.000 1.000 -8.185e+00 -3.010e-01 -3.010e-01 -7.496e+00 -9.071e+00 -1.150e+01 -2.400e+01 -2.400e+01 -2.400e+01 -2.400e+01 -2.400e+01 -2.400e+01 -2.400e+01 -2.400e+01 -2.400e+01 -2.400e+01
-16.664 -18.668  9.924 26.588 0.000 0.000 1.000 -8.116e+00 -3.010e-01 -3.010e-01 -7.427e+00 -9.001e+00 -1.143e+01 -2.400e+01 -2.400e+01 -2.400e+01 -2.400e+01 -2.400e+01 -2.400e+01 -2.400e+01 -2.400e+01 -2.400e+01 -2.400e+01
-16.599 -18.603  9.988 26.588 0.000 0.000 1.000 -8.051e+00 -3.010e-01 -3.010e-01 -7.362e+00 -8.937e+00 -1.136e+01 -2.400e+01 -2.400e+01 -2.400e+01 -2.400e+01 -2.400e+01 -2.400e+01 -2.400e+01 -2.400e+01 -2.400e+01 -2.400e+01
-16.530 -18.534 10.058 26.588 0.000 0.000 1.000 -7.982e+00 -3.010e-01 -3.010e-01 -7.293e+00 -8.867e+00 -1.130e+01 -2.400e+01 -2.400e+01 -2.400e+01 -2.400e+01 -2.400e+01 -2.400e+01 -2.400e+01 -2.400e+01 -2.400e+01 -2.400e+01
-16.465 -18.469 10.122 26.588 0.000 0.000 1.000 -7.917e+00 -3.010e-01 -3.010e-01 -7.228e+00 -8.803e+00 -1.123e+01 -2.400e+01 -2.400e+01 -2.400e+01 -2.400e+01 -2.400e+01 -2.400e+01 -2.400e+01 -2.400e+01 -2.400e+01 -2.400e+01
-16.396 -18.400 10.192 26.588 0.000 0.000 1.000 -7.848e+00 -3.010e-01 -3.010e-01 -7.159e+00 -8.733e+00 -1.116e+01 -2.400e+01 -2.400e+01 -2.400e+01 -2.400e+01 -2.400e+01 -2.400e+01 -2.400e+01 -2.400e+01 -2.400e+01 -2.400e+01
-16.331 -18.335 10.256 26.588 0.000 0.000 1.000 -7.783e+00 -3.010e-01 -3.010e-01 -7.094e+00 -8.669e+00 -1.110e+01 -2.400e+01 -2.400e+01 -2.400e+01 -2.400e+01 -2.400e+01 -2.400e+01 -2.400e+01 -2.400e+01 -2.400e+01 -2.400e+01
-16.266 -18.271 10.321 26.588 0.000 0.000 1.000 -7.718e+00 -3.010e-01 -3.010e-01 -7.029e+00 -8.604e+00 -1.103e+01 -2.400e+01 -2.400e+01 -2.400e+01 -2.400e+01 -2.400e+01 -2.400e+01 -2.400e+01 -2.400e+01 -2.400e+01 -2.400e+01
-16.197 -18.201 10.390 26.588 0.000 0.000 1.000 -7.649e+00 -3.010e-01 -3.010e-01 -6.960e+00 -8.535e+00 -1.096e+01 -2.400e+01 -2.400e+01 -2.400e+01 -2.400e+01 -2.400e+01 -2.400e+01 -2.400e+01 -2.400e+01 -2.400e+01 -2.400e+01
-16.132 -18.137 10.455 26.588 0.000 0.000 1.000 -7.584e+00 -3.010e-01 -3.010e-01 -6.895e+00 -8.470e+00 -1.090e+01 -2.399e+01 -2.400e+01 -2.400e+01 -2.400e+01 -2.400e+01 -2.400e+01 -2.400e+01 -2.400e+01 -2.400e+01 -2.400e+01
-16.063 -18.067 10.524 26.588 0.000 0.000 1.000 -7.515e+00 -3.010e-01 -3.010e-01 -6.826e+00 -8.401e+00 -1.083e+01 -2.399e+01 -2.400e+01 -2.400e+01 -2.400e+01 -2.400e+01 -2.400e+01 -2.400e+01 -2.400e+01 -2.400e+01 -2.400e+01
-15.998 -18.003 10.589 26.588 0.000 0.000 1.000 -7.450e+00 -3.010e-01 -3.010e-01 -6.761e+00 -8.336e+00 -1.076e+01 -2.399e+01 -2.400e+01 -2.400e+01 -2.400e+01 -2.400e+01 -2.400e+01 -2.400e+01 -2.400e+01 -2.400e+01 -2.400e+01
-15.929 -17.933 10.658 26.588 0.000 0.000 1.000 -7.381e+00 -3.010e-01 -3.010e-01 -6.692e+00 -8.267e+00 -1.069e+01 -2.398e+01 -2.400e+01 -2.400e+01 -2.400e+01 -2.400e+01 -2.400e+01 -2.400e+01 -2.400e+01 -2.400e+01 -2.400e+01
-15.864 -17.869 10.723 26.588 0.000 0.000 1.000 -7.316e+00 -3.010e-01 -3.010e-01 -6.627e+00 -8.202e+00 -1.063e+01 -2.397e+01 -2.400e+01 -2.400e+01 -2.400e+01 -2.400e+01 -2.400e+01 -2.400e+01 -2.400e+01 -2.400e+01 -2.400e+01
-15.799 -17.804 10.788 26.588 0.000 0.000 1.000 -7.252e+00 -3.010e-01 -3.010e-01 -6.562e+00 -8.137e+00 -1.057e+01 -2.395e+01 -2.400e+01 -2.400e+01 -2.400e+01 -2.400e+01 -2.400e+01 -2.400e+01 -2.400e+01 -2.400e+01 -2.400e+01
-15.730 -17.735 10.857 26.588 0.000 0.000 1.000 -7.182e+00 -3.010e-01 -3.010e-01 -6.493e+00 -8.068e+00 -1.050e+01 -2.392e+01 -2.400e+01 -2.400e+01 -2.400e+01 -2.400e+01 -2.400e+01 -2.400e+01 -2.400e+01 -2.400e+01 -2.400e+01
-15.666 -17.670 10.922 26.588 0.000 0.000 1.000 -7.118e+00 -3.010e-01 -3.010e-01 -6.428e+00 -8.003e+00 -1.043e+01 -2.388e+01 -2.400e+01 -2.400e+01 -2.400e+01 -2.400e+01 -2.400e+01 -2.400e+01 -2.400e+01 -2.400e+01 -2.400e+01
-15.596 -17.601 10.991 26.588 0.000 0.000 1.000 -7.049e+00 -3.010e-01 -3.010e-01 -6.359e+00 -7.934e+00 -1.036e+01 -2.382e+01 -2.400e+01 -2.400e+01 -2.400e+01 -2.400e+01 -2.400e+01 -2.400e+01 -2.400e+01 -2.400e+01 -2.400e+01
-15.532 -17.536 11.056 26.588 0.000 0.000 1.000 -6.984e+00 -3.010e-01 -3.010e-01 -6.294e+00 -7.869e+00 -1.030e+01 -2.374e+01 -2.400e+01 -2.400e+01 -2.400e+01 -2.400e+01 -2.400e+01 -2.400e+01 -2.400e+01 -2.400e+01 -2.400e+01
-15.462 -17.467 11.125 26.588 0.000 0.000 1.000 -6.915e+00 -3.010e-01 -3.010e-01 -6.225e+00 -7.800e+00 -1.023e+01 -2.363e+01 -2.400e+01 -2.400e+01 -2.400e+01 -2.400e+01 -2.400e+01 -2.400e+01 -2.400e+01 -2.400e+01 -2.400e+01
-15.398 -17.402 11.190 26.588 0.000 0.000 1.000 -6.850e+00 -3.010e-01 -3.010e-01 -6.160e+00 -7.735e+00 -1.016e+01 -2.351e+01 -2.400e+01 -2.400e+01 -2.400e+01 -2.400e+01 -2.400e+01 -2.400e+01 -2.400e+01 -2.400e+01 -2.400e+01
-15.333 -17.337 11.255 26.588 0.000 0.000 1.000 -6.785e+00 -3.010e-01 -3.010e-01 -6.096e+00 -7.670e+00 -1.010e+01 -2.337e+01 -2.400e+01 -2.400e+01 -2.400e+01 -2.400e+01 -2.400e+01 -2.400e+01 -2.400e+01 -2.400e+01 -2.400e+01
-15.264 -17.268 11.324 26.588 0.000 0.000 1.000 -6.716e+00 -3.010e-01 -3.010e-01 -6.026e+00 -7.601e+00 -1.003e+01 -2.321e+01 -2.400e+01 -2.400e+01 -2.400e+01 -2.400e+01 -2.400e+01 -2.400e+01 -2.400e+01 -2.400e+01 -2.400e+01
-15.199 -17.203 11.389 26.588 0.000 0.000 1.000 -6.651e+00 -3.010e-01 -3.010e-01 -5.962e+00 -7.536e+00 -9.965e+00 -2.304e+01 -2.400e+01 -2.400e+01 -2.400e+01 -2.400e+01 -2.400e+01 -2.400e+01 -2.400e+01 -2.400e+01 -2.400e+01
-15.130 -17.134 11.458 26.588 0.000 0.000 1.000 -6.582e+00 -3.010e-01 -3.010e-01 -5.892e+00 -7.467e+00 -9.895e+00 -2.285e+01 -2.400e+01 -2.400e+01 -2.400e+01 -2.400e+01 -2.400e+01 -2.400e+01 -2.400e+01 -2.400e+01 -2.400e+01
-15.065 -17.069 11.523 26.588 0.000 0.000 1.000 -6.517e+00 -3.010e-01 -3.010e-01 -5.828e+00 -7.402e+00 -9.831e+00 -2.267e+01 -2.400e+01 -2.400e+01 -2.400e+01 -2.400e+01 -2.400e+01 -2.400e+01 -2.400e+01 -2.400e+01 -2.400e+01
-14.996 -17.000 11.592 26.588 0.000 0.000 1.000 -6.448e+00 -3.010e-01 -3.010e-01 -5.759e+00 -7.333e+00 -9.761e+00 -2.247e+01 -2.400e+01 -2.400e+01 -2.400e+01 -2.400e+01 -2.400e+01 -2.400e+01 -2.400e+01 -2.400e+01 -2.400e+01
-14.931 -16.935 11.657 26.588 0.000 0.000 1.000 -6.383e+00 -3.010e-01 -3.010e-01 -5.694e+00 -7.268e+00 -9.697e+00 -2.228e+01 -2.400e+01 -2.400e+01 -2.400e+01 -2.400e+01 -2.400e+01 -2.400e+01 -2.400e+01 -2.400e+01 -2.400e+01
-14.866 -16.870 11.721 26.588 0.000 0.000 1.000 -6.318e+00 -3.010e-01 -3.010e-01 -5.629e+00 -7.204e+00 -9.632e+00 -2.208e+01 -2.400e+01 -2.400e+01 -2.400e+01 -2.400e+01 -2.400e+01 -2.400e+01 -2.400e+01 -2.400e+01 -2.400e+01
-14.797 -16.801 11.791 26.588 0.000 0.000 1.000 -6.249e+00 -3.010e-01 -3.010e-01 -5.560e+00 -7.134e+00 -9.563e+00 -2.188e+01 -2.400e+01 -2.400e+01 -2.400e+01 -2.400e+01 -2.400e+01 -2.400e+01 -2.400e+01 -2.400e+01 -2.400e+01
-14.732 -16.736 11.855 26.588 0.000 0.000 1.000 -6.184e+00 -3.010e-01 -3.010e-01 -5.495e+00 -7.070e+00 -9.498e+00 -2.169e+01 -2.400e+01 -2.400e+01 -2.400e+01 -2.400e+01 -2.400e+01 -2.400e+01 -2.400e+01 -2.400e+01 -2.400e+01
-14.663 -16.667 11.925 26.588 0.000 0.000 1.000 -6.115e+00 -3.010e-01 -3.010e-01 -5.426e+00 -7.001e+00 -9.429e+00 -2.148e+01 -2.400e+01 -2.400e+01 -2.400e+01 -2.400e+01 -2.400e+01 -2.400e+01 -2.400e+01 -2.400e+01 -2.400e+01
-14.598 -16.602 11.989 26.588 0.000 0.000 1.000 -6.050e+00 -3.010e-01 -3.010e-01 -5.361e+00 -6.936e+00 -9.364e+00 -2.129e+01 -2.400e+01 -2.400e+01 -2.400e+01 -2.400e+01 -2.400e+01 -2.400e+01 -2.400e+01 -2.400e+01 -2.400e+01
-14.533 -16.538 12.054 26.588 0.000 0.000 1.000 -5.985e+00 -3.010e-01 -3.010e-01 -5.296e+00 -6.871e+00 -9.299e+00 -2.109e+01 -2.400e+01 -2.400e+01 -2.400e+01 -2.400e+01 -2.400e+01 -2.400e+01 -2.400e+01 -2.400e+01 -2.400e+01
-14.464 -16.469 12.123 26.588 0.000 0.000 1.000 -5.916e+00 -3.010e-01 -3.010e-01 -5.227e+00 -6.802e+00 -9.230e+00 -2.088e+01 -2.400e+01 -2.400e+01 -2.400e+01 -2.400e+01 -2.400e+01 -2.400e+01 -2.400e+01 -2.400e+01 -2.400e+01
-14.399 -16.404 12.188 26.588 0.000 0.000 1.000 -5.851e+00 -3.010e-01 -3.010e-01 -5.162e+00 -6.737e+00 -9.165e+00 -2.069e+01 -2.400e+01 -2.400e+01 -2.400e+01 -2.400e+01 -2.400e+01 -2.400e+01 -2.400e+01 -2.400e+01 -2.400e+01
-14.330 -16.335 12.257 26.588 0.000 0.000 1.000 -5.782e+00 -3.010e-01 -3.010e-01 -5.093e+00 -6.668e+00 -9.096e+00 -2.048e+01 -2.400e+01 -2.400e+01 -2.400e+01 -2.400e+01 -2.400e+01 -2.400e+01 -2.400e+01 -2.400e+01 -2.400e+01
-14.265 -16.270 12.322 26.588 0.000 0.000 1.000 -5.718e+00 -3.010e-01 -3.010e-01 -5.028e+00 -6.603e+00 -9.031e+00 -2.029e+01 -2.400e+01 -2.400e+01 -2.400e+01 -2.400e+01 -2.400e+01 -2.400e+01 -2.400e+01 -2.400e+01 -2.400e+01
-14.196 -16.201 12.391 26.588 0.000 0.000 1.000 -5.648e+00 -3.010e-01 -3.010e-01 -4.959e+00 -6.534e+00 -8.962e+00 -2.008e+01 -2.400e+01 -2.400e+01 -2.400e+01 -2.400e+01 -2.400e+01 -2.400e+01 -2.400e+01 -2.400e+01 -2.400e+01
-14.131 -16.136 12.456 26.588 0.000 0.000 1.000 -5.584e+00 -3.010e-01 -3.010e-01 -4.894e+00 -6.469e+00 -8.897e+00 -1.989e+01 -2.400e+01 -2.400e+01 -2.400e+01 -2.400e+01 -2.400e+01 -2.400e+01 -2.400e+01 -2.400e+01 -2.400e+01
-14.067 -16.071 12.521 26.587 0.000 0.000 1.000 -5.519e+00 -3.010e-01 -3.010e-01 -4.829e+00 -6.404e+00 -8.832e+00 -1.969e+01 -2.400e+01 -2.400e+01 -2.400e+01 -2.400e+01 -2.400e+01 -2.400e+01 -2.400e+01 -2.400e+01 -2.400e+01
-13.997 -16.002 12.590 26.587 0.000 0.000 1.000 -5.450e+00 -3.010e-01 -3.010e-01 -4.760e+00 -6.335e+00 -8.763e+00 -1.948e+01 -2.400e+01 -2.400e+01 -2.400e+01 -2.400e+01 -2.400e+01 -2.400e+01 -2.400e+01 -2.400e+01 -2.400e+01
-13.933 -15.937 12.655 26.587 0.000 0.000 1.000 -5.385e+00 -3.011e-01 -3.010e-01 -4.695e+00 -6.270e+00 -8.698e+00 -1.929e+01 -2.400e+01 -2.400e+01 -2.400e+01 -2.400e+01 -2.400e+01 -2.400e+01 -2.400e+01 -2.400e+01 -2.400e+01
-13.864 -15.868 12.724 26.587 0.000 0.000 1.000 -5.316e+00 -3.011e-01 -3.010e-01 -4.626e+00 -6.201e+00 -8.629e+00 -1.908e+01 -2.400e+01 -2.400e+01 -2.400e+01 -2.400e+01 -2.400e+01 -2.400e+01 -2.400e+01 -2.400e+01 -2.400e+01
-13.799 -15.803 12.789 26.587 0.000 0.000 1.000 -5.251e+00 -3.011e-01 -3.010e-01 -4.562e+00 -6.136e+00 -8.564e+00 -1.889e+01 -2.400e+01 -2.400e+01 -2.400e+01 -2.400e+01 -2.400e+01 -2.400e+01 -2.400e+01 -2.400e+01 -2.400e+01
-13.730 -15.734 12.858 26.587 0.000 0.000 1.000 -5.182e+00 -3.011e-01 -3.010e-01 -4.492e+00 -6.067e+00 -8.495e+00 -1.868e+01 -2.400e+01 -2.400e+01 -2.400e+01 -2.400e+01 -2.400e+01 -2.400e+01 -2.400e+01 -2.400e+01 -2.400e+01
-13.665 -15.669 12.923 26.587 0.000 0.000 1.000 -5.117e+00 -3.011e-01 -3.010e-01 -4.428e+00 -6.002e+00 -8.430e+00 -1.849e+01 -2.400e+01 -2.400e+01 -2.400e+01 -2.400e+01 -2.400e+01 -2.400e+01 -2.400e+01 -2.400e+01 -2.400e+01
-13.600 -15.604 12.988 26.587 0.000 0.000 1.000 -5.052e+00 -3.011e-01 -3.010e-01 -4.363e+00 -5.937e+00 -8.366e+00 -1.829e+01 -2.400e+01 -2.400e+01 -2.400e+01 -2.400e+01 -2.400e+01 -2.400e+01 -2.400e+01 -2.400e+01 -2.400e+01
-13.531 -15.535 13.057 26.587 0.000 0.000 1.000 -4.983e+00 -3.011e-01 -3.010e-01 -4.294e+00 -5.868e+00 -8.296e+00 -1.808e+01 -2.400e+01 -2.400e+01 -2.400e+01 -2.400e+01 -2.400e+01 -2.400e+01 -2.400e+01 -2.400e+01 -2.400e+01
-13.466 -15.470 13.122 26.587 0.000 0.000 1.000 -4.918e+00 -3.011e-01 -3.010e-01 -4.229e+00 -5.804e+00 -8.232e+00 -1.789e+01 -2.400e+01 -2.400e+01 -2.400e+01 -2.400e+01 -2.400e+01 -2.400e+01 -2.400e+01 -2.400e+01 -2.400e+01
-13.397 -15.401 13.191 26.587 0.000 0.000 1.000 -4.849e+00 -3.011e-01 -3.010e-01 -4.160e+00 -5.734e+00 -8.162e+00 -1.768e+01 -2.400e+01 -2.400e+01 -2.400e+01 -2.400e+01 -2.400e+01 -2.400e+01 -2.400e+01 -2.400e+01 -2.400e+01
-13.332 -15.336 13.255 26.587 0.000 0.000 1.000 -4.784e+00 -3.011e-01 -3.010e-01 -4.095e+00 -5.670e+00 -8.098e+00 -1.749e+01 -2.400e+01 -2.400e+01 -2.400e+01 -2.400e+01 -2.400e+01 -2.400e+01 -2.400e+01 -2.400e+01 -2.400e+01
-13.263 -15.267 13.325 26.587 0.000 0.000 1.000 -4.715e+00 -3.011e-01 -3.010e-01 -4.026e+00 -5.600e+00 -8.028e+00 -1.728e+01 -2.400e+01 -2.400e+01 -2.400e+01 -2.400e+01 -2.400e+01 -2.400e+01 -2.400e+01 -2.400e+01 -2.400e+01
-13.198 -15.202 13.389 26.587 0.000 0.000 1.000 -4.650e+00 -3.011e-01 -3.010e-01 -3.961e+00 -5.536e+00 -7.964e+00 -1.709e+01 -2.400e+01 -2.400e+01 -2.400e+01 -2.400e+01 -2.400e+01 -2.400e+01 -2.400e+01 -2.400e+01 -2.400e+01
-13.133 -15.138 13.454 26.587 0.000 0.000 1.000 -4.585e+00 -3.012e-01 -3.010e-01 -3.896e+00 -5.471e+00 -7.899e+00 -1.689e+01 -2.400e+01 -2.400e+01 -2.400e+01 -2.400e+01 -2.400e+01 -2.400e+01 -2.400e+01 -2.400e+01 -2.400e+01
-13.064 -15.068 13.523 26.587 0.000 0.000 1.000 -4.516e+00 -3.012e-01 -3.010e-01 -3.827e+00 -5.402e+00 -7.830e+00 -1.668e+01 -2.400e+01 -2.400e+01 -2.400e+01 -2.400e+01 -2.400e+01 -2.400e+01 -2.400e+01 -2.400e+01 -2.400e+01
-12.999 -15.004 13.588 26.587 0.000 0.000 1.000 -4.452e+00 -3.012e-01 -3.010e-01 -3.762e+00 -5.337e+00 -7.765e+00 -1.649e+01 -2.400e+01 -2.400e+01 -2.400e+01 -2.400e+01 -2.400e+01 -2.400e+01 -2.400e+01 -2.400e+01 -2.400e+01
-12.930 -14.934 13.657 26.587 0.000 0.000 1.000 -4.382e+00 -3.012e-01 -3.010e-01 -3.693e+00 -5.268e+00 -7.696e+00 -1.628e+01 -2.399e+01 -2.400e+01 -2.400e+01 -2.400e+01 -2.400e+01 -2.400e+01 -2.400e+01 -2.400e+01 -2.400e+01
-12.865 -14.870 13.722 26.587 0.000 0.000 1.000 -4.318e+00 -3.013e-01 -3.010e-01 -3.628e+00 -5.203e+00 -7.631e+00 -1.609e+01 -2.398e+01 -2.400e+01 -2.400e+01 -2.400e+01 -2.400e+01 -2.400e+01 -2.400e+01 -2.400e+01 -2.400e+01
-12.796 -14.800 13.791 26.587 0.000 0.000 1.000 -4.249e+00 -3.013e-01 -3.010e-01 -3.559e+00 -5.134e+00 -7.562e+00 -1.588e+01 -2.396e+01 -2.400e+01 -2.400e+01 -2.400e+01 -2.400e+01 -2.400e+01 -2.400e+01 -2.400e+01 -2.400e+01
-12.731 -14.736 13.856 26.587 0.000 0.000 1.000 -4.184e+00 -3.014e-01 -3.010e-01 -3.494e+00 -5.069e+00 -7.497e+00 -1.569e+01 -2.392e+01 -2.400e+01 -2.400e+01 -2.400e+01 -2.400e+01 -2.400e+01 -2.400e+01 -2.400e+01 -2.400e+01
-12.666 -14.671 13.921 26.587 0.000 0.000 1.000 -4.119e+00 -3.014e-01 -3.010e-01 -3.430e+00 -5.004e+00 -7.432e+00 -1.549e+01 -2.384e+01 -2.400e+01 -2.400e+01 -2.400e+01 -2.400e+01 -2.400e+01 -2.400e+01 -2.400e+01 -2.400e+01
-12.597 -14.602 13.990 26.587 0.000 0.000 1.000 -4.050e+00 -3.015e-01 -3.010e-01 -3.361e+00 -4.935e+00 -7.363e+00 -1.528e+01 -2.370e+01 -2.400e+01 -2.400e+01 -2.400e+01 -2.400e+01 -2.400e+01 -2.400e+01 -2.400e+01 -2.400e+01
-12.533 -14.537 14.054 26.586 0.000 0.000 1.000 -3.985e+00 -3.016e-01 -3.010e-01 -3.296e+00 -4.870e+00 -7.298e+00 -1.509e+01 -2.351e+01 -2.400e+01 -2.400e+01 -2.400e+01 -2.400e+01 -2.400e+01 -2.400e+01 -2.400e+01 -2.400e+01
-12.463 -14.468 14.124 26.586 0.000 0.000 1.000 -3.916e+00 -3.017e-01 -3.010e-01 -3.227e+00 -4.801e+00 -7.228e+00 -1.488e+01 -2.325e+01 -2.400e+01 -2.400e+01 -2.400e+01 -2.400e+01 -2.400e+01 -2.400e+01 -2.400e+01 -2.400e+01
-12.399 -14.403 14.188 26.586 0.000 0.000 1.000 -3.851e+00 -3.018e-01 -3.010e-01 -3.162e+00 -4.736e+00 -7.163e+00 -1.469e+01 -2.297e+01 -2.400e+01 -2.400e+01 -2.400e+01 -2.400e+01 -2.400e+01 -2.400e+01 -2.400e+01 -2.400e+01
-12.329 -14.334 14.257 26.586 0.000 0.000 1.000 -3.782e+00 -3.019e-01 -3.010e-01 -3.093e+00 -4.667e+00 -7.094e+00 -1.448e+01 -2.265e+01 -2.400e+01 -2.400e+01 -2.400e+01 -2.400e+01 -2.400e+01 -2.400e+01 -2.400e+01 -2.400e+01
-12.265 -14.269 14.322 26.586 0.000 0.000 1.000 -3.718e+00 -3.020e-01 -3.010e-01 -3.028e+00 -4.603e+00 -7.029e+00 -1.429e+01 -2.233e+01 -2.400e+01 -2.400e+01 -2.400e+01 -2.400e+01 -2.400e+01 -2.400e+01 -2.400e+01 -2.400e+01
-12.200 -14.204 14.387 26.585 0.000 0.000 1.000 -3.653e+00 -3.022e-01 -3.010e-01 -2.964e+00 -4.538e+00 -6.964e+00 -1.409e+01 -2.201e+01 -2.400e+01 -2.400e+01 -2.400e+01 -2.400e+01 -2.400e+01 -2.400e+01 -2.400e+01 -2.400e+01
-12.131 -14.135 14.456 26.585 0.000 0.000 1.000 -3.584e+00 -3.024e-01 -3.010e-01 -2.895e+00 -4.469e+00 -6.895e+00 -1.388e+01 -2.167e+01 -2.400e+01 -2.400e+01 -2.400e+01 -2.400e+01 -2.400e+01 -2.400e+01 -2.400e+01 -2.400e+01
-12.066 -14.070 14.520 26.584 0.000 0.000 1.000 -3.519e+00 -3.026e-01 -3.011e-01 -2.830e+00 -4.404e+00 -6.830e+00 -1.369e+01 -2.135e+01 -2.400e+01 -2.400e+01 -2.400e+01 -2.400e+01 -2.400e+01 -2.400e+01 -2.400e+01 -2.400e+01
-11.997 -14.001 14.589 26.584 0.000 0.000 1.000 -3.451e+00 -3.029e-01 -3.011e-01 -2.761e+00 -4.335e+00 -6.760e+00 -1.348e+01 -2.100e+01 -2.400e+01 -2.400e+01 -2.400e+01 -2.400e+01 -2.400e+01 -2.400e+01 -2.400e+01 -2.400e+01
-11.932 -13.936 14.654 26.583 0.000 0.000 1.000 -3.386e+00 -3.032e-01 -3.011e-01 -2.697e+00 -4.270e+00 -6.695e+00 -1.329e+01 -2.068e+01 -2.400e+01 -2.400e+01 -2.400e+01 -2.400e+01 -2.400e+01 -2.400e+01 -2.400e+01 -2.400e+01
-11.863 -13.867 14.722 26.583 0.000 0.000 1.000 -3.317e+00 -3.035e-01 -3.011e-01 -2.628e+00 -4.201e+00 -6.626e+00 -1.308e+01 -2.033e+01 -2.400e+01 -2.400e+01 -2.400e+01 -2.400e+01 -2.400e+01 -2.400e+01 -2.400e+01 -2.400e+01
-11.798 -13.802 14.787 26.582 0.000 0.000 1.000 -3.253e+00 -3.039e-01 -3.011e-01 -2.564e+00 -4.137e+00 -6.560e+00 -1.288e+01 -2.001e+01 -2.400e+01 -2.400e+01 -2.400e+01 -2.400e+01 -2.400e+01 -2.400e+01 -2.400e+01 -2.400e+01
-11.733 -13.737 14.851 26.581 0.000 0.000 1.000 -3.188e+00 -3.044e-01 -3.011e-01 -2.499e+00 -4.072e+00 -6.495e+00 -1.269e+01 -1.969e+01 -2.400e+01 -2.400e+01 -2.400e+01 -2.400e+01 -2.400e+01 -2.400e+01 -2.400e+01 -2.400e+01
-11.664 -13.668 14.920 26.580 0.000 0.000 1.000 -3.120e+00 -3.050e-01 -3.011e-01 -2.431e+00 -4.003e+00 -6.425e+00 -1.248e+01 -1.934e+01 -2.400e+01 -2.400e+01 -2.400e+01 -2.400e+01 -2.400e+01 -2.400e+01 -2.400e+01 -2.400e+01
-11.599 -13.603 14.984 26.579 0.000 0.000 1.000 -3.056e+00 -3.056e-01 -3.011e-01 -2.366e+00 -3.939e+00 -6.359e+00 -1.229e+01 -1.902e+01 -2.400e+01 -2.400e+01 -2.400e+01 -2.400e+01 -2.400e+01 -2.400e+01 -2.400e+01 -2.400e+01
-11.530 -13.534 15.052 26.577 0.000 0.000 1.000 -2.987e+00 -3.064e-01 -3.011e-01 -2.298e+00 -3.870e+00 -6.289e+00 -1.208e+01 -1.867e+01 -2.400e+01 -2.400e+01 -2.400e+01 -2.400e+01 -2.400e+01 -2.400e+01 -2.400e+01 -2.400e+01
-11.465 -13.469 15.116 26.575 0.000 0.000 1.000 -2.923e+00 -3.072e-01 -3.011e-01 -2.234e+00 -3.806e+00 -6.223e+00 -1.189e+01 -1.835e+01 -2.400e+01 -2.400e+01 -2.400e+01 -2.400e+01 -2.400e+01 -2.400e+01 -2.400e+01 -2.400e+01
-11.396 -13.400 15.184 26.573 0.000 0.000 1.000 -2.855e+00 -3.083e-01 -3.011e-01 -2.166e+00 -3.737e+00 -6.153e+00 -1.168e+01 -1.800e+01 -2.399e+01 -2.400e+01 -2.400e+01 -2.400e+01 -2.400e+01 -2.400e+01 -2.400e+01 -2.400e+01
-11.331 -13.336 15.248 26.571 0.000 0.000 1.000 -2.792e+00 -3.094e-01 -3.012e-01 -2.102e+00 -3.672e+00 -6.087e+00 -1.148e+01 -1.768e+01 -2.396e+01 -2.400e+01 -2.400e+01 -2.400e+01 -2.400e+01 -2.400e+01 -2.400e+01 -2.400e+01
-11.266 -13.271 15.312 26.568 0.000 0.000 1.000 -2.728e+00 -3.108e-01 -3.012e-01 -2.039e+00 -3.608e+00 -6.020e+00 -1.129e+01 -1.736e+01 -2.390e+01 -2.400e+01 -2.400e+01 -2.400e+01 -2.400e+01 -2.400e+01 -2.400e+01 -2.400e+01
-11.197 -13.202 15.379 26.565 0.000 0.000 1.000 -2.660e+00 -3.124e-01 -3.012e-01 -1.971e+00 -3.540e+00 -5.949e+00 -1.108e+01 -1.701e+01 -2.374e+01 -2.400e+01 -2.400e+01 -2.400e+01 -2.400e+01 -2.400e+01 -2.400e+01 -2.400e+01
-11.132 -13.137 15.442 26.562 0.000 0.000 1.000 -2.597e+00 -3.142e-01 -3.012e-01 -1.908e+00 -3.475e+00 -5.881e+00 -1.089e+01 -1.669e+01 -2.348e+01 -2.400e+01 -2.400e+01 -2.400e+01 -2.400e+01 -2.400e+01 -2.400e+01 -2.400e+01
-11.063 -13.068 15.509 26.557 0.000 0.000 1.000 -2.530e+00 -3.165e-01 -3.013e-01 -1.842e+00 -3.407e+00 -5.809e+00 -1.068e+01 -1.634e+01 -2.310e+01 -2.400e+01 -2.400e+01 -2.400e+01 -2.400e+01 -2.400e+01 -2.400e+01 -2.400e+01
-10.998 -13.003 15.572 26.553 0.000 0.000 1.000 -2.468e+00 -3.189e-01 -3.013e-01 -1.779e+00 -3.343e+00 -5.740e+00 -1.048e+01 -1.602e+01 -2.268e+01 -2.400e+01 -2.400e+01 -2.400e+01 -2.400e+01 -2.400e+01 -2.400e+01 -2.400e+01
-10.929 -12.934 15.638 26.547 0.000 0.000 1.000 -2.402e+00 -3.219e-01 -3.013e-01 -1.713e+00 -3.274e+00 -5.667e+00 -1.027e+01 -1.568e+01 -2.222e+01 -2.400e+01 -2.400e+01 -2.400e+01 -2.400e+01 -2.400e+01 -2.400e+01 -2.400e+01
-10.864 -12.869 15.699 26.541 0.000 0.000 1.000 -2.340e+00 -3.252e-01 -3.014e-01 -1.652e+00 -3.210e+00 -5.597e+00 -1.008e+01 -1.536e+01 -2.177e+01 -2.400e+01 -2.400e+01 -2.400e+01 -2.400e+01 -2.400e+01 -2.400e+01 -2.400e+01
-10.800 -12.804 15.761 26.533 0.000 0.000 1.000 -2.279e+00 -3.290e-01 -3.014e-01 -1.591e+00 -3.146e+00 -5.525e+00 -9.882e+00 -1.503e+01 -2.133e+01 -2.400e+01 -2.400e+01 -2.400e+01 -2.400e+01 -2.400e+01 -2.400e+01 -2.400e+01
-10.731 -12.735 15.825 26.524 0.000 0.000 1.000 -2.215e+00 -3.336e-01 -3.015e-01 -1.526e+00 -3.077e+00 -5.448e+00 -9.672e+00 -1.469e+01 -2.085e+01 -2.400e+01 -2.400e+01 -2.400e+01 -2.400e+01 -2.400e+01 -2.400e+01 -2.400e+01
-10.666 -12.670 15.885 26.515 0.000 0.000 1.000 -2.155e+00 -3.387e-01 -3.016e-01 -1.467e+00 -3.012e+00 -5.374e+00 -9.475e+00 -1.437e+01 -2.040e+01 -2.399e+01 -2.400e+01 -2.400e+01 -2.400e+01 -2.400e+01 -2.400e+01 -2.400e+01
-10.597 -12.601 15.948 26.503 0.000 0.000 1.000 -2.092e+00 -3.449e-01 -3.016e-01 -1.404e+00 -2.943e+00 -5.293e+00 -9.264e+00 -1.402e+01 -1.992e+01 -2.394e+01 -2.400e+01 -2.400e+01 -2.400e+01 -2.400e+01 -2.400e+01 -2.400e+01
-10.532 -12.536 16.007 26.491 0.000 0.000 1.000 -2.034e+00 -3.515e-01 -3.017e-01 -1.346e+00 -2.877e+00 -5.215e+00 -9.065e+00 -1.370e+01 -1.948e+01 -2.382e+01 -2.400e+01 -2.400e+01 -2.400e+01 -2.400e+01 -2.400e+01 -2.400e+01
-10.463 -12.467 16.068 26.476 0.000 0.000 1.000 -1.972e+00 -3.597e-01 -3.018e-01 -1.285e+00 -2.806e+00 -5.129e+00 -8.852e+00 -1.336e+01 -1.900e+01 -2.351e+01 -2.400e+01 -2.400e+01 -2.400e+01 -2.400e+01 -2.400e+01 -2.400e+01
-10.398 -12.402 16.125 26.460 0.000 0.000 1.000 -1.916e+00 -3.685e-01 -3.019e-01 -1.229e+00 -2.739e+00 -5.045e+00 -8.650e+00 -1.304e+01 -1.856e+01 -2.306e+01 -2.400e+01 -2.400e+01 -2.400e+01 -2.400e+01 -2.400e+01 -2.400e+01
-10.333 -12.337 16.180 26.442 0.000 0.000 1.000 -1.861e+00 -3.784e-01 -3.021e-01 -1.175e+00 -2.670e+00 -4.957e+00 -8.447e+00 -1.271e+01 -1.812e+01 -2.254e+01 -2.400e+01 -2.400e+01 -2.400e+01 -2.400e+01 -2.400e+01 -2.400e+01
-10.264 -12.268 16.238 26.420 0.000 0.000 1.000 -1.804e+00 -3.905e-01 -3.022e-01 -1.118e+00 -2.594e+00 -4.858e+00 -8.228e+00 -1.237e+01 -1.765e+01 -2.195e+01 -2.400e+01 -2.400e+01 -2.400e+01 -2.400e+01 -2.400e+01 -2.400e+01
-10.199 -12.203 16.291 26.398 0.000 0.000 1.000 -1.753e+00 -4.034e-01 -3.024e-01 -1.067e+00 -2.521e+00 -4.760e+00 -8.019e+00 -1.205e+01 -1.720e+01 -2.139e+01 -2.400e+01 -2.400e+01 -2.400e+01 -2.400e+01 -2.400e+01 -2.400e+01
-10.130 -12.134 16.346 26.372 0.000 0.000 1.000 -1.699e+00 -4.189e-01 -3.025e-01 -1.014e+00 -2.440e+00 -4.649e+00 -7.793e+00 -1.170e+01 -1.673e+01 -2.080e+01 -2.400e+01 -2.400e+01 -2.400e+01 -2.400e+01 -2.400e+01 -2.400e+01
-10.065 -12.069 16.396 26.345 0.000 0.000 1.000 -1.651e+00 -4.352e-01 -3.027e-01 -9.662e-01 -2.361e+00 -4.538e+00 -7.578e+00 -1.137e+01 -1.629e+01 -2.024e+01 -2.400e+01 -2.400e+01 -2.400e+01 -2.400e+01 -2.400e+01 -2.400e+01
-9.996 -12.000 16.448 26.314 0.000 0.000 1.000 -1.602e+00 -4.548e-01 -3.029e-01 -9.179e-01 -2.273e+00 -4.411e+00 -7.343e+00 -1.102e+01 -1.583e+01 -1.966e+01 -2.399e+01 -2.400e+01 -2.400e+01 -2.400e+01 -2.400e+01 -2.400e+01
-9.931 -11.935 16.495 26.283 0.000 0.000 1.000 -1.558e+00 -4.752e-01 -3.031e-01 -8.752e-01 -2.186e+00 -4.283e+00 -7.117e+00 -1.069e+01 -1.539e+01 -1.911e+01 -2.398e+01 -2.400e+01 -2.400e+01 -2.400e+01 -2.400e+01 -2.400e+01
-9.866 -11.871 16.541 26.251 0.000 0.000 1.000 -1.517e+00 -4.978e-01 -3.032e-01 -8.350e-01 -2.096e+00 -4.147e+00 -6.886e+00 -1.036e+01 -1.495e+01 -1.856e+01 -2.391e+01 -2.400e+01 -2.400e+01 -2.400e+01 -2.400e+01 -2.400e+01
-9.797 -11.801 16.589 26.215 0.000 0.000 1.000 -1.476e+00 -5.245e-01 -3.034e-01 -7.953e-01 -1.997e+00 -3.993e+00 -6.633e+00 -1.000e+01 -1.448e+01 -1.798e+01 -2.366e+01 -2.400e+01 -2.400e+01 -2.400e+01 -2.400e+01 -2.400e+01
-9.732 -11.737 16.632 26.182 0.000 0.000 1.000 -1.440e+00 -5.519e-01 -3.036e-01 -7.612e-01 -1.901e+00 -3.839e+00 -6.390e+00 -9.661e+00 -1.404e+01 -1.744e+01 -2.320e+01 -2.400e+01 -2.400e+01 -2.400e+01 -2.400e+01 -2.400e+01
-9.663 -11.667 16.676 26.146 0.000 0.000 1.000 -1.406e+00 -5.838e-01 -3.037e-01 -7.286e-01 -1.796e+00 -3.667e+00 -6.124e+00 -9.295e+00 -1.357e+01 -1.686e+01 -2.257e+01 -2.400e+01 -2.400e+01 -2.400e+01 -2.400e+01 -2.400e+01
-9.598 -11.603 16.717 26.114 0.000 0.000 1.000 -1.377e+00 -6.163e-01 -3.038e-01 -7.017e-01 -1.696e+00 -3.500e+00 -5.871e+00 -8.950e+00 -1.313e+01 -1.632e+01 -2.195e+01 -2.400e+01 -2.400e+01 -2.400e+01 -2.400e+01 -2.400e+01
-9.529 -11.534 16.760 26.081 0.000 0.000 1.000 -1.349e+00 -6.537e-01 -3.038e-01 -6.771e-01 -1.590e+00 -3.316e+00 -5.596e+00 -8.580e+00 -1.266e+01 -1.576e+01 -2.128e+01 -2.400e+01 -2.400e+01 -2.400e+01 -2.400e+01 -2.400e+01
-9.464 -11.469 16.800 26.052 0.000 0.000 1.000 -1.328e+00 -6.914e-01 -3.037e-01 -6.584e-01 -1.492e+00 -3.142e+00 -5.336e+00 -8.233e+00 -1.223e+01 -1.523e+01 -2.066e+01 -2.400e+01 -2.400e+01 -2.400e+01 -2.400e+01 -2.400e+01
-9.400 -11.404 16.840 26.024 0.000 0.000 1.000 -1.310e+00 -7.314e-01 -3.036e-01 -6.439e-01 -1.395e+00 -2.967e+00 -5.077e+00 -7.888e+00 -1.179e+01 -1.471e+01 -2.005e+01 -2.400e+01 -2.400e+01 -2.400e+01 -2.400e+01 -2.400e+01
-9.330 -11.335 16.882 25.996 0.000 0.000 1.000 -1.295e+00 -7.768e-01 -3.034e-01 -6.336e-01 -1.295e+00 -2.782e+00 -4.803e+00 -7.523e+00 -1.134e+01 -1.416e+01 -1.941e+01 -2.399e+01 -2.400e+01 -2.400e+01 -2.400e+01 -2.400e+01
-9.266 -11.270 16.921 25.970 0.000 0.000 1.000 -1.286e+00 -8.216e-01 -3.031e-01 -6.289e-01 -1.206e+00 -2.611e+00 -4.550e+00 -7.187e+00 -1.092e+01 -1.366e+01 -1.883e+01 -2.394e+01 -2.400e+01 -2.400e+01 -2.400e+01 -2.400e+01
-9.196 -11.201 16.963 25.942 0.000 0.000 1.000 -1.281e+00 -8.719e-01 -3.026e-01 -6.295e-01 -1.115e+00 -2.435e+00 -4.286e+00 -6.837e+00 -1.048e+01 -1.313e+01 -1.821e+01 -2.375e+01 -2.400e+01 -2.400e+01 -2.400e+01 -2.400e+01
-9.132 -11.136 17.002 25.914 0.000 0.000 1.000 -1.281e+00 -9.212e-01 -3.020e-01 -6.357e-01 -1.036e+00 -2.276e+00 -4.047e+00 -6.519e+00 -1.008e+01 -1.266e+01 -1.766e+01 -2.335e+01 -2.400e+01 -2.400e+01 -2.400e+01 -2.400e+01
-9.062 -11.067 17.043 25.880 0.000 0.000 1.000 -1.286e+00 -9.760e-01 -3.012e-01 -6.483e-01 -9.583e-01 -2.113e+00 -3.801e+00 -6.191e+00 -9.675e+00 -1.217e+01 -1.709e+01 -2.278e+01 -2.400e+01 -2.400e+01 -2.400e+01 -2.400e+01
-8.998 -11.002 17.081 25.845 0.000 0.000 1.000 -1.295e+00 -1.029e+00 -3.003e-01 -6.661e-01 -8.919e-01 -1.969e+00 -3.581e+00 -5.896e+00 -9.307e+00 -1.173e+01 -1.657e+01 -2.221e+01 -2.400e+01 -2.400e+01 -2.400e+01 -2.400e+01
-8.933 -10.937 17.119 25.804 0.000 0.000 1.000 -1.310e+00 -1.084e+00 -2.993e-01 -6.896e-01 -8.320e-01 -1.834e+00 -3.372e+00 -5.615e+00 -8.955e+00 -1.131e+01 -1.608e+01 -2.165e+01 -2.400e+01 -2.400e+01 -2.400e+01 -2.400e+01
-8.864 -10.868 17.157 25.756 0.000 0.000 1.000 -1.331e+00 -1.145e+00 -2.981e-01 -7.212e-01 -7.757e-01 -1.699e+00 -3.162e+00 -5.331e+00 -8.598e+00 -1.088e+01 -1.558e+01 -2.108e+01 -2.400e+01 -2.400e+01 -2.400e+01 -2.400e+01
-8.799 -10.803 17.191 25.704 0.000 0.000 1.000 -1.355e+00 -1.203e+00 -2.969e-01 -7.568e-01 -7.300e-01 -1.583e+00 -2.978e+00 -5.080e+00 -8.281e+00 -1.050e+01 -1.513e+01 -2.057e+01 -2.400e+01 -2.400e+01 -2.400e+01 -2.400e+01
-8.730 -10.734 17.226 25.642 0.000 0.000 1.000 -1.387e+00 -1.267e+00 -2.956e-01 -8.009e-01 -6.887e-01 -1.468e+00 -2.794e+00 -4.829e+00 -7.964e+00 -1.012e+01 -1.469e+01 -2.006e+01 -2.399e+01 -2.400e+01 -2.400e+01 -2.400e+01
-8.665 -10.669 17.256 25.577 0.000 0.000 1.000 -1.422e+00 -1.328e+00 -2.943e-01 -8.479e-01 -6.566e-01 -1.371e+00 -2.634e+00 -4.609e+00 -7.685e+00 -9.782e+00 -1.429e+01 -1.961e+01 -2.398e+01 -2.400e+01 -2.400e+01 -2.400e+01
-8.596 -10.600 17.286 25.502 0.000 0.000 1.000 -1.465e+00 -1.395e+00 -2.929e-01 -9.036e-01 -6.293e-01 -1.276e+00 -2.477e+00 -4.391e+00 -7.408e+00 -9.449e+00 -1.390e+01 -1.916e+01 -2.394e+01 -2.400e+01 -2.400e+01 -2.400e+01
-8.531 -10.535 17.312 25.426 0.000 0.000 1.000 -1.510e+00 -1.459e+00 -2.916e-01 -9.607e-01 -6.096e-01 -1.197e+00 -2.341e+00 -4.201e+00 -7.167e+00 -9.160e+00 -1.356e+01 -1.877e+01 -2.384e+01 -2.400e+01 -2.400e+01 -2.400e+01
-8.466 -10.470 17.335 25.345 0.000 0.000 1.000 -1.560e+00 -1.524e+00 -2.904e-01 -1.022e+00 -5.952e-01 -1.125e+00 -2.217e+00 -4.027e+00 -6.944e+00 -8.893e+00 -1.324e+01 -1.840e+01 -2.367e+01 -2.400e+01 -2.400e+01 -2.400e+01
-8.397 -10.401 17.358 25.252 0.000 0.000 1.000 -1.619e+00 -1.596e+00 -2.891e-01 -1.092e+00 -5.851e-01 -1.057e+00 -2.097e+00 -3.856e+00 -6.724e+00 -8.632e+00 -1.293e+01 -1.804e+01 -2.341e+01 -2.400e+01 -2.400e+01 -2.400e+01
-8.332 -10.336 17.377 25.160 0.000 0.000 1.000 -1.680e+00 -1.664e+00 -2.880e-01 -1.160e+00 -5.799e-01 -1.002e+00 -1.995e+00 -3.711e+00 -6.536e+00 -8.409e+00 -1.267e+01 -1.773e+01 -2.313e+01 -2.400e+01 -2.400e+01 -2.400e+01
-8.263 -10.267 17.396 25.057 0.000 0.000 1.000 -1.752e+00 -1.739e+00 -2.869e-01 -1.236e+00 -5.782e-01 -9.492e-01 -1.898e+00 -3.570e+00 -6.354e+00 -8.195e+00 -1.241e+01 -1.743e+01 -2.282e+01 -2.400e+01 -2.400e+01 -2.400e+01
-8.198 -10.203 17.411 24.955 0.000 0.000 1.000 -1.824e+00 -1.810e+00 -2.860e-01 -1.310e+00 -5.796e-01 -9.064e-01 -1.816e+00 -3.451e+00 -6.199e+00 -8.016e+00 -1.219e+01 -1.718e+01 -2.255e+01 -2.400e+01 -2.400e+01 -2.400e+01
-8.129 -10.133 17.425 24.840 0.000 0.000 1.000 -1.908e+00 -1.889e+00 -2.850e-01 -1.392e+00 -5.837e-01 -8.669e-01 -1.739e+00 -3.338e+00 -6.050e+00 -7.849e+00 -1.198e+01 -1.694e+01 -2.227e+01 -2.400e+01 -2.400e+01 -2.400e+01
-8.064 -10.069 17.437 24.728 0.000 0.000 1.000 -1.993e+00 -1.964e+00 -2.842e-01 -1.470e+00 -5.893e-01 -8.350e-01 -1.676e+00 -3.243e+00 -5.926e+00 -7.713e+00 -1.181e+01 -1.673e+01 -2.204e+01 -2.400e+01 -2.400e+01 -2.400e+01
-7.999 -10.004 17.447 24.611 0.000 0.000 1.000 -2.083e+00 -2.042e+00 -2.835e-01 -1.552e+00 -5.960e-01 -8.075e-01 -1.620e+00 -3.160e+00 -5.816e+00 -7.598e+00 -1.166e+01 -1.655e+01 -2.184e+01 -2.400e+01 -2.400e+01 -2.400e+01
-7.930 -9.935 17.456 24.482 0.000 0.000 1.000 -2.186e+00 -2.127e+00 -2.828e-01 -1.642e+00 -6.040e-01 -7.824e-01 -1.569e+00 -3.082e+00 -5.712e+00 -7.498e+00 -1.152e+01 -1.638e+01 -2.164e+01 -2.400e+01 -2.400e+01 -2.400e+01
-7.865 -9.870 17.463 24.357 0.000 0.000 1.000 -2.286e+00 -2.209e+00 -2.822e-01 -1.731e+00 -6.119e-01 -7.623e-01 -1.528e+00 -3.019e+00 -5.626e+00 -7.425e+00 -1.141e+01 -1.625e+01 -2.149e+01 -2.400e+01 -2.400e+01 -2.400e+01
-7.796 -9.801 17.470 24.222 0.000 0.000 1.000 -2.397e+00 -2.300e+00 -2.817e-01 -1.832e+00 -6.204e-01 -7.438e-01 -1.491e+00 -2.961e+00 -5.547e+00 -7.369e+00 -1.132e+01 -1.612e+01 -2.134e+01 -2.400e+01 -2.400e+01 -2.400e+01
-7.731 -9.736 17.475 24.096 0.000 0.000 1.000 -2.504e+00 -2.389e+00 -2.814e-01 -1.934e+00 -6.281e-01 -7.287e-01 -1.461e+00 -2.914e+00 -5.482e+00 -7.337e+00 -1.124e+01 -1.602e+01 -2.122e+01 -2.399e+01 -2.400e+01 -2.400e+01
-7.662 -9.667 17.480 23.962 0.000 0.000 1.000 -2.620e+00 -2.486e+00 -2.812e-01 -2.051e+00 -6.360e-01 -7.147e-01 -1.435e+00 -2.871e+00 -5.422e+00 -7.324e+00 -1.118e+01 -1.593e+01 -2.111e+01 -2.399e+01 -2.400e+01 -2.400e+01
-7.598 -9.602 17.484 23.840 0.000 0.000 1.000 -2.729e+00 -2.579e+00 -2.814e-01 -2.170e+00 -6.431e-01 -7.029e-01 -1.415e+00 -2.838e+00 -5.373e+00 -7.331e+00 -1.113e+01 -1.586e+01 -2.102e+01 -2.399e+01 -2.400e+01 -2.400e+01
-7.533 -9.537 17.488 23.724 0.000 0.000 1.000 -2.836e+00 -2.674e+00 -2.817e-01 -2.296e+00 -6.497e-01 -6.922e-01 -1.399e+00 -2.809e+00 -5.330e+00 -7.356e+00 -1.109e+01 -1.580e+01 -2.094e+01 -2.399e+01 -2.400e+01 -2.400e+01
-7.464 -9.468 17.491 23.608 0.000 0.000 1.000 -2.946e+00 -2.774e+00 -2.824e-01 -2.439e+00 -6.563e-01 -6.815e-01 -1.386e+00 -2.783e+00 -5.289e+00 -7.400e+00 -1.106e+01 -1.574e+01 -2.087e+01 -2.399e+01 -2.400e+01 -2.400e+01
-7.399 -9.403 17.494 23.510 0.000 0.000 1.000 -3.041e+00 -2.865e+00 -2.834e-01 -2.574e+00 -6.621e-01 -6.719e-01 -1.376e+00 -2.763e+00 -5.256e+00 -7.456e+00 -1.103e+01 -1.569e+01 -2.081e+01 -2.399e+01 -2.400e+01 -2.400e+01
-7.330 -9.334 17.497 23.421 0.000 0.000 1.000 -3.129e+00 -2.955e+00 -2.848e-01 -2.712e+00 -6.682e-01 -6.617e-01 -1.369e+00 -2.745e+00 -5.223e+00 -7.523e+00 -1.101e+01 -1.565e+01 -2.075e+01 -2.399e+01 -2.400e+01 -2.400e+01
-7.265 -9.269 17.499 23.354 0.000 0.000 1.000 -3.194e+00 -3.027e+00 -2.865e-01 -2.826e+00 -6.739e-01 -6.519e-01 -1.364e+00 -2.729e+00 -5.194e+00 -7.586e+00 -1.100e+01 -1.561e+01 -2.069e+01 -2.399e+01 -2.400e+01 -2.400e+01
-7.200 -9.204 17.502 23.304 0.000 0.000 1.000 -3.241e+00 -3.085e+00 -2.885e-01 -2.916e+00 -6.798e-01 -6.417e-01 -1.361e+00 -2.716e+00 -5.165e+00 -7.636e+00 -1.099e+01 -1.557e+01 -2.064e+01 -2.399e+01 -2.400e+01 -2.400e+01
-7.131 -9.135 17.504 23.268 0.000 0.000 1.000 -3.273e+00 -3.130e+00 -2.910e-01 -2.982e+00 -6.866e-01 -6.301e-01 -1.358e+00 -2.702e+00 -5.134e+00 -7.668e+00 -1.097e+01 -1.553e+01 -2.059e+01 -2.399e+01 -2.400e+01 -2.400e+01
-7.066 -9.070 17.507 23.245 0.000 0.053 1.000 -3.291e+00 -3.157e+00 -2.938e-01 -3.018e+00 -6.937e-01 -6.182e-01 -1.356e+00 -2.688e+00 -5.104e+00 -7.675e+00 -1.096e+01 -1.549e+01 -2.053e+01 -2.399e+01 -2.400e+01 -2.400e+01
-6.997 -9.001 17.511 23.195 0.062 0.053 1.000 -3.312e+00 -3.185e+00 -3.126e-01 -3.074e+00 -7.401e-01 -5.514e-01 -1.338e+00 -2.618e+00 -4.932e+00 -7.520e+00 -1.088e+01 -1.529e+01 -2.022e+01 -2.398e+01 -2.400e+01 -2.400e+01
-6.932 -8.936 17.514 23.159 0.062 0.053 1.000 -3.316e+00 -3.187e+00 -3.311e-01 -3.101e+00 -7.851e-01 -5.007e-01 -1.310e+00 -2.564e+00 -4.796e+00 -7.388e+00 -1.079e+01 -1.512e+01 -1.997e+01 -2.396e+01 -2.400e+01 -2.400e+01
-6.863 -8.867 17.518 23.120 0.062 0.053 1.000 -3.317e+00 -3.189e+00 -3.513e-01 -3.126e+00 -8.343e-01 -4.563e-01 -1.272e+00 -2.511e+00 -4.669e+00 -7.262e+00 -1.068e+01 -1.496e+01 -1.974e+01 -2.394e+01 -2.400e+01 -2.400e+01
-6.798 -8.802 17.521 23.086 0.062 0.053 1.000 -3.315e+00 -3.191e+00 -3.694e-01 -3.147e+00 -8.789e-01 -4.233e-01 -1.236e+00 -2.465e+00 -4.568e+00 -7.160e+00 -1.057e+01 -1.483e+01 -1.955e+01 -2.391e+01 -2.400e+01 -2.400e+01
-6.733 -8.738 17.525 23.053 0.062 0.053 1.000 -3.311e+00 -3.193e+00 -3.872e-01 -3.165e+00 -9.235e-01 -3.956e-01 -1.201e+00 -2.421e+00 -4.477e+00 -7.065e+00 -1.047e+01 -1.470e+01 -1.938e+01 -2.387e+01 -2.400e+01 -2.400e+01
-6.664 -8.668 17.530 23.018 0.062 0.053 1.000 -3.306e+00 -3.195e+00 -4.061e-01 -3.183e+00 -9.712e-01 -3.705e-01 -1.165e+00 -2.374e+00 -4.387e+00 -6.969e+00 -1.036e+01 -1.457e+01 -1.921e+01 -2.382e+01 -2.400e+01 -2.400e+01
-6.599 -8.604 17.534 22.986 0.062 0.053 1.000 -3.299e+00 -3.197e+00 -4.235e-01 -3.199e+00 -1.016e+00 -3.503e-01 -1.133e+00 -2.331e+00 -4.308e+00 -6.884e+00 -1.025e+01 -1.444e+01 -1.905e+01 -2.376e+01 -2.400e+01 -2.400e+01
-6.530 -8.534 17.539 22.953 0.062 0.053 1.000 -3.291e+00 -3.199e+00 -4.419e-01 -3.214e+00 -1.064e+00 -3.316e-01 -1.101e+00 -2.287e+00 -4.229e+00 -6.797e+00 -1.015e+01 -1.431e+01 -1.890e+01 -2.368e+01 -2.400e+01 -2.400e+01
-6.465 -8.470 17.544 22.922 0.062 0.053 1.000 -3.284e+00 -3.202e+00 -4.589e-01 -3.227e+00 -1.109e+00 -3.165e-01 -1.073e+00 -2.246e+00 -4.158e+00 -6.718e+00 -1.005e+01 -1.419e+01 -1.876e+01 -2.359e+01 -2.400e+01 -2.400e+01
-6.396 -8.401 17.550 22.890 0.062 0.053 1.000 -3.275e+00 -3.204e+00 -4.767e-01 -3.241e+00 -1.158e+00 -3.023e-01 -1.045e+00 -2.204e+00 -4.085e+00 -6.637e+00 -9.942e+00 -1.407e+01 -1.861e+01 -2.349e+01 -2.400e+01 -2.400e+01
-6.331 -8.336 17.556 22.860 0.062 0.053 1.000 -3.266e+00 -3.206e+00 -4.933e-01 -3.252e+00 -1.203e+00 -2.907e-01 -1.020e+00 -2.165e+00 -4.020e+00 -6.563e+00 -9.846e+00 -1.395e+01 -1.847e+01 -2.338e+01 -2.400e+01 -2.400e+01
-6.267 -8.271 17.562 22.831 0.062 0.053 1.000 -3.257e+00 -3.208e+00 -5.096e-01 -3.264e+00 -1.248e+00 -2.804e-01 -9.974e-01 -2.128e+00 -3.957e+00 -6.491e+00 -9.752e+00 -1.384e+01 -1.834e+01 -2.327e+01 -2.400e+01 -2.400e+01
-6.197 -8.193 17.569 22.801 0.062 0.053 1.000 -3.248e+00 -3.211e+00 -5.267e-01 -3.275e+00 -1.295e+00 -2.709e-01 -9.745e-01 -2.090e+00 -3.892e+00 -6.416e+00 -9.655e+00 -1.372e+01 -1.820e+01 -2.315e+01 -2.400e+01 -2.400e+01
-6.132 -8.026 17.577 22.771 0.125 0.053 1.000 -3.239e+00 -3.213e+00 -5.436e-01 -3.285e+00 -1.342e+00 -2.625e-01 -9.533e-01 -2.054e+00 -3.829e+00 -6.344e+00 -9.560e+00 -1.361e+01 -1.806e+01 -2.302e+01 -2.400e+01 -2.400e+01
-6.064 -7.885 17.585 22.736 0.125 0.053 1.000 -3.228e+00 -3.216e+00 -5.633e-01 -3.297e+00 -1.397e+00 -2.538e-01 -9.299e-01 -2.013e+00 -3.757e+00 -6.262e+00 -9.450e+00 -1.347e+01 -1.790e+01 -2.286e+01 -2.400e+01 -2.400e+01
-5.993 -7.757 17.594 22.694 0.188 0.053 1.000 -3.215e+00 -3.219e+00 -5.872e-01 -3.312e+00 -1.462e+00 -2.447e-01 -9.036e-01 -1.965e+00 -3.673e+00 -6.165e+00 -9.320e+00 -1.331e+01 -1.771e+01 -2.269e+01 -2.400e+01 -2.400e+01
-5.929 -7.654 17.602 22.652 0.188 0.053 1.000 -3.203e+00 -3.223e+00 -6.113e-01 -3.326e+00 -1.528e+00 -2.369e-01 -8.792e-01 -1.920e+00 -3.591e+00 -6.070e+00 -9.192e+00 -1.315e+01 -1.752e+01 -2.250e+01 -2.400e+01 -2.400e+01
-5.860 -7.551 17.611 22.601 0.188 0.053 1.000 -3.188e+00 -3.228e+00 -6.409e-01 -3.344e+00 -1.604e+00 -2.289e-01 -8.519e-01 -1.868e+00 -3.493e+00 -5.958e+00 -9.038e+00 -1.296e+01 -1.730e+01 -2.227e+01 -2.400e+01 -2.400e+01
-5.796 -7.461 17.620 22.547 0.188 0.053 1.000 -3.174e+00 -3.233e+00 -6.721e-01 -3.364e+00 -1.681e+00 -2.220e-01 -8.262e-01 -1.817e+00 -3.395e+00 -5.846e+00 -8.881e+00 -1.276e+01 -1.706e+01 -2.203e+01 -2.400e+01 -2.400e+01
-5.727 -7.372 17.629 22.485 0.188 0.053 1.000 -3.158e+00 -3.239e+00 -7.089e-01 -3.387e+00 -1.764e+00 -2.153e-01 -7.993e-01 -1.764e+00 -3.286e+00 -5.720e+00 -8.703e+00 -1.254e+01 -1.679e+01 -2.175e+01 -2.400e+01 -2.400e+01
-5.666 -7.295 17.637 22.425 0.250 0.053 1.000 -3.144e+00 -3.245e+00 -7.456e-01 -3.411e+00 -1.837e+00 -2.099e-01 -7.760e-01 -1.716e+00 -3.183e+00 -5.603e+00 -8.534e+00 -1.232e+01 -1.653e+01 -2.148e+01 -2.400e+01 -2.400e+01
-5.592 -7.205 17.646 22.347 0.250 0.053 1.000 -3.128e+00 -3.254e+00 -7.950e-01 -3.445e+00 -1.924e+00 -2.040e-01 -7.492e-01 -1.660e+00 -3.055e+00 -5.459e+00 -8.319e+00 -1.204e+01 -1.619e+01 -2.113e+01 -2.400e+01 -2.400e+01
-5.527 -7.128 17.655 22.271 0.250 0.053 1.000 -3.114e+00 -3.264e+00 -8.435e-01 -3.479e+00 -1.997e+00 -1.992e-01 -7.273e-01 -1.615e+00 -2.939e+00 -5.330e+00 -8.122e+00 -1.178e+01 -1.587e+01 -2.080e+01 -2.399e+01 -2.400e+01
-5.460 -7.051 17.662 22.188 0.250 0.053 1.000 -3.101e+00 -3.275e+00 -8.983e-01 -3.521e+00 -2.070e+00 -1.947e-01 -7.068e-01 -1.572e+00 -2.822e+00 -5.200e+00 -7.917e+00 -1.151e+01 -1.554e+01 -2.045e+01 -2.399e+01 -2.400e+01
-5.391 -6.974 17.670 22.097 0.250 0.053 1.000 -3.089e+00 -3.289e+00 -9.599e-01 -3.569e+00 -2.142e+00 -1.903e-01 -6.880e-01 -1.534e+00 -2.704e+00 -5.070e+00 -7.706e+00 -1.123e+01 -1.518e+01 -2.009e+01 -2.397e+01 -2.400e+01
-5.333 -6.909 17.676 22.015 0.250 0.053 1.000 -3.080e+00 -3.302e+00 -1.017e+00 -3.616e+00 -2.204e+00 -1.869e-01 -6.737e-01 -1.505e+00 -2.607e+00 -4.964e+00 -7.528e+00 -1.098e+01 -1.488e+01 -1.977e+01 -2.393e+01 -2.400e+01
-5.262 -6.832 17.683 21.907 0.250 0.053 1.000 -3.070e+00 -3.321e+00 -1.092e+00 -3.679e+00 -2.278e+00 -1.831e-01 -6.585e-01 -1.475e+00 -2.494e+00 -4.841e+00 -7.316e+00 -1.069e+01 -1.450e+01 -1.939e+01 -2.384e+01 -2.400e+01
-5.191 -6.755 17.689 21.790 0.250 0.053 1.000 -3.062e+00 -3.343e+00 -1.175e+00 -3.750e+00 -2.354e+00 -1.797e-01 -6.452e-01 -1.449e+00 -2.387e+00 -4.725e+00 -7.105e+00 -1.039e+01 -1.412e+01 -1.900e+01 -2.366e+01 -2.400e+01
-5.132 -6.723 17.693 21.690 0.250 0.053 1.000 -3.056e+00 -3.364e+00 -1.248e+00 -3.816e+00 -2.415e+00 -1.773e-01 -6.358e-01 -1.431e+00 -2.304e+00 -4.636e+00 -6.938e+00 -1.015e+01 -1.381e+01 -1.868e+01 -2.345e+01 -2.400e+01
-5.066 -6.677 17.698 21.565 0.250 0.053 1.000 -3.050e+00 -3.391e+00 -1.337e+00 -3.896e+00 -2.482e+00 -1.750e-01 -6.267e-01 -1.414e+00 -2.216e+00 -4.542e+00 -6.756e+00 -9.884e+00 -1.347e+01 -1.832e+01 -2.315e+01 -2.400e+01
-4.994 -6.650 17.702 21.431 0.375 0.053 1.000 -3.044e+00 -3.425e+00 -1.442e+00 -3.993e+00 -2.552e+00 -1.730e-01 -6.184e-01 -1.398e+00 -2.128e+00 -4.449e+00 -6.564e+00 -9.601e+00 -1.310e+01 -1.794e+01 -2.284e+01 -2.400e+01
-4.931 -6.655 17.705 21.282 0.375 0.053 1.000 -3.040e+00 -3.459e+00 -1.540e+00 -4.085e+00 -2.607e+00 -1.717e-01 -6.125e-01 -1.386e+00 -2.059e+00 -4.375e+00 -6.405e+00 -9.362e+00 -1.278e+01 -1.761e+01 -2.251e+01 -2.400e+01
-4.862 -6.666 17.708 21.170 0.375 0.053 1.000 -3.036e+00 -3.501e+00 -1.655e+00 -4.194e+00 -2.663e+00 -1.709e-01 -6.068e-01 -1.375e+00 -1.990e+00 -4.302e+00 -6.238e+00 -9.106e+00 -1.244e+01 -1.726e+01 -2.215e+01 -2.400e+01
-4.796 -6.632 17.710 20.755 0.312 0.105 1.000 -3.028e+00 -3.549e+00 -1.774e+00 -4.306e+00 -2.708e+00 -1.702e-01 -6.031e-01 -1.367e+00 -1.931e+00 -4.231e+00 -6.085e+00 -8.869e+00 -1.212e+01 -1.693e+01 -2.181e+01 -2.400e+01
-4.727 -6.503 17.711 20.541 0.375 0.105 1.000 -3.026e+00 -3.599e+00 -1.906e+00 -4.424e+00 -2.749e+00 -1.691e-01 -6.022e-01 -1.359e+00 -1.875e+00 -4.170e+00 -5.928e+00 -8.627e+00 -1.179e+01 -1.660e+01 -2.147e+01 -2.400e+01
-4.665 -6.401 17.711 20.298 0.438 0.105 1.000 -3.026e+00 -3.650e+00 -2.029e+00 -4.539e+00 -2.771e+00 -1.685e-01 -6.009e-01 -1.357e+00 -1.833e+00 -4.129e+00 -5.797e+00 -8.417e+00 -1.151e+01 -1.632e+01 -2.119e+01 -2.399e+01
-4.598 -6.298 17.712 19.901 0.500 0.105 1.000 -3.026e+00 -3.709e+00 -2.167e+00 -4.667e+00 -2.791e+00 -1.681e-01 -5.999e-01 -1.356e+00 -1.797e+00 -4.094e+00 -5.663e+00 -8.197e+00 -1.121e+01 -1.602e+01 -2.089e+01 -2.399e+01
-4.526 -6.227 17.712 18.883 0.500 0.105 1.000 -3.026e+00 -3.775e+00 -2.315e+00 -4.805e+00 -2.807e+00 -1.679e-01 -5.990e-01 -1.354e+00 -1.768e+00 -4.065e+00 -5.531e+00 -7.973e+00 -1.090e+01 -1.571e+01 -2.057e+01 -2.397e+01
-4.462 -6.382 17.712 19.717 0.375 0.105 1.000 -3.026e+00 -3.842e+00 -2.447e+00 -4.932e+00 -2.818e+00 -1.682e-01 -5.977e-01 -1.352e+00 -1.749e+00 -4.047e+00 -5.423e+00 -7.783e+00 -1.063e+01 -1.542e+01 -2.027e+01 -2.394e+01
-4.398 -6.373 17.711 19.915 0.375 0.105 1.000 -3.024e+00 -3.905e+00 -2.578e+00 -5.049e+00 -2.827e+00 -1.688e-01 -5.960e-01 -1.349e+00 -1.734e+00 -4.031e+00 -5.318e+00 -7.596e+00 -1.037e+01 -1.515e+01 -1.999e+01 -2.390e+01
-4.330 -6.388 17.711 19.839 0.312 0.158 1.000 -3.018e+00 -3.967e+00 -2.702e+00 -5.156e+00 -2.838e+00 -1.699e-01 -5.943e-01 -1.342e+00 -1.719e+00 -4.011e+00 -5.214e+00 -7.407e+00 -1.009e+01 -1.487e+01 -1.970e+01 -2.381e+01
-4.264 -6.378 17.711 19.770 0.312 0.158 1.000 -3.015e+00 -4.017e+00 -2.799e+00 -5.236e+00 -2.844e+00 -1.713e-01 -5.920e-01 -1.335e+00 -1.705e+00 -3.994e+00 -5.117e+00 -7.228e+00 -9.835e+00 -1.461e+01 -1.943e+01 -2.369e+01
-4.197 -6.228 17.710 19.715 0.250 0.211 1.000 -2.984e+00 -4.061e+00 -2.882e+00 -5.293e+00 -2.890e+00 -1.751e-01 -5.891e-01 -1.305e+00 -1.680e+00 -3.926e+00 -5.016e+00 -7.048e+00 -9.574e+00 -1.432e+01 -1.912e+01 -2.349e+01
-4.131 -6.049 17.710 19.615 0.250 0.211 1.000 -2.965e+00 -4.101e+00 -2.955e+00 -5.345e+00 -2.919e+00 -1.807e-01 -5.838e-01 -1.280e+00 -1.629e+00 -3.853e+00 -4.901e+00 -6.863e+00 -9.309e+00 -1.404e+01 -1.882e+01 -2.325e+01
-4.061 -5.895 17.709 19.562 0.312 0.211 1.000 -2.945e+00 -4.133e+00 -3.017e+00 -5.389e+00 -2.949e+00 -1.869e-01 -5.780e-01 -1.256e+00 -1.577e+00 -3.778e+00 -4.767e+00 -6.657e+00 -9.022e+00 -1.374e+01 -1.851e+01 -2.296e+01
-3.999 -5.779 17.709 19.518 0.312 0.211 1.000 -2.928e+00 -4.159e+00 -3.062e+00 -5.420e+00 -2.975e+00 -1.926e-01 -5.731e-01 -1.235e+00 -1.533e+00 -3.715e+00 -4.644e+00 -6.471e+00 -8.766e+00 -1.347e+01 -1.823e+01 -2.269e+01
-3.929 -5.663 17.708 19.468 0.312 0.211 1.000 -2.909e+00 -4.185e+00 -3.108e+00 -5.451e+00 -3.003e+00 -1.994e-01 -5.675e-01 -1.212e+00 -1.486e+00 -3.646e+00 -4.502e+00 -6.255e+00 -8.474e+00 -1.316e+01 -1.791e+01 -2.236e+01
-3.861 -5.561 17.708 19.415 0.375 0.211 1.000 -2.892e+00 -4.206e+00 -3.142e+00 -5.475e+00 -3.031e+00 -2.064e-01 -5.620e-01 -1.190e+00 -1.441e+00 -3.582e+00 -4.361e+00 -6.040e+00 -8.183e+00 -1.286e+01 -1.759e+01 -2.204e+01
-3.793 -5.521 17.707 19.294 0.438 0.211 1.000 -2.885e+00 -4.223e+00 -3.175e+00 -5.493e+00 -3.039e+00 -2.136e-01 -5.559e-01 -1.170e+00 -1.402e+00 -3.543e+00 -4.221e+00 -5.819e+00 -7.884e+00 -1.254e+01 -1.726e+01 -2.169e+01
-3.727 -5.532 17.707 19.285 0.438 0.211 1.000 -2.876e+00 -4.239e+00 -3.200e+00 -5.512e+00 -3.054e+00 -2.210e-01 -5.488e-01 -1.152e+00 -1.372e+00 -3.505e+00 -4.097e+00 -5.612e+00 -7.600e+00 -1.224e+01 -1.694e+01 -2.137e+01
-3.666 -5.561 17.706 19.301 0.375 0.211 1.000 -2.860e+00 -4.253e+00 -3.224e+00 -5.529e+00 -3.078e+00 -2.287e-01 -5.415e-01 -1.134e+00 -1.346e+00 -3.461e+00 -3.986e+00 -5.421e+00 -7.333e+00 -1.196e+01 -1.665e+01 -2.106e+01
-3.597 -5.520 17.705 19.541 0.438 0.211 1.000 -2.858e+00 -4.266e+00 -3.244e+00 -5.547e+00 -3.082e+00 -2.368e-01 -5.329e-01 -1.119e+00 -1.321e+00 -3.440e+00 -3.868e+00 -5.212e+00 -7.038e+00 -1.166e+01 -1.633e+01 -2.073e+01
-3.530 -5.498 17.704 19.498 0.438 0.211 1.000 -2.848e+00 -4.279e+00 -3.266e+00 -5.562e+00 -3.098e+00 -2.447e-01 -5.257e-01 -1.104e+00 -1.296e+00 -3.408e+00 -3.761e+00 -5.018e+00 -6.759e+00 -1.137e+01 -1.603e+01 -2.042e+01
-3.466 -5.494 17.702 19.467 0.438 0.211 1.000 -2.838e+00 -4.294e+00 -3.290e+00 -5.578e+00 -3.114e+00 -2.526e-01 -5.196e-01 -1.088e+00 -1.270e+00 -3.373e+00 -3.660e+00 -4.835e+00 -6.494e+00 -1.109e+01 -1.574e+01 -2.011e+01
-3.400 -5.465 17.701 19.429 0.438 0.211 1.000 -2.827e+00 -4.311e+00 -3.317e+00 -5.597e+00 -3.133e+00 -2.612e-01 -5.137e-01 -1.072e+00 -1.242e+00 -3.335e+00 -3.560e+00 -4.653e+00 -6.229e+00 -1.082e+01 -1.545e+01 -1.981e+01
-3.331 -5.461 17.699 19.391 0.438 0.211 1.000 -2.815e+00 -4.330e+00 -3.348e+00 -5.619e+00 -3.153e+00 -2.707e-01 -5.080e-01 -1.054e+00 -1.212e+00 -3.293e+00 -3.456e+00 -4.465e+00 -5.954e+00 -1.053e+01 -1.515e+01 -1.949e+01
-3.266 -5.443 17.698 19.356 0.438 0.211 1.000 -2.803e+00 -4.349e+00 -3.379e+00 -5.640e+00 -3.173e+00 -2.800e-01 -5.029e-01 -1.038e+00 -1.182e+00 -3.254e+00 -3.360e+00 -4.292e+00 -5.698e+00 -1.026e+01 -1.486e+01 -1.920e+01
-3.199 -5.419 17.696 19.319 0.438 0.211 1.000 -2.791e+00 -4.370e+00 -3.412e+00 -5.664e+00 -3.194e+00 -2.902e-01 -4.981e-01 -1.021e+00 -1.152e+00 -3.212e+00 -3.263e+00 -4.115e+00 -5.438e+00 -9.983e+00 -1.458e+01 -1.890e+01
-3.131 -5.387 17.694 19.284 0.438 0.211 1.000 -2.778e+00 -4.393e+00 -3.447e+00 -5.689e+00 -3.217e+00 -3.008e-01 -4.937e-01 -1.003e+00 -1.122e+00 -3.170e+00 -3.166e+00 -3.939e+00 -5.178e+00 -9.709e+00 -1.429e+01 -1.859e+01
-3.065 -5.362 17.692 19.244 0.438 0.211 1.000 -2.765e+00 -4.415e+00 -3.481e+00 -5.713e+00 -3.239e+00 -3.116e-01 -4.899e-01 -9.870e-01 -1.092e+00 -3.128e+00 -3.075e+00 -3.771e+00 -4.927e+00 -9.445e+00 -1.401e+01 -1.830e+01
-2.999 -5.329 17.690 19.201 0.438 0.211 1.000 -2.753e+00 -4.439e+00 -3.517e+00 -5.739e+00 -3.262e+00 -3.227e-01 -4.865e-01 -9.710e-01 -1.063e+00 -3.087e+00 -2.986e+00 -3.605e+00 -4.678e+00 -9.183e+00 -1.373e+01 -1.801e+01
-2.933 -5.321 17.688 19.161 0.438 0.211 1.000 -2.740e+00 -4.463e+00 -3.553e+00 -5.766e+00 -3.285e+00 -3.340e-01 -4.837e-01 -9.554e-01 -1.035e+00 -3.047e+00 -2.900e+00 -3.443e+00 -4.433e+00 -8.924e+00 -1.346e+01 -1.773e+01
-2.866 -5.293 17.686 19.119 0.438 0.211 1.000 -2.727e+00 -4.489e+00 -3.591e+00 -5.793e+00 -3.309e+00 -3.459e-01 -4.814e-01 -9.402e-01 -1.007e+00 -3.006e+00 -2.817e+00 -3.283e+00 -4.188e+00 -8.665e+00 -1.319e+01 -1.744e+01
-2.798 -5.246 17.683 19.073 0.438 0.211 1.000 -2.714e+00 -4.515e+00 -3.629e+00 -5.821e+00 -3.333e+00 -3.580e-01 -4.796e-01 -9.256e-01 -9.789e-01 -2.967e+00 -2.738e+00 -3.127e+00 -3.944e+00 -8.408e+00 -1.292e+01 -1.716e+01
-2.733 -5.235 17.680 19.032 0.438 0.211 1.000 -2.702e+00 -4.541e+00 -3.666e+00 -5.848e+00 -3.356e+00 -3.700e-01 -4.784e-01 -9.121e-01 -9.531e-01 -2.929e+00 -2.666e+00 -2.983e+00 -3.715e+00 -8.166e+00 -1.266e+01 -1.689e+01
-2.666 -5.192 17.678 18.987 0.438 0.211 1.000 -2.690e+00 -4.568e+00 -3.704e+00 -5.876e+00 -3.381e+00 -3.823e-01 -4.777e-01 -8.991e-01 -9.278e-01 -2.892e+00 -2.596e+00 -2.841e+00 -3.485e+00 -7.924e+00 -1.241e+01 -1.662e+01
-2.600 -5.161 17.675 18.941 0.438 0.211 1.000 -2.678e+00 -4.596e+00 -3.742e+00 -5.904e+00 -3.404e+00 -3.948e-01 -4.776e-01 -8.869e-01 -9.035e-01 -2.856e+00 -2.532e+00 -2.707e+00 -3.262e+00 -7.688e+00 -1.216e+01 -1.636e+01
-2.533 -5.110 17.672 18.993 0.312 0.316 1.000 -2.654e+00 -4.628e+00 -3.787e+00 -5.933e+00 -3.449e+00 -4.087e-01 -4.781e-01 -8.753e-01 -8.772e-01 -2.800e+00 -2.471e+00 -2.581e+00 -3.047e+00 -7.453e+00 -1.188e+01 -1.608e+01
-2.467 -4.953 17.668 18.795 0.375 0.316 1.000 -2.617e+00 -4.737e+00 -3.924e+00 -6.039e+00 -3.524e+00 -4.466e-01 -4.808e-01 -8.455e-01 -8.103e-01 -2.695e+00 -2.358e+00 -2.445e+00 -2.829e+00 -7.195e+00 -1.159e+01 -1.572e+01
-2.400 -4.867 17.665 18.614 0.375 0.316 1.000 -2.593e+00 -4.810e+00 -4.014e+00 -6.108e+00 -3.580e+00 -4.798e-01 -4.855e-01 -8.229e-01 -7.626e-01 -2.625e+00 -2.246e+00 -2.292e+00 -2.602e+00 -6.945e+00 -1.131e+01 -1.543e+01
-2.333 -4.794 17.663 18.403 0.375 0.316 1.000 -2.574e+00 -4.872e+00 -4.088e+00 -6.165e+00 -3.625e+00 -5.084e-01 -4.917e-01 -8.073e-01 -7.270e-01 -2.572e+00 -2.155e+00 -2.140e+00 -2.372e+00 -6.695e+00 -1.105e+01 -1.515e+01
-2.265 -4.720 17.662 18.112 0.375 0.316 1.000 -2.559e+00 -4.925e+00 -4.149e+00 -6.214e+00 -3.664e+00 -5.333e-01 -4.990e-01 -7.970e-01 -7.007e-01 -2.533e+00 -2.085e+00 -2.003e+00 -2.143e+00 -6.451e+00 -1.079e+01 -1.488e+01
-2.199 -4.660 17.661 17.575 0.375 0.316 1.000 -2.549e+00 -4.967e+00 -4.196e+00 -6.252e+00 -3.693e+00 -5.538e-01 -5.066e-01 -7.913e-01 -6.831e-01 -2.507e+00 -2.035e+00 -1.890e+00 -1.931e+00 -6.228e+00 -1.056e+01 -1.463e+01
-2.132 -4.599 17.661 17.497 0.375 0.316 1.000 -2.541e+00 -5.000e+00 -4.233e+00 -6.281e+00 -3.717e+00 -5.709e-01 -5.143e-01 -7.894e-01 -6.726e-01 -2.490e+00 -2.001e+00 -1.801e+00 -1.737e+00 -6.026e+00 -1.035e+01 -1.441e+01
-2.065 -4.507 17.662 17.884 0.375 0.316 1.000 -2.536e+00 -5.024e+00 -4.260e+00 -6.304e+00 -3.736e+00 -5.851e-01 -5.221e-01 -7.906e-01 -6.681e-01 -2.481e+00 -1.980e+00 -1.733e+00 -1.563e+00 -5.846e+00 -1.017e+01 -1.422e+01
-1.999 -4.459 17.663 18.014 0.375 0.316 1.000 -2.533e+00 -5.041e+00 -4.279e+00 -6.321e+00 -3.750e+00 -5.967e-01 -5.299e-01 -7.944e-01 -6.684e-01 -2.480e+00 -1.970e+00 -1.684e+00 -1.413e+00 -5.693e+00 -1.001e+01 -1.407e+01
-1.932 -4.367 17.665 18.066 0.375 0.316 1.000 -2.531e+00 -5.054e+00 -4.294e+00 -6.334e+00 -3.762e+00 -6.073e-01 -5.382e-01 -8.003e-01 -6.725e-01 -2.483e+00 -1.967e+00 -1.647e+00 -1.278e+00 -5.556e+00 -9.875e+00 -1.393e+01
-1.865 -4.132 17.667 18.087 0.375 0.316 1.000 -2.531e+00 -5.065e+00 -4.306e+00 -6.346e+00 -3.773e+00 -6.169e-01 -5.465e-01 -8.077e-01 -6.799e-01 -2.493e+00 -1.970e+00 -1.620e+00 -1.165e+00 -5.443e+00 -9.759e+00 -1.381e+01
-1.799 -4.080 17.670 18.080 0.375 0.316 1.000 -2.530e+00 -5.073e+00 -4.316e+00 -6.355e+00 -3.783e+00 -6.260e-01 -5.551e-01 -8.164e-01 -6.891e-01 -2.502e+00 -1.976e+00 -1.600e+00 -1.067e+00 -5.345e+00 -9.661e+00 -1.371e+01
-1.732 -4.146 17.673 18.054 0.375 0.316 1.000 -2.530e+00 -5.083e+00 -4.327e+00 -6.367e+00 -3.794e+00 -6.370e-01 -5.660e-01 -8.268e-01 -6.986e-01 -2.510e+00 -1.981e+00 -1.579e+00 -9.768e-01 -5.253e+00 -9.569e+00 -1.362e+01
-1.666 -4.272 17.676 18.033 0.375 0.316 1.000 -2.530e+00 -5.094e+00 -4.340e+00 -6.380e+00 -3.806e+00 -6.498e-01 -5.784e-01 -8.385e-01 -7.091e-01 -2.519e+00 -1.986e+00 -1.558e+00 -8.948e-01 -5.169e+00 -9.486e+00 -1.353e+01
-1.600 -4.187 17.679 18.028 0.438 0.316 1.000 -2.530e+00 -5.109e+00 -4.357e+00 -6.396e+00 -3.821e+00 -6.647e-01 -5.927e-01 -8.518e-01 -7.216e-01 -2.532e+00 -1.993e+00 -1.535e+00 -8.176e-01 -5.091e+00 -9.408e+00 -1.345e+01
-1.533 -4.540 17.683 18.043 0.312 0.368 1.000 -2.526e+00 -5.134e+00 -4.386e+00 -6.422e+00 -3.846e+00 -6.872e-01 -6.124e-01 -8.677e-01 -7.330e-01 -2.537e+00 -1.994e+00 -1.508e+00 -7.385e-01 -5.007e+00 -9.322e+00 -1.336e+01
-1.466 -4.539 17.688 18.031 0.312 0.368 1.000 -2.524e+00 -5.158e+00 -4.413e+00 -6.447e+00 -3.870e+00 -7.103e-01 -6.340e-01 -8.876e-01 -7.512e-01 -2.554e+00 -2.003e+00 -1.480e+00 -6.636e-01 -4.931e+00 -9.244e+00 -1.329e+01
-1.400 -4.510 17.693 18.002 0.312 0.368 1.000 -2.523e+00 -5.182e+00 -4.440e+00 -6.474e+00 -3.896e+00 -7.353e-01 -6.577e-01 -9.101e-01 -7.725e-01 -2.574e+00 -2.015e+00 -1.453e+00 -5.959e-01 -4.862e+00 -9.174e+00 -1.321e+01
-1.333 -4.469 17.699 17.969 0.312 0.368 1.000 -2.522e+00 -5.209e+00 -4.471e+00 -6.504e+00 -3.926e+00 -7.630e-01 -6.841e-01 -9.351e-01 -7.961e-01 -2.596e+00 -2.028e+00 -1.427e+00 -5.348e-01 -4.799e+00 -9.110e+00 -1.315e+01
-1.266 -4.437 17.705 17.933 0.312 0.368 1.000 -2.520e+00 -5.241e+00 -4.506e+00 -6.537e+00 -3.958e+00 -7.940e-01 -7.134e-01 -9.627e-01 -8.220e-01 -2.620e+00 -2.041e+00 -1.402e+00 -4.790e-01 -4.742e+00 -9.050e+00 -1.309e+01
-1.200 -4.408 17.711 17.889 0.312 0.368 1.000 -2.518e+00 -5.275e+00 -4.544e+00 -6.574e+00 -3.994e+00 -8.277e-01 -7.452e-01 -9.928e-01 -8.504e-01 -2.647e+00 -2.057e+00 -1.378e+00 -4.288e-01 -4.690e+00 -8.997e+00 -1.303e+01
-1.133 -4.368 17.717 17.843 0.312 0.368 1.000 -2.516e+00 -5.313e+00 -4.586e+00 -6.614e+00 -4.033e+00 -8.649e-01 -7.802e-01 -1.026e+00 -8.810e-01 -2.675e+00 -2.072e+00 -1.355e+00 -3.831e-01 -4.642e+00 -8.946e+00 -1.298e+01
-1.067 -4.324 17.724 17.809 0.250 0.421 1.000 -2.513e+00 -5.359e+00 -4.635e+00 -6.661e+00 -4.078e+00 -9.063e-01 -8.186e-01 -1.061e+00 -9.133e-01 -2.705e+00 -2.088e+00 -1.334e+00 -3.416e-01 -4.597e+00 -8.899e+00 -1.302e+01
-1.000 -4.284 17.731 17.753 0.250 0.421 1.000 -2.510e+00 -5.407e+00 -4.686e+00 -6.709e+00 -4.125e+00 -9.505e-01 -8.599e-01 -1.099e+00 -9.486e-01 -2.737e+00 -2.105e+00 -1.315e+00 -3.042e-01 -4.557e+00 -8.855e+00 -1.294e+01
-0.933 -4.216 17.738 17.692 0.250 0.421 1.000 -2.506e+00 -5.460e+00 -4.742e+00 -6.763e+00 -4.176e+00 -9.983e-01 -9.042e-01 -1.140e+00 -9.860e-01 -2.771e+00 -2.123e+00 -1.298e+00 -2.705e-01 -4.520e+00 -8.815e+00 -1.289e+01
-0.867 -4.166 17.745 17.626 0.250 0.421 1.000 -2.502e+00 -5.519e+00 -4.803e+00 -6.820e+00 -4.231e+00 -1.049e+00 -9.512e-01 -1.183e+00 -1.025e+00 -2.806e+00 -2.141e+00 -1.283e+00 -2.406e-01 -4.486e+00 -8.777e+00 -1.283e+01
-0.800 -4.114 17.752 17.555 0.250 0.421 1.000 -2.498e+00 -5.583e+00 -4.869e+00 -6.882e+00 -4.290e+00 -1.104e+00 -1.001e+00 -1.229e+00 -1.066e+00 -2.842e+00 -2.159e+00 -1.269e+00 -2.138e-01 -4.454e+00 -8.741e+00 -1.272e+01
-0.733 -4.031 17.758 17.478 0.250 0.421 1.000 -2.492e+00 -5.652e+00 -4.940e+00 -6.948e+00 -4.353e+00 -1.161e+00 -1.054e+00 -1.276e+00 -1.108e+00 -2.879e+00 -2.178e+00 -1.259e+00 -1.902e-01 -4.425e+00 -8.707e+00 -1.276e+01
-0.666 -3.968 17.765 17.397 0.250 0.421 1.000 -2.486e+00 -5.727e+00 -5.015e+00 -7.018e+00 -4.419e+00 -1.222e+00 -1.109e+00 -1.325e+00 -1.152e+00 -2.917e+00 -2.197e+00 -1.250e+00 -1.693e-01 -4.399e+00 -8.674e+00 -1.266e+01
-0.600 -3.862 17.771 17.310 0.250 0.421 1.000 -2.480e+00 -5.807e+00 -5.095e+00 -7.093e+00 -4.489e+00 -1.286e+00 -1.166e+00 -1.376e+00 -1.196e+00 -2.955e+00 -2.215e+00 -1.243e+00 -1.510e-01 -4.374e+00 -8.643e+00 -1.265e+01
-0.533 -3.845 17.776 17.218 0.250 0.421 1.000 -2.473e+00 -5.893e+00 -5.180e+00 -7.171e+00 -4.563e+00 -1.352e+00 -1.225e+00 -1.428e+00 -1.241e+00 -2.992e+00 -2.234e+00 -1.238e+00 -1.349e-01 -4.351e+00 -8.613e+00 -1.259e+01
-0.467 -3.865 17.782 17.122 0.250 0.421 1.000 -2.465e+00 -5.985e+00 -5.270e+00 -7.253e+00 -4.639e+00 -1.421e+00 -1.286e+00 -1.481e+00 -1.286e+00 -3.029e+00 -2.253e+00 -1.235e+00 -1.207e-01 -4.329e+00 -8.583e+00 -1.256e+01
-0.400 -3.871 17.786 17.020 0.250 0.421 1.000 -2.457e+00 -6.081e+00 -5.364e+00 -7.339e+00 -4.719e+00 -1.493e+00 -1.349e+00 -1.535e+00 -1.331e+00 -3.066e+00 -2.271e+00 -1.234e+00 -1.084e-01 -4.308e+00 -8.554e+00 -1.257e+01
-0.333 -3.866 17.791 16.915 0.250 0.421 1.000 -2.448e+00 -6.182e+00 -5.461e+00 -7.429e+00 -4.801e+00 -1.566e+00 -1.414e+00 -1.590e+00 -1.377e+00 -3.102e+00 -2.291e+00 -1.234e+00 -9.760e-02 -4.289e+00 -8.526e+00 -1.249e+01
-0.267 -3.836 17.795 16.881 0.312 0.421 1.000 -2.439e+00 -6.278e+00 -5.553e+00 -7.512e+00 -4.878e+00 -1.634e+00 -1.472e+00 -1.640e+00 -1.417e+00 -3.132e+00 -2.307e+00 -1.236e+00 -8.921e-02 -4.271e+00 -8.500e+00 -1.249e+01
-0.200 -3.795 17.799 16.807 0.312 0.421 1.000 -2.432e+00 -6.352e+00 -5.624e+00 -7.577e+00 -4.938e+00 -1.687e+00 -1.518e+00 -1.679e+00 -1.449e+00 -3.158e+00 -2.320e+00 -1.238e+00 -8.329e-02 -4.259e+00 -8.480e+00 -1.242e+01
-0.133 -3.725 17.803 16.732 0.312 0.421 1.000 -2.425e+00 -6.426e+00 -5.696e+00 -7.642e+00 -4.997e+00 -1.739e+00 -1.564e+00 -1.717e+00 -1.480e+00 -3.182e+00 -2.334e+00 -1.240e+00 -7.800e-02 -4.246e+00 -8.461e+00 -1.241e+01
-0.067 -3.672 17.807 16.657 0.312 0.421 1.000 -2.418e+00 -6.500e+00 -5.767e+00 -7.707e+00 -5.056e+00 -1.791e+00 -1.609e+00 -1.756e+00 -1.511e+00 -3.206e+00 -2.347e+00 -1.243e+00 -7.327e-02 -4.235e+00 -8.442e+00 -1.237e+01
+0.000 -3.598 17.811 16.582 0.312 0.421 1.000 -2.411e+00 -6.573e+00 -5.837e+00 -7.770e+00 -5.115e+00 -1.843e+00 -1.653e+00 -1.793e+00 -1.542e+00 -3.230e+00 -2.361e+00 -1.247e+00 -6.905e-02 -4.224e+00 -8.424e+00 -1.236e+01
+0.067 -3.548 17.815 16.507 0.312 0.421 1.000 -2.404e+00 -6.644e+00 -5.906e+00 -7.833e+00 -5.172e+00 -1.893e+00 -1.697e+00 -1.829e+00 -1.571e+00 -3.252e+00 -2.374e+00 -1.250e+00 -6.529e-02 -4.213e+00 -8.406e+00 -1.231e+01
+0.133 -3.502 17.819 16.433 0.312 0.421 1.000 -2.397e+00 -6.713e+00 -5.973e+00 -7.894e+00 -5.227e+00 -1.942e+00 -1.739e+00 -1.865e+00 -1.600e+00 -3.274e+00 -2.386e+00 -1.254e+00 -6.194e-02 -4.203e+00 -8.390e+00 -1.231e+01
+0.200 -3.410 17.823 16.360 0.375 0.421 1.000 -2.391e+00 -6.780e+00 -6.039e+00 -7.953e+00 -5.282e+00 -1.989e+00 -1.780e+00 -1.899e+00 -1.627e+00 -3.295e+00 -2.399e+00 -1.258e+00 -5.895e-02 -4.193e+00 -8.373e+00 -1.229e+01
+0.267 -3.362 17.826 16.286 0.375 0.421 1.000 -2.384e+00 -6.845e+00 -6.102e+00 -8.010e+00 -5.334e+00 -2.035e+00 -1.819e+00 -1.932e+00 -1.654e+00 -3.315e+00 -2.411e+00 -1.262e+00 -5.629e-02 -4.184e+00 -8.358e+00 -1.225e+01
+0.333 -3.281 17.830 16.214 0.375 0.421 1.000 -2.378e+00 -6.906e+00 -6.163e+00 -8.066e+00 -5.384e+00 -2.079e+00 -1.857e+00 -1.964e+00 -1.679e+00 -3.334e+00 -2.422e+00 -1.266e+00 -5.391e-02 -4.175e+00 -8.343e+00 -1.222e+01
+0.400 -3.225 17.833 16.141 0.375 0.421 1.000 -2.372e+00 -6.965e+00 -6.222e+00 -8.119e+00 -5.433e+00 -2.122e+00 -1.894e+00 -1.994e+00 -1.704e+00 -3.353e+00 -2.433e+00 -1.270e+00 -5.178e-02 -4.167e+00 -8.329e+00 -1.220e+01
+0.467 -3.255 17.836 15.979 0.375 0.474 1.000 -2.365e+00 -7.030e+00 -6.287e+00 -8.178e+00 -5.486e+00 -2.168e+00 -1.933e+00 -2.026e+00 -1.729e+00 -3.370e+00 -2.445e+00 -1.276e+00 -4.962e-02 -4.158e+00 -8.312e+00 -1.222e+01
+0.533 -3.177 17.839 15.900 0.375 0.474 1.000 -2.359e+00 -7.087e+00 -6.346e+00 -8.231e+00 -5.536e+00 -2.212e+00 -1.970e+00 -2.057e+00 -1.754e+00 -3.389e+00 -2.456e+00 -1.280e+00 -4.775e-02 -4.150e+00 -8.298e+00 -1.218e+01
+0.600 -3.101 17.842 15.822 0.375 0.474 1.000 -2.353e+00 -7.139e+00 -6.401e+00 -8.281e+00 -5.581e+00 -2.251e+00 -2.004e+00 -2.086e+00 -1.777e+00 -3.406e+00 -2.467e+00 -1.284e+00 -4.614e-02 -4.143e+00 -8.286e+00 -1.213e+01
+0.667 -3.028 17.844 15.744 0.375 0.474 1.000 -2.348e+00 -7.186e+00 -6.451e+00 -8.326e+00 -5.623e+00 -2.288e+00 -2.036e+00 -2.112e+00 -1.798e+00 -3.422e+00 -2.477e+00 -1.288e+00 -4.474e-02 -4.136e+00 -8.274e+00 -1.214e+01
+0.733 -2.970 17.846 15.667 0.375 0.474 1.000 -2.343e+00 -7.229e+00 -6.497e+00 -8.368e+00 -5.661e+00 -2.322e+00 -2.064e+00 -2.136e+00 -1.817e+00 -3.437e+00 -2.486e+00 -1.291e+00 -4.352e-02 -4.130e+00 -8.263e+00 -1.213e+01
+0.800 -2.895 17.849 15.591 0.375 0.474 1.000 -2.339e+00 -7.266e+00 -6.539e+00 -8.406e+00 -5.696e+00 -2.352e+00 -2.091e+00 -2.158e+00 -1.835e+00 -3.450e+00 -2.494e+00 -1.294e+00 -4.246e-02 -4.125e+00 -8.253e+00 -1.211e+01
+0.867 -2.830 17.851 15.512 0.375 0.474 1.000 -2.335e+00 -7.300e+00 -6.577e+00 -8.441e+00 -5.728e+00 -2.380e+00 -2.115e+00 -2.178e+00 -1.851e+00 -3.462e+00 -2.501e+00 -1.297e+00 -4.153e-02 -4.120e+00 -8.245e+00 -1.211e+01
+0.933 -2.749 17.853 15.432 0.375 0.474 1.000 -2.331e+00 -7.330e+00 -6.611e+00 -8.472e+00 -5.757e+00 -2.406e+00 -2.137e+00 -2.196e+00 -1.865e+00 -3.473e+00 -2.508e+00 -1.300e+00 -4.072e-02 -4.116e+00 -8.236e+00 -1.209e+01
+1.000 -2.660 17.855 15.354 0.375 0.474 1.000 -2.328e+00 -7.356e+00 -6.642e+00 -8.500e+00 -5.784e+00 -2.429e+00 -2.157e+00 -2.213e+00 -1.879e+00 -3.483e+00 -2.514e+00 -1.303e+00 -4.001e-02 -4.112e+00 -8.229e+00 -1.209e+01
+1.067 -2.583 17.857 15.268 0.375 0.474 1.000 -2.325e+00 -7.379e+00 -6.670e+00 -8.526e+00 -5.807e+00 -2.450e+00 -2.174e+00 -2.228e+00 -1.890e+00 -3.492e+00 -2.520e+00 -1.305e+00 -3.939e-02 -4.108e+00 -8.223e+00 -1.207e+01
+1.133 -2.480 17.859 15.181 0.375 0.474 1.000 -2.322e+00 -7.400e+00 -6.695e+00 -8.549e+00 -5.829e+00 -2.468e+00 -2.190e+00 -2.241e+00 -1.901e+00 -3.500e+00 -2.525e+00 -1.307e+00 -3.886e-02 -4.105e+00 -8.217e+00 -1.207e+01
+1.200 -2.409 17.861 15.092 0.375 0.474 1.000 -2.320e+00 -7.417e+00 -6.717e+00 -8.569e+00 -5.847e+00 -2.485e+00 -2.205e+00 -2.253e+00 -1.911e+00 -3.507e+00 -2.529e+00 -1.309e+00 -3.839e-02 -4.102e+00 -8.212e+00 -1.206e+01
+1.267 -2.310 17.863 15.005 0.375 0.474 1.000 -2.318e+00 -7.432e+00 -6.736e+00 -8.586e+00 -5.864e+00 -2.499e+00 -2.217e+00 -2.263e+00 -1.919e+00 -3.514e+00 -2.533e+00 -1.311e+00 -3.799e-02 -4.100e+00 -8.207e+00 -1.205e+01
+1.333 -2.164 17.865 14.791 0.438 0.474 1.000 -2.316e+00 -7.445e+00 -6.753e+00 -8.601e+00 -5.878e+00 -2.512e+00 -2.228e+00 -2.272e+00 -1.926e+00 -3.519e+00 -2.536e+00 -1.312e+00 -3.766e-02 -4.098e+00 -8.203e+00 -1.205e+01
+1.400 -1.293 17.865 12.638 0.125 0.895 1.000 -2.306e+00 -7.486e+00 -6.808e+00 -8.647e+00 -5.916e+00 -2.538e+00 -2.244e+00 -2.279e+00 -1.923e+00 -3.526e+00 -2.555e+00 -1.322e+00 -3.693e-02 -4.086e+00 -8.181e+00 -1.201e+01
+1.504 +0.462 17.865   -inf 0.000 1.000 1.000 -2.306e+00 -7.487e+00 -6.809e+00 -8.648e+00 -5.917e+00 -2.540e+00 -2.246e+00 -2.280e+00 -1.924e+00 -3.527e+00 -2.555e+00 -1.322e+00 -3.689e-02 -4.086e+00 -8.181e+00 -1.200e+01
+1.545 +0.504 17.865   -inf 0.000 1.000 1.000 -2.306e+00 -7.487e+00 -6.809e+00 -8.648e+00 -5.917e+00 -2.540e+00 -2.246e+00 -2.281e+00 -1.925e+00 -3.527e+00 -2.555e+00 -1.322e+00 -3.689e-02 -4.086e+00 -8.181e+00 -1.200e+01
+1.628 +0.587 17.865   -inf 0.000 1.000 1.000 -2.306e+00 -7.487e+00 -6.809e+00 -8.648e+00 -5.917e+00 -2.540e+00 -2.246e+00 -2.281e+00 -1.925e+00 -3.527e+00 -2.555e+00 -1.322e+00 -3.689e-02 -4.086e+00 -8.181e+00 -1.201e+01
+1.669 +0.628 17.865   -inf 0.000 1.000 1.000 -2.306e+00 -7.487e+00 -6.809e+00 -8.648e+00 -5.917e+00 -2.540e+00 -2.246e+00 -2.281e+00 -1.925e+00 -3.527e+00 -2.555e+00 -1.322e+00 -3.688e-02 -4.086e+00 -8.181e+00 -1.201e+01
+1.752 +0.711 17.865   -inf 0.000 1.000 1.000 -2.306e+00 -7.487e+00 -6.809e+00 -8.648e+00 -5.917e+00 -2.541e+00 -2.246e+00 -2.281e+00 -1.925e+00 -3.527e+00 -2.555e+00 -1.322e+00 -3.688e-02 -4.086e+00 -8.181e+00 -1.200e+01
+1.835 +0.794 17.865   -inf 0.000 1.000 1.000 -2.306e+00 -7.487e+00 -6.809e+00 -8.649e+00 -5.918e+00 -2.541e+00 -2.246e+00 -2.281e+00 -1.925e+00 -3.527e+00 -2.555e+00 -1.322e+00 -3.688e-02 -4.086e+00 -8.182e+00 -1.201e+01
+1.876 +0.835 17.865   -inf 0.000 1.000 1.000 -2.306e+00 -7.487e+00 -6.809e+00 -8.649e+00 -5.918e+00 -2.541e+00 -2.247e+00 -2.281e+00 -1.925e+00 -3.527e+00 -2.555e+00 -1.322e+00 -3.688e-02 -4.086e+00 -8.182e+00 -1.199e+01
+1.959 +0.918 17.865   -inf 0.000 1.000 1.000 -2.306e+00 -7.487e+00 -6.809e+00 -8.649e+00 -5.918e+00 -2.541e+00 -2.247e+00 -2.281e+00 -1.926e+00 -3.527e+00 -2.555e+00 -1.322e+00 -3.688e-02 -4.086e+00 -8.182e+00 -1.200e+01
+2.000 +0.959 17.865   -inf 0.000 1.000 1.000 -2.306e+00 -7.487e+00 -6.809e+00 -8.649e+00 -5.918e+00 -2.541e+00 -2.247e+00 -2.281e+00 -1.926e+00 -3.527e+00 -2.555e+00 -1.322e+00 -3.688e-02 -4.086e+00 -8.182e+00 -1.201e+01
