
#    t     dt   F+(4He)   F+(12C)   F+(16O)   F-(4He)   F-(12C)   F-(16O)   
-10.916 -11.846 7.904e+00 3.440e+00 4.982e+00 4.785e+00 8.200e+00 6.266e+00 7.904e+00 8.200e+00 6.243e+00
-10.862 -11.792 7.900e+00 3.440e+00 5.034e+00 4.860e+00 8.195e+00 6.265e+00 7.899e+00 8.195e+00 6.238e+00
-10.807 -11.738 7.895e+00 3.441e+00 5.086e+00 4.936e+00 8.190e+00 6.263e+00 7.894e+00 8.190e+00 6.233e+00
-10.753 -11.683 7.889e+00 3.441e+00 5.137e+00 5.014e+00 8.184e+00 6.261e+00 7.889e+00 8.184e+00 6.227e+00
-10.699 -11.629 7.883e+00 3.441e+00 5.188e+00 5.092e+00 8.178e+00 6.259e+00 7.882e+00 8.178e+00 6.221e+00
-10.645 -11.575 7.876e+00 3.441e+00 5.239e+00 5.171e+00 8.171e+00 6.257e+00 7.875e+00 8.171e+00 6.213e+00
-10.590 -11.521 7.868e+00 3.442e+00 5.289e+00 5.251e+00 8.163e+00 6.255e+00 7.867e+00 8.163e+00 6.205e+00
-10.536 -11.467 7.859e+00 3.442e+00 5.338e+00 5.332e+00 8.154e+00 6.252e+00 7.858e+00 8.154e+00 6.195e+00
-10.482 -11.412 7.850e+00 3.443e+00 5.387e+00 5.413e+00 8.144e+00 6.249e+00 7.848e+00 8.144e+00 6.184e+00
-10.428 -11.358 7.838e+00 3.444e+00 5.435e+00 5.495e+00 8.133e+00 6.245e+00 7.836e+00 8.133e+00 6.172e+00
-10.373 -11.304 7.826e+00 3.445e+00 5.483e+00 5.577e+00 8.120e+00 6.241e+00 7.824e+00 8.120e+00 6.158e+00
-10.319 -11.250 7.812e+00 3.446e+00 5.530e+00 5.658e+00 8.106e+00 6.237e+00 7.809e+00 8.106e+00 6.142e+00
-10.265 -11.195 7.797e+00 3.447e+00 5.576e+00 5.739e+00 8.090e+00 6.232e+00 7.793e+00 8.090e+00 6.124e+00
-10.211 -11.141 7.780e+00 3.449e+00 5.620e+00 5.819e+00 8.072e+00 6.226e+00 7.775e+00 8.072e+00 6.103e+00
-10.157 -11.087 7.761e+00 3.451e+00 5.664e+00 5.899e+00 8.053e+00 6.221e+00 7.755e+00 8.053e+00 6.079e+00
-10.102 -11.033 7.740e+00 3.454e+00 5.707e+00 5.977e+00 8.031e+00 6.214e+00 7.732e+00 8.031e+00 6.052e+00
-10.048 -10.978 7.716e+00 3.457e+00 5.748e+00 6.054e+00 8.007e+00 6.207e+00 7.707e+00 8.007e+00 6.021e+00
-9.994 -10.924 7.691e+00 3.461e+00 5.788e+00 6.130e+00 7.980e+00 6.199e+00 7.679e+00 7.980e+00 5.986e+00
-9.940 -10.870 7.663e+00 3.465e+00 5.827e+00 6.203e+00 7.951e+00 6.191e+00 7.647e+00 7.951e+00 5.945e+00
-9.885 -10.816 7.632e+00 3.469e+00 5.864e+00 6.274e+00 7.919e+00 6.182e+00 7.612e+00 7.919e+00 5.897e+00
-9.831 -10.762 7.598e+00 3.475e+00 5.899e+00 6.342e+00 7.884e+00 6.172e+00 7.574e+00 7.884e+00 5.841e+00
-9.777 -10.707 7.562e+00 3.481e+00 5.932e+00 6.408e+00 7.846e+00 6.161e+00 7.530e+00 7.846e+00 5.774e+00
-9.723 -10.653 7.523e+00 3.487e+00 5.964e+00 6.470e+00 7.805e+00 6.150e+00 7.482e+00 7.805e+00 5.693e+00
-9.669 -10.599 7.480e+00 3.494e+00 5.993e+00 6.529e+00 7.760e+00 6.138e+00 7.429e+00 7.760e+00 5.592e+00
-9.614 -10.545 7.435e+00 3.502e+00 6.019e+00 6.584e+00 7.711e+00 6.125e+00 7.369e+00 7.711e+00 5.460e+00
-9.560 -10.490 7.386e+00 3.509e+00 6.044e+00 6.635e+00 7.659e+00 6.112e+00 7.302e+00 7.659e+00 5.273e+00
-9.506 -10.436 7.335e+00 3.517e+00 6.066e+00 6.682e+00 7.604e+00 6.098e+00 7.226e+00 7.604e+00 4.950e+00
-9.452 -10.382 7.281e+00 3.524e+00 6.085e+00 6.725e+00 7.545e+00 6.083e+00 7.140e+00 7.545e+00 3.732e+00
-9.397 -10.328 7.224e+00 3.531e+00 6.101e+00 6.762e+00 7.482e+00 6.067e+00 7.040e+00 7.482e+00 4.975e+00
-9.343 -10.274 7.165e+00 3.538e+00 6.114e+00 6.795e+00 7.416e+00 6.051e+00 6.924e+00 7.416e+00 5.247e+00
-9.289 -10.219 7.104e+00 3.543e+00 6.125e+00 6.822e+00 7.346e+00 6.034e+00 6.783e+00 7.346e+00 5.399e+00
-9.235 -10.165 7.040e+00 3.548e+00 6.131e+00 6.844e+00 7.273e+00 6.016e+00 6.602e+00 7.273e+00 5.498e+00
-9.180 -10.111 6.976e+00 3.551e+00 6.135e+00 6.860e+00 7.197e+00 5.998e+00 6.346e+00 7.197e+00 5.567e+00
-9.126 -10.057 6.910e+00 3.552e+00 6.134e+00 6.870e+00 7.117e+00 5.978e+00 5.856e+00 7.117e+00 5.614e+00
-9.072 -10.002 6.843e+00 3.553e+00 6.130e+00 6.874e+00 7.035e+00 5.958e+00 5.709e+00 7.035e+00 5.646e+00
-9.018 -9.948 6.775e+00 3.551e+00 6.122e+00 6.872e+00 6.951e+00 5.936e+00 6.170e+00 6.950e+00 5.665e+00
-8.964 -9.894 6.707e+00 3.548e+00 6.110e+00 6.863e+00 6.863e+00 5.913e+00 6.342e+00 6.863e+00 5.672e+00
-8.909 -9.840 6.639e+00 3.543e+00 6.094e+00 6.848e+00 6.774e+00 5.888e+00 6.431e+00 6.774e+00 5.670e+00
-8.855 -9.785 6.571e+00 3.537e+00 6.073e+00 6.827e+00 6.682e+00 5.862e+00 6.477e+00 6.682e+00 5.658e+00
-8.801 -9.731 6.502e+00 3.530e+00 6.048e+00 6.800e+00 6.589e+00 5.834e+00 6.496e+00 6.588e+00 5.637e+00
-8.747 -9.677 6.433e+00 3.523e+00 6.018e+00 6.767e+00 6.493e+00 5.804e+00 6.496e+00 6.493e+00 5.608e+00
-8.692 -9.623 6.364e+00 3.515e+00 5.984e+00 6.727e+00 6.397e+00 5.772e+00 6.481e+00 6.396e+00 5.571e+00
-8.638 -9.569 6.294e+00 3.507e+00 5.946e+00 6.683e+00 6.298e+00 5.738e+00 6.454e+00 6.298e+00 5.527e+00
-8.584 -9.514 6.224e+00 3.499e+00 5.904e+00 6.632e+00 6.199e+00 5.702e+00 6.417e+00 6.198e+00 5.475e+00
-8.530 -9.460 6.154e+00 3.492e+00 5.858e+00 6.577e+00 6.098e+00 5.664e+00 6.372e+00 6.097e+00 5.415e+00
-8.475 -9.406 6.083e+00 3.485e+00 5.808e+00 6.517e+00 5.997e+00 5.623e+00 6.319e+00 5.995e+00 5.349e+00
-8.421 -9.352 6.011e+00 3.479e+00 5.755e+00 6.453e+00 5.894e+00 5.579e+00 6.259e+00 5.893e+00 5.277e+00
-8.367 -9.297 5.939e+00 3.474e+00 5.699e+00 6.385e+00 5.791e+00 5.534e+00 6.193e+00 5.789e+00 5.200e+00
-8.313 -9.243 5.866e+00 3.470e+00 5.640e+00 6.313e+00 5.687e+00 5.485e+00 6.122e+00 5.685e+00 5.117e+00
-8.259 -9.189 5.792e+00 3.467e+00 5.579e+00 6.238e+00 5.583e+00 5.434e+00 6.045e+00 5.579e+00 5.032e+00
-8.204 -9.135 5.719e+00 3.464e+00 5.516e+00 6.159e+00 5.478e+00 5.381e+00 5.963e+00 5.473e+00 4.945e+00
-8.150 -9.080 5.646e+00 3.463e+00 5.452e+00 6.076e+00 5.372e+00 5.324e+00 5.875e+00 5.367e+00 4.857e+00
-8.096 -9.026 5.572e+00 3.461e+00 5.386e+00 5.990e+00 5.266e+00 5.265e+00 5.782e+00 5.259e+00 4.770e+00
-8.042 -8.972 5.499e+00 3.460e+00 5.319e+00 5.901e+00 5.160e+00 5.204e+00 5.681e+00 5.151e+00 4.684e+00
-7.987 -8.918 5.426e+00 3.460e+00 5.250e+00 5.808e+00 5.053e+00 5.140e+00 5.574e+00 5.042e+00 4.599e+00
-7.933 -8.864 5.354e+00 3.459e+00 5.180e+00 5.711e+00 4.946e+00 5.075e+00 5.460e+00 4.932e+00 4.513e+00
-7.879 -8.809 5.281e+00 3.459e+00 5.108e+00 5.611e+00 4.839e+00 5.008e+00 5.338e+00 4.821e+00 4.421e+00
-7.825 -8.755 5.208e+00 3.459e+00 5.033e+00 5.509e+00 4.732e+00 4.941e+00 5.208e+00 4.708e+00 4.316e+00
-7.770 -8.701 5.134e+00 3.459e+00 4.955e+00 5.405e+00 4.625e+00 4.874e+00 5.072e+00 4.594e+00 4.186e+00
-7.716 -8.647 5.059e+00 3.460e+00 4.872e+00 5.300e+00 4.517e+00 4.808e+00 4.929e+00 4.477e+00 4.009e+00
-7.662 -8.592 4.982e+00 3.460e+00 4.784e+00 5.194e+00 4.410e+00 4.745e+00 4.781e+00 4.358e+00 3.721e+00
-7.608 -8.538 4.904e+00 3.460e+00 4.690e+00 5.090e+00 4.303e+00 4.685e+00 4.631e+00 4.236e+00 2.759e+00
-7.554 -8.484 4.826e+00 3.460e+00 4.588e+00 4.987e+00 4.197e+00 4.628e+00 4.478e+00 4.109e+00 3.568e+00
-7.499 -8.430 4.748e+00 3.459e+00 4.480e+00 4.886e+00 4.092e+00 4.575e+00 4.322e+00 3.977e+00 3.870e+00
-7.445 -8.375 4.672e+00 3.459e+00 4.365e+00 4.789e+00 3.989e+00 4.527e+00 4.162e+00 3.838e+00 4.021e+00
-7.391 -8.321 4.600e+00 3.459e+00 4.245e+00 4.696e+00 3.890e+00 4.484e+00 3.991e+00 3.690e+00 4.111e+00
-7.337 -8.267 4.536e+00 3.458e+00 4.125e+00 4.610e+00 3.797e+00 4.447e+00 3.805e+00 3.531e+00 4.166e+00
-7.293 -8.317 4.482e+00 3.457e+00 4.009e+00 4.535e+00 3.711e+00 4.416e+00 3.599e+00 3.357e+00 4.200e+00
-7.249 -8.263 4.445e+00 3.456e+00 3.921e+00 4.483e+00 3.646e+00 4.395e+00 3.408e+00 3.197e+00 4.217e+00
-7.213 -8.313 4.418e+00 3.455e+00 3.853e+00 4.445e+00 3.595e+00 4.379e+00 3.217e+00 3.037e+00 4.225e+00
-7.176 -8.259 4.400e+00 3.454e+00 3.804e+00 4.419e+00 3.557e+00 4.368e+00 3.037e+00 2.885e+00 4.229e+00
-7.145 -8.309 4.387e+00 3.452e+00 3.769e+00 4.400e+00 3.528e+00 4.359e+00 2.859e+00 2.731e+00 4.230e+00
-7.112 -8.255 4.378e+00 3.451e+00 3.744e+00 4.387e+00 3.507e+00 4.353e+00 2.693e+00 2.583e+00 4.230e+00
-7.085 -8.305 4.371e+00 3.450e+00 3.726e+00 4.377e+00 3.490e+00 4.348e+00 2.529e+00 2.432e+00 4.229e+00
-7.057 -8.251 4.366e+00 3.449e+00 3.714e+00 4.371e+00 3.478e+00 4.344e+00 2.380e+00 2.287e+00 4.228e+00
-7.033 -8.301 4.363e+00 3.448e+00 3.704e+00 4.366e+00 3.469e+00 4.340e+00 2.236e+00 2.138e+00 4.226e+00
-7.007 -8.247 4.360e+00 3.447e+00 3.697e+00 4.362e+00 3.462e+00 4.337e+00 2.107e+00 1.994e+00 4.224e+00
-6.982 -8.234 4.357e+00 3.446e+00 3.692e+00 4.359e+00 3.456e+00 4.334e+00 1.987e+00 1.848e+00 4.222e+00
-6.961 -8.284 4.355e+00 3.444e+00 3.687e+00 4.357e+00 3.452e+00 4.332e+00 2.113e+00 1.681e+00 4.220e+00
-6.940 -8.271 4.353e+00 3.443e+00 3.684e+00 4.354e+00 3.448e+00 4.329e+00 1.738e+00 1.539e+00 4.217e+00
-6.921 -8.290 4.352e+00 3.442e+00 3.681e+00 4.353e+00 3.446e+00 4.327e+00 1.906e+00 1.397e+00 4.216e+00
-6.901 -8.236 4.350e+00 3.441e+00 3.679e+00 4.351e+00 3.444e+00 4.325e+00 1.618e+00 1.268e+00 4.213e+00
-6.883 -8.286 4.349e+00 3.439e+00 3.676e+00 4.350e+00 3.442e+00 4.323e+00 1.596e+00 1.141e+00 4.211e+00
-6.867 -8.305 4.348e+00 3.438e+00 3.674e+00 4.348e+00 3.440e+00 4.320e+00 1.536e+00 1.026e+00 4.209e+00
-6.849 -8.250 4.347e+00 3.437e+00 3.672e+00 4.347e+00 3.438e+00 4.319e+00 1.495e+00 9.263e-01 4.208e+00
-6.834 -8.301 4.346e+00 3.436e+00 3.670e+00 4.346e+00 3.437e+00 4.317e+00 1.458e+00 8.336e-01 4.206e+00
-6.818 -8.246 4.344e+00 3.435e+00 3.668e+00 4.345e+00 3.436e+00 4.315e+00 1.426e+00 7.546e-01 4.204e+00
-6.804 -8.297 4.343e+00 3.434e+00 3.666e+00 4.344e+00 3.434e+00 4.313e+00 1.396e+00 6.853e-01 4.202e+00
-6.788 -8.242 4.342e+00 3.433e+00 3.664e+00 4.343e+00 3.433e+00 4.311e+00 1.370e+00 6.293e-01 4.200e+00
-6.775 -8.293 4.341e+00 3.431e+00 3.662e+00 4.342e+00 3.432e+00 4.309e+00 1.344e+00 5.828e-01 4.198e+00
-6.760 -8.238 4.341e+00 3.430e+00 3.661e+00 4.341e+00 3.431e+00 4.307e+00 1.320e+00 5.472e-01 4.196e+00
-6.747 -8.289 4.340e+00 3.429e+00 3.659e+00 4.340e+00 3.430e+00 4.305e+00 1.295e+00 5.189e-01 4.194e+00
-6.733 -8.234 4.339e+00 3.428e+00 3.657e+00 4.339e+00 3.428e+00 4.303e+00 1.272e+00 4.981e-01 4.192e+00
-6.721 -8.285 4.338e+00 3.427e+00 3.655e+00 4.338e+00 3.427e+00 4.301e+00 1.248e+00 4.821e-01 4.190e+00
-6.708 -8.230 4.337e+00 3.426e+00 3.654e+00 4.337e+00 3.426e+00 4.299e+00 1.224e+00 4.706e-01 4.188e+00
-6.697 -8.280 4.336e+00 3.424e+00 3.652e+00 4.336e+00 3.425e+00 4.298e+00 1.199e+00 4.620e-01 4.186e+00
-6.686 -8.299 4.335e+00 3.423e+00 3.650e+00 4.336e+00 3.424e+00 4.296e+00 1.174e+00 4.559e-01 4.184e+00
-6.674 -8.245 4.334e+00 3.422e+00 3.649e+00 4.335e+00 3.423e+00 4.294e+00 1.149e+00 4.517e-01 4.182e+00
-6.664 -8.295 4.334e+00 3.421e+00 3.647e+00 4.334e+00 3.421e+00 4.292e+00 1.123e+00 4.485e-01 4.180e+00
-6.652 -8.241 4.333e+00 3.420e+00 3.646e+00 4.333e+00 3.420e+00 4.290e+00 1.097e+00 4.462e-01 4.179e+00
-6.643 -8.291 4.332e+00 3.419e+00 3.644e+00 4.332e+00 3.419e+00 4.288e+00 1.069e+00 4.445e-01 4.177e+00
-6.632 -8.237 4.331e+00 3.418e+00 3.642e+00 4.332e+00 3.418e+00 4.287e+00 1.040e+00 4.433e-01 4.175e+00
-6.622 -8.287 4.331e+00 3.416e+00 3.641e+00 4.331e+00 3.417e+00 4.285e+00 1.009e+00 4.424e-01 4.173e+00
-6.612 -8.233 4.330e+00 3.415e+00 3.639e+00 4.330e+00 3.416e+00 4.283e+00 9.768e-01 4.418e-01 4.171e+00
-6.602 -8.283 4.329e+00 3.414e+00 3.638e+00 4.330e+00 3.415e+00 4.281e+00 9.421e-01 4.413e-01 4.169e+00
-6.592 -8.229 4.329e+00 3.413e+00 3.636e+00 4.329e+00 3.413e+00 4.279e+00 9.061e-01 4.409e-01 4.167e+00
-6.583 -8.279 4.328e+00 3.412e+00 3.634e+00 4.328e+00 3.412e+00 4.277e+00 8.664e-01 4.407e-01 4.165e+00
-6.574 -8.225 4.327e+00 3.411e+00 3.633e+00 4.327e+00 3.411e+00 4.275e+00 8.248e-01 4.405e-01 4.163e+00
-6.565 -8.275 4.327e+00 3.410e+00 3.631e+00 4.327e+00 3.410e+00 4.274e+00 7.783e-01 4.403e-01 4.161e+00
-6.556 -8.221 4.326e+00 3.408e+00 3.630e+00 4.326e+00 3.409e+00 4.272e+00 7.287e-01 4.402e-01 4.159e+00
-6.547 -8.271 4.325e+00 3.407e+00 3.628e+00 4.326e+00 3.408e+00 4.270e+00 6.721e-01 4.401e-01 4.157e+00
-6.540 -8.290 4.325e+00 3.406e+00 3.627e+00 4.325e+00 3.406e+00 4.268e+00 6.100e-01 4.400e-01 4.155e+00
-6.531 -8.235 4.324e+00 3.405e+00 3.625e+00 4.324e+00 3.405e+00 4.266e+00 5.426e-01 4.399e-01 4.154e+00
-6.523 -8.286 4.324e+00 3.404e+00 3.624e+00 4.324e+00 3.404e+00 4.265e+00 4.617e-01 4.399e-01 4.152e+00
-6.515 -8.231 4.323e+00 3.403e+00 3.623e+00 4.323e+00 3.403e+00 4.263e+00 3.669e-01 4.398e-01 4.150e+00
-6.508 -8.282 4.323e+00 3.402e+00 3.621e+00 4.323e+00 3.402e+00 4.261e+00 2.439e-01 4.398e-01 4.148e+00
-6.499 -8.227 4.322e+00 3.400e+00 3.620e+00 4.322e+00 3.401e+00 4.259e+00 8.080e-02 4.397e-01 4.146e+00
-6.490 -8.173 4.322e+00 3.399e+00 3.618e+00 4.322e+00 3.400e+00 4.257e+00 -1.880e-01 4.397e-01 4.144e+00
-6.480 -8.119 4.321e+00 3.398e+00 3.617e+00 4.321e+00 3.398e+00 4.255e+00 -3.940e-01 4.397e-01 4.142e+00
-6.469 -8.065 4.321e+00 3.396e+00 3.615e+00 4.321e+00 3.397e+00 4.253e+00 -2.839e-01 4.397e-01 4.140e+00
-6.459 -8.083 4.320e+00 3.395e+00 3.613e+00 4.320e+00 3.395e+00 4.251e+00 2.774e-01 4.398e-01 4.137e+00
-6.448 -8.070 4.319e+00 3.393e+00 3.611e+00 4.319e+00 3.394e+00 4.248e+00 5.498e-01 4.398e-01 4.134e+00
-6.438 -8.089 4.319e+00 3.391e+00 3.609e+00 4.318e+00 3.392e+00 4.245e+00 7.286e-01 4.398e-01 4.131e+00
-6.428 -8.076 4.318e+00 3.390e+00 3.606e+00 4.318e+00 3.390e+00 4.242e+00 8.451e-01 4.397e-01 4.128e+00
-6.418 -8.063 4.317e+00 3.388e+00 3.604e+00 4.317e+00 3.388e+00 4.240e+00 9.441e-01 4.397e-01 4.125e+00
-6.409 -8.082 4.317e+00 3.386e+00 3.602e+00 4.317e+00 3.386e+00 4.237e+00 1.028e+00 4.396e-01 4.122e+00
-6.400 -8.069 4.316e+00 3.384e+00 3.600e+00 4.316e+00 3.385e+00 4.234e+00 1.086e+00 4.396e-01 4.119e+00
-6.391 -8.088 4.316e+00 3.382e+00 3.598e+00 4.315e+00 3.383e+00 4.231e+00 1.144e+00 4.395e-01 4.116e+00
-6.382 -8.075 4.315e+00 3.381e+00 3.596e+00 4.315e+00 3.381e+00 4.229e+00 1.184e+00 4.394e-01 4.114e+00
-6.373 -8.062 4.315e+00 3.379e+00 3.594e+00 4.314e+00 3.380e+00 4.226e+00 1.228e+00 4.394e-01 4.111e+00
-6.364 -8.049 4.314e+00 3.377e+00 3.592e+00 4.314e+00 3.378e+00 4.223e+00 1.270e+00 4.393e-01 4.108e+00
-6.355 -8.068 4.314e+00 3.375e+00 3.591e+00 4.313e+00 3.376e+00 4.221e+00 1.468e+00 4.393e-01 4.104e+00
-6.347 -8.055 4.313e+00 3.374e+00 3.588e+00 4.313e+00 3.374e+00 4.218e+00 1.215e+00 4.391e-01 4.102e+00
-6.339 -8.074 4.313e+00 3.372e+00 3.587e+00 4.313e+00 3.372e+00 4.215e+00 1.478e+00 4.390e-01 4.099e+00
-6.331 -8.093 4.313e+00 3.370e+00 3.584e+00 4.312e+00 3.371e+00 4.213e+00 1.272e+00 4.389e-01 4.096e+00
-6.324 -8.080 4.312e+00 3.368e+00 3.583e+00 4.312e+00 3.369e+00 4.210e+00 1.364e+00 4.388e-01 4.093e+00
-6.316 -8.099 4.312e+00 3.367e+00 3.581e+00 4.312e+00 3.367e+00 4.208e+00 1.402e+00 4.388e-01 4.091e+00
-6.312 -8.275 4.312e+00 3.365e+00 3.579e+00 4.311e+00 3.366e+00 4.205e+00 1.422e+00 4.387e-01 4.088e+00
-6.306 -8.221 4.312e+00 3.364e+00 3.578e+00 4.311e+00 3.365e+00 4.204e+00 1.110e+00 4.387e-01 4.086e+00
-6.302 -8.271 4.312e+00 3.363e+00 3.577e+00 4.311e+00 3.364e+00 4.202e+00 1.134e+00 4.386e-01 4.084e+00
-6.296 -8.217 4.311e+00 3.362e+00 3.576e+00 4.311e+00 3.362e+00 4.200e+00 1.124e+00 4.385e-01 4.083e+00
-6.292 -8.267 4.311e+00 3.361e+00 3.575e+00 4.311e+00 3.361e+00 4.199e+00 1.126e+00 4.384e-01 4.081e+00
-6.286 -8.212 4.311e+00 3.360e+00 3.574e+00 4.311e+00 3.360e+00 4.197e+00 1.131e+00 4.383e-01 4.079e+00
-6.282 -8.263 4.311e+00 3.359e+00 3.573e+00 4.311e+00 3.359e+00 4.195e+00 1.138e+00 4.382e-01 4.077e+00
-6.277 -8.208 4.311e+00 3.358e+00 3.572e+00 4.311e+00 3.358e+00 4.194e+00 1.145e+00 4.381e-01 4.075e+00
-6.272 -8.259 4.311e+00 3.356e+00 3.570e+00 4.310e+00 3.357e+00 4.192e+00 1.153e+00 4.380e-01 4.073e+00
-6.267 -8.204 4.311e+00 3.355e+00 3.569e+00 4.310e+00 3.356e+00 4.190e+00 1.161e+00 4.380e-01 4.072e+00
-6.263 -8.255 4.311e+00 3.354e+00 3.568e+00 4.310e+00 3.355e+00 4.189e+00 1.169e+00 4.379e-01 4.070e+00
-6.258 -8.200 4.310e+00 3.353e+00 3.567e+00 4.310e+00 3.354e+00 4.187e+00 1.176e+00 4.379e-01 4.068e+00
-6.253 -8.251 4.310e+00 3.352e+00 3.566e+00 4.310e+00 3.352e+00 4.185e+00 1.184e+00 4.378e-01 4.066e+00
-6.249 -8.269 4.310e+00 3.351e+00 3.565e+00 4.310e+00 3.351e+00 4.184e+00 1.191e+00 4.377e-01 4.064e+00
-6.245 -8.215 4.310e+00 3.350e+00 3.564e+00 4.310e+00 3.350e+00 4.182e+00 1.197e+00 4.377e-01 4.063e+00
-6.240 -8.265 4.310e+00 3.349e+00 3.563e+00 4.310e+00 3.349e+00 4.181e+00 1.204e+00 4.376e-01 4.061e+00
-6.236 -8.211 4.310e+00 3.348e+00 3.562e+00 4.310e+00 3.348e+00 4.179e+00 1.210e+00 4.376e-01 4.059e+00
-6.232 -8.261 4.310e+00 3.346e+00 3.561e+00 4.310e+00 3.347e+00 4.177e+00 1.217e+00 4.375e-01 4.057e+00
-6.227 -8.207 4.310e+00 3.345e+00 3.560e+00 4.310e+00 3.346e+00 4.176e+00 1.222e+00 4.375e-01 4.055e+00
-6.223 -8.257 4.310e+00 3.344e+00 3.559e+00 4.310e+00 3.345e+00 4.174e+00 1.228e+00 4.374e-01 4.054e+00
-6.219 -8.203 4.310e+00 3.343e+00 3.557e+00 4.310e+00 3.344e+00 4.173e+00 1.234e+00 4.374e-01 4.052e+00
-6.215 -8.253 4.310e+00 3.342e+00 3.556e+00 4.310e+00 3.343e+00 4.171e+00 1.240e+00 4.373e-01 4.050e+00
-6.198 -8.245 4.310e+00 3.338e+00 3.552e+00 4.309e+00 3.338e+00 4.164e+00 1.261e+00 4.371e-01 4.043e+00
-6.167 -8.197 4.310e+00 3.329e+00 3.544e+00 4.310e+00 3.330e+00 4.152e+00 1.296e+00 4.367e-01 4.029e+00
-6.138 -8.254 4.311e+00 3.320e+00 3.537e+00 4.310e+00 3.321e+00 4.139e+00 1.325e+00 4.363e-01 4.015e+00
-6.110 -8.238 4.311e+00 3.312e+00 3.529e+00 4.311e+00 3.312e+00 4.127e+00 1.350e+00 4.359e-01 4.001e+00
-6.077 -8.186 4.313e+00 3.301e+00 3.520e+00 4.312e+00 3.302e+00 4.112e+00 1.375e+00 4.353e-01 3.983e+00
-6.050 -8.189 4.315e+00 3.291e+00 3.513e+00 4.314e+00 3.292e+00 4.099e+00 1.393e+00 4.348e-01 3.968e+00
-6.018 -8.187 4.317e+00 3.280e+00 3.504e+00 4.316e+00 3.280e+00 4.082e+00 1.413e+00 4.342e-01 3.949e+00
-5.989 -8.186 4.320e+00 3.268e+00 3.495e+00 4.319e+00 3.269e+00 4.067e+00 1.428e+00 4.335e-01 3.931e+00
-5.958 -8.235 4.323e+00 3.256e+00 3.486e+00 4.323e+00 3.256e+00 4.050e+00 1.442e+00 4.328e-01 3.911e+00
-5.929 -8.179 4.327e+00 3.243e+00 3.477e+00 4.326e+00 3.244e+00 4.033e+00 1.453e+00 4.321e-01 3.892e+00
-5.898 -8.224 4.332e+00 3.229e+00 3.467e+00 4.331e+00 3.230e+00 4.014e+00 1.463e+00 4.312e-01 3.869e+00
-5.869 -8.164 4.337e+00 3.215e+00 3.458e+00 4.336e+00 3.216e+00 3.996e+00 1.470e+00 4.303e-01 3.848e+00
-5.839 -8.227 4.342e+00 3.200e+00 3.449e+00 4.342e+00 3.201e+00 3.977e+00 1.474e+00 4.292e-01 3.824e+00
-5.809 -8.163 4.349e+00 3.185e+00 3.439e+00 4.348e+00 3.185e+00 3.957e+00 1.476e+00 4.281e-01 3.800e+00
-5.780 -8.223 4.355e+00 3.168e+00 3.429e+00 4.355e+00 3.169e+00 3.936e+00 1.476e+00 4.268e-01 3.774e+00
-5.750 -8.155 4.363e+00 3.151e+00 3.419e+00 4.362e+00 3.152e+00 3.915e+00 1.473e+00 4.253e-01 3.748e+00
-5.719 -8.156 4.371e+00 3.132e+00 3.408e+00 4.370e+00 3.133e+00 3.892e+00 1.466e+00 4.237e-01 3.719e+00
-5.689 -8.207 4.379e+00 3.113e+00 3.396e+00 4.379e+00 3.114e+00 3.868e+00 1.456e+00 4.218e-01 3.690e+00
-5.659 -8.204 4.388e+00 3.093e+00 3.384e+00 4.388e+00 3.094e+00 3.845e+00 1.442e+00 4.197e-01 3.660e+00
-5.630 -8.147 4.397e+00 3.073e+00 3.372e+00 4.396e+00 3.074e+00 3.820e+00 1.425e+00 4.174e-01 3.629e+00
-5.600 -8.190 4.406e+00 3.051e+00 3.359e+00 4.406e+00 3.052e+00 3.795e+00 1.403e+00 4.147e-01 3.596e+00
-5.570 -8.198 4.415e+00 3.028e+00 3.346e+00 4.415e+00 3.029e+00 3.768e+00 1.377e+00 4.117e-01 3.562e+00
-5.540 -8.202 4.425e+00 3.004e+00 3.330e+00 4.424e+00 3.005e+00 3.740e+00 1.347e+00 4.082e-01 3.526e+00
-5.509 -8.201 4.434e+00 2.979e+00 3.314e+00 4.433e+00 2.980e+00 3.711e+00 1.313e+00 4.044e-01 3.489e+00
-5.479 -8.197 4.443e+00 2.953e+00 3.297e+00 4.442e+00 2.954e+00 3.682e+00 1.275e+00 4.001e-01 3.450e+00
-5.449 -8.188 4.451e+00 2.926e+00 3.279e+00 4.451e+00 2.928e+00 3.651e+00 1.234e+00 3.954e-01 3.411e+00
-5.420 -8.144 4.459e+00 2.899e+00 3.259e+00 4.459e+00 2.900e+00 3.619e+00 1.191e+00 3.902e-01 3.371e+00
-5.390 -8.146 4.467e+00 2.870e+00 3.238e+00 4.467e+00 2.871e+00 3.587e+00 1.145e+00 3.844e-01 3.328e+00
-5.360 -8.195 4.474e+00 2.839e+00 3.215e+00 4.474e+00 2.841e+00 3.552e+00 1.096e+00 3.780e-01 3.284e+00
-5.330 -8.185 4.482e+00 2.808e+00 3.191e+00 4.481e+00 2.809e+00 3.517e+00 1.045e+00 3.710e-01 3.239e+00
-5.300 -8.189 4.488e+00 2.775e+00 3.166e+00 4.488e+00 2.777e+00 3.480e+00 9.933e-01 3.633e-01 3.193e+00
-5.270 -8.186 4.494e+00 2.741e+00 3.138e+00 4.494e+00 2.743e+00 3.442e+00 9.394e-01 3.548e-01 3.145e+00
-5.240 -8.197 4.500e+00 2.706e+00 3.109e+00 4.500e+00 2.708e+00 3.404e+00 8.850e-01 3.457e-01 3.096e+00
-5.210 -8.200 4.505e+00 2.670e+00 3.079e+00 4.505e+00 2.672e+00 3.363e+00 8.293e-01 3.357e-01 3.045e+00
-5.180 -8.141 4.510e+00 2.632e+00 3.047e+00 4.510e+00 2.634e+00 3.322e+00 7.721e-01 3.248e-01 2.992e+00
-5.150 -8.178 4.515e+00 2.593e+00 3.013e+00 4.515e+00 2.596e+00 3.279e+00 7.144e-01 3.130e-01 2.939e+00
-5.120 -8.195 4.519e+00 2.553e+00 2.978e+00 4.519e+00 2.555e+00 3.234e+00 6.557e-01 3.001e-01 2.883e+00
-5.090 -8.180 4.523e+00 2.511e+00 2.941e+00 4.523e+00 2.514e+00 3.189e+00 5.964e-01 2.862e-01 2.827e+00
-5.060 -8.195 4.527e+00 2.468e+00 2.903e+00 4.527e+00 2.471e+00 3.142e+00 5.363e-01 2.712e-01 2.768e+00
-5.030 -8.135 4.530e+00 2.423e+00 2.862e+00 4.530e+00 2.426e+00 3.093e+00 4.755e-01 2.548e-01 2.708e+00
-5.000 -8.199 4.533e+00 2.377e+00 2.821e+00 4.533e+00 2.380e+00 3.043e+00 4.146e-01 2.373e-01 2.646e+00
-4.970 -8.196 4.536e+00 2.329e+00 2.777e+00 4.536e+00 2.333e+00 2.992e+00 3.535e-01 2.184e-01 2.583e+00
-4.940 -8.177 4.539e+00 2.280e+00 2.732e+00 4.539e+00 2.283e+00 2.939e+00 2.921e-01 1.980e-01 2.518e+00
-4.910 -8.183 4.541e+00 2.229e+00 2.685e+00 4.541e+00 2.232e+00 2.884e+00 2.308e-01 1.761e-01 2.450e+00
-4.880 -8.142 4.543e+00 2.176e+00 2.636e+00 4.543e+00 2.180e+00 2.828e+00 1.704e-01 1.527e-01 2.381e+00
-4.850 -8.135 4.545e+00 2.122e+00 2.585e+00 4.545e+00 2.126e+00 2.770e+00 1.111e-01 1.276e-01 2.311e+00
-4.820 -8.130 4.547e+00 2.066e+00 2.533e+00 4.547e+00 2.070e+00 2.711e+00 5.350e-02 1.009e-01 2.238e+00
-4.790 -8.143 4.549e+00 2.008e+00 2.479e+00 4.549e+00 2.013e+00 2.650e+00 -2.571e-03 7.205e-02 2.163e+00
-4.760 -8.135 4.550e+00 1.948e+00 2.424e+00 4.550e+00 1.954e+00 2.588e+00 -5.552e-02 4.149e-02 2.086e+00
-4.730 -8.176 4.552e+00 1.887e+00 2.366e+00 4.552e+00 1.893e+00 2.524e+00 -1.051e-01 8.882e-03 2.007e+00
-4.700 -8.130 4.553e+00 1.824e+00 2.308e+00 4.553e+00 1.830e+00 2.459e+00 -1.506e-01 -2.580e-02 1.926e+00
-4.670 -8.183 4.554e+00 1.761e+00 2.249e+00 4.554e+00 1.767e+00 2.393e+00 -1.911e-01 -6.226e-02 1.844e+00
-4.640 -7.950 4.555e+00 1.698e+00 2.191e+00 4.555e+00 1.705e+00 2.328e+00 5.959e-02 -1.002e-01 1.761e+00
-4.610 -8.184 4.556e+00 1.642e+00 2.138e+00 4.556e+00 1.649e+00 2.270e+00 -2.520e-01 -1.349e-01 1.687e+00
-4.580 -7.948 4.557e+00 1.585e+00 2.086e+00 4.557e+00 1.593e+00 2.212e+00 -2.749e-01 -1.712e-01 1.613e+00
-4.550 -8.064 4.558e+00 1.528e+00 2.033e+00 4.558e+00 1.536e+00 2.153e+00 -2.946e-01 -2.101e-01 1.535e+00
-4.520 -7.977 4.559e+00 1.470e+00 1.980e+00 4.559e+00 1.478e+00 2.093e+00 -3.114e-01 -2.516e-01 1.455e+00
-4.490 -7.961 4.560e+00 1.410e+00 1.926e+00 4.560e+00 1.418e+00 2.032e+00 -3.255e-01 -2.964e-01 1.371e+00
-4.460 -8.135 4.561e+00 1.350e+00 1.871e+00 4.561e+00 1.358e+00 1.971e+00 -3.372e-01 -3.446e-01 1.284e+00
-4.430 -8.010 4.562e+00 1.289e+00 1.817e+00 4.562e+00 1.298e+00 1.910e+00 -3.469e-01 -3.969e-01 1.193e+00
-4.400 -7.966 4.563e+00 1.229e+00 1.764e+00 4.563e+00 1.238e+00 1.849e+00 -3.549e-01 -4.532e-01 1.099e+00
-4.370 -8.124 4.564e+00 1.169e+00 1.712e+00 4.564e+00 1.178e+00 1.789e+00 -3.615e-01 -5.143e-01 1.001e+00
-4.340 -8.060 4.565e+00 1.111e+00 1.662e+00 4.565e+00 1.120e+00 1.731e+00 -3.673e-01 -5.810e-01 8.982e-01
-4.310 -8.068 4.566e+00 1.056e+00 1.615e+00 4.566e+00 1.064e+00 1.676e+00 -3.724e-01 -6.537e-01 7.913e-01
-4.280 -8.008 4.568e+00 1.004e+00 1.571e+00 4.568e+00 1.012e+00 1.624e+00 -3.771e-01 -7.329e-01 6.799e-01
-4.250 -8.010 4.569e+00 9.552e-01 1.531e+00 4.569e+00 9.624e-01 1.575e+00 -3.816e-01 -8.196e-01 5.634e-01
-4.220 -7.949 4.570e+00 9.113e-01 1.495e+00 4.570e+00 9.177e-01 1.532e+00 -3.862e-01 -9.136e-01 4.423e-01
-4.190 -7.995 4.572e+00 8.722e-01 1.464e+00 4.572e+00 8.778e-01 1.494e+00 -3.908e-01 -1.016e+00 3.163e-01
-4.160 -8.131 4.574e+00 8.382e-01 1.438e+00 4.574e+00 8.429e-01 1.461e+00 -3.957e-01 -1.125e+00 1.856e-01
-4.130 -7.992 4.575e+00 8.094e-01 1.415e+00 4.575e+00 8.132e-01 1.434e+00 -4.008e-01 -1.241e+00 5.190e-02
-4.100 -7.956 4.577e+00 7.852e-01 1.397e+00 4.577e+00 7.883e-01 1.411e+00 -4.062e-01 -1.362e+00 -8.363e-02
-4.070 -7.948 4.579e+00 7.652e-01 1.382e+00 4.579e+00 7.677e-01 1.393e+00 -4.119e-01 -1.485e+00 -2.180e-01
-4.040 -8.053 4.581e+00 7.488e-01 1.370e+00 4.581e+00 7.507e-01 1.378e+00 -4.181e-01 -1.605e+00 -3.478e-01
-4.010 -8.096 4.583e+00 7.350e-01 1.360e+00 4.583e+00 7.365e-01 1.367e+00 -4.246e-01 -1.718e+00 -4.684e-01
-3.980 -7.941 4.585e+00 7.233e-01 1.352e+00 4.585e+00 7.246e-01 1.357e+00 -4.315e-01 -1.818e+00 -5.749e-01
-3.950 -8.057 4.587e+00 7.131e-01 1.345e+00 4.587e+00 7.142e-01 1.349e+00 -4.388e-01 -1.902e+00 -6.642e-01
-3.920 -7.988 4.589e+00 7.037e-01 1.339e+00 4.589e+00 7.047e-01 1.343e+00 -4.465e-01 -1.969e+00 -7.354e-01
-3.890 -8.104 4.592e+00 6.949e-01 1.333e+00 4.592e+00 6.957e-01 1.336e+00 -4.547e-01 -2.019e+00 -7.901e-01
-3.860 -8.164 4.594e+00 6.861e-01 1.327e+00 4.594e+00 6.869e-01 1.330e+00 -4.633e-01 -2.056e+00 -8.318e-01
-3.830 -8.160 4.597e+00 6.773e-01 1.322e+00 4.597e+00 6.781e-01 1.325e+00 -4.723e-01 -2.084e+00 -8.646e-01
-3.800 -8.052 4.599e+00 6.684e-01 1.316e+00 4.599e+00 6.691e-01 1.319e+00 -4.817e-01 -2.106e+00 -8.920e-01
-3.770 -8.060 4.602e+00 6.590e-01 1.310e+00 4.602e+00 6.598e-01 1.312e+00 -4.917e-01 -2.126e+00 -9.166e-01
-3.740 -8.103 4.605e+00 6.493e-01 1.304e+00 4.605e+00 6.500e-01 1.306e+00 -5.021e-01 -2.144e+00 -9.402e-01
-3.710 -8.167 4.608e+00 6.391e-01 1.297e+00 4.608e+00 6.398e-01 1.299e+00 -5.131e-01 -2.162e+00 -9.637e-01
-3.680 -8.028 4.611e+00 6.285e-01 1.290e+00 4.611e+00 6.292e-01 1.292e+00 -5.245e-01 -2.180e+00 -9.878e-01
-3.650 -8.026 4.614e+00 6.175e-01 1.283e+00 4.614e+00 6.182e-01 1.285e+00 -5.363e-01 -2.198e+00 -1.012e+00
-3.620 -8.022 4.617e+00 6.061e-01 1.276e+00 4.617e+00 6.067e-01 1.278e+00 -5.487e-01 -2.217e+00 -1.038e+00
-3.590 -7.986 4.620e+00 5.942e-01 1.268e+00 4.620e+00 5.948e-01 1.270e+00 -5.615e-01 -2.237e+00 -1.065e+00
-3.560 -7.986 4.624e+00 5.817e-01 1.260e+00 4.624e+00 5.824e-01 1.262e+00 -5.749e-01 -2.258e+00 -1.092e+00
-3.530 -8.074 4.627e+00 5.688e-01 1.251e+00 4.627e+00 5.695e-01 1.253e+00 -5.888e-01 -2.279e+00 -1.121e+00
-3.500 -8.124 4.630e+00 5.555e-01 1.243e+00 4.630e+00 5.561e-01 1.244e+00 -6.031e-01 -2.301e+00 -1.150e+00
-3.470 -7.968 4.634e+00 5.418e-01 1.233e+00 4.634e+00 5.424e-01 1.235e+00 -6.179e-01 -2.324e+00 -1.181e+00
-3.440 -8.032 4.637e+00 5.277e-01 1.224e+00 4.637e+00 5.282e-01 1.226e+00 -6.331e-01 -2.347e+00 -1.212e+00
-3.410 -8.080 4.641e+00 5.132e-01 1.214e+00 4.641e+00 5.138e-01 1.216e+00 -6.486e-01 -2.371e+00 -1.244e+00
-3.380 -8.075 4.644e+00 4.985e-01 1.205e+00 4.644e+00 4.990e-01 1.206e+00 -6.645e-01 -2.396e+00 -1.276e+00
-3.350 -7.952 4.648e+00 4.834e-01 1.195e+00 4.648e+00 4.839e-01 1.196e+00 -6.808e-01 -2.421e+00 -1.310e+00
-3.320 -7.960 4.651e+00 4.681e-01 1.184e+00 4.651e+00 4.687e-01 1.186e+00 -6.972e-01 -2.446e+00 -1.343e+00
-3.290 -7.938 4.655e+00 4.526e-01 1.174e+00 4.655e+00 4.531e-01 1.175e+00 -7.139e-01 -2.472e+00 -1.378e+00
-3.260 -7.943 4.658e+00 4.368e-01 1.163e+00 4.658e+00 4.373e-01 1.164e+00 -7.309e-01 -2.498e+00 -1.412e+00
-3.230 -7.994 4.662e+00 4.208e-01 1.152e+00 4.662e+00 4.213e-01 1.153e+00 -7.482e-01 -2.524e+00 -1.447e+00
-3.200 -7.875 4.665e+00 4.044e-01 1.141e+00 4.665e+00 4.049e-01 1.142e+00 -7.657e-01 -2.552e+00 -1.484e+00
-3.170 -8.092 4.668e+00 3.877e-01 1.130e+00 4.668e+00 3.882e-01 1.131e+00 -7.839e-01 -2.579e+00 -1.520e+00
-3.140 -8.094 4.672e+00 3.706e-01 1.118e+00 4.672e+00 3.710e-01 1.119e+00 -8.023e-01 -2.608e+00 -1.558e+00
-3.110 -7.948 4.675e+00 3.531e-01 1.106e+00 4.675e+00 3.535e-01 1.107e+00 -8.214e-01 -2.637e+00 -1.596e+00
-3.080 -7.969 4.678e+00 3.353e-01 1.094e+00 4.678e+00 3.357e-01 1.094e+00 -8.405e-01 -2.667e+00 -1.636e+00
-3.050 -7.882 4.681e+00 3.177e-01 1.081e+00 4.681e+00 3.182e-01 1.082e+00 -8.595e-01 -2.696e+00 -1.674e+00
-3.020 -7.881 4.684e+00 3.000e-01 1.069e+00 4.684e+00 3.004e-01 1.070e+00 -8.788e-01 -2.726e+00 -1.713e+00
-2.990 -7.971 4.688e+00 2.820e-01 1.057e+00 4.688e+00 2.824e-01 1.057e+00 -8.984e-01 -2.756e+00 -1.753e+00
-2.960 -7.974 4.691e+00 2.637e-01 1.044e+00 4.691e+00 2.641e-01 1.044e+00 -9.180e-01 -2.786e+00 -1.793e+00
-2.930 -7.815 4.693e+00 2.453e-01 1.031e+00 4.693e+00 2.457e-01 1.031e+00 -9.383e-01 -2.817e+00 -1.833e+00
-2.900 -7.976 4.696e+00 2.266e-01 1.018e+00 4.696e+00 2.270e-01 1.018e+00 -9.587e-01 -2.849e+00 -1.875e+00
-2.870 -8.026 4.699e+00 2.076e-01 1.004e+00 4.699e+00 2.079e-01 1.005e+00 -9.798e-01 -2.881e+00 -1.917e+00
-2.840 -7.784 4.702e+00 1.882e-01 9.905e-01 4.702e+00 1.886e-01 9.910e-01 -1.001e+00 -2.914e+00 -1.959e+00
-2.810 -7.827 4.705e+00 1.688e-01 9.767e-01 4.705e+00 1.691e-01 9.771e-01 -1.023e+00 -2.947e+00 -2.002e+00
-2.780 -7.772 4.707e+00 1.495e-01 9.629e-01 4.707e+00 1.498e-01 9.633e-01 -1.044e+00 -2.981e+00 -2.045e+00
-2.750 -7.768 4.710e+00 1.298e-01 9.488e-01 4.710e+00 1.301e-01 9.492e-01 -1.066e+00 -3.015e+00 -2.089e+00
-2.720 -7.978 4.713e+00 1.099e-01 9.345e-01 4.713e+00 1.102e-01 9.349e-01 -1.089e+00 -3.049e+00 -2.133e+00
-2.690 -7.976 4.715e+00 9.027e-02 9.203e-01 4.715e+00 9.056e-02 9.207e-01 -1.111e+00 -3.084e+00 -2.177e+00
-2.660 -7.875 4.717e+00 7.071e-02 9.062e-01 4.717e+00 7.099e-02 9.065e-01 -1.134e+00 -3.118e+00 -2.221e+00
-2.630 -7.818 4.720e+00 5.091e-02 8.919e-01 4.720e+00 5.118e-02 8.922e-01 -1.157e+00 -3.153e+00 -2.266e+00
-2.600 -7.964 4.722e+00 3.089e-02 8.773e-01 4.722e+00 3.116e-02 8.776e-01 -1.180e+00 -3.189e+00 -2.312e+00
-2.570 -7.874 4.724e+00 1.091e-02 8.627e-01 4.724e+00 1.116e-02 8.630e-01 -1.204e+00 -3.226e+00 -2.357e+00
-2.540 -7.860 4.726e+00 -8.846e-03 8.483e-01 4.726e+00 -8.604e-03 8.485e-01 -1.228e+00 -3.262e+00 -2.403e+00
-2.510 -7.636 4.728e+00 -2.834e-02 8.340e-01 4.728e+00 -2.810e-02 8.342e-01 -1.252e+00 -3.298e+00 -2.448e+00
-2.480 -7.639 4.729e+00 -4.775e-02 8.197e-01 4.729e+00 -4.752e-02 8.199e-01 -1.276e+00 -3.335e+00 -2.493e+00
-2.450 -7.895 4.731e+00 -6.731e-02 8.053e-01 4.731e+00 -6.710e-02 8.055e-01 -1.301e+00 -3.372e+00 -2.539e+00
-2.420 -7.627 4.733e+00 -8.693e-02 7.907e-01 4.733e+00 -8.672e-02 7.909e-01 -1.327e+00 -3.410e+00 -2.586e+00
-2.390 -7.742 4.734e+00 -1.062e-01 7.765e-01 4.734e+00 -1.060e-01 7.766e-01 -1.353e+00 -3.448e+00 -2.632e+00
-2.360 -7.730 4.736e+00 -1.249e-01 7.625e-01 4.736e+00 -1.247e-01 7.627e-01 -1.379e+00 -3.486e+00 -2.678e+00
-2.330 -7.621 4.737e+00 -1.436e-01 7.486e-01 4.737e+00 -1.434e-01 7.487e-01 -1.405e+00 -3.525e+00 -2.724e+00
-2.300 -7.660 4.738e+00 -1.619e-01 7.349e-01 4.738e+00 -1.617e-01 7.350e-01 -1.432e+00 -3.563e+00 -2.770e+00
-2.270 -7.661 4.739e+00 -1.798e-01 7.214e-01 4.739e+00 -1.797e-01 7.215e-01 -1.460e+00 -3.602e+00 -2.816e+00
-2.240 -7.555 4.740e+00 -1.974e-01 7.082e-01 4.740e+00 -1.973e-01 7.083e-01 -1.487e+00 -3.641e+00 -2.862e+00
-2.210 -7.628 4.741e+00 -2.148e-01 6.951e-01 4.741e+00 -2.146e-01 6.952e-01 -1.516e+00 -3.680e+00 -2.908e+00
-2.180 -7.609 4.742e+00 -2.313e-01 6.825e-01 4.742e+00 -2.312e-01 6.826e-01 -1.544e+00 -3.719e+00 -2.953e+00
-2.150 -7.726 4.742e+00 -2.477e-01 6.701e-01 4.742e+00 -2.476e-01 6.702e-01 -1.574e+00 -3.759e+00 -2.999e+00
-2.120 -7.840 4.743e+00 -2.633e-01 6.582e-01 4.743e+00 -2.632e-01 6.583e-01 -1.603e+00 -3.798e+00 -3.044e+00
-2.090 -7.953 4.743e+00 -2.786e-01 6.465e-01 4.743e+00 -2.785e-01 6.466e-01 -1.634e+00 -3.838e+00 -3.089e+00
-2.060 -7.445 4.743e+00 -2.933e-01 6.353e-01 4.743e+00 -2.932e-01 6.354e-01 -1.664e+00 -3.877e+00 -3.133e+00
-2.030 -7.417 4.744e+00 -3.074e-01 6.244e-01 4.744e+00 -3.073e-01 6.245e-01 -1.695e+00 -3.916e+00 -3.177e+00
-2.000 -7.768 4.744e+00 -3.211e-01 6.139e-01 4.744e+00 -3.210e-01 6.139e-01 -1.728e+00 -3.956e+00 -3.222e+00