# ASY method (with partition functions): 130222 integration steps in 3.7327e+00 seconds
# All quantities except Asy, RG_PE, and sumX are log10(x)
# Log of absolute values for E and dE/dt as they can be negative
# Units: t and dt in s; E in erg; dE/dt in erg/g/s; others dimensionless 
#
#    t     dt     |E|  |dE/dt| Asy  Equil  sumX  X(1H)     X(2H)     X(3He)     

-10.929 -11.859  7.158 18.086 0.429 0.000 1.000 -1.249e-01 -1.351e+01 -1.115e+01
-10.874 -11.805  7.212 18.086 0.429 0.000 1.000 -1.249e-01 -1.345e+01 -1.109e+01
-10.820 -11.751  7.266 18.086 0.429 0.000 1.000 -1.249e-01 -1.340e+01 -1.104e+01
-10.766 -11.696  7.321 18.086 0.429 0.000 1.000 -1.249e-01 -1.334e+01 -1.099e+01
-10.712 -11.642  7.375 18.086 0.429 0.000 1.000 -1.249e-01 -1.328e+01 -1.093e+01
-10.657 -11.588  7.429 18.086 0.429 0.000 1.000 -1.249e-01 -1.323e+01 -1.088e+01
-10.603 -11.534  7.483 18.086 0.429 0.000 1.000 -1.249e-01 -1.317e+01 -1.082e+01
-10.549 -11.479  7.537 18.086 0.429 0.000 1.000 -1.249e-01 -1.311e+01 -1.077e+01
-10.495 -11.425  7.592 18.086 0.429 0.000 1.000 -1.249e-01 -1.306e+01 -1.072e+01
-10.441 -11.371  7.646 18.086 0.429 0.000 1.000 -1.249e-01 -1.300e+01 -1.066e+01
-10.386 -11.317  7.700 18.085 0.429 0.000 1.000 -1.249e-01 -1.295e+01 -1.061e+01
-10.332 -11.262  7.754 18.085 0.429 0.000 1.000 -1.249e-01 -1.289e+01 -1.055e+01
-10.278 -11.208  7.808 18.085 0.571 0.000 1.000 -1.249e-01 -1.286e+01 -1.050e+01
-10.224 -11.154  7.862 18.086 0.571 0.000 1.000 -1.249e-01 -1.282e+01 -1.045e+01
-10.169 -11.100  7.917 18.087 0.571 0.000 1.000 -1.249e-01 -1.277e+01 -1.039e+01
-10.115 -11.046  7.971 18.087 0.571 0.000 1.000 -1.249e-01 -1.272e+01 -1.034e+01
-10.061 -10.991  8.025 18.087 0.571 0.000 1.000 -1.249e-01 -1.267e+01 -1.029e+01
-10.007 -10.937  8.080 18.087 0.571 0.000 1.000 -1.249e-01 -1.262e+01 -1.023e+01
-9.952 -10.883  8.134 18.087 0.571 0.000 1.000 -1.249e-01 -1.256e+01 -1.018e+01
-9.898 -10.829  8.188 18.087 0.571 0.000 1.000 -1.249e-01 -1.251e+01 -1.013e+01
-9.844 -10.774  8.243 18.088 0.571 0.000 1.000 -1.249e-01 -1.246e+01 -1.008e+01
-9.790 -10.720  8.297 18.088 0.571 0.000 1.000 -1.249e-01 -1.240e+01 -1.002e+01
-9.736 -10.666  8.351 18.088 0.571 0.000 1.000 -1.249e-01 -1.235e+01 -9.972e+00
-9.681 -10.612  8.406 18.088 0.571 0.000 1.000 -1.249e-01 -1.230e+01 -9.921e+00
-9.627 -10.557  8.460 18.088 0.571 0.000 1.000 -1.249e-01 -1.225e+01 -9.869e+00
-9.573 -10.503  8.514 18.088 0.571 0.000 1.000 -1.249e-01 -1.220e+01 -9.818e+00
-9.519 -10.449  8.569 18.088 0.571 0.000 1.000 -1.249e-01 -1.215e+01 -9.767e+00
-9.464 -10.395  8.623 18.089 0.571 0.000 1.000 -1.249e-01 -1.209e+01 -9.717e+00
-9.410 -10.341  8.678 18.089 0.571 0.000 1.000 -1.249e-01 -1.204e+01 -9.667e+00
-9.356 -10.286  8.732 18.089 0.571 0.000 1.000 -1.249e-01 -1.199e+01 -9.617e+00
-9.302 -10.232  8.786 18.089 0.571 0.000 1.000 -1.249e-01 -1.194e+01 -9.569e+00
-9.248 -10.178  8.841 18.090 0.571 0.000 1.000 -1.249e-01 -1.190e+01 -9.520e+00
-9.193 -10.124  8.895 18.090 0.571 0.000 1.000 -1.249e-01 -1.185e+01 -9.473e+00
-9.139 -10.069  8.950 18.090 0.571 0.000 1.000 -1.249e-01 -1.180e+01 -9.431e+00
-9.085 -10.015  9.004 18.090 0.571 0.000 1.000 -1.249e-01 -1.176e+01 -9.388e+00
-9.031 -9.961  9.058 18.090 0.571 0.000 1.000 -1.249e-01 -1.171e+01 -9.346e+00
-8.976 -9.907  9.113 18.091 0.571 0.000 1.000 -1.249e-01 -1.167e+01 -9.303e+00
-8.922 -9.853  9.167 18.091 0.571 0.000 1.000 -1.249e-01 -1.163e+01 -9.262e+00
-8.868 -9.798  9.222 18.091 0.571 0.000 1.000 -1.249e-01 -1.159e+01 -9.221e+00
-8.814 -9.744  9.276 18.092 0.571 0.000 1.000 -1.249e-01 -1.155e+01 -9.181e+00
-8.759 -9.690  9.331 18.092 0.571 0.000 1.000 -1.249e-01 -1.151e+01 -9.142e+00
-8.705 -9.636  9.385 18.092 0.571 0.000 1.000 -1.249e-01 -1.147e+01 -9.103e+00
-8.651 -9.581  9.440 18.093 0.714 0.000 1.000 -1.249e-01 -1.143e+01 -9.084e+00
-8.597 -9.527  9.494 18.088 0.714 0.000 1.000 -1.249e-01 -1.141e+01 -9.056e+00
-8.543 -9.473  9.548 18.090 0.714 0.000 1.000 -1.249e-01 -1.138e+01 -9.033e+00
-8.488 -9.419  9.602 18.089 0.714 0.000 1.000 -1.249e-01 -1.136e+01 -9.009e+00
-8.434 -9.364  9.656 18.090 0.714 0.000 1.000 -1.249e-01 -1.134e+01 -8.986e+00
-8.380 -9.310  9.710 18.089 0.714 0.000 1.000 -1.249e-01 -1.131e+01 -8.963e+00
-8.326 -9.256  9.764 18.089 0.714 0.000 1.000 -1.249e-01 -1.129e+01 -8.941e+00
-8.271 -9.202  9.818 18.089 0.714 0.000 1.000 -1.249e-01 -1.127e+01 -8.920e+00
-8.217 -9.148  9.873 18.089 0.714 0.000 1.000 -1.249e-01 -1.125e+01 -8.899e+00
-8.163 -9.093  9.927 18.089 0.714 0.000 1.000 -1.249e-01 -1.123e+01 -8.879e+00
-8.109 -9.039  9.981 18.088 0.714 0.000 1.000 -1.249e-01 -1.121e+01 -8.860e+00
-8.054 -8.985 10.035 18.088 0.714 0.000 1.000 -1.249e-01 -1.119e+01 -8.841e+00
-8.000 -8.931 10.089 18.088 0.714 0.000 1.000 -1.249e-01 -1.117e+01 -8.823e+00
-7.946 -8.876 10.143 18.087 0.714 0.000 1.000 -1.249e-01 -1.115e+01 -8.805e+00
-7.892 -8.822 10.197 18.087 0.714 0.000 1.000 -1.249e-01 -1.113e+01 -8.788e+00
-7.838 -8.768 10.251 18.087 0.714 0.000 1.000 -1.249e-01 -1.111e+01 -8.771e+00
-7.783 -8.714 10.305 18.086 0.714 0.000 1.000 -1.249e-01 -1.110e+01 -8.755e+00
-7.729 -8.659 10.359 18.086 0.714 0.000 1.000 -1.249e-01 -1.108e+01 -8.739e+00
-7.675 -8.605 10.413 18.085 0.714 0.000 1.000 -1.249e-01 -1.107e+01 -8.724e+00
-7.621 -8.551 10.467 18.085 0.714 0.000 1.000 -1.249e-01 -1.105e+01 -8.709e+00
-7.566 -8.497 10.521 18.084 0.714 0.000 1.000 -1.249e-01 -1.104e+01 -8.695e+00
-7.512 -8.443 10.574 18.084 0.714 0.000 1.000 -1.249e-01 -1.102e+01 -8.681e+00
-7.458 -8.388 10.628 18.083 0.714 0.000 1.000 -1.249e-01 -1.101e+01 -8.667e+00
-7.404 -8.334 10.682 18.083 0.714 0.000 1.000 -1.249e-01 -1.099e+01 -8.654e+00
-7.349 -8.280 10.736 18.082 0.714 0.000 1.000 -1.249e-01 -1.098e+01 -8.642e+00
-7.295 -8.226 10.790 18.082 0.714 0.000 1.000 -1.249e-01 -1.097e+01 -8.629e+00
-7.241 -8.171 10.844 18.081 0.714 0.000 1.000 -1.249e-01 -1.096e+01 -8.617e+00
-7.187 -8.117 10.897 18.080 0.714 0.000 1.000 -1.249e-01 -1.094e+01 -8.605e+00
-7.133 -8.063 10.951 18.080 0.714 0.000 1.000 -1.249e-01 -1.093e+01 -8.594e+00
-7.078 -8.009 11.005 18.079 0.714 0.000 1.000 -1.249e-01 -1.092e+01 -8.583e+00
-7.024 -7.954 11.058 18.078 0.714 0.000 1.000 -1.249e-01 -1.091e+01 -8.572e+00
-6.970 -7.900 11.112 18.077 0.714 0.000 1.000 -1.249e-01 -1.090e+01 -8.561e+00
-6.920 -7.887 11.161 18.077 0.714 0.000 1.000 -1.249e-01 -1.089e+01 -8.551e+00
-6.875 -7.875 11.206 18.076 0.714 0.000 1.000 -1.249e-01 -1.088e+01 -8.541e+00
-6.874 -9.595 11.207 18.075 0.714 0.000 1.000 -1.249e-01 -1.087e+01 -8.536e+00
-6.873 -9.541 11.208 18.071 0.429 0.000 1.000 -1.249e-01 -1.087e+01 -8.536e+00
-6.872 -9.487 11.209 18.075 0.286 0.000 1.000 -1.249e-01 -1.087e+01 -8.535e+00
-6.871 -9.432 11.210 18.079 0.286 0.000 1.000 -1.249e-01 -1.087e+01 -8.535e+00
-6.869 -9.378 11.211 18.078 0.286 0.000 1.000 -1.249e-01 -1.087e+01 -8.535e+00
-6.868 -9.324 11.213 18.077 0.429 0.000 1.000 -1.249e-01 -1.086e+01 -8.535e+00
-6.866 -9.270 11.215 18.076 0.286 0.000 1.000 -1.249e-01 -1.086e+01 -8.535e+00
-6.864 -9.216 11.217 18.075 0.286 0.000 1.000 -1.249e-01 -1.086e+01 -8.535e+00
-6.862 -9.161 11.219 18.075 0.286 0.000 1.000 -1.249e-01 -1.086e+01 -8.535e+00
-6.859 -9.107 11.221 18.074 0.286 0.000 1.000 -1.249e-01 -1.086e+01 -8.535e+00
-6.857 -9.053 11.224 18.074 0.286 0.000 1.000 -1.249e-01 -1.086e+01 -8.535e+00
-6.853 -8.999 11.227 18.073 0.286 0.000 1.000 -1.249e-01 -1.086e+01 -8.535e+00
-6.850 -8.944 11.230 18.073 0.286 0.000 1.000 -1.249e-01 -1.086e+01 -8.535e+00
-6.846 -8.890 11.234 18.072 0.286 0.000 1.000 -1.249e-01 -1.086e+01 -8.535e+00
-6.842 -8.836 11.239 18.072 0.286 0.000 1.000 -1.249e-01 -1.086e+01 -8.535e+00
-6.837 -8.782 11.243 18.072 0.286 0.000 1.000 -1.249e-01 -1.086e+01 -8.535e+00
-6.831 -8.727 11.249 18.071 0.286 0.000 1.000 -1.249e-01 -1.086e+01 -8.535e+00
-6.825 -8.673 11.255 18.071 0.286 0.000 1.000 -1.249e-01 -1.086e+01 -8.535e+00
-6.818 -8.619 11.262 18.071 0.286 0.000 1.000 -1.249e-01 -1.086e+01 -8.535e+00
-6.810 -8.565 11.269 18.071 0.286 0.000 1.000 -1.249e-01 -1.086e+01 -8.535e+00
-6.802 -8.511 11.278 18.070 0.286 0.000 1.000 -1.249e-01 -1.086e+01 -8.535e+00
-6.792 -8.456 11.287 18.070 0.286 0.000 1.000 -1.249e-01 -1.086e+01 -8.534e+00
-6.782 -8.402 11.297 18.070 0.286 0.000 1.000 -1.249e-01 -1.086e+01 -8.534e+00
-6.770 -8.348 11.309 18.070 0.286 0.000 1.000 -1.249e-01 -1.086e+01 -8.534e+00
-6.757 -8.294 11.321 18.070 0.286 0.000 1.000 -1.249e-01 -1.086e+01 -8.534e+00
-6.743 -8.239 11.335 18.070 0.286 0.000 1.000 -1.249e-01 -1.086e+01 -8.534e+00
-6.728 -8.185 11.350 18.070 0.286 0.000 1.000 -1.249e-01 -1.086e+01 -8.534e+00
-6.711 -8.131 11.367 18.070 0.286 0.000 1.000 -1.249e-01 -1.086e+01 -8.534e+00
-6.693 -8.077 11.385 18.070 0.286 0.000 1.000 -1.249e-01 -1.086e+01 -8.534e+00
-6.673 -8.022 11.404 18.070 0.286 0.000 1.000 -1.249e-01 -1.086e+01 -8.534e+00
-6.651 -7.968 11.425 18.069 0.286 0.000 1.000 -1.249e-01 -1.086e+01 -8.534e+00
-6.628 -7.914 11.448 18.069 0.286 0.000 1.000 -1.249e-01 -1.086e+01 -8.534e+00
-6.603 -7.860 11.472 18.069 0.286 0.000 1.000 -1.249e-01 -1.086e+01 -8.534e+00
-6.577 -7.806 11.499 18.069 0.286 0.000 1.000 -1.249e-01 -1.086e+01 -8.534e+00
-6.549 -7.751 11.526 18.069 0.286 0.000 1.000 -1.249e-01 -1.086e+01 -8.534e+00
-6.549 -12.245 11.526 18.069 0.286 0.000 1.000 -1.249e-01 -1.086e+01 -8.534e+00
-6.549 -12.191 11.526 18.069 0.286 0.000 1.000 -1.249e-01 -1.086e+01 -8.534e+00
-6.549 -12.137 11.526 18.069 0.286 0.000 1.000 -1.249e-01 -1.086e+01 -8.534e+00
-6.549 -12.083 11.526 18.069 0.286 0.000 1.000 -1.249e-01 -1.086e+01 -8.534e+00
-6.549 -12.029 11.526 18.069 0.286 0.000 1.000 -1.249e-01 -1.086e+01 -8.534e+00
-6.549 -11.974 11.526 18.069 0.286 0.000 1.000 -1.249e-01 -1.086e+01 -8.534e+00
-6.549 -11.920 11.526 18.069 0.286 0.000 1.000 -1.249e-01 -1.086e+01 -8.534e+00
-6.549 -11.866 11.526 18.069 0.286 0.000 1.000 -1.249e-01 -1.086e+01 -8.534e+00
-6.549 -11.812 11.526 18.069 0.286 0.000 1.000 -1.249e-01 -1.086e+01 -8.534e+00
-6.549 -11.757 11.526 18.069 0.286 0.000 1.000 -1.249e-01 -1.086e+01 -8.534e+00
-6.549 -11.703 11.526 18.069 0.286 0.000 1.000 -1.249e-01 -1.086e+01 -8.534e+00
-6.549 -11.649 11.526 18.069 0.286 0.000 1.000 -1.249e-01 -1.086e+01 -8.533e+00
-6.549 -11.595 11.526 18.069 0.286 0.000 1.000 -1.249e-01 -1.086e+01 -8.533e+00
-6.549 -11.540 11.526 18.069 0.286 0.000 1.000 -1.249e-01 -1.086e+01 -8.533e+00
-6.549 -11.486 11.526 18.069 0.286 0.000 1.000 -1.249e-01 -1.086e+01 -8.533e+00
-6.549 -11.432 11.526 18.069 0.286 0.000 1.000 -1.249e-01 -1.086e+01 -8.533e+00
-6.549 -11.378 11.526 18.069 0.286 0.000 1.000 -1.249e-01 -1.086e+01 -8.533e+00
-6.549 -11.324 11.526 18.069 0.286 0.000 1.000 -1.249e-01 -1.086e+01 -8.533e+00
-6.549 -11.269 11.526 18.069 0.286 0.000 1.000 -1.249e-01 -1.086e+01 -8.533e+00
-6.549 -11.215 11.526 18.069 0.286 0.000 1.000 -1.249e-01 -1.086e+01 -8.533e+00
-6.549 -11.161 11.526 18.069 0.286 0.000 1.000 -1.249e-01 -1.086e+01 -8.533e+00
-6.549 -11.107 11.526 18.069 0.286 0.000 1.000 -1.249e-01 -1.086e+01 -8.533e+00
-6.549 -11.052 11.526 18.069 0.286 0.000 1.000 -1.249e-01 -1.086e+01 -8.533e+00
-6.549 -10.998 11.526 18.069 0.286 0.000 1.000 -1.249e-01 -1.086e+01 -8.533e+00
-6.549 -10.944 11.526 18.069 0.286 0.000 1.000 -1.249e-01 -1.086e+01 -8.533e+00
-6.549 -10.890 11.526 18.069 0.286 0.000 1.000 -1.249e-01 -1.086e+01 -8.533e+00
-6.549 -10.835 11.526 18.069 0.286 0.000 1.000 -1.249e-01 -1.086e+01 -8.533e+00
-6.549 -10.781 11.526 18.069 0.286 0.000 1.000 -1.249e-01 -1.086e+01 -8.533e+00
-6.549 -10.727 11.526 18.069 0.286 0.000 1.000 -1.249e-01 -1.086e+01 -8.533e+00
-6.549 -10.673 11.527 18.069 0.286 0.000 1.000 -1.249e-01 -1.086e+01 -8.533e+00
-6.548 -10.619 11.527 18.069 0.286 0.000 1.000 -1.249e-01 -1.086e+01 -8.533e+00
-6.548 -10.564 11.527 18.069 0.286 0.000 1.000 -1.249e-01 -1.086e+01 -8.533e+00
-6.548 -10.510 11.527 18.069 0.286 0.000 1.000 -1.249e-01 -1.086e+01 -8.533e+00
-6.548 -10.456 11.527 18.069 0.286 0.000 1.000 -1.249e-01 -1.086e+01 -8.533e+00
-6.548 -10.402 11.527 18.069 0.286 0.000 1.000 -1.249e-01 -1.086e+01 -8.533e+00
-6.548 -10.347 11.527 18.069 0.286 0.000 1.000 -1.249e-01 -1.086e+01 -8.533e+00
-6.548 -10.293 11.527 18.068 0.286 0.000 1.000 -1.249e-01 -1.086e+01 -8.533e+00
-6.530 -8.829 11.545 18.068 0.286 0.000 1.000 -1.249e-01 -1.086e+01 -8.532e+00
-6.499 -8.395 11.575 18.068 0.286 0.000 1.000 -1.249e-01 -1.086e+01 -8.531e+00
-6.470 -8.178 11.604 18.068 0.286 0.000 1.000 -1.249e-01 -1.086e+01 -8.531e+00
-6.438 -8.016 11.636 18.068 0.286 0.000 1.000 -1.249e-01 -1.086e+01 -8.531e+00
-6.396 -7.853 11.677 18.068 0.286 0.000 1.000 -1.249e-01 -1.086e+01 -8.531e+00
-6.379 -7.799 11.694 18.068 0.286 0.000 1.000 -1.249e-01 -1.086e+01 -8.531e+00
-6.350 -8.894 11.723 18.068 0.286 0.000 1.000 -1.249e-01 -1.086e+01 -8.528e+00
-6.320 -8.297 11.753 18.068 0.286 0.000 1.000 -1.249e-01 -1.086e+01 -8.528e+00
-6.287 -8.026 11.785 18.068 0.286 0.000 1.000 -1.249e-01 -1.086e+01 -8.527e+00
-6.257 -7.863 11.814 18.068 0.286 0.000 1.000 -1.249e-01 -1.086e+01 -8.527e+00
-6.230 -9.429 11.842 18.068 0.286 0.000 1.000 -1.249e-01 -1.085e+01 -8.525e+00
-6.197 -8.236 11.874 18.068 0.286 0.000 1.000 -1.249e-01 -1.085e+01 -8.524e+00
-6.169 -7.965 11.902 18.068 0.286 0.000 1.000 -1.249e-01 -1.085e+01 -8.524e+00
-6.132 -7.748 11.939 18.068 0.286 0.000 1.000 -1.249e-01 -1.085e+01 -8.523e+00
-6.108 -8.306 11.963 18.067 0.286 0.000 1.000 -1.249e-01 -1.085e+01 -8.520e+00
-6.076 -7.926 11.994 18.067 0.286 0.000 1.000 -1.249e-01 -1.085e+01 -8.520e+00
-6.044 -7.709 12.026 18.067 0.286 0.000 1.000 -1.249e-01 -1.085e+01 -8.520e+00
-6.020 -8.222 12.050 18.067 0.286 0.000 1.000 -1.249e-01 -1.084e+01 -8.517e+00
-5.989 -7.842 12.081 18.067 0.286 0.000 1.000 -1.249e-01 -1.084e+01 -8.517e+00
-5.959 -8.355 12.111 18.067 0.286 0.000 1.000 -1.249e-01 -1.084e+01 -8.513e+00
-5.929 -7.867 12.140 18.067 0.286 0.000 1.000 -1.249e-01 -1.084e+01 -8.513e+00
-5.899 -8.226 12.170 18.066 0.286 0.000 1.000 -1.249e-01 -1.084e+01 -8.510e+00
-5.865 -7.738 12.204 18.066 0.286 0.000 1.000 -1.249e-01 -1.084e+01 -8.510e+00
-5.838 -8.002 12.230 18.066 0.286 0.000 1.000 -1.249e-01 -1.083e+01 -8.506e+00
-5.810 -8.537 12.259 18.066 0.286 0.000 1.000 -1.249e-01 -1.083e+01 -8.503e+00
-5.778 -7.778 12.290 18.066 0.286 0.000 1.000 -1.249e-01 -1.083e+01 -8.503e+00
-5.748 -7.929 12.320 18.065 0.286 0.000 1.000 -1.249e-01 -1.083e+01 -8.500e+00
-5.719 -8.170 12.349 18.065 0.286 0.000 1.000 -1.249e-01 -1.082e+01 -8.496e+00
-5.689 -8.348 12.379 18.065 0.286 0.000 1.000 -1.249e-01 -1.082e+01 -8.493e+00
-5.659 -8.418 12.408 18.064 0.286 0.000 1.000 -1.249e-01 -1.082e+01 -8.490e+00
-5.630 -8.555 12.438 18.064 0.286 0.000 1.000 -1.249e-01 -1.081e+01 -8.487e+00
-5.600 -8.354 12.468 18.064 0.286 0.000 1.000 -1.249e-01 -1.081e+01 -8.483e+00
-5.569 -8.225 12.498 18.063 0.286 0.000 1.000 -1.249e-01 -1.081e+01 -8.480e+00
-5.540 -8.001 12.527 18.063 0.286 0.000 1.000 -1.249e-01 -1.080e+01 -8.477e+00
-5.510 -7.808 12.557 18.063 0.286 0.000 1.000 -1.249e-01 -1.080e+01 -8.474e+00
-5.479 -8.204 12.587 18.062 0.286 0.000 1.000 -1.249e-01 -1.080e+01 -8.468e+00
-5.448 -7.798 12.618 18.061 0.286 0.000 1.000 -1.249e-01 -1.079e+01 -8.464e+00
-5.419 -8.168 12.646 18.061 0.286 0.000 1.000 -1.249e-01 -1.079e+01 -8.458e+00
-5.390 -9.107 12.675 18.060 0.286 0.000 1.000 -1.249e-01 -1.078e+01 -8.454e+00
-5.358 -7.713 12.707 18.060 0.286 0.000 1.000 -1.249e-01 -1.078e+01 -8.450e+00
-5.329 -7.788 12.735 18.059 0.286 0.000 1.000 -1.249e-01 -1.077e+01 -8.444e+00
-5.299 -7.752 12.765 18.058 0.286 0.000 1.000 -1.249e-01 -1.077e+01 -8.439e+00
-5.270 -8.788 12.794 18.057 0.286 0.000 1.000 -1.249e-01 -1.076e+01 -8.431e+00
-5.240 -8.050 12.824 18.056 0.286 0.000 1.000 -1.249e-01 -1.075e+01 -8.425e+00
-5.209 -7.710 12.853 18.055 0.286 0.000 1.000 -1.249e-01 -1.075e+01 -8.419e+00
-5.180 -7.938 12.882 18.054 0.286 0.000 1.000 -1.249e-01 -1.074e+01 -8.411e+00
-5.150 -8.029 12.912 18.053 0.286 0.000 1.000 -1.249e-01 -1.073e+01 -8.404e+00
-5.120 -7.935 12.941 18.052 0.286 0.000 1.000 -1.249e-01 -1.072e+01 -8.396e+00
-5.089 -7.701 12.971 18.050 0.286 0.000 1.000 -1.249e-01 -1.072e+01 -8.388e+00
-5.059 -7.948 13.000 18.048 0.286 0.000 1.000 -1.249e-01 -1.071e+01 -8.378e+00
-5.030 -8.176 13.029 18.047 0.286 0.000 1.000 -1.249e-01 -1.070e+01 -8.369e+00
-5.000 -8.318 13.058 18.045 0.286 0.000 1.000 -1.249e-01 -1.069e+01 -8.360e+00
-4.970 -7.930 13.087 18.043 0.286 0.000 1.000 -1.249e-01 -1.068e+01 -8.350e+00
-4.940 -8.608 13.116 18.040 0.286 0.000 1.000 -1.249e-01 -1.067e+01 -8.339e+00
-4.910 -7.715 13.145 18.038 0.286 0.000 1.000 -1.249e-01 -1.066e+01 -8.330e+00
-4.880 -8.185 13.174 18.035 0.286 0.000 1.000 -1.249e-01 -1.064e+01 -8.317e+00
-4.850 -10.912 13.202 18.032 0.286 0.000 1.000 -1.249e-01 -1.063e+01 -8.306e+00
-4.820 -9.449 13.231 18.029 0.286 0.000 1.000 -1.249e-01 -1.062e+01 -8.294e+00
-4.790 -8.112 13.260 18.025 0.286 0.000 1.000 -1.249e-01 -1.061e+01 -8.282e+00
-4.760 -9.600 13.288 18.022 0.286 0.000 1.000 -1.249e-01 -1.060e+01 -8.270e+00
-4.730 -8.405 13.316 18.017 0.286 0.000 1.000 -1.249e-01 -1.058e+01 -8.257e+00
-4.700 -7.748 13.344 18.013 0.286 0.000 1.000 -1.249e-01 -1.057e+01 -8.245e+00
-4.670 -7.794 13.372 18.008 0.286 0.000 1.000 -1.249e-01 -1.056e+01 -8.232e+00
-4.640 -8.488 13.399 18.002 0.286 0.000 1.000 -1.249e-01 -1.055e+01 -8.218e+00
-4.610 -7.641 13.427 17.996 0.286 0.000 1.000 -1.249e-01 -1.053e+01 -8.205e+00
-4.580 -7.973 13.454 17.989 0.286 0.000 1.000 -1.249e-01 -1.052e+01 -8.191e+00
-4.550 -8.120 13.481 17.982 0.286 0.000 1.000 -1.249e-01 -1.050e+01 -8.177e+00
-4.520 -7.703 13.508 17.975 0.286 0.000 1.000 -1.249e-01 -1.049e+01 -8.164e+00
-4.490 -7.730 13.534 17.966 0.286 0.000 1.000 -1.249e-01 -1.048e+01 -8.149e+00
-4.460 -8.097 13.560 17.956 0.286 0.000 1.000 -1.249e-01 -1.046e+01 -8.135e+00
-4.430 -8.305 13.586 17.946 0.286 0.000 1.000 -1.249e-01 -1.045e+01 -8.121e+00
-4.400 -7.818 13.611 17.935 0.286 0.000 1.000 -1.249e-01 -1.044e+01 -8.107e+00
-4.370 -7.661 13.636 17.923 0.286 0.000 1.000 -1.249e-01 -1.042e+01 -8.094e+00
-4.340 -7.856 13.661 17.910 0.286 0.000 1.000 -1.249e-01 -1.041e+01 -8.080e+00
-4.310 -7.699 13.685 17.896 0.286 0.000 1.000 -1.249e-01 -1.039e+01 -8.067e+00
-4.280 -7.774 13.708 17.880 0.286 0.000 1.000 -1.249e-01 -1.038e+01 -8.053e+00
-4.250 -8.644 13.732 17.863 0.286 0.000 1.000 -1.249e-01 -1.037e+01 -8.040e+00
-4.220 -7.570 13.754 17.846 0.286 0.000 1.000 -1.249e-01 -1.036e+01 -8.028e+00
-4.190 -7.478 13.776 17.827 0.286 0.000 1.000 -1.249e-01 -1.034e+01 -8.016e+00
-4.160 -7.591 13.798 17.806 0.286 0.000 1.000 -1.249e-01 -1.033e+01 -8.004e+00
-4.130 -8.248 13.818 17.784 0.286 0.000 1.000 -1.249e-01 -1.032e+01 -7.992e+00
-4.100 -8.134 13.839 17.762 0.286 0.000 1.000 -1.249e-01 -1.031e+01 -7.982e+00
-4.070 -7.484 13.858 17.739 0.286 0.000 1.000 -1.249e-01 -1.030e+01 -7.972e+00
-4.040 -7.813 13.877 17.714 0.286 0.000 1.000 -1.249e-01 -1.029e+01 -7.962e+00
-4.010 -7.561 13.896 17.689 0.286 0.000 1.000 -1.249e-01 -1.028e+01 -7.953e+00
-3.980 -7.877 13.914 17.662 0.286 0.000 1.000 -1.249e-01 -1.027e+01 -7.945e+00
-3.950 -7.669 13.931 17.636 0.286 0.000 1.000 -1.249e-01 -1.027e+01 -7.937e+00
-3.920 -7.469 13.948 17.608 0.286 0.000 1.000 -1.249e-01 -1.026e+01 -7.930e+00
-3.890 -8.077 13.964 17.579 0.286 0.000 1.000 -1.249e-01 -1.025e+01 -7.923e+00
-3.860 -7.470 13.980 17.550 0.286 0.000 1.000 -1.249e-01 -1.024e+01 -7.917e+00
-3.830 -7.656 13.995 17.518 0.286 0.000 1.000 -1.249e-01 -1.024e+01 -7.911e+00
-3.800 -7.258 14.010 17.488 0.286 0.000 1.000 -1.249e-01 -1.023e+01 -7.906e+00
-3.770 -7.916 14.024 17.457 0.286 0.000 1.000 -1.249e-01 -1.023e+01 -7.900e+00
-3.740 -7.381 14.037 17.426 0.286 0.000 1.000 -1.249e-01 -1.022e+01 -7.896e+00
-3.710 -8.797 14.050 17.393 0.143 0.000 1.000 -1.249e-01 -1.022e+01 -7.892e+00
-3.680 -7.325 14.063 17.361 0.286 0.000 1.000 -1.249e-01 -1.022e+01 -7.888e+00
-3.650 -7.229 14.075 17.330 0.286 0.000 1.000 -1.249e-01 -1.021e+01 -7.884e+00
-3.620 -7.038 14.087 17.298 0.286 0.000 1.000 -1.249e-01 -1.021e+01 -7.881e+00
-3.590 -7.468 14.099 17.264 0.286 0.000 1.000 -1.249e-01 -1.021e+01 -7.878e+00
-3.560 -7.273 14.110 17.232 0.286 0.000 1.000 -1.249e-01 -1.020e+01 -7.875e+00
-3.530 -7.536 14.120 17.197 0.286 0.000 1.000 -1.249e-01 -1.020e+01 -7.873e+00
-3.500 -6.978 14.131 17.166 0.286 0.000 1.000 -1.249e-01 -1.020e+01 -7.870e+00
-3.470 -7.359 14.141 17.133 0.286 0.000 1.000 -1.249e-01 -1.020e+01 -7.868e+00
-3.440 -6.835 14.151 17.102 0.286 0.000 1.000 -1.249e-01 -1.019e+01 -7.866e+00
-3.410 -7.490 14.160 17.068 0.286 0.000 1.000 -1.249e-01 -1.019e+01 -7.864e+00
-3.380 -7.266 14.170 17.036 0.286 0.000 1.000 -1.249e-01 -1.019e+01 -7.863e+00
-3.350 -7.056 14.179 17.002 0.286 0.000 1.000 -1.249e-01 -1.019e+01 -7.861e+00
-3.320 -6.959 14.188 16.968 0.286 0.000 1.000 -1.249e-01 -1.019e+01 -7.860e+00
-3.290 -7.222 14.196 16.932 0.286 0.000 1.000 -1.249e-01 -1.019e+01 -7.858e+00
-3.260 -6.609 14.204 16.897 0.286 0.000 1.000 -1.249e-01 -1.018e+01 -7.857e+00
-3.230 -7.060 14.212 16.862 0.286 0.000 1.000 -1.249e-01 -1.018e+01 -7.856e+00
-3.200 -6.570 14.220 16.828 0.286 0.000 1.000 -1.249e-01 -1.018e+01 -7.855e+00
-3.170 -6.590 14.228 16.794 0.286 0.000 1.000 -1.249e-01 -1.018e+01 -7.854e+00
-3.140 -6.608 14.235 16.758 0.429 0.000 1.000 -1.249e-01 -1.018e+01 -7.853e+00
-3.110 -6.747 14.242 16.722 0.286 0.000 1.000 -1.249e-01 -1.018e+01 -7.852e+00
-3.080 -6.378 14.249 16.686 0.286 0.000 1.000 -1.249e-01 -1.018e+01 -7.851e+00
-3.050 -6.301 14.256 16.651 0.429 0.000 1.000 -1.249e-01 -1.018e+01 -7.851e+00
-3.020 -7.207 14.262 16.610 0.286 0.000 1.000 -1.249e-01 -1.018e+01 -7.850e+00
-2.990 -6.367 14.269 16.573 0.286 0.000 1.000 -1.249e-01 -1.018e+01 -7.849e+00
-2.960 -7.166 14.275 16.533 0.429 0.000 1.000 -1.249e-01 -1.018e+01 -7.849e+00
-2.930 -6.731 14.281 16.494 0.286 0.000 1.000 -1.249e-01 -1.018e+01 -7.848e+00
-2.900 -7.147 14.286 16.451 0.286 0.000 1.000 -1.249e-01 -1.018e+01 -7.848e+00
-2.870 -6.279 14.292 16.410 0.286 0.000 1.000 -1.249e-01 -1.018e+01 -7.847e+00
-2.840 -6.532 14.297 16.367 0.286 0.000 1.000 -1.249e-01 -1.017e+01 -7.847e+00
-2.810 -6.025 14.302 16.326 0.429 0.000 1.000 -1.249e-01 -1.017e+01 -7.846e+00
-2.780 -6.663 14.307 16.278 0.286 0.000 1.000 -1.249e-01 -1.017e+01 -7.846e+00
-2.750 -7.731 14.311 16.234 0.429 0.000 1.000 -1.249e-01 -1.017e+01 -7.846e+00
-2.720 -6.230 14.316 16.188 0.429 0.000 1.000 -1.249e-01 -1.017e+01 -7.845e+00
-2.690 -6.216 14.320 16.140 0.286 0.000 1.000 -1.249e-01 -1.017e+01 -7.845e+00
-2.660 -7.039 14.324 16.091 0.429 0.000 1.000 -1.249e-01 -1.017e+01 -7.845e+00
-2.630 -6.218 14.327 16.041 0.429 0.000 1.000 -1.249e-01 -1.017e+01 -7.845e+00
-2.600 -5.712 14.331 15.994 0.429 0.000 1.000 -1.249e-01 -1.017e+01 -7.844e+00
-2.570 -6.391 14.334 15.941 0.429 0.000 1.000 -1.249e-01 -1.017e+01 -7.844e+00
-2.540 -6.090 14.338 15.890 0.429 0.000 1.000 -1.249e-01 -1.017e+01 -7.844e+00
-2.510 -5.686 14.341 15.844 0.429 0.000 1.000 -1.249e-01 -1.017e+01 -7.844e+00
-2.480 -5.509 14.343 15.794 0.286 0.000 1.000 -1.249e-01 -1.017e+01 -7.844e+00
-2.450 -5.664 14.346 15.742 0.429 0.000 1.000 -1.249e-01 -1.017e+01 -7.844e+00
-2.420 -5.353 14.349 15.695 0.429 0.000 1.000 -1.249e-01 -1.017e+01 -7.843e+00
-2.390 -5.341 14.351 15.643 0.429 0.000 1.000 -1.249e-01 -1.017e+01 -7.843e+00
-2.360 -5.475 14.353 15.587 0.429 0.000 1.000 -1.249e-01 -1.017e+01 -7.843e+00
-2.330 -5.304 14.356 15.538 0.429 0.000 1.000 -1.249e-01 -1.017e+01 -7.843e+00
-2.300 -5.144 14.358 15.490 0.429 0.000 1.000 -1.249e-01 -1.017e+01 -7.843e+00
-2.270 -5.195 14.360 15.437 0.429 0.000 1.000 -1.249e-01 -1.017e+01 -7.843e+00
-2.240 -5.619 14.362 15.382 0.429 0.000 1.000 -1.249e-01 -1.017e+01 -7.843e+00
-2.210 -5.192 14.363 15.334 0.429 0.000 1.000 -1.249e-01 -1.017e+01 -7.843e+00
-2.180 -5.132 14.365 15.282 0.429 0.000 1.000 -1.249e-01 -1.017e+01 -7.843e+00
-2.150 -5.233 14.367 15.226 0.286 0.000 1.000 -1.249e-01 -1.017e+01 -7.843e+00
-2.119 -4.936 14.368 15.175 0.429 0.000 1.000 -1.249e-01 -1.017e+01 -7.843e+00
-2.090 -5.895 14.370 15.113 0.429 0.000 1.000 -1.249e-01 -1.017e+01 -7.843e+00
-2.060 -5.482 14.371 15.059 0.429 0.000 1.000 -1.249e-01 -1.017e+01 -7.843e+00
-2.030 -4.718 14.372 15.014 0.429 0.000 1.000 -1.249e-01 -1.017e+01 -7.843e+00
-2.000 -4.807 14.373 14.952 0.429 0.000 1.000 -1.249e-01 -1.017e+01 -7.843e+00
