# QSS method (with partition functions): 2627 integration steps in 8.5570e-03 seconds
# All quantities except Asy, RG_PE, and sumX are log10(x)
# Log of absolute values for E and dE/dt as they can be negative
# Units: t and dt in s; E in erg; dE/dt in erg/g/s; others dimensionless 
#
#    t     dt     |E|  |dE/dt| Asy  Equil  sumX  X(4He)     X(12C)     X(16O)     

-10.949 -12.153 11.776 22.725 0.000 0.000 1.000 -6.105e+00 -3.010e-01 -3.010e-01
-10.921 -12.125 11.804 22.725 0.000 0.000 1.000 -6.077e+00 -3.010e-01 -3.010e-01
-10.893 -12.097 11.832 22.725 0.000 0.000 1.000 -6.049e+00 -3.010e-01 -3.010e-01
-10.865 -12.069 11.860 22.725 0.000 0.000 1.000 -6.021e+00 -3.010e-01 -3.010e-01
-10.837 -12.041 11.888 22.725 0.000 0.000 1.000 -5.992e+00 -3.010e-01 -3.010e-01
-10.809 -12.013 11.916 22.725 0.000 0.000 1.000 -5.964e+00 -3.010e-01 -3.010e-01
-10.781 -11.985 11.944 22.725 0.000 0.000 1.000 -5.936e+00 -3.010e-01 -3.010e-01
-10.753 -11.957 11.972 22.725 0.000 0.000 1.000 -5.908e+00 -3.010e-01 -3.010e-01
-10.725 -11.929 12.000 22.725 0.000 0.000 1.000 -5.880e+00 -3.010e-01 -3.010e-01
-10.697 -11.901 12.028 22.725 0.000 0.000 1.000 -5.852e+00 -3.010e-01 -3.010e-01
-10.669 -11.873 12.056 22.724 0.000 0.000 1.000 -5.824e+00 -3.010e-01 -3.010e-01
-10.612 -11.817 12.112 22.724 0.000 0.000 1.000 -5.768e+00 -3.010e-01 -3.010e-01
-10.584 -11.789 12.140 22.724 0.000 0.000 1.000 -5.740e+00 -3.010e-01 -3.010e-01
-10.556 -11.761 12.168 22.724 0.000 0.000 1.000 -5.712e+00 -3.010e-01 -3.010e-01
-10.528 -11.732 12.196 22.724 0.000 0.000 1.000 -5.684e+00 -3.010e-01 -3.010e-01
-10.500 -11.704 12.224 22.724 0.000 0.000 1.000 -5.656e+00 -3.010e-01 -3.010e-01
-10.472 -11.676 12.252 22.724 0.000 0.000 1.000 -5.628e+00 -3.010e-01 -3.010e-01
-10.444 -11.648 12.280 22.724 0.000 0.000 1.000 -5.600e+00 -3.010e-01 -3.010e-01
-10.416 -11.620 12.308 22.724 0.000 0.000 1.000 -5.572e+00 -3.010e-01 -3.010e-01
-10.388 -11.592 12.336 22.724 0.000 0.000 1.000 -5.544e+00 -3.010e-01 -3.010e-01
-10.360 -11.564 12.364 22.724 0.000 0.000 1.000 -5.516e+00 -3.010e-01 -3.010e-01
-10.332 -11.536 12.392 22.724 0.000 0.000 1.000 -5.488e+00 -3.010e-01 -3.010e-01
-10.304 -11.508 12.420 22.724 0.000 0.000 1.000 -5.460e+00 -3.010e-01 -3.010e-01
-10.276 -11.480 12.448 22.724 0.000 0.000 1.000 -5.432e+00 -3.010e-01 -3.010e-01
-10.248 -11.452 12.476 22.724 0.000 0.000 1.000 -5.404e+00 -3.010e-01 -3.010e-01
-10.192 -11.396 12.532 22.724 0.000 0.000 1.000 -5.348e+00 -3.010e-01 -3.010e-01
-10.164 -11.368 12.560 22.724 0.000 0.000 1.000 -5.320e+00 -3.010e-01 -3.010e-01
-10.136 -11.340 12.588 22.724 0.000 0.000 1.000 -5.292e+00 -3.010e-01 -3.010e-01
-10.108 -11.312 12.616 22.724 0.000 0.000 1.000 -5.264e+00 -3.010e-01 -3.010e-01
-10.080 -11.284 12.644 22.724 0.000 0.000 1.000 -5.236e+00 -3.010e-01 -3.010e-01
-10.052 -11.256 12.672 22.724 0.000 0.000 1.000 -5.208e+00 -3.010e-01 -3.010e-01
-10.024 -11.228 12.700 22.724 0.000 0.000 1.000 -5.180e+00 -3.010e-01 -3.010e-01
-9.996 -11.200 12.728 22.724 0.000 0.000 1.000 -5.152e+00 -3.010e-01 -3.010e-01
-9.968 -11.172 12.756 22.724 0.000 0.000 1.000 -5.124e+00 -3.010e-01 -3.010e-01
-9.940 -11.144 12.784 22.724 0.000 0.000 1.000 -5.096e+00 -3.010e-01 -3.010e-01
-9.912 -11.116 12.812 22.723 0.000 0.000 1.000 -5.068e+00 -3.010e-01 -3.010e-01
-9.884 -11.088 12.840 22.723 0.000 0.000 1.000 -5.040e+00 -3.010e-01 -3.010e-01
-9.856 -11.060 12.868 22.723 0.000 0.000 1.000 -5.012e+00 -3.010e-01 -3.010e-01
-9.828 -11.032 12.896 22.723 0.000 0.000 1.000 -4.984e+00 -3.010e-01 -3.010e-01
-9.800 -11.004 12.924 22.723 0.000 0.000 1.000 -4.956e+00 -3.010e-01 -3.010e-01
-9.744 -10.948 12.980 22.723 0.000 0.000 1.000 -4.900e+00 -3.010e-01 -3.010e-01
-9.716 -10.920 13.008 22.723 0.000 0.000 1.000 -4.872e+00 -3.010e-01 -3.010e-01
-9.688 -10.892 13.036 22.723 0.000 0.000 1.000 -4.844e+00 -3.010e-01 -3.010e-01
-9.659 -10.864 13.064 22.722 0.000 0.000 1.000 -4.816e+00 -3.010e-01 -3.010e-01
-9.631 -10.836 13.092 22.722 0.000 0.000 1.000 -4.788e+00 -3.010e-01 -3.010e-01
-9.603 -10.808 13.120 22.722 0.000 0.000 1.000 -4.760e+00 -3.010e-01 -3.010e-01
-9.575 -10.780 13.148 22.722 0.000 0.000 1.000 -4.732e+00 -3.010e-01 -3.010e-01
-9.547 -10.751 13.176 22.722 0.000 0.000 1.000 -4.704e+00 -3.010e-01 -3.010e-01
-9.519 -10.723 13.204 22.722 0.000 0.000 1.000 -4.676e+00 -3.010e-01 -3.010e-01
-9.491 -10.695 13.232 22.721 0.000 0.000 1.000 -4.648e+00 -3.010e-01 -3.010e-01
-9.463 -10.667 13.260 22.721 0.000 0.000 1.000 -4.620e+00 -3.010e-01 -3.010e-01
-9.435 -10.639 13.287 22.721 0.000 0.000 1.000 -4.592e+00 -3.010e-01 -3.010e-01
-9.407 -10.611 13.315 22.721 0.000 0.000 1.000 -4.564e+00 -3.010e-01 -3.010e-01
-9.379 -10.583 13.343 22.720 0.000 0.000 1.000 -4.536e+00 -3.010e-01 -3.010e-01
-9.323 -10.527 13.399 22.720 0.000 0.000 1.000 -4.480e+00 -3.010e-01 -3.010e-01
-9.295 -10.499 13.427 22.719 0.000 0.000 1.000 -4.452e+00 -3.010e-01 -3.010e-01
-9.267 -10.471 13.455 22.719 0.000 0.000 1.000 -4.424e+00 -3.010e-01 -3.011e-01
-9.239 -10.443 13.483 22.719 0.000 0.000 1.000 -4.396e+00 -3.010e-01 -3.011e-01
-9.211 -10.415 13.510 22.718 0.000 0.000 1.000 -4.368e+00 -3.010e-01 -3.011e-01
-9.183 -10.387 13.538 22.718 0.000 0.000 1.000 -4.340e+00 -3.010e-01 -3.011e-01
-9.155 -10.359 13.566 22.717 0.000 0.000 1.000 -4.312e+00 -3.010e-01 -3.011e-01
-9.127 -10.331 13.594 22.717 0.000 0.000 1.000 -4.285e+00 -3.010e-01 -3.011e-01
-9.099 -10.303 13.622 22.716 0.000 0.000 1.000 -4.257e+00 -3.010e-01 -3.011e-01
-9.071 -10.275 13.649 22.716 0.000 0.000 1.000 -4.229e+00 -3.010e-01 -3.011e-01
-9.043 -10.247 13.677 22.715 0.000 0.000 1.000 -4.201e+00 -3.011e-01 -3.011e-01
-9.015 -10.219 13.705 22.715 0.000 0.000 1.000 -4.173e+00 -3.011e-01 -3.011e-01
-8.987 -10.191 13.732 22.714 0.000 0.000 1.000 -4.145e+00 -3.011e-01 -3.011e-01
-8.959 -10.163 13.760 22.713 0.000 0.000 1.000 -4.117e+00 -3.011e-01 -3.011e-01
-8.903 -10.107 13.815 22.712 0.000 0.000 1.000 -4.062e+00 -3.011e-01 -3.011e-01
-8.875 -10.079 13.843 22.711 0.000 0.000 1.000 -4.034e+00 -3.011e-01 -3.011e-01
-8.847 -10.051 13.870 22.710 0.000 0.000 1.000 -4.006e+00 -3.011e-01 -3.011e-01
-8.819 -10.023 13.898 22.709 0.000 0.000 1.000 -3.978e+00 -3.011e-01 -3.011e-01
-8.791 -9.995 13.925 22.708 0.000 0.000 1.000 -3.950e+00 -3.011e-01 -3.011e-01
-8.763 -9.967 13.953 22.707 0.000 0.000 1.000 -3.923e+00 -3.011e-01 -3.011e-01
-8.735 -9.939 13.980 22.705 0.000 0.000 1.000 -3.895e+00 -3.011e-01 -3.011e-01
-8.707 -9.911 14.008 22.704 0.000 0.000 1.000 -3.867e+00 -3.011e-01 -3.011e-01
-8.678 -9.883 14.035 22.703 0.000 0.000 1.000 -3.839e+00 -3.011e-01 -3.011e-01
-8.650 -9.855 14.062 22.701 0.000 0.000 1.000 -3.812e+00 -3.011e-01 -3.011e-01
-8.622 -9.827 14.089 22.699 0.000 0.000 1.000 -3.784e+00 -3.011e-01 -3.011e-01
-8.594 -9.799 14.117 22.698 0.000 0.000 1.000 -3.756e+00 -3.011e-01 -3.011e-01
-8.566 -9.770 14.144 22.696 0.000 0.000 1.000 -3.729e+00 -3.011e-01 -3.011e-01
-8.538 -9.742 14.171 22.694 0.000 0.000 1.000 -3.701e+00 -3.011e-01 -3.011e-01
-8.482 -9.686 14.225 22.690 0.000 0.000 1.000 -3.646e+00 -3.011e-01 -3.011e-01
-8.454 -9.658 14.251 22.687 0.000 0.000 1.000 -3.619e+00 -3.011e-01 -3.011e-01
-8.426 -9.630 14.278 22.685 0.000 0.000 1.000 -3.591e+00 -3.011e-01 -3.012e-01
-8.398 -9.602 14.305 22.682 0.000 0.000 1.000 -3.564e+00 -3.011e-01 -3.012e-01
-8.370 -9.574 14.331 22.679 0.000 0.000 1.000 -3.536e+00 -3.011e-01 -3.012e-01
-8.342 -9.546 14.358 22.676 0.000 0.000 1.000 -3.509e+00 -3.012e-01 -3.012e-01
-8.314 -9.518 14.384 22.673 0.000 0.000 1.000 -3.482e+00 -3.012e-01 -3.012e-01
-8.286 -9.490 14.410 22.669 0.000 0.000 1.000 -3.455e+00 -3.012e-01 -3.012e-01
-8.258 -9.462 14.437 22.665 0.000 0.000 1.000 -3.427e+00 -3.012e-01 -3.012e-01
-8.230 -9.434 14.463 22.661 0.000 0.000 1.000 -3.400e+00 -3.012e-01 -3.012e-01
-8.202 -9.406 14.488 22.656 0.000 0.000 1.000 -3.373e+00 -3.012e-01 -3.012e-01
-8.174 -9.378 14.514 22.652 0.000 0.000 1.000 -3.346e+00 -3.012e-01 -3.012e-01
-8.146 -9.350 14.540 22.647 0.000 0.000 1.000 -3.319e+00 -3.012e-01 -3.012e-01
-8.118 -9.322 14.565 22.641 0.000 0.000 1.000 -3.292e+00 -3.013e-01 -3.012e-01
-8.090 -9.294 14.590 22.635 0.000 0.000 1.000 -3.265e+00 -3.013e-01 -3.013e-01
-8.034 -9.238 14.640 22.622 0.000 0.000 1.000 -3.212e+00 -3.013e-01 -3.013e-01
-8.006 -9.210 14.665 22.615 0.000 0.000 1.000 -3.186e+00 -3.013e-01 -3.013e-01
-7.978 -9.182 14.689 22.607 0.000 0.000 1.000 -3.159e+00 -3.014e-01 -3.013e-01
-7.950 -9.154 14.713 22.598 0.000 0.000 1.000 -3.133e+00 -3.014e-01 -3.013e-01
-7.922 -9.126 14.737 22.589 0.000 0.000 1.000 -3.107e+00 -3.014e-01 -3.013e-01
-7.894 -9.098 14.760 22.579 0.000 0.000 1.000 -3.080e+00 -3.015e-01 -3.013e-01
-7.866 -9.070 14.783 22.568 0.000 0.000 1.000 -3.054e+00 -3.015e-01 -3.013e-01
-7.838 -9.042 14.806 22.556 0.000 0.000 1.000 -3.029e+00 -3.016e-01 -3.013e-01
-7.810 -9.014 14.828 22.544 0.000 0.000 1.000 -3.003e+00 -3.016e-01 -3.013e-01
-7.782 -8.986 14.850 22.530 0.000 0.000 1.000 -2.977e+00 -3.017e-01 -3.013e-01
-7.754 -8.958 14.872 22.515 0.000 0.000 1.000 -2.952e+00 -3.017e-01 -3.013e-01
-7.726 -8.930 14.893 22.498 0.000 0.000 1.000 -2.927e+00 -3.018e-01 -3.013e-01
-7.697 -8.902 14.914 22.480 0.000 0.000 1.000 -2.902e+00 -3.018e-01 -3.013e-01
-7.669 -8.874 14.934 22.461 0.000 0.000 1.000 -2.877e+00 -3.019e-01 -3.013e-01
-7.613 -8.818 14.972 22.415 0.000 0.000 1.000 -2.827e+00 -3.021e-01 -3.012e-01
-7.585 -8.789 14.990 22.388 0.000 0.000 1.000 -2.803e+00 -3.022e-01 -3.012e-01
-7.557 -8.761 15.007 22.358 0.000 0.000 1.000 -2.779e+00 -3.023e-01 -3.012e-01
-7.529 -8.733 15.023 22.325 0.000 0.000 1.000 -2.755e+00 -3.025e-01 -3.011e-01
-7.501 -8.705 15.039 22.287 0.000 0.000 1.000 -2.732e+00 -3.026e-01 -3.011e-01
-7.473 -8.677 15.053 22.243 0.000 0.000 1.000 -2.709e+00 -3.028e-01 -3.010e-01
-7.445 -8.649 15.066 22.193 0.000 0.000 1.000 -2.686e+00 -3.029e-01 -3.009e-01
-7.417 -8.621 15.078 22.134 0.000 0.000 1.000 -2.663e+00 -3.031e-01 -3.008e-01
-7.389 -8.593 15.089 22.063 0.000 0.000 1.000 -2.641e+00 -3.034e-01 -3.007e-01
-7.361 -8.565 15.098 21.974 0.000 0.000 1.000 -2.619e+00 -3.036e-01 -3.006e-01
-7.333 -8.537 15.105 21.858 0.000 0.000 1.000 -2.597e+00 -3.039e-01 -3.004e-01
-7.305 -8.509 15.110 21.695 0.000 0.000 1.000 -2.576e+00 -3.042e-01 -3.002e-01
-7.277 -8.481 15.113 21.418 0.000 0.000 1.000 -2.555e+00 -3.045e-01 -3.000e-01
-7.249 -8.453 15.114 20.363 0.000 0.000 1.000 -2.535e+00 -3.049e-01 -2.998e-01
-7.193 -8.397 15.104 21.672 0.000 0.000 1.000 -2.495e+00 -3.057e-01 -2.992e-01
-7.165 -8.369 15.094 21.859 0.000 0.000 1.000 -2.476e+00 -3.062e-01 -2.988e-01
-7.137 -8.341 15.078 21.991 0.000 0.000 1.000 -2.458e+00 -3.067e-01 -2.984e-01
-7.109 -8.313 15.055 22.093 0.000 0.000 1.000 -2.440e+00 -3.073e-01 -2.980e-01
-7.081 -8.285 15.024 22.176 0.000 0.000 1.000 -2.422e+00 -3.080e-01 -2.975e-01
-7.053 -8.257 14.983 22.245 0.000 0.000 1.000 -2.405e+00 -3.087e-01 -2.969e-01
-7.025 -8.229 14.925 22.305 0.000 0.000 1.000 -2.389e+00 -3.095e-01 -2.963e-01
-6.997 -8.201 14.844 22.357 0.000 0.000 1.000 -2.373e+00 -3.103e-01 -2.956e-01
-6.969 -8.173 14.723 22.404 0.000 0.000 1.000 -2.358e+00 -3.113e-01 -2.948e-01
-6.941 -8.145 14.517 22.445 0.000 0.000 1.000 -2.343e+00 -3.123e-01 -2.939e-01
-6.913 -8.117 13.988 22.481 0.000 0.000 1.000 -2.329e+00 -3.135e-01 -2.930e-01
-6.885 -8.089 14.228 22.514 0.000 0.000 1.000 -2.316e+00 -3.147e-01 -2.919e-01
-6.857 -8.061 14.675 22.543 0.000 0.000 1.000 -2.303e+00 -3.161e-01 -2.907e-01
-6.829 -8.033 14.912 22.570 0.000 0.000 1.000 -2.291e+00 -3.176e-01 -2.894e-01
-6.773 -7.977 15.215 22.615 0.000 0.000 1.000 -2.269e+00 -3.210e-01 -2.865e-01
-6.745 -7.949 15.327 22.634 0.000 0.000 1.000 -2.259e+00 -3.229e-01 -2.848e-01
-6.716 -7.921 15.425 22.651 0.000 0.000 1.000 -2.250e+00 -3.250e-01 -2.830e-01
-6.688 -7.893 15.513 22.666 0.000 0.000 1.000 -2.241e+00 -3.273e-01 -2.811e-01
-6.660 -7.865 15.592 22.679 0.000 0.000 1.000 -2.233e+00 -3.297e-01 -2.790e-01
-6.632 -7.837 15.665 22.690 0.000 0.000 1.000 -2.225e+00 -3.324e-01 -2.767e-01
-6.604 -7.808 15.732 22.699 0.000 0.000 1.000 -2.218e+00 -3.352e-01 -2.743e-01
-6.576 -7.780 15.795 22.707 0.000 0.000 1.000 -2.211e+00 -3.383e-01 -2.717e-01
-6.548 -7.752 15.855 22.713 0.000 0.000 1.000 -2.205e+00 -3.417e-01 -2.690e-01
-6.520 -7.724 15.911 22.718 0.000 0.000 1.000 -2.200e+00 -3.452e-01 -2.660e-01
-6.492 -7.696 15.964 22.722 0.000 0.000 1.000 -2.195e+00 -3.491e-01 -2.629e-01
-6.464 -7.668 16.014 22.724 0.000 0.000 1.000 -2.190e+00 -3.532e-01 -2.596e-01
-6.436 -7.640 16.063 22.725 0.000 0.000 1.000 -2.186e+00 -3.576e-01 -2.561e-01
-6.408 -7.612 16.109 22.725 0.000 0.000 1.000 -2.182e+00 -3.623e-01 -2.524e-01
-6.352 -7.556 16.196 22.722 0.000 0.000 1.000 -2.174e+00 -3.728e-01 -2.445e-01
-6.324 -7.528 16.237 22.718 0.000 0.000 1.000 -2.171e+00 -3.786e-01 -2.403e-01
-6.296 -7.500 16.276 22.714 0.000 0.000 1.000 -2.167e+00 -3.848e-01 -2.358e-01
-6.268 -7.472 16.314 22.709 0.000 0.000 1.000 -2.164e+00 -3.914e-01 -2.312e-01
-6.240 -7.444 16.351 22.703 0.000 0.000 1.000 -2.161e+00 -3.984e-01 -2.264e-01
-6.212 -7.416 16.386 22.697 0.000 0.000 1.000 -2.158e+00 -4.059e-01 -2.214e-01
-6.184 -7.388 16.420 22.689 0.000 0.000 1.000 -2.155e+00 -4.139e-01 -2.163e-01
-6.156 -7.360 16.454 22.681 0.000 0.000 1.000 -2.151e+00 -4.224e-01 -2.110e-01
-6.128 -7.332 16.486 22.671 0.000 0.000 1.000 -2.148e+00 -4.315e-01 -2.055e-01
-6.100 -7.304 16.517 22.661 0.000 0.000 1.001 -2.144e+00 -4.412e-01 -1.998e-01
-6.075 -7.322 16.544 22.651 0.000 0.000 1.001 -2.141e+00 -4.505e-01 -1.945e-01
-6.026 -7.276 16.595 22.630 0.000 0.000 1.001 -2.133e+00 -4.702e-01 -1.840e-01
-6.002 -7.276 16.619 22.619 0.000 0.000 1.001 -2.130e+00 -4.805e-01 -1.787e-01
-5.979 -7.276 16.641 22.607 0.000 0.000 1.001 -2.126e+00 -4.909e-01 -1.736e-01
-5.958 -7.276 16.661 22.596 0.000 0.000 1.001 -2.122e+00 -5.012e-01 -1.687e-01
-5.918 -7.276 16.697 22.572 0.000 0.000 1.001 -2.114e+00 -5.218e-01 -1.594e-01
-5.899 -7.276 16.714 22.561 0.000 0.000 1.001 -2.110e+00 -5.321e-01 -1.550e-01
-5.864 -7.276 16.744 22.538 0.000 0.000 1.001 -2.102e+00 -5.526e-01 -1.467e-01
-5.832 -7.276 16.770 22.514 0.000 0.000 1.002 -2.093e+00 -5.731e-01 -1.389e-01
-5.800 -7.230 16.796 22.490 0.000 0.000 1.002 -2.084e+00 -5.944e-01 -1.313e-01
-5.769 -7.230 16.819 22.463 0.000 0.000 1.002 -2.075e+00 -6.170e-01 -1.238e-01
-5.740 -7.230 16.840 22.436 0.000 0.000 1.002 -2.065e+00 -6.393e-01 -1.169e-01
-5.713 -7.230 16.859 22.409 0.000 0.000 1.002 -2.055e+00 -6.616e-01 -1.104e-01
-5.687 -7.230 16.876 22.382 0.000 0.000 1.002 -2.044e+00 -6.838e-01 -1.044e-01
-5.650 -7.184 16.899 22.339 0.000 0.000 1.003 -2.028e+00 -7.178e-01 -9.595e-02
-5.625 -7.184 16.914 22.307 0.000 0.000 1.003 -2.017e+00 -7.419e-01 -9.042e-02
-5.591 -7.184 16.933 22.259 0.000 0.000 1.003 -1.999e+00 -7.777e-01 -8.289e-02
-5.569 -7.184 16.944 22.226 0.000 0.000 1.003 -1.987e+00 -8.013e-01 -7.834e-02
-5.538 -7.139 16.959 22.176 0.000 0.000 1.004 -1.968e+00 -8.373e-01 -7.197e-02
-5.506 -7.139 16.973 22.117 0.000 0.000 1.004 -1.947e+00 -8.753e-01 -6.589e-02
-5.477 -7.139 16.985 22.057 0.000 0.000 1.004 -1.927e+00 -9.125e-01 -6.055e-02
-5.448 -7.093 16.996 21.995 0.000 0.000 1.004 -1.905e+00 -9.499e-01 -5.573e-02
-5.420 -7.093 17.005 21.919 0.000 0.000 1.005 -1.882e+00 -9.889e-01 -5.119e-02
-5.384 -7.093 17.015 21.814 0.000 0.000 1.005 -1.851e+00 -1.039e+00 -4.608e-02
-5.358 -7.047 17.021 21.724 0.000 0.000 1.005 -1.827e+00 -1.077e+00 -4.264e-02
-5.324 -7.047 17.027 21.582 0.000 0.000 1.005 -1.795e+00 -1.127e+00 -3.869e-02
-5.298 -7.001 17.031 21.453 0.000 0.000 1.006 -1.769e+00 -1.165e+00 -3.610e-02
-5.265 -7.001 17.034 21.230 0.000 0.000 1.006 -1.735e+00 -1.213e+00 -3.319e-02
-5.240 -6.956 17.036 20.987 0.000 0.000 1.006 -1.709e+00 -1.249e+00 -3.134e-02
-5.208 -6.956 17.037 20.188 0.000 0.000 1.007 -1.675e+00 -1.295e+00 -2.932e-02
-5.175 -6.910 17.036 20.700 0.000 0.000 1.007 -1.640e+00 -1.340e+00 -2.769e-02
-5.142 -6.864 17.035 20.995 0.000 0.000 1.007 -1.606e+00 -1.381e+00 -2.646e-02
-5.118 -6.864 17.033 21.106 0.000 0.000 1.007 -1.581e+00 -1.411e+00 -2.575e-02
-5.085 -6.818 17.029 21.192 0.000 0.000 1.008 -1.547e+00 -1.450e+00 -2.503e-02
-5.052 -6.773 17.025 21.239 0.000 0.000 1.008 -1.515e+00 -1.487e+00 -2.458e-02
-5.028 -6.773 17.021 21.263 0.000 0.000 1.008 -1.492e+00 -1.512e+00 -2.437e-02
-4.996 -6.727 17.015 21.279 0.000 0.000 1.009 -1.462e+00 -1.544e+00 -2.426e-02
-4.965 -6.727 17.009 21.288 0.000 0.000 1.009 -1.434e+00 -1.575e+00 -2.428e-02
-4.934 -6.681 17.003 21.287 0.000 0.000 1.009 -1.407e+00 -1.604e+00 -2.444e-02
-4.904 -6.681 16.996 21.286 0.000 0.000 1.010 -1.381e+00 -1.631e+00 -2.469e-02
-4.874 -6.635 16.988 21.278 0.000 0.000 1.010 -1.357e+00 -1.656e+00 -2.503e-02
-4.845 -6.635 16.980 21.271 0.000 0.000 1.010 -1.333e+00 -1.681e+00 -2.544e-02
-4.818 -6.635 16.972 21.263 0.000 0.000 1.011 -1.312e+00 -1.703e+00 -2.589e-02
-4.789 -6.590 16.964 21.250 0.000 0.000 1.011 -1.290e+00 -1.725e+00 -2.642e-02
-4.756 -6.590 16.953 21.238 0.000 0.000 1.011 -1.266e+00 -1.751e+00 -2.711e-02
-4.724 -6.544 16.942 21.221 0.333 0.000 1.012 -1.243e+00 -1.775e+00 -2.785e-02
-4.699 -6.544 16.933 21.210 0.333 0.000 1.012 -1.225e+00 -1.794e+00 -2.849e-02
-4.669 -6.544 16.921 21.196 0.333 0.000 1.013 -1.204e+00 -1.815e+00 -2.930e-02
-4.639 -6.498 16.909 21.178 0.333 0.000 1.013 -1.184e+00 -1.836e+00 -3.014e-02
-4.605 -6.498 16.893 21.162 0.333 0.000 1.014 -1.161e+00 -1.860e+00 -3.119e-02
-4.578 -6.498 16.881 21.149 0.333 0.000 1.014 -1.143e+00 -1.878e+00 -3.206e-02
-4.546 -6.452 16.865 21.128 0.333 0.000 1.014 -1.123e+00 -1.899e+00 -3.314e-02
-4.515 -6.452 16.848 21.112 0.333 0.000 1.015 -1.104e+00 -1.920e+00 -3.425e-02
-4.486 -6.452 16.831 21.097 0.333 0.000 1.015 -1.086e+00 -1.939e+00 -3.534e-02
-4.458 -6.407 16.814 21.077 0.333 0.000 1.016 -1.069e+00 -1.957e+00 -3.644e-02
-4.430 -6.407 16.795 21.062 0.333 0.000 1.016 -1.052e+00 -1.975e+00 -3.759e-02
-4.399 -6.407 16.773 21.045 0.333 0.000 1.017 -1.033e+00 -1.994e+00 -3.889e-02
-4.366 -6.407 16.747 21.027 0.333 0.000 1.018 -1.014e+00 -2.015e+00 -4.036e-02
-4.337 -6.361 16.723 21.005 0.333 0.000 1.018 -9.977e-01 -2.032e+00 -4.168e-02
-4.309 -6.361 16.697 20.989 0.333 0.000 1.019 -9.820e-01 -2.049e+00 -4.299e-02
-4.280 -6.361 16.667 20.972 0.333 0.000 1.020 -9.654e-01 -2.067e+00 -4.446e-02
-4.247 -6.315 16.631 20.946 0.333 0.000 1.020 -9.476e-01 -2.086e+00 -4.611e-02
-4.218 -6.315 16.596 20.928 0.333 0.000 1.021 -9.321e-01 -2.103e+00 -4.759e-02
-4.188 -6.315 16.555 20.910 0.333 0.000 1.022 -9.161e-01 -2.121e+00 -4.922e-02
-4.160 -6.315 16.511 20.891 0.333 0.000 1.022 -9.012e-01 -2.137e+00 -5.080e-02
-4.127 -6.269 16.453 20.863 0.333 0.000 1.023 -8.846e-01 -2.155e+00 -5.261e-02
-4.097 -6.269 16.390 20.842 0.333 0.000 1.024 -8.693e-01 -2.172e+00 -5.437e-02
-4.069 -6.269 16.320 20.822 0.333 0.000 1.025 -8.552e-01 -2.188e+00 -5.606e-02
-4.040 -6.224 16.234 20.794 0.333 0.000 1.026 -8.411e-01 -2.203e+00 -5.779e-02
-4.010 -6.224 16.119 20.771 0.333 0.000 1.027 -8.267e-01 -2.219e+00 -5.963e-02
-3.979 -6.178 15.956 20.745 0.333 0.000 1.028 -8.123e-01 -2.236e+00 -6.157e-02
-3.949 -6.178 15.712 20.713 0.333 0.000 1.029 -7.991e-01 -2.250e+00 -6.337e-02
-3.920 -6.178 15.068 20.687 0.333 0.000 1.030 -7.859e-01 -2.265e+00 -6.523e-02
-3.888 -6.132 15.488 20.649 0.333 0.000 1.031 -7.723e-01 -2.281e+00 -6.722e-02
-3.859 -6.132 15.838 20.620 0.333 0.000 1.032 -7.604e-01 -2.294e+00 -6.900e-02
-3.829 -6.086 16.034 20.580 0.333 0.000 1.033 -7.485e-01 -2.308e+00 -7.085e-02
-3.799 -6.086 16.167 20.545 0.333 0.000 1.034 -7.370e-01 -2.321e+00 -7.266e-02
-3.768 -6.040 16.270 20.499 0.333 0.000 1.035 -7.257e-01 -2.334e+00 -7.450e-02
-3.739 -6.040 16.346 20.461 0.333 0.000 1.036 -7.156e-01 -2.345e+00 -7.615e-02
-3.708 -5.995 16.412 20.409 0.333 0.000 1.037 -7.056e-01 -2.357e+00 -7.782e-02
-3.678 -5.995 16.466 20.363 0.333 0.000 1.038 -6.963e-01 -2.368e+00 -7.939e-02
-3.649 -5.949 16.509 20.307 0.333 0.000 1.040 -6.881e-01 -2.377e+00 -8.077e-02
-3.619 -5.903 16.549 20.244 0.333 0.000 1.041 -6.800e-01 -2.386e+00 -8.215e-02
-3.589 -5.903 16.583 20.187 0.333 0.000 1.042 -6.725e-01 -2.395e+00 -8.341e-02
-3.559 -5.857 16.610 20.118 0.333 0.000 1.043 -6.660e-01 -2.402e+00 -8.448e-02
-3.530 -5.812 16.634 20.043 0.333 0.000 1.044 -6.601e-01 -2.409e+00 -8.544e-02
-3.500 -5.766 16.655 19.963 0.333 0.000 1.045 -6.547e-01 -2.415e+00 -8.629e-02
-3.469 -5.720 16.674 19.874 0.333 0.000 1.046 -6.498e-01 -2.421e+00 -8.704e-02
-3.439 -5.674 16.688 19.784 0.333 0.000 1.047 -6.457e-01 -2.425e+00 -8.762e-02
-3.408 -5.629 16.701 19.685 0.333 0.000 1.048 -6.420e-01 -2.430e+00 -8.811e-02
-3.378 -5.583 16.711 19.584 0.333 0.000 1.049 -6.390e-01 -2.433e+00 -8.846e-02
-3.350 -5.537 16.719 19.482 0.333 0.000 1.050 -6.365e-01 -2.436e+00 -8.872e-02
-3.319 -5.446 16.727 19.358 0.333 0.000 1.051 -6.343e-01 -2.438e+00 -8.890e-02
-3.289 -5.400 16.732 19.243 0.333 0.000 1.051 -6.326e-01 -2.440e+00 -8.901e-02
-3.257 -5.308 16.737 19.098 0.333 0.000 1.052 -6.310e-01 -2.441e+00 -8.906e-02
-3.229 -5.263 16.740 18.990 0.333 0.000 1.053 -6.300e-01 -2.442e+00 -8.907e-02
-3.198 -5.171 16.743 18.822 0.333 0.000 1.053 -6.290e-01 -2.443e+00 -8.904e-02
-3.168 -5.080 16.744 18.483 0.333 0.000 1.054 -6.283e-01 -2.444e+00 -8.898e-02
-3.134 -4.988 16.745 18.431 0.333 0.000 1.054 -6.277e-01 -2.445e+00 -8.889e-02
-3.105 -4.988 16.738 19.584 0.333 0.000 1.055 -6.273e-01 -2.445e+00 -8.869e-02
-3.079 -5.039 16.795 20.544 0.333 0.000 1.053 -6.258e-01 -2.441e+00 -9.023e-02
-3.049 -5.285 16.744 20.430 0.333 0.000 1.055 -6.267e-01 -2.450e+00 -8.855e-02
-3.020 -5.285 16.650 20.058 0.333 0.000 1.053 -6.249e-01 -2.451e+00 -9.027e-02
-2.989 -5.193 16.607 20.020 0.333 0.000 1.052 -6.246e-01 -2.450e+00 -9.102e-02
-2.958 -5.056 16.707 20.517 0.333 0.000 1.050 -6.244e-01 -2.445e+00 -9.224e-02
-2.930 -5.315 16.696 20.173 0.333 0.000 1.051 -6.257e-01 -2.451e+00 -9.090e-02
-2.898 -5.040 16.656 20.028 0.333 0.000 1.050 -6.254e-01 -2.450e+00 -9.170e-02
-2.869 -5.308 16.764 20.487 0.333 0.000 1.051 -6.270e-01 -2.453e+00 -9.075e-02
-2.840 -5.262 16.672 20.108 0.333 0.000 1.047 -6.249e-01 -2.451e+00 -9.330e-02
-2.810 -5.252 16.636 20.814 0.333 0.000 1.051 -6.279e-01 -2.458e+00 -9.054e-02
-2.780 -5.252 16.105 20.577 0.333 0.000 1.042 -6.224e-01 -2.465e+00 -9.694e-02
-2.750 -5.252 16.652 20.293 0.333 0.000 1.035 -6.224e-01 -2.465e+00 -1.007e-01
-2.720 -5.252 16.796 19.975 0.333 0.000 1.030 -6.242e-01 -2.463e+00 -1.027e-01
-2.689 -5.252 16.855 19.636 0.333 0.000 1.028 -6.262e-01 -2.461e+00 -1.037e-01
-2.659 -5.115 16.749 20.567 0.333 0.000 1.025 -6.276e-01 -2.453e+00 -1.046e-01
-2.629 -5.292 16.842 19.702 0.333 0.000 1.025 -6.279e-01 -2.461e+00 -1.044e-01
-2.599 -5.250 16.838 20.589 0.333 0.000 1.026 -6.293e-01 -2.465e+00 -1.036e-01
-2.569 -5.250 17.055 20.171 0.333 0.000 1.018 -6.265e-01 -2.468e+00 -1.090e-01
-2.540 -5.250 17.116 19.706 0.333 0.000 1.013 -6.282e-01 -2.467e+00 -1.109e-01
-2.510 -5.273 17.075 20.510 0.333 0.000 1.014 -6.316e-01 -2.468e+00 -1.094e-01
-2.480 -5.045 17.143 19.994 0.333 0.000 1.008 -6.295e-01 -2.465e+00 -1.135e-01
-2.450 -4.986 17.121 20.301 0.333 0.000 1.005 -6.300e-01 -2.464e+00 -1.149e-01
-2.420 -5.127 17.121 21.285 0.333 0.000 1.008 -6.341e-01 -2.474e+00 -1.120e-01
-2.389 -4.997 17.284 18.885 0.333 0.000 0.996 -6.306e-01 -2.473e+00 -1.201e-01
-2.360 -5.366 17.098 19.355 0.333 0.000 1.002 -6.365e-01 -2.461e+00 -1.147e-01
-2.330 -5.303 17.109 19.880 0.333 0.000 1.003 -6.320e-01 -2.468e+00 -1.153e-01
-2.299 -5.063 17.260 18.821 0.333 0.000 0.997 -6.302e-01 -2.473e+00 -1.196e-01
-2.270 -5.125 17.075 18.759 0.333 0.000 1.003 -6.354e-01 -2.463e+00 -1.147e-01
-2.240 -5.303 17.085 20.402 0.333 0.000 1.003 -6.327e-01 -2.471e+00 -1.154e-01
-2.210 -5.182 16.877 20.788 0.333 0.000 1.000 -6.322e-01 -2.456e+00 -1.172e-01
-2.180 -5.245 17.048 20.450 0.333 0.000 0.998 -6.334e-01 -2.462e+00 -1.183e-01
-2.150 -5.108 16.768 19.888 0.333 0.000 1.010 -6.333e-01 -2.463e+00 -1.115e-01
-2.119 -4.936 17.241 18.664 0.667 0.000 0.995 -6.312e-01 -2.473e+00 -1.207e-01
-2.090 -4.962 16.968 19.323 0.333 0.000 1.006 -6.335e-01 -2.464e+00 -1.137e-01
-2.060 -5.239 17.307 19.962 0.333 0.000 0.988 -6.305e-01 -2.479e+00 -1.246e-01
-2.030 -5.334 16.776 19.143 0.333 0.000 1.004 -6.377e-01 -2.459e+00 -1.135e-01
-2.000 -5.042 17.102 19.975 0.333 0.000 0.996 -6.306e-01 -2.471e+00 -1.203e-01
