# ASY method (with partition functions): 76741 integration steps in 8.3743e-01 seconds
# All quantities except Asy, RG_PE, and sumX are log10(x)
# Log of absolute values for E and dE/dt as they can be negative
# Units: t and dt in s; E in erg; dE/dt in erg/g/s; others dimensionless 
#
#    t     dt     |E|  |dE/dt| Asy  Equil  sumX  X(4He)     X(12C)     X(16O)     X(20Ne)     X(24Mg)     X(28Si)     X(32S)     X(36Ar)     X(40Ca)     X(44Ti)     X(48Cr)     X(52Fe)     X(56Ni)     X(60Zn)     X(64Ge)     X(68Se)     

-17.933 -20.934  8.651 26.588 0.000 0.000 1.000 -9.385e+00 -3.010e-01 -3.010e-01 -8.696e+00 -1.027e+01 -1.270e+01 -2.400e+01 -2.400e+01 -2.400e+01 -2.400e+01 -2.400e+01 -2.400e+01 -2.400e+01 -2.400e+01 -2.400e+01 -2.400e+01
-17.866 -20.867  8.718 26.588 0.000 0.000 1.000 -9.318e+00 -3.010e-01 -3.010e-01 -8.628e+00 -1.020e+01 -1.263e+01 -2.400e+01 -2.400e+01 -2.400e+01 -2.400e+01 -2.400e+01 -2.400e+01 -2.400e+01 -2.400e+01 -2.400e+01 -2.400e+01
-17.800 -20.800  8.785 26.588 0.000 0.000 1.000 -9.251e+00 -3.010e-01 -3.010e-01 -8.562e+00 -1.014e+01 -1.256e+01 -2.400e+01 -2.400e+01 -2.400e+01 -2.400e+01 -2.400e+01 -2.400e+01 -2.400e+01 -2.400e+01 -2.400e+01 -2.400e+01
-17.733 -20.734  8.852 26.588 0.000 0.000 1.000 -9.184e+00 -3.010e-01 -3.010e-01 -8.494e+00 -1.007e+01 -1.250e+01 -2.400e+01 -2.400e+01 -2.400e+01 -2.400e+01 -2.400e+01 -2.400e+01 -2.400e+01 -2.400e+01 -2.400e+01 -2.400e+01
-17.666 -20.667  8.919 26.588 0.000 0.000 1.000 -9.117e+00 -3.010e-01 -3.010e-01 -8.427e+00 -1.000e+01 -1.243e+01 -2.400e+01 -2.400e+01 -2.400e+01 -2.400e+01 -2.400e+01 -2.400e+01 -2.400e+01 -2.400e+01 -2.400e+01 -2.400e+01
-17.600 -20.600  8.986 26.588 0.000 0.000 1.000 -9.050e+00 -3.010e-01 -3.010e-01 -8.360e+00 -9.935e+00 -1.236e+01 -2.400e+01 -2.400e+01 -2.400e+01 -2.400e+01 -2.400e+01 -2.400e+01 -2.400e+01 -2.400e+01 -2.400e+01 -2.400e+01
-17.533 -20.533  9.053 26.588 0.000 0.000 1.000 -8.983e+00 -3.010e-01 -3.010e-01 -8.293e+00 -9.868e+00 -1.230e+01 -2.400e+01 -2.400e+01 -2.400e+01 -2.400e+01 -2.400e+01 -2.400e+01 -2.400e+01 -2.400e+01 -2.400e+01 -2.400e+01
-17.467 -20.467  9.120 26.588 0.000 0.000 1.000 -8.916e+00 -3.010e-01 -3.010e-01 -8.227e+00 -9.802e+00 -1.223e+01 -2.400e+01 -2.400e+01 -2.400e+01 -2.400e+01 -2.400e+01 -2.400e+01 -2.400e+01 -2.400e+01 -2.400e+01 -2.400e+01
-17.400 -20.400  9.187 26.588 0.000 0.000 1.000 -8.849e+00 -3.010e-01 -3.010e-01 -8.160e+00 -9.734e+00 -1.216e+01 -2.400e+01 -2.400e+01 -2.400e+01 -2.400e+01 -2.400e+01 -2.400e+01 -2.400e+01 -2.400e+01 -2.400e+01 -2.400e+01
-17.333 -20.333  9.254 26.588 0.000 0.000 1.000 -8.782e+00 -3.010e-01 -3.010e-01 -8.093e+00 -9.667e+00 -1.210e+01 -2.400e+01 -2.400e+01 -2.400e+01 -2.400e+01 -2.400e+01 -2.400e+01 -2.400e+01 -2.400e+01 -2.400e+01 -2.400e+01
-17.267 -20.267  9.320 26.588 0.000 0.000 1.000 -8.716e+00 -3.010e-01 -3.010e-01 -8.026e+00 -9.601e+00 -1.203e+01 -2.400e+01 -2.400e+01 -2.400e+01 -2.400e+01 -2.400e+01 -2.400e+01 -2.400e+01 -2.400e+01 -2.400e+01 -2.400e+01
-17.200 -20.200  9.387 26.588 0.000 0.000 1.000 -8.649e+00 -3.010e-01 -3.010e-01 -7.959e+00 -9.534e+00 -1.196e+01 -2.400e+01 -2.400e+01 -2.400e+01 -2.400e+01 -2.400e+01 -2.400e+01 -2.400e+01 -2.400e+01 -2.400e+01 -2.400e+01
-17.133 -20.134  9.454 26.588 0.000 0.000 1.000 -8.582e+00 -3.010e-01 -3.010e-01 -7.893e+00 -9.467e+00 -1.190e+01 -2.400e+01 -2.400e+01 -2.400e+01 -2.400e+01 -2.400e+01 -2.400e+01 -2.400e+01 -2.400e+01 -2.400e+01 -2.400e+01
-17.066 -20.067  9.521 26.588 0.000 0.000 1.000 -8.515e+00 -3.010e-01 -3.010e-01 -7.826e+00 -9.401e+00 -1.183e+01 -2.400e+01 -2.400e+01 -2.400e+01 -2.400e+01 -2.400e+01 -2.400e+01 -2.400e+01 -2.400e+01 -2.400e+01 -2.400e+01
-17.000 -20.000  9.587 26.588 0.000 0.000 1.000 -8.449e+00 -3.010e-01 -3.010e-01 -7.759e+00 -9.334e+00 -1.176e+01 -2.400e+01 -2.400e+01 -2.400e+01 -2.400e+01 -2.400e+01 -2.400e+01 -2.400e+01 -2.400e+01 -2.400e+01 -2.400e+01
-16.933 -19.934  9.654 26.588 0.000 0.000 1.000 -8.382e+00 -3.010e-01 -3.010e-01 -7.692e+00 -9.267e+00 -1.170e+01 -2.400e+01 -2.400e+01 -2.400e+01 -2.400e+01 -2.400e+01 -2.400e+01 -2.400e+01 -2.400e+01 -2.400e+01 -2.400e+01
-16.866 -19.867  9.721 26.588 0.000 0.000 1.000 -8.315e+00 -3.010e-01 -3.010e-01 -7.625e+00 -9.200e+00 -1.163e+01 -2.400e+01 -2.400e+01 -2.400e+01 -2.400e+01 -2.400e+01 -2.400e+01 -2.400e+01 -2.400e+01 -2.400e+01 -2.400e+01
-16.800 -19.800  9.787 26.588 0.000 0.000 1.000 -8.248e+00 -3.010e-01 -3.010e-01 -7.559e+00 -9.134e+00 -1.156e+01 -2.400e+01 -2.400e+01 -2.400e+01 -2.400e+01 -2.400e+01 -2.400e+01 -2.400e+01 -2.400e+01 -2.400e+01 -2.400e+01
-16.733 -19.733  9.854 26.588 0.000 0.000 1.000 -8.181e+00 -3.010e-01 -3.010e-01 -7.492e+00 -9.067e+00 -1.150e+01 -2.400e+01 -2.400e+01 -2.400e+01 -2.400e+01 -2.400e+01 -2.400e+01 -2.400e+01 -2.400e+01 -2.400e+01 -2.400e+01
-16.667 -19.667  9.921 26.588 0.000 0.000 1.000 -8.115e+00 -3.010e-01 -3.010e-01 -7.426e+00 -9.000e+00 -1.143e+01 -2.400e+01 -2.400e+01 -2.400e+01 -2.400e+01 -2.400e+01 -2.400e+01 -2.400e+01 -2.400e+01 -2.400e+01 -2.400e+01
-16.600 -19.600  9.988 26.588 0.000 0.000 1.000 -8.048e+00 -3.010e-01 -3.010e-01 -7.359e+00 -8.934e+00 -1.136e+01 -2.400e+01 -2.400e+01 -2.400e+01 -2.400e+01 -2.400e+01 -2.400e+01 -2.400e+01 -2.400e+01 -2.400e+01 -2.400e+01
-16.533 -19.533 10.054 26.588 0.000 0.000 1.000 -7.981e+00 -3.010e-01 -3.010e-01 -7.292e+00 -8.867e+00 -1.129e+01 -2.400e+01 -2.400e+01 -2.400e+01 -2.400e+01 -2.400e+01 -2.400e+01 -2.400e+01 -2.400e+01 -2.400e+01 -2.400e+01
-16.466 -19.467 10.121 26.588 0.000 0.000 1.000 -7.915e+00 -3.010e-01 -3.010e-01 -7.226e+00 -8.800e+00 -1.123e+01 -2.400e+01 -2.400e+01 -2.400e+01 -2.400e+01 -2.400e+01 -2.400e+01 -2.400e+01 -2.400e+01 -2.400e+01 -2.400e+01
-16.400 -19.400 10.188 26.588 0.000 0.000 1.000 -7.848e+00 -3.010e-01 -3.010e-01 -7.159e+00 -8.733e+00 -1.116e+01 -2.400e+01 -2.400e+01 -2.400e+01 -2.400e+01 -2.400e+01 -2.400e+01 -2.400e+01 -2.400e+01 -2.400e+01 -2.400e+01
-16.333 -19.334 10.254 26.588 0.000 0.000 1.000 -7.782e+00 -3.010e-01 -3.010e-01 -7.092e+00 -8.667e+00 -1.110e+01 -2.400e+01 -2.400e+01 -2.400e+01 -2.400e+01 -2.400e+01 -2.400e+01 -2.400e+01 -2.400e+01 -2.400e+01 -2.400e+01
-16.266 -19.267 10.321 26.588 0.000 0.000 1.000 -7.715e+00 -3.010e-01 -3.010e-01 -7.025e+00 -8.600e+00 -1.103e+01 -2.400e+01 -2.400e+01 -2.400e+01 -2.400e+01 -2.400e+01 -2.400e+01 -2.400e+01 -2.400e+01 -2.400e+01 -2.400e+01
-16.200 -19.200 10.387 26.588 0.000 0.000 1.000 -7.648e+00 -3.010e-01 -3.010e-01 -6.959e+00 -8.534e+00 -1.096e+01 -2.400e+01 -2.400e+01 -2.400e+01 -2.400e+01 -2.400e+01 -2.400e+01 -2.400e+01 -2.400e+01 -2.400e+01 -2.400e+01
-16.133 -19.134 10.454 26.588 0.000 0.000 1.000 -7.581e+00 -3.010e-01 -3.010e-01 -6.892e+00 -8.467e+00 -1.090e+01 -2.399e+01 -2.400e+01 -2.400e+01 -2.400e+01 -2.400e+01 -2.400e+01 -2.400e+01 -2.400e+01 -2.400e+01 -2.400e+01
-16.066 -19.067 10.521 26.588 0.000 0.000 1.000 -7.515e+00 -3.010e-01 -3.010e-01 -6.825e+00 -8.400e+00 -1.083e+01 -2.399e+01 -2.400e+01 -2.400e+01 -2.400e+01 -2.400e+01 -2.400e+01 -2.400e+01 -2.400e+01 -2.400e+01 -2.400e+01
-16.000 -19.000 10.588 26.588 0.000 0.000 1.000 -7.448e+00 -3.010e-01 -3.010e-01 -6.759e+00 -8.334e+00 -1.076e+01 -2.399e+01 -2.400e+01 -2.400e+01 -2.400e+01 -2.400e+01 -2.400e+01 -2.400e+01 -2.400e+01 -2.400e+01 -2.400e+01
-15.933 -18.933 10.654 26.588 0.000 0.000 1.000 -7.381e+00 -3.010e-01 -3.010e-01 -6.692e+00 -8.267e+00 -1.069e+01 -2.398e+01 -2.400e+01 -2.400e+01 -2.400e+01 -2.400e+01 -2.400e+01 -2.400e+01 -2.400e+01 -2.400e+01 -2.400e+01
-15.867 -18.867 10.721 26.588 0.000 0.000 1.000 -7.315e+00 -3.010e-01 -3.010e-01 -6.626e+00 -8.200e+00 -1.063e+01 -2.396e+01 -2.400e+01 -2.400e+01 -2.400e+01 -2.400e+01 -2.400e+01 -2.400e+01 -2.400e+01 -2.400e+01 -2.400e+01
-15.800 -18.800 10.788 26.588 0.000 0.000 1.000 -7.248e+00 -3.010e-01 -3.010e-01 -6.559e+00 -8.133e+00 -1.056e+01 -2.395e+01 -2.400e+01 -2.400e+01 -2.400e+01 -2.400e+01 -2.400e+01 -2.400e+01 -2.400e+01 -2.400e+01 -2.400e+01
-15.733 -18.733 10.855 26.588 0.000 0.000 1.000 -7.181e+00 -3.010e-01 -3.010e-01 -6.492e+00 -8.067e+00 -1.049e+01 -2.392e+01 -2.400e+01 -2.400e+01 -2.400e+01 -2.400e+01 -2.400e+01 -2.400e+01 -2.400e+01 -2.400e+01 -2.400e+01
-15.666 -18.667 10.921 26.588 0.000 0.000 1.000 -7.115e+00 -3.010e-01 -3.010e-01 -6.425e+00 -8.000e+00 -1.043e+01 -2.387e+01 -2.400e+01 -2.400e+01 -2.400e+01 -2.400e+01 -2.400e+01 -2.400e+01 -2.400e+01 -2.400e+01 -2.400e+01
-15.600 -18.600 10.988 26.588 0.000 0.000 1.000 -7.048e+00 -3.010e-01 -3.010e-01 -6.359e+00 -7.933e+00 -1.036e+01 -2.382e+01 -2.400e+01 -2.400e+01 -2.400e+01 -2.400e+01 -2.400e+01 -2.400e+01 -2.400e+01 -2.400e+01 -2.400e+01
-15.533 -18.534 11.054 26.588 0.000 0.000 1.000 -6.981e+00 -3.010e-01 -3.010e-01 -6.292e+00 -7.867e+00 -1.030e+01 -2.374e+01 -2.400e+01 -2.400e+01 -2.400e+01 -2.400e+01 -2.400e+01 -2.400e+01 -2.400e+01 -2.400e+01 -2.400e+01
-15.466 -18.467 11.121 26.588 0.000 0.000 1.000 -6.915e+00 -3.010e-01 -3.010e-01 -6.225e+00 -7.800e+00 -1.023e+01 -2.363e+01 -2.400e+01 -2.400e+01 -2.400e+01 -2.400e+01 -2.400e+01 -2.400e+01 -2.400e+01 -2.400e+01 -2.400e+01
-15.400 -18.400 11.188 26.588 0.000 0.000 1.000 -6.848e+00 -3.010e-01 -3.010e-01 -6.159e+00 -7.734e+00 -1.016e+01 -2.351e+01 -2.400e+01 -2.400e+01 -2.400e+01 -2.400e+01 -2.400e+01 -2.400e+01 -2.400e+01 -2.400e+01 -2.400e+01
-15.333 -18.334 11.254 26.588 0.000 0.000 1.000 -6.781e+00 -3.010e-01 -3.010e-01 -6.092e+00 -7.667e+00 -1.009e+01 -2.336e+01 -2.400e+01 -2.400e+01 -2.400e+01 -2.400e+01 -2.400e+01 -2.400e+01 -2.400e+01 -2.400e+01 -2.400e+01
-15.266 -18.267 11.321 26.588 0.000 0.000 1.000 -6.714e+00 -3.010e-01 -3.010e-01 -6.025e+00 -7.600e+00 -1.003e+01 -2.320e+01 -2.400e+01 -2.400e+01 -2.400e+01 -2.400e+01 -2.400e+01 -2.400e+01 -2.400e+01 -2.400e+01 -2.400e+01
-15.200 -18.200 11.388 26.588 0.000 0.000 1.000 -6.648e+00 -3.010e-01 -3.010e-01 -5.959e+00 -7.534e+00 -9.962e+00 -2.303e+01 -2.400e+01 -2.400e+01 -2.400e+01 -2.400e+01 -2.400e+01 -2.400e+01 -2.400e+01 -2.400e+01 -2.400e+01
-15.133 -18.133 11.455 26.588 0.000 0.000 1.000 -6.581e+00 -3.010e-01 -3.010e-01 -5.892e+00 -7.467e+00 -9.895e+00 -2.284e+01 -2.400e+01 -2.400e+01 -2.400e+01 -2.400e+01 -2.400e+01 -2.400e+01 -2.400e+01 -2.400e+01 -2.400e+01
-15.067 -18.067 11.521 26.588 0.000 0.000 1.000 -6.515e+00 -3.010e-01 -3.010e-01 -5.825e+00 -7.400e+00 -9.828e+00 -2.266e+01 -2.400e+01 -2.400e+01 -2.400e+01 -2.400e+01 -2.400e+01 -2.400e+01 -2.400e+01 -2.400e+01 -2.400e+01
-15.000 -18.000 11.588 26.588 0.000 0.000 1.000 -6.448e+00 -3.010e-01 -3.010e-01 -5.759e+00 -7.333e+00 -9.762e+00 -2.246e+01 -2.400e+01 -2.400e+01 -2.400e+01 -2.400e+01 -2.400e+01 -2.400e+01 -2.400e+01 -2.400e+01 -2.400e+01
-14.933 -17.933 11.655 26.588 0.000 0.000 1.000 -6.381e+00 -3.010e-01 -3.010e-01 -5.692e+00 -7.267e+00 -9.695e+00 -2.227e+01 -2.400e+01 -2.400e+01 -2.400e+01 -2.400e+01 -2.400e+01 -2.400e+01 -2.400e+01 -2.400e+01 -2.400e+01
-14.866 -17.867 11.721 26.588 0.000 0.000 1.000 -6.315e+00 -3.010e-01 -3.010e-01 -5.625e+00 -7.200e+00 -9.628e+00 -2.207e+01 -2.400e+01 -2.400e+01 -2.400e+01 -2.400e+01 -2.400e+01 -2.400e+01 -2.400e+01 -2.400e+01 -2.400e+01
-14.800 -17.800 11.788 26.588 0.000 0.000 1.000 -6.248e+00 -3.010e-01 -3.010e-01 -5.559e+00 -7.133e+00 -9.561e+00 -2.187e+01 -2.400e+01 -2.400e+01 -2.400e+01 -2.400e+01 -2.400e+01 -2.400e+01 -2.400e+01 -2.400e+01 -2.400e+01
-14.733 -17.734 11.854 26.588 0.000 0.000 1.000 -6.181e+00 -3.010e-01 -3.010e-01 -5.492e+00 -7.067e+00 -9.495e+00 -2.167e+01 -2.400e+01 -2.400e+01 -2.400e+01 -2.400e+01 -2.400e+01 -2.400e+01 -2.400e+01 -2.400e+01 -2.400e+01
-14.666 -17.667 11.921 26.588 0.000 0.000 1.000 -6.115e+00 -3.010e-01 -3.010e-01 -5.425e+00 -7.000e+00 -9.428e+00 -2.147e+01 -2.400e+01 -2.400e+01 -2.400e+01 -2.400e+01 -2.400e+01 -2.400e+01 -2.400e+01 -2.400e+01 -2.400e+01
-14.600 -17.600 11.988 26.588 0.000 0.000 1.000 -6.048e+00 -3.010e-01 -3.010e-01 -5.359e+00 -6.934e+00 -9.362e+00 -2.128e+01 -2.400e+01 -2.400e+01 -2.400e+01 -2.400e+01 -2.400e+01 -2.400e+01 -2.400e+01 -2.400e+01 -2.400e+01
-14.533 -17.534 12.054 26.588 0.000 0.000 1.000 -5.981e+00 -3.010e-01 -3.010e-01 -5.292e+00 -6.867e+00 -9.295e+00 -2.107e+01 -2.400e+01 -2.400e+01 -2.400e+01 -2.400e+01 -2.400e+01 -2.400e+01 -2.400e+01 -2.400e+01 -2.400e+01
-14.466 -17.467 12.121 26.588 0.000 0.000 1.000 -5.914e+00 -3.010e-01 -3.010e-01 -5.225e+00 -6.800e+00 -9.228e+00 -2.087e+01 -2.400e+01 -2.400e+01 -2.400e+01 -2.400e+01 -2.400e+01 -2.400e+01 -2.400e+01 -2.400e+01 -2.400e+01
-14.400 -17.400 12.188 26.588 0.000 0.000 1.000 -5.848e+00 -3.010e-01 -3.010e-01 -5.159e+00 -6.733e+00 -9.162e+00 -2.068e+01 -2.400e+01 -2.400e+01 -2.400e+01 -2.400e+01 -2.400e+01 -2.400e+01 -2.400e+01 -2.400e+01 -2.400e+01
-14.333 -17.333 12.255 26.588 0.000 0.000 1.000 -5.781e+00 -3.010e-01 -3.010e-01 -5.092e+00 -6.667e+00 -9.095e+00 -2.047e+01 -2.400e+01 -2.400e+01 -2.400e+01 -2.400e+01 -2.400e+01 -2.400e+01 -2.400e+01 -2.400e+01 -2.400e+01
-14.267 -17.267 12.321 26.588 0.000 0.000 1.000 -5.715e+00 -3.010e-01 -3.010e-01 -5.025e+00 -6.600e+00 -9.028e+00 -2.028e+01 -2.400e+01 -2.400e+01 -2.400e+01 -2.400e+01 -2.400e+01 -2.400e+01 -2.400e+01 -2.400e+01 -2.400e+01
-14.200 -17.200 12.388 26.588 0.000 0.000 1.000 -5.648e+00 -3.010e-01 -3.010e-01 -4.959e+00 -6.533e+00 -8.962e+00 -2.008e+01 -2.400e+01 -2.400e+01 -2.400e+01 -2.400e+01 -2.400e+01 -2.400e+01 -2.400e+01 -2.400e+01 -2.400e+01
-14.133 -17.134 12.454 26.588 0.000 0.000 1.000 -5.582e+00 -3.010e-01 -3.010e-01 -4.892e+00 -6.467e+00 -8.895e+00 -1.988e+01 -2.400e+01 -2.400e+01 -2.400e+01 -2.400e+01 -2.400e+01 -2.400e+01 -2.400e+01 -2.400e+01 -2.400e+01
-14.066 -17.067 12.521 26.587 0.000 0.000 1.000 -5.515e+00 -3.010e-01 -3.010e-01 -4.825e+00 -6.400e+00 -8.828e+00 -1.968e+01 -2.400e+01 -2.400e+01 -2.400e+01 -2.400e+01 -2.400e+01 -2.400e+01 -2.400e+01 -2.400e+01 -2.400e+01
-14.000 -17.000 12.588 26.587 0.000 0.000 1.000 -5.448e+00 -3.010e-01 -3.010e-01 -4.759e+00 -6.333e+00 -8.761e+00 -1.947e+01 -2.400e+01 -2.400e+01 -2.400e+01 -2.400e+01 -2.400e+01 -2.400e+01 -2.400e+01 -2.400e+01 -2.400e+01
-13.933 -16.934 12.654 26.587 0.000 0.000 1.000 -5.381e+00 -3.011e-01 -3.010e-01 -4.692e+00 -6.267e+00 -8.695e+00 -1.928e+01 -2.400e+01 -2.400e+01 -2.400e+01 -2.400e+01 -2.400e+01 -2.400e+01 -2.400e+01 -2.400e+01 -2.400e+01
-13.866 -16.867 12.721 26.587 0.000 0.000 1.000 -5.315e+00 -3.011e-01 -3.010e-01 -4.625e+00 -6.200e+00 -8.628e+00 -1.908e+01 -2.400e+01 -2.400e+01 -2.400e+01 -2.400e+01 -2.400e+01 -2.400e+01 -2.400e+01 -2.400e+01 -2.400e+01
-13.800 -16.800 12.788 26.587 0.000 0.000 1.000 -5.248e+00 -3.011e-01 -3.010e-01 -4.559e+00 -6.134e+00 -8.562e+00 -1.888e+01 -2.400e+01 -2.400e+01 -2.400e+01 -2.400e+01 -2.400e+01 -2.400e+01 -2.400e+01 -2.400e+01 -2.400e+01
-13.733 -16.734 12.854 26.587 0.000 0.000 1.000 -5.181e+00 -3.011e-01 -3.010e-01 -4.492e+00 -6.067e+00 -8.495e+00 -1.868e+01 -2.400e+01 -2.400e+01 -2.400e+01 -2.400e+01 -2.400e+01 -2.400e+01 -2.400e+01 -2.400e+01 -2.400e+01
-13.666 -16.667 12.921 26.587 0.000 0.000 1.000 -5.115e+00 -3.011e-01 -3.010e-01 -4.425e+00 -6.000e+00 -8.428e+00 -1.847e+01 -2.400e+01 -2.400e+01 -2.400e+01 -2.400e+01 -2.400e+01 -2.400e+01 -2.400e+01 -2.400e+01 -2.400e+01
-13.600 -16.600 12.988 26.587 0.000 0.000 1.000 -5.048e+00 -3.011e-01 -3.010e-01 -4.359e+00 -5.934e+00 -8.362e+00 -1.828e+01 -2.400e+01 -2.400e+01 -2.400e+01 -2.400e+01 -2.400e+01 -2.400e+01 -2.400e+01 -2.400e+01 -2.400e+01
-13.533 -16.533 13.054 26.587 0.000 0.000 1.000 -4.981e+00 -3.011e-01 -3.010e-01 -4.292e+00 -5.867e+00 -8.295e+00 -1.807e+01 -2.400e+01 -2.400e+01 -2.400e+01 -2.400e+01 -2.400e+01 -2.400e+01 -2.400e+01 -2.400e+01 -2.400e+01
-13.467 -16.467 13.121 26.587 0.000 0.000 1.000 -4.915e+00 -3.011e-01 -3.010e-01 -4.226e+00 -5.800e+00 -8.228e+00 -1.788e+01 -2.400e+01 -2.400e+01 -2.400e+01 -2.400e+01 -2.400e+01 -2.400e+01 -2.400e+01 -2.400e+01 -2.400e+01
-13.400 -16.400 13.188 26.587 0.000 0.000 1.000 -4.848e+00 -3.011e-01 -3.010e-01 -4.159e+00 -5.733e+00 -8.161e+00 -1.768e+01 -2.400e+01 -2.400e+01 -2.400e+01 -2.400e+01 -2.400e+01 -2.400e+01 -2.400e+01 -2.400e+01 -2.400e+01
-13.333 -16.334 13.254 26.587 0.000 0.000 1.000 -4.782e+00 -3.011e-01 -3.010e-01 -4.092e+00 -5.667e+00 -8.095e+00 -1.748e+01 -2.400e+01 -2.400e+01 -2.400e+01 -2.400e+01 -2.400e+01 -2.400e+01 -2.400e+01 -2.400e+01 -2.400e+01
-13.266 -16.267 13.321 26.587 0.000 0.000 1.000 -4.715e+00 -3.011e-01 -3.010e-01 -4.025e+00 -5.600e+00 -8.028e+00 -1.728e+01 -2.400e+01 -2.400e+01 -2.400e+01 -2.400e+01 -2.400e+01 -2.400e+01 -2.400e+01 -2.400e+01 -2.400e+01
-13.200 -16.200 13.388 26.587 0.000 0.000 1.000 -4.648e+00 -3.011e-01 -3.010e-01 -3.959e+00 -5.533e+00 -7.961e+00 -1.707e+01 -2.400e+01 -2.400e+01 -2.400e+01 -2.400e+01 -2.400e+01 -2.400e+01 -2.400e+01 -2.400e+01 -2.400e+01
-13.133 -16.134 13.454 26.587 0.000 0.000 1.000 -4.582e+00 -3.012e-01 -3.010e-01 -3.892e+00 -5.467e+00 -7.895e+00 -1.688e+01 -2.400e+01 -2.400e+01 -2.400e+01 -2.400e+01 -2.400e+01 -2.400e+01 -2.400e+01 -2.400e+01 -2.400e+01
-13.066 -16.067 13.521 26.587 0.000 0.000 1.000 -4.515e+00 -3.012e-01 -3.010e-01 -3.825e+00 -5.400e+00 -7.828e+00 -1.668e+01 -2.400e+01 -2.400e+01 -2.400e+01 -2.400e+01 -2.400e+01 -2.400e+01 -2.400e+01 -2.400e+01 -2.400e+01
-13.000 -16.000 13.587 26.587 0.000 0.000 1.000 -4.448e+00 -3.012e-01 -3.010e-01 -3.759e+00 -5.334e+00 -7.762e+00 -1.648e+01 -2.400e+01 -2.400e+01 -2.400e+01 -2.400e+01 -2.400e+01 -2.400e+01 -2.400e+01 -2.400e+01 -2.400e+01
-12.933 -15.934 13.654 26.587 0.000 0.000 1.000 -4.382e+00 -3.012e-01 -3.010e-01 -3.692e+00 -5.267e+00 -7.695e+00 -1.628e+01 -2.399e+01 -2.400e+01 -2.400e+01 -2.400e+01 -2.400e+01 -2.400e+01 -2.400e+01 -2.400e+01 -2.400e+01
-12.866 -15.867 13.721 26.587 0.000 0.000 1.000 -4.315e+00 -3.013e-01 -3.010e-01 -3.625e+00 -5.200e+00 -7.628e+00 -1.607e+01 -2.398e+01 -2.400e+01 -2.400e+01 -2.400e+01 -2.400e+01 -2.400e+01 -2.400e+01 -2.400e+01 -2.400e+01
-12.800 -15.800 13.787 26.587 0.000 0.000 1.000 -4.248e+00 -3.013e-01 -3.010e-01 -3.559e+00 -5.134e+00 -7.561e+00 -1.588e+01 -2.396e+01 -2.400e+01 -2.400e+01 -2.400e+01 -2.400e+01 -2.400e+01 -2.400e+01 -2.400e+01 -2.400e+01
-12.733 -15.733 13.854 26.587 0.000 0.000 1.000 -4.182e+00 -3.014e-01 -3.010e-01 -3.492e+00 -5.067e+00 -7.494e+00 -1.567e+01 -2.391e+01 -2.400e+01 -2.400e+01 -2.400e+01 -2.400e+01 -2.400e+01 -2.400e+01 -2.400e+01 -2.400e+01
-12.667 -15.667 13.921 26.587 0.000 0.000 1.000 -4.115e+00 -3.014e-01 -3.010e-01 -3.426e+00 -5.000e+00 -7.428e+00 -1.548e+01 -2.383e+01 -2.400e+01 -2.400e+01 -2.400e+01 -2.400e+01 -2.400e+01 -2.400e+01 -2.400e+01 -2.400e+01
-12.600 -15.600 13.987 26.587 0.000 0.000 1.000 -4.048e+00 -3.015e-01 -3.010e-01 -3.359e+00 -4.934e+00 -7.361e+00 -1.528e+01 -2.369e+01 -2.400e+01 -2.400e+01 -2.400e+01 -2.400e+01 -2.400e+01 -2.400e+01 -2.400e+01 -2.400e+01
-12.533 -15.534 14.054 26.586 0.000 0.000 1.000 -3.982e+00 -3.016e-01 -3.010e-01 -3.293e+00 -4.867e+00 -7.295e+00 -1.508e+01 -2.349e+01 -2.400e+01 -2.400e+01 -2.400e+01 -2.400e+01 -2.400e+01 -2.400e+01 -2.400e+01 -2.400e+01
-12.466 -15.467 14.120 26.586 0.000 0.000 1.000 -3.915e+00 -3.017e-01 -3.010e-01 -3.226e+00 -4.800e+00 -7.228e+00 -1.488e+01 -2.324e+01 -2.400e+01 -2.400e+01 -2.400e+01 -2.400e+01 -2.400e+01 -2.400e+01 -2.400e+01 -2.400e+01
-12.400 -15.400 14.187 26.586 0.000 0.000 1.000 -3.849e+00 -3.018e-01 -3.010e-01 -3.159e+00 -4.734e+00 -7.161e+00 -1.467e+01 -2.295e+01 -2.400e+01 -2.400e+01 -2.400e+01 -2.400e+01 -2.400e+01 -2.400e+01 -2.400e+01 -2.400e+01
-12.333 -15.334 14.253 26.586 0.000 0.000 1.000 -3.782e+00 -3.019e-01 -3.010e-01 -3.093e+00 -4.667e+00 -7.094e+00 -1.448e+01 -2.264e+01 -2.400e+01 -2.400e+01 -2.400e+01 -2.400e+01 -2.400e+01 -2.400e+01 -2.400e+01 -2.400e+01
-12.266 -15.267 14.320 26.586 0.000 0.000 1.000 -3.716e+00 -3.020e-01 -3.010e-01 -3.026e+00 -4.601e+00 -7.027e+00 -1.427e+01 -2.231e+01 -2.400e+01 -2.400e+01 -2.400e+01 -2.400e+01 -2.400e+01 -2.400e+01 -2.400e+01 -2.400e+01
-12.200 -15.200 14.386 26.585 0.000 0.000 1.000 -3.649e+00 -3.022e-01 -3.010e-01 -2.960e+00 -4.534e+00 -6.960e+00 -1.408e+01 -2.198e+01 -2.400e+01 -2.400e+01 -2.400e+01 -2.400e+01 -2.400e+01 -2.400e+01 -2.400e+01 -2.400e+01
-12.133 -15.134 14.453 26.585 0.000 0.000 1.000 -3.583e+00 -3.024e-01 -3.010e-01 -2.893e+00 -4.467e+00 -6.893e+00 -1.388e+01 -2.165e+01 -2.400e+01 -2.400e+01 -2.400e+01 -2.400e+01 -2.400e+01 -2.400e+01 -2.400e+01 -2.400e+01
-12.066 -15.067 14.520 26.584 0.000 0.000 1.000 -3.516e+00 -3.026e-01 -3.011e-01 -2.827e+00 -4.401e+00 -6.826e+00 -1.367e+01 -2.132e+01 -2.400e+01 -2.400e+01 -2.400e+01 -2.400e+01 -2.400e+01 -2.400e+01 -2.400e+01 -2.400e+01
-12.000 -15.000 14.586 26.584 0.000 0.000 1.000 -3.450e+00 -3.029e-01 -3.011e-01 -2.761e+00 -4.334e+00 -6.760e+00 -1.348e+01 -2.099e+01 -2.400e+01 -2.400e+01 -2.400e+01 -2.400e+01 -2.400e+01 -2.400e+01 -2.400e+01 -2.400e+01
-11.933 -14.933 14.652 26.583 0.000 0.000 1.000 -3.383e+00 -3.032e-01 -3.011e-01 -2.694e+00 -4.268e+00 -6.692e+00 -1.327e+01 -2.065e+01 -2.400e+01 -2.400e+01 -2.400e+01 -2.400e+01 -2.400e+01 -2.400e+01 -2.400e+01 -2.400e+01
-11.867 -14.867 14.718 26.583 0.000 0.000 1.000 -3.317e+00 -3.035e-01 -3.011e-01 -2.628e+00 -4.201e+00 -6.625e+00 -1.308e+01 -2.032e+01 -2.400e+01 -2.400e+01 -2.400e+01 -2.400e+01 -2.400e+01 -2.400e+01 -2.400e+01 -2.400e+01
-11.800 -14.800 14.785 26.582 0.000 0.000 1.000 -3.251e+00 -3.039e-01 -3.011e-01 -2.562e+00 -4.135e+00 -6.558e+00 -1.287e+01 -1.999e+01 -2.400e+01 -2.400e+01 -2.400e+01 -2.400e+01 -2.400e+01 -2.400e+01 -2.400e+01 -2.400e+01
-11.733 -14.734 14.851 26.581 0.000 0.000 1.000 -3.185e+00 -3.044e-01 -3.011e-01 -2.496e+00 -4.069e+00 -6.491e+00 -1.268e+01 -1.966e+01 -2.400e+01 -2.400e+01 -2.400e+01 -2.400e+01 -2.400e+01 -2.400e+01 -2.400e+01 -2.400e+01
-11.666 -14.667 14.917 26.580 0.000 0.000 1.000 -3.119e+00 -3.050e-01 -3.011e-01 -2.429e+00 -4.002e+00 -6.424e+00 -1.247e+01 -1.932e+01 -2.400e+01 -2.400e+01 -2.400e+01 -2.400e+01 -2.400e+01 -2.400e+01 -2.400e+01 -2.400e+01
-11.600 -14.600 14.983 26.578 0.000 0.000 1.000 -3.052e+00 -3.056e-01 -3.011e-01 -2.363e+00 -3.935e+00 -6.356e+00 -1.227e+01 -1.899e+01 -2.400e+01 -2.400e+01 -2.400e+01 -2.400e+01 -2.400e+01 -2.400e+01 -2.400e+01 -2.400e+01
-11.533 -14.534 15.049 26.577 0.000 0.000 1.000 -2.987e+00 -3.064e-01 -3.011e-01 -2.297e+00 -3.869e+00 -6.289e+00 -1.207e+01 -1.866e+01 -2.400e+01 -2.400e+01 -2.400e+01 -2.400e+01 -2.400e+01 -2.400e+01 -2.400e+01 -2.400e+01
-11.466 -14.467 15.115 26.575 0.000 0.000 1.000 -2.921e+00 -3.073e-01 -3.011e-01 -2.232e+00 -3.803e+00 -6.221e+00 -1.187e+01 -1.832e+01 -2.399e+01 -2.400e+01 -2.400e+01 -2.400e+01 -2.400e+01 -2.400e+01 -2.400e+01 -2.400e+01
-11.400 -14.400 15.180 26.573 0.000 0.000 1.000 -2.855e+00 -3.083e-01 -3.011e-01 -2.166e+00 -3.737e+00 -6.153e+00 -1.167e+01 -1.799e+01 -2.398e+01 -2.400e+01 -2.400e+01 -2.400e+01 -2.400e+01 -2.400e+01 -2.400e+01 -2.400e+01
-11.333 -14.334 15.246 26.571 0.000 0.000 1.000 -2.790e+00 -3.095e-01 -3.012e-01 -2.101e+00 -3.671e+00 -6.084e+00 -1.147e+01 -1.766e+01 -2.396e+01 -2.400e+01 -2.400e+01 -2.400e+01 -2.400e+01 -2.400e+01 -2.400e+01 -2.400e+01
-11.266 -14.267 15.312 26.568 0.000 0.000 1.000 -2.724e+00 -3.109e-01 -3.012e-01 -2.035e+00 -3.604e+00 -6.016e+00 -1.127e+01 -1.733e+01 -2.388e+01 -2.400e+01 -2.400e+01 -2.400e+01 -2.400e+01 -2.400e+01 -2.400e+01 -2.400e+01
-11.200 -14.200 15.376 26.565 0.000 0.000 1.000 -2.659e+00 -3.125e-01 -3.012e-01 -1.970e+00 -3.538e+00 -5.947e+00 -1.107e+01 -1.699e+01 -2.373e+01 -2.400e+01 -2.400e+01 -2.400e+01 -2.400e+01 -2.400e+01 -2.400e+01 -2.400e+01
-11.133 -14.133 15.441 26.561 0.000 0.000 1.000 -2.594e+00 -3.143e-01 -3.012e-01 -1.905e+00 -3.472e+00 -5.878e+00 -1.087e+01 -1.666e+01 -2.345e+01 -2.400e+01 -2.400e+01 -2.400e+01 -2.400e+01 -2.400e+01 -2.400e+01 -2.400e+01
-11.067 -14.067 15.506 26.557 0.000 0.000 1.000 -2.530e+00 -3.165e-01 -3.013e-01 -1.841e+00 -3.406e+00 -5.808e+00 -1.067e+01 -1.633e+01 -2.307e+01 -2.400e+01 -2.400e+01 -2.400e+01 -2.400e+01 -2.400e+01 -2.400e+01 -2.400e+01
-11.000 -14.000 15.570 26.552 0.000 0.000 1.000 -2.466e+00 -3.190e-01 -3.013e-01 -1.777e+00 -3.340e+00 -5.737e+00 -1.047e+01 -1.600e+01 -2.264e+01 -2.400e+01 -2.400e+01 -2.400e+01 -2.400e+01 -2.400e+01 -2.400e+01 -2.400e+01
-10.933 -13.934 15.634 26.547 0.000 0.000 1.000 -2.402e+00 -3.219e-01 -3.013e-01 -1.713e+00 -3.274e+00 -5.667e+00 -1.027e+01 -1.567e+01 -2.220e+01 -2.400e+01 -2.400e+01 -2.400e+01 -2.400e+01 -2.400e+01 -2.400e+01 -2.400e+01
-10.866 -13.867 15.697 26.540 0.000 0.000 1.000 -2.339e+00 -3.253e-01 -3.014e-01 -1.650e+00 -3.208e+00 -5.594e+00 -1.007e+01 -1.533e+01 -2.174e+01 -2.400e+01 -2.400e+01 -2.400e+01 -2.400e+01 -2.400e+01 -2.400e+01 -2.400e+01
-10.800 -13.800 15.760 26.532 0.000 0.000 1.000 -2.276e+00 -3.292e-01 -3.014e-01 -1.587e+00 -3.142e+00 -5.521e+00 -9.866e+00 -1.500e+01 -2.128e+01 -2.400e+01 -2.400e+01 -2.400e+01 -2.400e+01 -2.400e+01 -2.400e+01 -2.400e+01
-10.733 -13.734 15.822 26.524 0.000 0.000 1.000 -2.214e+00 -3.337e-01 -3.015e-01 -1.525e+00 -3.076e+00 -5.447e+00 -9.665e+00 -1.467e+01 -2.082e+01 -2.400e+01 -2.400e+01 -2.400e+01 -2.400e+01 -2.400e+01 -2.400e+01 -2.400e+01
-10.666 -13.667 15.884 26.514 0.000 0.000 1.000 -2.152e+00 -3.389e-01 -3.016e-01 -1.464e+00 -3.009e+00 -5.370e+00 -9.461e+00 -1.434e+01 -2.036e+01 -2.398e+01 -2.400e+01 -2.400e+01 -2.400e+01 -2.400e+01 -2.400e+01 -2.400e+01
-10.600 -13.600 15.945 26.503 0.000 0.000 1.000 -2.091e+00 -3.449e-01 -3.016e-01 -1.403e+00 -2.942e+00 -5.292e+00 -9.259e+00 -1.401e+01 -1.990e+01 -2.394e+01 -2.400e+01 -2.400e+01 -2.400e+01 -2.400e+01 -2.400e+01 -2.400e+01
-10.533 -13.534 16.005 26.490 0.000 0.000 1.000 -2.031e+00 -3.518e-01 -3.017e-01 -1.344e+00 -2.875e+00 -5.212e+00 -9.053e+00 -1.368e+01 -1.944e+01 -2.380e+01 -2.400e+01 -2.400e+01 -2.400e+01 -2.400e+01 -2.400e+01 -2.400e+01
-10.466 -13.467 16.064 26.475 0.000 0.000 1.000 -1.972e+00 -3.597e-01 -3.018e-01 -1.285e+00 -2.806e+00 -5.128e+00 -8.847e+00 -1.335e+01 -1.898e+01 -2.349e+01 -2.400e+01 -2.400e+01 -2.400e+01 -2.400e+01 -2.400e+01 -2.400e+01
-10.400 -13.400 16.122 26.458 0.000 0.000 1.000 -1.915e+00 -3.687e-01 -3.019e-01 -1.228e+00 -2.737e+00 -5.042e+00 -8.640e+00 -1.302e+01 -1.852e+01 -2.302e+01 -2.400e+01 -2.400e+01 -2.400e+01 -2.400e+01 -2.400e+01 -2.400e+01
-10.333 -13.333 16.179 26.440 0.000 0.000 1.000 -1.859e+00 -3.790e-01 -3.021e-01 -1.172e+00 -2.665e+00 -4.951e+00 -8.430e+00 -1.268e+01 -1.807e+01 -2.247e+01 -2.400e+01 -2.400e+01 -2.400e+01 -2.400e+01 -2.400e+01 -2.400e+01
-10.267 -13.267 16.235 26.419 0.000 0.000 1.000 -1.804e+00 -3.906e-01 -3.022e-01 -1.117e+00 -2.593e+00 -4.855e+00 -8.219e+00 -1.235e+01 -1.762e+01 -2.190e+01 -2.400e+01 -2.400e+01 -2.400e+01 -2.400e+01 -2.400e+01 -2.400e+01
-10.200 -13.200 16.289 26.396 0.000 0.000 1.000 -1.750e+00 -4.039e-01 -3.024e-01 -1.065e+00 -2.517e+00 -4.754e+00 -8.004e+00 -1.202e+01 -1.716e+01 -2.133e+01 -2.400e+01 -2.400e+01 -2.400e+01 -2.400e+01 -2.400e+01 -2.400e+01
-10.133 -13.134 16.342 26.370 0.000 0.000 1.000 -1.699e+00 -4.189e-01 -3.025e-01 -1.014e+00 -2.439e+00 -4.647e+00 -7.787e+00 -1.169e+01 -1.671e+01 -2.076e+01 -2.400e+01 -2.400e+01 -2.400e+01 -2.400e+01 -2.400e+01 -2.400e+01
-10.066 -13.067 16.394 26.342 0.000 0.000 1.000 -1.650e+00 -4.357e-01 -3.027e-01 -9.649e-01 -2.357e+00 -4.532e+00 -7.564e+00 -1.135e+01 -1.625e+01 -2.019e+01 -2.400e+01 -2.400e+01 -2.400e+01 -2.400e+01 -2.400e+01 -2.400e+01
-10.000 -13.000 16.444 26.312 0.000 0.000 1.000 -1.602e+00 -4.546e-01 -3.029e-01 -9.183e-01 -2.272e+00 -4.409e+00 -7.337e+00 -1.101e+01 -1.580e+01 -1.962e+01 -2.399e+01 -2.400e+01 -2.400e+01 -2.400e+01 -2.400e+01 -2.400e+01
-9.933 -12.934 16.492 26.281 0.000 0.000 1.000 -1.557e+00 -4.756e-01 -3.031e-01 -8.746e-01 -2.183e+00 -4.278e+00 -7.105e+00 -1.067e+01 -1.535e+01 -1.905e+01 -2.397e+01 -2.400e+01 -2.400e+01 -2.400e+01 -2.400e+01 -2.400e+01
-9.866 -12.867 16.540 26.247 0.000 0.000 1.000 -1.515e+00 -4.989e-01 -3.032e-01 -8.333e-01 -2.090e+00 -4.137e+00 -6.866e+00 -1.033e+01 -1.490e+01 -1.849e+01 -2.389e+01 -2.400e+01 -2.400e+01 -2.400e+01 -2.400e+01 -2.400e+01
-9.800 -12.800 16.585 26.213 0.000 0.000 1.000 -1.476e+00 -5.245e-01 -3.034e-01 -7.953e-01 -1.995e+00 -3.988e+00 -6.623e+00 -9.981e+00 -1.445e+01 -1.793e+01 -2.362e+01 -2.400e+01 -2.400e+01 -2.400e+01 -2.400e+01 -2.400e+01
-9.733 -12.734 16.629 26.179 0.000 0.000 1.000 -1.439e+00 -5.528e-01 -3.036e-01 -7.603e-01 -1.896e+00 -3.829e+00 -6.371e+00 -9.630e+00 -1.399e+01 -1.737e+01 -2.312e+01 -2.400e+01 -2.400e+01 -2.400e+01 -2.400e+01 -2.400e+01
-9.666 -12.667 16.673 26.144 0.000 0.000 1.000 -1.406e+00 -5.837e-01 -3.037e-01 -7.289e-01 -1.794e+00 -3.662e+00 -6.114e+00 -9.276e+00 -1.354e+01 -1.682e+01 -2.251e+01 -2.400e+01 -2.400e+01 -2.400e+01 -2.400e+01 -2.400e+01
-9.600 -12.600 16.715 26.111 0.000 0.000 1.000 -1.376e+00 -6.169e-01 -3.038e-01 -7.014e-01 -1.692e+00 -3.490e+00 -5.853e+00 -8.922e+00 -1.309e+01 -1.627e+01 -2.187e+01 -2.400e+01 -2.400e+01 -2.400e+01 -2.400e+01 -2.400e+01
-9.533 -12.533 16.756 26.079 0.000 0.000 1.000 -1.350e+00 -6.530e-01 -3.038e-01 -6.778e-01 -1.590e+00 -3.313e+00 -5.587e+00 -8.564e+00 -1.264e+01 -1.572e+01 -2.123e+01 -2.400e+01 -2.400e+01 -2.400e+01 -2.400e+01 -2.400e+01
-9.467 -12.467 16.797 26.050 0.000 0.000 1.000 -1.328e+00 -6.915e-01 -3.037e-01 -6.586e-01 -1.489e+00 -3.134e+00 -5.321e+00 -8.208e+00 -1.219e+01 -1.518e+01 -2.059e+01 -2.400e+01 -2.400e+01 -2.400e+01 -2.400e+01 -2.400e+01
-9.400 -12.400 16.838 26.021 0.000 0.000 1.000 -1.310e+00 -7.328e-01 -3.036e-01 -6.439e-01 -1.390e+00 -2.954e+00 -5.054e+00 -7.852e+00 -1.174e+01 -1.464e+01 -1.996e+01 -2.400e+01 -2.400e+01 -2.400e+01 -2.400e+01 -2.400e+01
-9.333 -12.334 16.878 25.994 0.000 0.000 1.000 -1.296e+00 -7.763e-01 -3.034e-01 -6.342e-01 -1.294e+00 -2.777e+00 -4.791e+00 -7.503e+00 -1.131e+01 -1.411e+01 -1.935e+01 -2.398e+01 -2.400e+01 -2.400e+01 -2.400e+01 -2.400e+01
-9.266 -12.267 16.918 25.968 0.000 0.000 1.000 -1.286e+00 -8.225e-01 -3.030e-01 -6.295e-01 -1.202e+00 -2.601e+00 -4.530e+00 -7.157e+00 -1.087e+01 -1.360e+01 -1.875e+01 -2.392e+01 -2.400e+01 -2.400e+01 -2.400e+01 -2.400e+01
-9.200 -12.200 16.959 25.940 0.000 0.000 1.000 -1.281e+00 -8.710e-01 -3.026e-01 -6.302e-01 -1.115e+00 -2.431e+00 -4.276e+00 -6.819e+00 -1.045e+01 -1.309e+01 -1.816e+01 -2.371e+01 -2.400e+01 -2.400e+01 -2.400e+01 -2.400e+01
-9.133 -12.134 16.999 25.911 0.000 0.000 1.000 -1.281e+00 -9.214e-01 -3.019e-01 -6.365e-01 -1.034e+00 -2.268e+00 -4.032e+00 -6.493e+00 -1.005e+01 -1.261e+01 -1.759e+01 -2.328e+01 -2.400e+01 -2.400e+01 -2.400e+01 -2.400e+01
-9.066 -12.067 17.039 25.878 0.000 0.000 1.000 -1.286e+00 -9.742e-01 -3.012e-01 -6.487e-01 -9.591e-01 -2.112e+00 -3.795e+00 -6.177e+00 -9.652e+00 -1.213e+01 -1.704e+01 -2.272e+01 -2.400e+01 -2.400e+01 -2.400e+01 -2.400e+01
-9.000 -12.000 17.078 25.842 0.000 0.000 1.000 -1.296e+00 -1.029e+00 -3.003e-01 -6.669e-01 -8.912e-01 -1.965e+00 -3.570e+00 -5.877e+00 -9.276e+00 -1.168e+01 -1.651e+01 -2.214e+01 -2.400e+01 -2.400e+01 -2.400e+01 -2.400e+01
-8.933 -11.934 17.116 25.800 0.000 0.000 1.000 -1.311e+00 -1.085e+00 -2.993e-01 -6.912e-01 -8.299e-01 -1.826e+00 -3.356e+00 -5.588e+00 -8.915e+00 -1.125e+01 -1.601e+01 -2.156e+01 -2.400e+01 -2.400e+01 -2.400e+01 -2.400e+01
-8.866 -11.867 17.153 25.752 0.000 0.000 1.000 -1.331e+00 -1.144e+00 -2.981e-01 -7.218e-01 -7.759e-01 -1.696e+00 -3.154e+00 -5.315e+00 -8.571e+00 -1.084e+01 -1.553e+01 -2.101e+01 -2.400e+01 -2.400e+01 -2.400e+01 -2.400e+01
-8.800 -11.800 17.188 25.699 0.000 0.000 1.000 -1.356e+00 -1.203e+00 -2.969e-01 -7.582e-01 -7.293e-01 -1.577e+00 -2.965e+00 -5.059e+00 -8.249e+00 -1.045e+01 -1.507e+01 -2.050e+01 -2.400e+01 -2.400e+01 -2.400e+01 -2.400e+01
-8.733 -11.733 17.221 25.638 0.000 0.000 1.000 -1.387e+00 -1.265e+00 -2.956e-01 -8.007e-01 -6.895e-01 -1.467e+00 -2.789e+00 -4.817e+00 -7.944e+00 -1.009e+01 -1.464e+01 -2.000e+01 -2.399e+01 -2.400e+01 -2.400e+01 -2.400e+01
-8.667 -11.667 17.252 25.572 0.000 0.000 1.000 -1.423e+00 -1.327e+00 -2.943e-01 -8.487e-01 -6.569e-01 -1.368e+00 -2.626e+00 -4.593e+00 -7.660e+00 -9.745e+00 -1.424e+01 -1.955e+01 -2.398e+01 -2.400e+01 -2.400e+01 -2.400e+01
-8.600 -11.600 17.281 25.500 0.000 0.000 1.000 -1.464e+00 -1.392e+00 -2.929e-01 -9.023e-01 -6.305e-01 -1.277e+00 -2.474e+00 -4.383e+00 -7.393e+00 -9.426e+00 -1.387e+01 -1.911e+01 -2.393e+01 -2.400e+01 -2.400e+01 -2.400e+01
-8.533 -11.534 17.308 25.422 0.000 0.000 1.000 -1.510e+00 -1.457e+00 -2.916e-01 -9.604e-01 -6.103e-01 -1.195e+00 -2.336e+00 -4.190e+00 -7.148e+00 -9.131e+00 -1.352e+01 -1.871e+01 -2.382e+01 -2.400e+01 -2.400e+01 -2.400e+01
-8.466 -11.467 17.332 25.337 0.000 0.000 1.000 -1.561e+00 -1.525e+00 -2.904e-01 -1.023e+00 -5.956e-01 -1.122e+00 -2.209e+00 -4.011e+00 -6.919e+00 -8.858e+00 -1.320e+01 -1.834e+01 -2.363e+01 -2.400e+01 -2.400e+01 -2.400e+01
-8.400 -11.400 17.354 25.248 0.000 0.000 1.000 -1.619e+00 -1.594e+00 -2.891e-01 -1.090e+00 -5.859e-01 -1.057e+00 -2.093e+00 -3.847e+00 -6.708e+00 -8.608e+00 -1.290e+01 -1.800e+01 -2.337e+01 -2.400e+01 -2.400e+01 -2.400e+01
-8.333 -11.334 17.374 25.154 0.000 0.000 1.000 -1.681e+00 -1.664e+00 -2.880e-01 -1.160e+00 -5.806e-01 -1.000e+00 -1.990e+00 -3.699e+00 -6.517e+00 -8.381e+00 -1.263e+01 -1.768e+01 -2.307e+01 -2.400e+01 -2.400e+01 -2.400e+01
-8.266 -11.267 17.391 25.053 0.000 0.000 1.000 -1.750e+00 -1.736e+00 -2.869e-01 -1.234e+00 -5.790e-01 -9.495e-01 -1.896e+00 -3.563e+00 -6.341e+00 -8.176e+00 -1.238e+01 -1.740e+01 -2.277e+01 -2.400e+01 -2.400e+01 -2.400e+01
-8.200 -11.200 17.407 24.949 0.000 0.000 1.000 -1.824e+00 -1.809e+00 -2.860e-01 -1.309e+00 -5.804e-01 -9.058e-01 -1.812e+00 -3.442e+00 -6.184e+00 -7.994e+00 -1.216e+01 -1.714e+01 -2.249e+01 -2.400e+01 -2.400e+01 -2.400e+01
-8.133 -11.134 17.421 24.838 0.000 0.000 1.000 -1.905e+00 -1.884e+00 -2.850e-01 -1.387e+00 -5.843e-01 -8.677e-01 -1.738e+00 -3.333e+00 -6.041e+00 -7.833e+00 -1.196e+01 -1.690e+01 -2.223e+01 -2.400e+01 -2.400e+01 -2.400e+01
-8.067 -11.067 17.432 24.724 0.000 0.000 1.000 -1.991e+00 -1.962e+00 -2.842e-01 -1.468e+00 -5.900e-01 -8.350e-01 -1.673e+00 -3.236e+00 -5.914e+00 -7.695e+00 -1.179e+01 -1.670e+01 -2.200e+01 -2.400e+01 -2.400e+01 -2.400e+01
-8.000 -11.000 17.443 24.603 0.000 0.000 1.000 -2.084e+00 -2.041e+00 -2.834e-01 -1.551e+00 -5.970e-01 -8.068e-01 -1.616e+00 -3.151e+00 -5.801e+00 -7.578e+00 -1.163e+01 -1.651e+01 -2.179e+01 -2.400e+01 -2.400e+01 -2.400e+01
-7.933 -10.933 17.452 24.478 0.000 0.000 1.000 -2.182e+00 -2.124e+00 -2.827e-01 -1.639e+00 -6.047e-01 -7.825e-01 -1.567e+00 -3.076e+00 -5.701e+00 -7.482e+00 -1.150e+01 -1.635e+01 -2.160e+01 -2.400e+01 -2.400e+01 -2.400e+01
-7.867 -10.867 17.459 24.351 0.000 0.000 1.000 -2.285e+00 -2.208e+00 -2.821e-01 -1.730e+00 -6.128e-01 -7.619e-01 -1.525e+00 -3.011e+00 -5.614e+00 -7.408e+00 -1.139e+01 -1.621e+01 -2.144e+01 -2.400e+01 -2.400e+01 -2.400e+01
-7.800 -10.800 17.466 24.221 0.000 0.000 1.000 -2.392e+00 -2.296e+00 -2.817e-01 -1.827e+00 -6.210e-01 -7.440e-01 -1.489e+00 -2.955e+00 -5.537e+00 -7.355e+00 -1.130e+01 -1.609e+01 -2.130e+01 -2.399e+01 -2.400e+01 -2.400e+01
-7.733 -10.734 17.472 24.092 0.000 0.000 1.000 -2.501e+00 -2.386e+00 -2.814e-01 -1.931e+00 -6.290e-01 -7.285e-01 -1.459e+00 -2.908e+00 -5.471e+00 -7.322e+00 -1.122e+01 -1.599e+01 -2.118e+01 -2.399e+01 -2.400e+01 -2.400e+01
-7.666 -10.667 17.476 23.963 0.000 0.000 1.000 -2.612e+00 -2.480e+00 -2.812e-01 -2.044e+00 -6.367e-01 -7.149e-01 -1.433e+00 -2.866e+00 -5.413e+00 -7.310e+00 -1.116e+01 -1.590e+01 -2.107e+01 -2.399e+01 -2.400e+01 -2.400e+01
-7.600 -10.600 17.480 23.837 0.000 0.000 1.000 -2.724e+00 -2.576e+00 -2.813e-01 -2.166e+00 -6.440e-01 -7.027e-01 -1.413e+00 -2.832e+00 -5.362e+00 -7.317e+00 -1.111e+01 -1.583e+01 -2.098e+01 -2.399e+01 -2.400e+01 -2.400e+01
-7.533 -10.534 17.484 23.719 0.000 0.000 1.000 -2.834e+00 -2.673e+00 -2.817e-01 -2.295e+00 -6.508e-01 -6.916e-01 -1.396e+00 -2.802e+00 -5.318e+00 -7.342e+00 -1.107e+01 -1.577e+01 -2.090e+01 -2.399e+01 -2.400e+01 -2.400e+01
-7.466 -10.467 17.487 23.607 0.000 0.000 1.000 -2.940e+00 -2.770e+00 -2.824e-01 -2.432e+00 -6.572e-01 -6.813e-01 -1.383e+00 -2.777e+00 -5.279e+00 -7.385e+00 -1.104e+01 -1.571e+01 -2.083e+01 -2.399e+01 -2.400e+01 -2.400e+01
-7.400 -10.400 17.490 23.507 0.000 0.000 1.000 -3.038e+00 -2.863e+00 -2.834e-01 -2.570e+00 -6.633e-01 -6.714e-01 -1.373e+00 -2.757e+00 -5.244e+00 -7.442e+00 -1.101e+01 -1.566e+01 -2.077e+01 -2.399e+01 -2.400e+01 -2.400e+01
-7.333 -10.334 17.493 23.421 0.000 0.000 1.000 -3.123e+00 -2.949e+00 -2.848e-01 -2.703e+00 -6.692e-01 -6.615e-01 -1.366e+00 -2.739e+00 -5.213e+00 -7.507e+00 -1.099e+01 -1.562e+01 -2.071e+01 -2.399e+01 -2.400e+01 -2.400e+01
-7.267 -10.267 17.495 23.353 0.000 0.000 1.000 -3.190e+00 -3.024e+00 -2.865e-01 -2.821e+00 -6.750e-01 -6.515e-01 -1.361e+00 -2.723e+00 -5.183e+00 -7.570e+00 -1.098e+01 -1.558e+01 -2.066e+01 -2.399e+01 -2.400e+01 -2.400e+01
-7.200 -10.200 17.498 23.302 0.000 0.000 1.000 -3.239e+00 -3.085e+00 -2.886e-01 -2.914e+00 -6.812e-01 -6.409e-01 -1.358e+00 -2.709e+00 -5.154e+00 -7.622e+00 -1.097e+01 -1.554e+01 -2.061e+01 -2.399e+01 -2.400e+01 -2.400e+01
-7.133 -10.133 17.501 23.267 0.000 0.000 1.000 -3.270e+00 -3.128e+00 -2.910e-01 -2.978e+00 -6.878e-01 -6.295e-01 -1.355e+00 -2.695e+00 -5.124e+00 -7.653e+00 -1.095e+01 -1.551e+01 -2.055e+01 -2.399e+01 -2.400e+01 -2.400e+01
-7.067 -10.067 17.504 23.245 0.000 0.000 1.000 -3.289e+00 -3.156e+00 -2.939e-01 -3.017e+00 -6.951e-01 -6.173e-01 -1.353e+00 -2.682e+00 -5.092e+00 -7.661e+00 -1.094e+01 -1.547e+01 -2.049e+01 -2.399e+01 -2.400e+01 -2.400e+01
-7.000 -10.000 17.507 23.229 0.000 0.000 1.000 -3.299e+00 -3.171e+00 -2.973e-01 -3.039e+00 -7.035e-01 -6.039e-01 -1.351e+00 -2.668e+00 -5.058e+00 -7.647e+00 -1.093e+01 -1.542e+01 -2.043e+01 -2.399e+01 -2.400e+01 -2.400e+01
-6.933 -9.934 17.511 23.218 0.000 0.000 1.000 -3.304e+00 -3.179e+00 -3.012e-01 -3.052e+00 -7.131e-01 -5.894e-01 -1.348e+00 -2.653e+00 -5.021e+00 -7.620e+00 -1.091e+01 -1.538e+01 -2.036e+01 -2.399e+01 -2.400e+01 -2.400e+01
-6.866 -9.867 17.515 23.207 0.000 0.000 1.000 -3.308e+00 -3.183e+00 -3.057e-01 -3.062e+00 -7.242e-01 -5.736e-01 -1.344e+00 -2.636e+00 -4.980e+00 -7.584e+00 -1.089e+01 -1.533e+01 -2.029e+01 -2.398e+01 -2.400e+01 -2.400e+01
-6.800 -9.800 17.520 23.196 0.000 0.000 1.000 -3.310e+00 -3.185e+00 -3.109e-01 -3.071e+00 -7.370e-01 -5.565e-01 -1.338e+00 -2.619e+00 -4.936e+00 -7.541e+00 -1.087e+01 -1.528e+01 -2.021e+01 -2.398e+01 -2.400e+01 -2.400e+01
-6.733 -9.734 17.525 23.184 0.000 0.000 1.000 -3.312e+00 -3.186e+00 -3.169e-01 -3.080e+00 -7.516e-01 -5.383e-01 -1.330e+00 -2.600e+00 -4.888e+00 -7.494e+00 -1.084e+01 -1.522e+01 -2.012e+01 -2.398e+01 -2.400e+01 -2.400e+01
-6.666 -9.667 17.531 23.170 0.000 0.000 1.000 -3.314e+00 -3.186e+00 -3.239e-01 -3.090e+00 -7.686e-01 -5.189e-01 -1.319e+00 -2.580e+00 -4.836e+00 -7.443e+00 -1.081e+01 -1.516e+01 -2.003e+01 -2.397e+01 -2.400e+01 -2.400e+01
-6.600 -9.600 17.538 23.155 0.000 0.000 1.000 -3.315e+00 -3.187e+00 -3.319e-01 -3.101e+00 -7.881e-01 -4.986e-01 -1.306e+00 -2.557e+00 -4.781e+00 -7.388e+00 -1.077e+01 -1.509e+01 -1.993e+01 -2.396e+01 -2.400e+01 -2.400e+01
-6.533 -9.534 17.545 23.137 0.000 0.000 1.000 -3.316e+00 -3.188e+00 -3.412e-01 -3.113e+00 -8.106e-01 -4.773e-01 -1.289e+00 -2.532e+00 -4.721e+00 -7.327e+00 -1.072e+01 -1.502e+01 -1.982e+01 -2.395e+01 -2.400e+01 -2.400e+01
-6.467 -9.467 17.553 23.117 0.000 0.000 1.000 -3.316e+00 -3.189e+00 -3.517e-01 -3.126e+00 -8.365e-01 -4.553e-01 -1.269e+00 -2.505e+00 -4.657e+00 -7.262e+00 -1.066e+01 -1.494e+01 -1.970e+01 -2.394e+01 -2.400e+01 -2.400e+01
-6.400 -9.400 17.562 23.094 0.000 0.000 1.000 -3.315e+00 -3.191e+00 -3.639e-01 -3.140e+00 -8.665e-01 -4.327e-01 -1.245e+00 -2.474e+00 -4.588e+00 -7.192e+00 -1.059e+01 -1.485e+01 -1.958e+01 -2.392e+01 -2.400e+01 -2.400e+01
-6.333 -9.333 17.571 23.069 0.000 0.000 1.000 -3.312e+00 -3.192e+00 -3.778e-01 -3.155e+00 -9.011e-01 -4.096e-01 -1.217e+00 -2.440e+00 -4.515e+00 -7.115e+00 -1.051e+01 -1.475e+01 -1.944e+01 -2.389e+01 -2.400e+01 -2.400e+01
-6.267 -9.267 17.581 23.040 0.000 0.000 1.000 -3.308e+00 -3.194e+00 -3.936e-01 -3.170e+00 -9.408e-01 -3.867e-01 -1.187e+00 -2.401e+00 -4.437e+00 -7.032e+00 -1.042e+01 -1.464e+01 -1.929e+01 -2.385e+01 -2.400e+01 -2.400e+01
-6.200 -9.200 17.592 23.007 0.000 0.000 1.000 -3.302e+00 -3.196e+00 -4.117e-01 -3.187e+00 -9.870e-01 -3.637e-01 -1.152e+00 -2.356e+00 -4.353e+00 -6.941e+00 -1.032e+01 -1.451e+01 -1.913e+01 -2.379e+01 -2.400e+01 -2.400e+01
-6.133 -9.134 17.603 22.970 0.000 0.000 1.000 -3.294e+00 -3.198e+00 -4.321e-01 -3.205e+00 -1.040e+00 -3.414e-01 -1.116e+00 -2.306e+00 -4.263e+00 -6.842e+00 -1.020e+01 -1.437e+01 -1.896e+01 -2.371e+01 -2.400e+01 -2.400e+01
-6.066 -9.067 17.614 22.928 0.000 0.000 1.000 -3.283e+00 -3.201e+00 -4.553e-01 -3.223e+00 -1.101e+00 -3.197e-01 -1.077e+00 -2.250e+00 -4.165e+00 -6.733e+00 -1.006e+01 -1.420e+01 -1.876e+01 -2.360e+01 -2.400e+01 -2.400e+01
-6.000 -9.000 17.626 22.881 0.000 0.000 1.000 -3.270e+00 -3.204e+00 -4.814e-01 -3.242e+00 -1.172e+00 -2.991e-01 -1.036e+00 -2.188e+00 -4.058e+00 -6.613e+00 -9.907e+00 -1.402e+01 -1.855e+01 -2.344e+01 -2.400e+01 -2.400e+01
-5.933 -8.934 17.638 22.829 0.000 0.000 1.000 -3.254e+00 -3.208e+00 -5.106e-01 -3.262e+00 -1.253e+00 -2.801e-01 -9.938e-01 -2.121e+00 -3.945e+00 -6.483e+00 -9.739e+00 -1.382e+01 -1.831e+01 -2.324e+01 -2.400e+01 -2.400e+01
-5.866 -8.867 17.650 22.771 0.000 0.000 1.000 -3.236e+00 -3.213e+00 -5.435e-01 -3.283e+00 -1.344e+00 -2.629e-01 -9.511e-01 -2.049e+00 -3.821e+00 -6.340e+00 -9.552e+00 -1.359e+01 -1.804e+01 -2.300e+01 -2.400e+01 -2.400e+01
-5.800 -8.800 17.662 22.707 0.000 0.000 1.000 -3.215e+00 -3.218e+00 -5.799e-01 -3.305e+00 -1.445e+00 -2.479e-01 -9.086e-01 -1.974e+00 -3.689e+00 -6.187e+00 -9.349e+00 -1.334e+01 -1.775e+01 -2.270e+01 -2.400e+01 -2.400e+01
-5.733 -8.733 17.674 22.637 0.000 0.000 1.000 -3.193e+00 -3.224e+00 -6.206e-01 -3.330e+00 -1.555e+00 -2.351e-01 -8.667e-01 -1.896e+00 -3.549e+00 -6.024e+00 -9.128e+00 -1.307e+01 -1.742e+01 -2.237e+01 -2.400e+01 -2.400e+01
-5.667 -8.667 17.685 22.561 0.000 0.000 1.000 -3.170e+00 -3.232e+00 -6.654e-01 -3.356e+00 -1.668e+00 -2.246e-01 -8.267e-01 -1.819e+00 -3.403e+00 -5.854e+00 -8.894e+00 -1.278e+01 -1.707e+01 -2.200e+01 -2.400e+01 -2.400e+01
-5.600 -8.600 17.695 22.479 0.000 0.000 1.000 -3.147e+00 -3.240e+00 -7.152e-01 -3.387e+00 -1.781e+00 -2.161e-01 -7.892e-01 -1.743e+00 -3.251e+00 -5.679e+00 -8.646e+00 -1.246e+01 -1.670e+01 -2.160e+01 -2.400e+01 -2.400e+01
-5.533 -8.533 17.705 22.392 0.000 0.000 1.000 -3.125e+00 -3.251e+00 -7.698e-01 -3.423e+00 -1.888e+00 -2.093e-01 -7.550e-01 -1.673e+00 -3.098e+00 -5.504e+00 -8.391e+00 -1.213e+01 -1.630e+01 -2.118e+01 -2.400e+01 -2.400e+01
-5.467 -8.467 17.714 22.301 0.000 0.000 1.000 -3.105e+00 -3.262e+00 -8.292e-01 -3.465e+00 -1.985e+00 -2.037e-01 -7.249e-01 -1.609e+00 -2.948e+00 -5.333e+00 -8.135e+00 -1.180e+01 -1.589e+01 -2.075e+01 -2.399e+01 -2.400e+01
-5.400 -8.400 17.723 22.204 0.000 0.000 1.000 -3.088e+00 -3.276e+00 -8.945e-01 -3.513e+00 -2.076e+00 -1.988e-01 -6.985e-01 -1.554e+00 -2.802e+00 -5.169e+00 -7.879e+00 -1.146e+01 -1.547e+01 -2.031e+01 -2.398e+01 -2.400e+01
-5.333 -8.334 17.730 22.102 0.000 0.000 1.000 -3.072e+00 -3.292e+00 -9.650e-01 -3.569e+00 -2.161e+00 -1.946e-01 -6.760e-01 -1.507e+00 -2.663e+00 -5.015e+00 -7.631e+00 -1.112e+01 -1.505e+01 -1.988e+01 -2.394e+01 -2.400e+01
-5.266 -8.267 17.737 21.993 0.000 0.000 1.000 -3.059e+00 -3.311e+00 -1.042e+00 -3.633e+00 -2.245e+00 -1.908e-01 -6.567e-01 -1.467e+00 -2.533e+00 -4.870e+00 -7.389e+00 -1.079e+01 -1.463e+01 -1.944e+01 -2.385e+01 -2.400e+01
-5.200 -8.200 17.743 21.877 0.000 0.000 1.000 -3.048e+00 -3.333e+00 -1.125e+00 -3.705e+00 -2.327e+00 -1.876e-01 -6.404e-01 -1.434e+00 -2.411e+00 -4.737e+00 -7.158e+00 -1.047e+01 -1.422e+01 -1.902e+01 -2.367e+01 -2.400e+01
-5.133 -8.134 17.749 21.760 0.000 0.000 1.000 -3.039e+00 -3.357e+00 -1.212e+00 -3.781e+00 -2.404e+00 -1.849e-01 -6.274e-01 -1.408e+00 -2.304e+00 -4.621e+00 -6.947e+00 -1.017e+01 -1.384e+01 -1.863e+01 -2.340e+01 -2.400e+01
-5.067 -8.005 17.753 21.637 0.125 0.000 1.000 -3.032e+00 -3.384e+00 -1.303e+00 -3.862e+00 -2.476e+00 -1.828e-01 -6.168e-01 -1.388e+00 -2.208e+00 -4.517e+00 -6.751e+00 -9.887e+00 -1.347e+01 -1.825e+01 -2.308e+01 -2.400e+01
-5.000 -8.037 17.758 21.503 0.125 0.000 1.000 -3.025e+00 -3.417e+00 -1.405e+00 -3.956e+00 -2.549e+00 -1.810e-01 -6.077e-01 -1.370e+00 -2.116e+00 -4.418e+00 -6.555e+00 -9.602e+00 -1.310e+01 -1.787e+01 -2.272e+01 -2.400e+01
-4.933 -8.019 17.761 21.362 0.125 0.000 1.000 -3.020e+00 -3.454e+00 -1.515e+00 -4.058e+00 -2.616e+00 -1.797e-01 -6.004e-01 -1.355e+00 -2.033e+00 -4.330e+00 -6.371e+00 -9.328e+00 -1.274e+01 -1.751e+01 -2.235e+01 -2.400e+01
-4.867 -8.063 17.764 21.213 0.125 0.000 1.000 -3.015e+00 -3.496e+00 -1.633e+00 -4.168e+00 -2.676e+00 -1.789e-01 -5.944e-01 -1.343e+00 -1.959e+00 -4.251e+00 -6.196e+00 -9.065e+00 -1.239e+01 -1.715e+01 -2.199e+01 -2.400e+01
-4.800 -7.940 17.766 21.056 0.188 0.000 1.000 -3.011e+00 -3.544e+00 -1.760e+00 -4.287e+00 -2.727e+00 -1.785e-01 -5.898e-01 -1.333e+00 -1.893e+00 -4.181e+00 -6.032e+00 -8.812e+00 -1.205e+01 -1.681e+01 -2.164e+01 -2.400e+01
-4.733 -7.974 17.768 20.891 0.188 0.000 1.000 -3.007e+00 -3.598e+00 -1.895e+00 -4.414e+00 -2.770e+00 -1.785e-01 -5.860e-01 -1.325e+00 -1.836e+00 -4.120e+00 -5.877e+00 -8.569e+00 -1.173e+01 -1.648e+01 -2.130e+01 -2.399e+01
-4.667 -8.001 17.769 20.719 0.125 0.000 1.000 -3.004e+00 -3.657e+00 -2.037e+00 -4.547e+00 -2.803e+00 -1.790e-01 -5.830e-01 -1.318e+00 -1.788e+00 -4.068e+00 -5.732e+00 -8.338e+00 -1.141e+01 -1.616e+01 -2.098e+01 -2.399e+01
-4.600 -7.600 17.771 20.614 0.000 0.000 1.000 -3.002e+00 -3.696e+00 -2.127e+00 -4.632e+00 -2.820e+00 -1.794e-01 -5.813e-01 -1.314e+00 -1.761e+00 -4.040e+00 -5.647e+00 -8.201e+00 -1.123e+01 -1.597e+01 -2.078e+01 -2.398e+01
-4.533 -7.534 17.772 20.526 0.000 0.000 1.000 -3.000e+00 -3.728e+00 -2.201e+00 -4.700e+00 -2.831e+00 -1.798e-01 -5.801e-01 -1.311e+00 -1.742e+00 -4.019e+00 -5.582e+00 -8.095e+00 -1.108e+01 -1.583e+01 -2.063e+01 -2.397e+01
-4.466 -7.467 17.773 20.439 0.000 0.000 1.000 -2.999e+00 -3.761e+00 -2.273e+00 -4.766e+00 -2.841e+00 -1.803e-01 -5.790e-01 -1.308e+00 -1.726e+00 -4.001e+00 -5.520e+00 -7.993e+00 -1.094e+01 -1.568e+01 -2.049e+01 -2.396e+01
-4.400 -7.400 17.774 20.355 0.000 0.000 1.000 -2.997e+00 -3.793e+00 -2.342e+00 -4.829e+00 -2.849e+00 -1.808e-01 -5.779e-01 -1.305e+00 -1.711e+00 -3.985e+00 -5.463e+00 -7.898e+00 -1.081e+01 -1.555e+01 -2.035e+01 -2.395e+01
-4.333 -7.333 17.775 20.272 0.000 0.000 1.000 -2.996e+00 -3.824e+00 -2.410e+00 -4.891e+00 -2.857e+00 -1.814e-01 -5.769e-01 -1.302e+00 -1.697e+00 -3.970e+00 -5.408e+00 -7.806e+00 -1.068e+01 -1.542e+01 -2.022e+01 -2.393e+01
-4.267 -7.267 17.776 20.192 0.000 0.000 1.000 -2.994e+00 -3.855e+00 -2.475e+00 -4.949e+00 -2.863e+00 -1.820e-01 -5.759e-01 -1.299e+00 -1.685e+00 -3.956e+00 -5.356e+00 -7.719e+00 -1.056e+01 -1.530e+01 -2.009e+01 -2.391e+01
-4.200 -7.200 17.777 20.115 0.000 0.000 1.000 -2.992e+00 -3.885e+00 -2.537e+00 -5.004e+00 -2.868e+00 -1.826e-01 -5.749e-01 -1.297e+00 -1.675e+00 -3.944e+00 -5.308e+00 -7.636e+00 -1.044e+01 -1.518e+01 -1.997e+01 -2.388e+01
-4.133 -8.180 17.778 20.042 0.000 0.000 1.000 -2.991e+00 -3.913e+00 -2.594e+00 -5.054e+00 -2.873e+00 -1.833e-01 -5.739e-01 -1.294e+00 -1.665e+00 -3.933e+00 -5.262e+00 -7.557e+00 -1.033e+01 -1.507e+01 -1.986e+01 -2.385e+01
-4.066 -7.067 17.778 19.973 0.000 0.000 1.000 -2.989e+00 -3.939e+00 -2.647e+00 -5.100e+00 -2.877e+00 -1.840e-01 -5.730e-01 -1.292e+00 -1.657e+00 -3.922e+00 -5.218e+00 -7.483e+00 -1.023e+01 -1.496e+01 -1.975e+01 -2.381e+01
-4.000 -7.000 17.779 19.909 0.000 0.000 1.000 -2.988e+00 -3.964e+00 -2.696e+00 -5.142e+00 -2.881e+00 -1.846e-01 -5.721e-01 -1.289e+00 -1.649e+00 -3.913e+00 -5.178e+00 -7.412e+00 -1.013e+01 -1.486e+01 -1.965e+01 -2.377e+01
-3.933 -6.934 17.780 19.850 0.000 0.000 1.000 -2.986e+00 -3.986e+00 -2.740e+00 -5.178e+00 -2.885e+00 -1.853e-01 -5.712e-01 -1.286e+00 -1.642e+00 -3.904e+00 -5.140e+00 -7.346e+00 -1.004e+01 -1.477e+01 -1.955e+01 -2.373e+01
-3.866 -6.867 17.781 19.795 0.000 0.000 1.000 -2.984e+00 -4.006e+00 -2.779e+00 -5.211e+00 -2.888e+00 -1.860e-01 -5.703e-01 -1.284e+00 -1.635e+00 -3.896e+00 -5.103e+00 -7.282e+00 -9.945e+00 -1.467e+01 -1.946e+01 -2.368e+01
-3.800 -6.800 17.782 19.745 0.000 0.000 1.000 -2.983e+00 -4.025e+00 -2.814e+00 -5.240e+00 -2.891e+00 -1.867e-01 -5.694e-01 -1.281e+00 -1.629e+00 -3.888e+00 -5.069e+00 -7.221e+00 -9.858e+00 -1.459e+01 -1.937e+01 -2.363e+01
-3.733 -6.733 17.783 19.700 0.000 0.000 1.000 -2.981e+00 -4.041e+00 -2.845e+00 -5.265e+00 -2.894e+00 -1.874e-01 -5.685e-01 -1.279e+00 -1.623e+00 -3.881e+00 -5.036e+00 -7.163e+00 -9.776e+00 -1.450e+01 -1.928e+01 -2.358e+01
-3.667 -6.667 17.784 19.659 0.000 0.000 1.000 -2.980e+00 -4.055e+00 -2.872e+00 -5.287e+00 -2.897e+00 -1.881e-01 -5.676e-01 -1.276e+00 -1.617e+00 -3.874e+00 -5.004e+00 -7.107e+00 -9.697e+00 -1.442e+01 -1.920e+01 -2.352e+01
-3.600 -6.600 17.785 19.623 0.000 0.000 1.000 -2.978e+00 -4.068e+00 -2.897e+00 -5.306e+00 -2.899e+00 -1.889e-01 -5.667e-01 -1.274e+00 -1.612e+00 -3.867e+00 -4.974e+00 -7.053e+00 -9.619e+00 -1.434e+01 -1.912e+01 -2.347e+01
-3.533 -6.534 17.786 19.591 0.000 0.000 1.000 -2.977e+00 -4.080e+00 -2.917e+00 -5.323e+00 -2.902e+00 -1.896e-01 -5.659e-01 -1.271e+00 -1.607e+00 -3.860e+00 -4.945e+00 -7.001e+00 -9.545e+00 -1.427e+01 -1.904e+01 -2.341e+01
-3.467 -6.467 17.788 19.563 0.000 0.000 1.000 -2.975e+00 -4.089e+00 -2.935e+00 -5.337e+00 -2.905e+00 -1.903e-01 -5.650e-01 -1.269e+00 -1.602e+00 -3.854e+00 -4.917e+00 -6.951e+00 -9.474e+00 -1.419e+01 -1.896e+01 -2.335e+01
-3.400 -6.400 17.789 19.539 0.000 0.000 1.000 -2.973e+00 -4.098e+00 -2.951e+00 -5.349e+00 -2.907e+00 -1.910e-01 -5.641e-01 -1.266e+00 -1.597e+00 -3.847e+00 -4.890e+00 -6.904e+00 -9.405e+00 -1.412e+01 -1.889e+01 -2.329e+01
-3.333 -6.334 17.791 19.518 0.000 0.000 1.000 -2.972e+00 -4.105e+00 -2.964e+00 -5.358e+00 -2.910e+00 -1.917e-01 -5.633e-01 -1.264e+00 -1.593e+00 -3.841e+00 -4.865e+00 -6.859e+00 -9.341e+00 -1.406e+01 -1.882e+01 -2.324e+01
-3.266 -6.267 17.793 19.501 0.000 0.000 1.000 -2.970e+00 -4.111e+00 -2.975e+00 -5.367e+00 -2.912e+00 -1.925e-01 -5.625e-01 -1.262e+00 -1.588e+00 -3.835e+00 -4.840e+00 -6.815e+00 -9.278e+00 -1.399e+01 -1.876e+01 -2.318e+01
-3.200 -6.200 17.794 19.485 0.000 0.000 1.000 -2.969e+00 -4.117e+00 -2.985e+00 -5.374e+00 -2.914e+00 -1.932e-01 -5.617e-01 -1.259e+00 -1.584e+00 -3.829e+00 -4.817e+00 -6.773e+00 -9.218e+00 -1.393e+01 -1.869e+01 -2.312e+01
-3.133 -6.133 17.797 19.472 0.000 0.000 1.000 -2.967e+00 -4.122e+00 -2.993e+00 -5.381e+00 -2.916e+00 -1.939e-01 -5.608e-01 -1.257e+00 -1.580e+00 -3.824e+00 -4.794e+00 -6.732e+00 -9.160e+00 -1.387e+01 -1.863e+01 -2.307e+01
-3.067 -6.067 17.799 19.461 0.000 0.000 1.000 -2.966e+00 -4.126e+00 -3.001e+00 -5.386e+00 -2.919e+00 -1.946e-01 -5.601e-01 -1.255e+00 -1.576e+00 -3.818e+00 -4.772e+00 -6.693e+00 -9.103e+00 -1.381e+01 -1.857e+01 -2.301e+01
-3.000 -6.000 17.802 19.444 0.000 0.000 1.000 -2.964e+00 -4.131e+00 -3.011e+00 -5.393e+00 -2.921e+00 -1.955e-01 -5.591e-01 -1.252e+00 -1.570e+00 -3.810e+00 -4.737e+00 -6.630e+00 -9.013e+00 -1.372e+01 -1.848e+01 -2.293e+01
-2.933 -5.934 17.805 19.424 0.000 0.000 1.000 -2.962e+00 -4.138e+00 -3.023e+00 -5.402e+00 -2.925e+00 -1.965e-01 -5.581e-01 -1.249e+00 -1.562e+00 -3.800e+00 -4.686e+00 -6.540e+00 -8.883e+00 -1.359e+01 -1.835e+01 -2.281e+01
-2.867 -5.867 17.808 19.409 0.000 0.000 1.000 -2.960e+00 -4.143e+00 -3.032e+00 -5.409e+00 -2.928e+00 -1.976e-01 -5.570e-01 -1.245e+00 -1.555e+00 -3.791e+00 -4.632e+00 -6.442e+00 -8.743e+00 -1.345e+01 -1.820e+01 -2.267e+01
-2.800 -5.800 17.812 19.398 0.000 0.000 1.000 -2.957e+00 -4.147e+00 -3.039e+00 -5.413e+00 -2.931e+00 -1.987e-01 -5.558e-01 -1.242e+00 -1.548e+00 -3.782e+00 -4.583e+00 -6.352e+00 -8.613e+00 -1.331e+01 -1.806e+01 -2.253e+01
-2.733 -5.734 17.816 19.389 0.000 0.000 1.000 -2.955e+00 -4.151e+00 -3.046e+00 -5.418e+00 -2.935e+00 -2.000e-01 -5.544e-01 -1.238e+00 -1.540e+00 -3.771e+00 -4.531e+00 -6.257e+00 -8.476e+00 -1.317e+01 -1.793e+01 -2.240e+01
-2.666 -5.667 17.821 19.383 0.000 0.000 1.000 -2.952e+00 -4.154e+00 -3.051e+00 -5.422e+00 -2.939e+00 -2.012e-01 -5.532e-01 -1.234e+00 -1.534e+00 -3.763e+00 -4.495e+00 -6.191e+00 -8.379e+00 -1.308e+01 -1.782e+01 -2.229e+01
-2.600 -5.600 17.826 19.377 0.000 0.000 1.000 -2.950e+00 -4.157e+00 -3.056e+00 -5.424e+00 -2.942e+00 -2.023e-01 -5.521e-01 -1.231e+00 -1.528e+00 -3.755e+00 -4.462e+00 -6.129e+00 -8.290e+00 -1.298e+01 -1.773e+01 -2.219e+01
-2.533 -5.533 17.833 19.371 0.000 0.000 1.000 -2.947e+00 -4.160e+00 -3.061e+00 -5.428e+00 -2.946e+00 -2.035e-01 -5.508e-01 -1.227e+00 -1.521e+00 -3.745e+00 -4.420e+00 -6.053e+00 -8.179e+00 -1.287e+01 -1.761e+01 -2.208e+01
-2.466 -5.467 17.840 19.364 0.000 0.000 1.000 -2.945e+00 -4.163e+00 -3.067e+00 -5.432e+00 -2.950e+00 -2.049e-01 -5.494e-01 -1.223e+00 -1.514e+00 -3.736e+00 -4.382e+00 -5.981e+00 -8.074e+00 -1.276e+01 -1.751e+01 -2.198e+01
-2.400 -5.400 17.848 19.358 0.000 0.000 1.000 -2.942e+00 -4.166e+00 -3.072e+00 -5.435e+00 -2.953e+00 -2.061e-01 -5.482e-01 -1.219e+00 -1.508e+00 -3.726e+00 -4.345e+00 -5.915e+00 -7.977e+00 -1.266e+01 -1.740e+01 -2.187e+01
-2.333 -5.334 17.857 19.352 0.000 0.000 1.000 -2.940e+00 -4.169e+00 -3.077e+00 -5.439e+00 -2.957e+00 -2.074e-01 -5.469e-01 -1.215e+00 -1.501e+00 -3.717e+00 -4.312e+00 -5.852e+00 -7.886e+00 -1.257e+01 -1.730e+01 -2.176e+01
-2.267 -5.267 17.867 19.346 0.000 0.000 1.000 -2.937e+00 -4.172e+00 -3.082e+00 -5.442e+00 -2.961e+00 -2.087e-01 -5.456e-01 -1.212e+00 -1.495e+00 -3.709e+00 -4.280e+00 -5.794e+00 -7.801e+00 -1.248e+01 -1.721e+01 -2.167e+01
-2.200 -5.200 17.878 19.339 0.000 0.000 1.000 -2.935e+00 -4.175e+00 -3.088e+00 -5.446e+00 -2.965e+00 -2.100e-01 -5.443e-01 -1.208e+00 -1.488e+00 -3.699e+00 -4.244e+00 -5.727e+00 -7.703e+00 -1.238e+01 -1.711e+01 -2.156e+01
-2.133 -5.134 17.891 19.333 0.000 0.000 1.000 -2.932e+00 -4.178e+00 -3.094e+00 -5.449e+00 -2.969e+00 -2.115e-01 -5.430e-01 -1.203e+00 -1.481e+00 -3.689e+00 -4.209e+00 -5.663e+00 -7.610e+00 -1.229e+01 -1.701e+01 -2.146e+01
-2.067 -5.067 17.905 19.325 0.000 0.000 1.000 -2.929e+00 -4.182e+00 -3.100e+00 -5.454e+00 -2.974e+00 -2.130e-01 -5.415e-01 -1.199e+00 -1.473e+00 -3.678e+00 -4.171e+00 -5.592e+00 -7.505e+00 -1.218e+01 -1.690e+01 -2.135e+01
-2.000 -5.000 17.921 19.318 0.000 0.000 1.000 -2.926e+00 -4.186e+00 -3.107e+00 -5.458e+00 -2.978e+00 -2.146e-01 -5.401e-01 -1.195e+00 -1.465e+00 -3.667e+00 -4.135e+00 -5.526e+00 -7.409e+00 -1.208e+01 -1.680e+01 -2.124e+01
-1.933 -4.934 17.938 19.312 0.000 0.000 1.000 -2.923e+00 -4.189e+00 -3.112e+00 -5.461e+00 -2.982e+00 -2.159e-01 -5.389e-01 -1.191e+00 -1.459e+00 -3.659e+00 -4.107e+00 -5.476e+00 -7.334e+00 -1.200e+01 -1.672e+01 -2.116e+01
-1.866 -4.867 17.958 19.304 0.000 0.000 1.000 -2.920e+00 -4.192e+00 -3.119e+00 -5.466e+00 -2.986e+00 -2.175e-01 -5.375e-01 -1.186e+00 -1.451e+00 -3.647e+00 -4.071e+00 -5.409e+00 -7.236e+00 -1.190e+01 -1.662e+01 -2.106e+01
-1.800 -4.800 17.978 19.295 0.000 0.000 1.000 -2.917e+00 -4.197e+00 -3.126e+00 -5.471e+00 -2.992e+00 -2.194e-01 -5.359e-01 -1.181e+00 -1.442e+00 -3.635e+00 -4.032e+00 -5.337e+00 -7.131e+00 -1.179e+01 -1.650e+01 -2.094e+01
-1.733 -4.733 18.001 19.286 0.000 0.000 1.000 -2.913e+00 -4.201e+00 -3.134e+00 -5.476e+00 -2.997e+00 -2.214e-01 -5.342e-01 -1.176e+00 -1.432e+00 -3.622e+00 -3.991e+00 -5.262e+00 -7.021e+00 -1.168e+01 -1.639e+01 -2.082e+01
-1.667 -4.667 18.026 19.276 0.000 0.000 1.000 -2.909e+00 -4.207e+00 -3.143e+00 -5.482e+00 -3.004e+00 -2.237e-01 -5.322e-01 -1.170e+00 -1.422e+00 -3.607e+00 -3.945e+00 -5.177e+00 -6.897e+00 -1.155e+01 -1.625e+01 -2.068e+01
-1.600 -4.600 18.052 19.265 0.000 0.000 1.000 -2.904e+00 -4.212e+00 -3.153e+00 -5.488e+00 -3.010e+00 -2.261e-01 -5.303e-01 -1.163e+00 -1.411e+00 -3.592e+00 -3.900e+00 -5.094e+00 -6.773e+00 -1.142e+01 -1.612e+01 -2.054e+01
-1.533 -4.534 18.080 19.251 0.000 0.000 1.000 -2.899e+00 -4.219e+00 -3.164e+00 -5.496e+00 -3.019e+00 -2.291e-01 -5.279e-01 -1.156e+00 -1.397e+00 -3.573e+00 -3.845e+00 -4.992e+00 -6.625e+00 -1.127e+01 -1.596e+01 -2.038e+01
-1.467 -4.467 18.109 19.233 0.000 0.000 1.000 -2.892e+00 -4.228e+00 -3.180e+00 -5.507e+00 -3.030e+00 -2.332e-01 -5.247e-01 -1.145e+00 -1.379e+00 -3.547e+00 -3.773e+00 -4.860e+00 -6.429e+00 -1.106e+01 -1.575e+01 -2.016e+01
-1.400 -4.400 18.139 19.205 0.000 0.000 1.000 -2.881e+00 -4.243e+00 -3.205e+00 -5.523e+00 -3.047e+00 -2.395e-01 -5.202e-01 -1.130e+00 -1.352e+00 -3.510e+00 -3.670e+00 -4.669e+00 -6.147e+00 -1.077e+01 -1.545e+01 -1.985e+01
-1.333 -4.333 18.169 19.179 0.000 0.000 1.000 -2.872e+00 -4.256e+00 -3.226e+00 -5.538e+00 -3.062e+00 -2.452e-01 -5.165e-01 -1.117e+00 -1.329e+00 -3.478e+00 -3.365e+00 -4.005e+00 -5.141e+00 -9.756e+00 -1.442e+01 -1.881e+01
-1.266 -4.267 18.201 19.164 0.000 0.000 1.000 -2.866e+00 -4.264e+00 -3.239e+00 -5.547e+00 -3.071e+00 -2.488e-01 -5.144e-01 -1.109e+00 -1.316e+00 -3.458e+00 -3.266e+00 -3.716e+00 -4.653e+00 -9.263e+00 -1.392e+01 -1.830e+01
-1.200 -4.377 18.233 19.139 0.812 0.000 1.000 -2.856e+00 -4.278e+00 -3.263e+00 -5.563e+00 -3.087e+00 -2.553e-01 -5.109e-01 -1.095e+00 -1.292e+00 -3.425e+00 -3.140e+00 -3.207e+00 -3.666e+00 -8.278e+00 -1.292e+01 -1.730e+01
-1.133 -4.133 18.265 19.066 0.000 0.000 1.000 -2.838e+00 -4.304e+00 -3.306e+00 -5.593e+00 -3.117e+00 -2.674e-01 -5.051e-01 -1.072e+00 -1.250e+00 -3.365e+00 -3.060e+00 -2.932e+00 -2.997e+00 -7.579e+00 -1.221e+01 -1.656e+01
-1.066 -4.067 18.295 18.991 0.062 0.000 1.000 -2.816e+00 -4.338e+00 -3.361e+00 -5.631e+00 -3.154e+00 -2.828e-01 -4.980e-01 -1.042e+00 -1.198e+00 -3.290e+00 -3.010e+00 -2.896e+00 -2.917e+00 -7.476e+00 -1.208e+01 -1.641e+01
-1.000 -4.000 18.324 18.965 0.062 0.000 1.000 -2.800e+00 -4.364e+00 -3.402e+00 -5.659e+00 -3.181e+00 -2.942e-01 -4.936e-01 -1.022e+00 -1.161e+00 -3.238e+00 -2.956e+00 -2.864e+00 -2.865e+00 -7.408e+00 -1.200e+01 -1.631e+01
-0.933 -3.934 18.353 18.881 0.062 0.000 1.000 -2.788e+00 -4.383e+00 -3.432e+00 -5.681e+00 -3.202e+00 -3.031e-01 -4.907e-01 -1.007e+00 -1.134e+00 -3.199e+00 -2.910e+00 -2.833e+00 -2.822e+00 -7.354e+00 -1.193e+01 -1.624e+01
-0.866 -3.867 18.383 18.921 0.062 0.000 1.000 -2.778e+00 -4.400e+00 -3.458e+00 -5.699e+00 -3.219e+00 -3.106e-01 -4.885e-01 -9.950e-01 -1.113e+00 -3.168e+00 -2.877e+00 -2.808e+00 -2.793e+00 -7.315e+00 -1.188e+01 -1.618e+01
-0.800 -3.800 18.415 18.919 0.062 0.000 1.000 -2.775e+00 -4.405e+00 -3.466e+00 -5.705e+00 -3.224e+00 -3.129e-01 -4.877e-01 -9.912e-01 -1.106e+00 -3.158e+00 -2.868e+00 -2.802e+00 -2.785e+00 -7.304e+00 -1.187e+01 -1.616e+01
-0.733 -3.734 18.450 18.923 0.062 0.000 1.000 -2.775e+00 -4.406e+00 -3.467e+00 -5.705e+00 -3.225e+00 -3.133e-01 -4.876e-01 -9.906e-01 -1.106e+00 -3.157e+00 -2.868e+00 -2.802e+00 -2.785e+00 -7.303e+00 -1.187e+01 -1.616e+01
-0.666 -3.667 18.488 18.925 0.062 0.000 1.000 -2.774e+00 -4.406e+00 -3.468e+00 -5.706e+00 -3.226e+00 -3.136e-01 -4.875e-01 -9.901e-01 -1.105e+00 -3.156e+00 -2.867e+00 -2.801e+00 -2.785e+00 -7.302e+00 -1.187e+01 -1.616e+01
-0.600 -3.600 18.529 18.925 0.062 0.000 1.000 -2.774e+00 -4.407e+00 -3.468e+00 -5.706e+00 -3.226e+00 -3.139e-01 -4.874e-01 -9.895e-01 -1.104e+00 -3.154e+00 -2.867e+00 -2.801e+00 -2.784e+00 -7.302e+00 -1.187e+01 -1.616e+01
-0.533 -3.534 18.572 18.925 0.062 0.000 1.000 -2.773e+00 -4.407e+00 -3.469e+00 -5.707e+00 -3.227e+00 -3.143e-01 -4.873e-01 -9.890e-01 -1.103e+00 -3.153e+00 -2.867e+00 -2.801e+00 -2.784e+00 -7.301e+00 -1.186e+01 -1.615e+01
-0.466 -3.467 18.617 18.925 0.062 0.000 1.000 -2.773e+00 -4.408e+00 -3.470e+00 -5.708e+00 -3.228e+00 -3.146e-01 -4.872e-01 -9.886e-01 -1.102e+00 -3.152e+00 -2.866e+00 -2.800e+00 -2.784e+00 -7.300e+00 -1.186e+01 -1.615e+01
-0.400 -3.400 18.664 18.924 0.062 0.000 1.000 -2.773e+00 -4.409e+00 -3.471e+00 -5.708e+00 -3.228e+00 -3.149e-01 -4.871e-01 -9.881e-01 -1.101e+00 -3.150e+00 -2.866e+00 -2.800e+00 -2.783e+00 -7.299e+00 -1.186e+01 -1.615e+01
-0.333 -3.333 18.713 18.923 0.062 0.000 1.000 -2.772e+00 -4.409e+00 -3.472e+00 -5.709e+00 -3.229e+00 -3.152e-01 -4.870e-01 -9.876e-01 -1.100e+00 -3.149e+00 -2.865e+00 -2.800e+00 -2.783e+00 -7.299e+00 -1.186e+01 -1.615e+01
-0.267 -3.267 18.764 18.922 0.062 0.000 1.000 -2.772e+00 -4.410e+00 -3.473e+00 -5.710e+00 -3.230e+00 -3.155e-01 -4.870e-01 -9.871e-01 -1.100e+00 -3.148e+00 -2.865e+00 -2.799e+00 -2.783e+00 -7.298e+00 -1.186e+01 -1.615e+01
-0.200 -3.200 18.817 18.921 0.062 0.000 1.000 -2.771e+00 -4.411e+00 -3.475e+00 -5.711e+00 -3.230e+00 -3.158e-01 -4.869e-01 -9.866e-01 -1.099e+00 -3.147e+00 -2.864e+00 -2.799e+00 -2.782e+00 -7.297e+00 -1.186e+01 -1.615e+01
-0.133 -3.133 18.871 18.919 0.062 0.000 1.000 -2.771e+00 -4.411e+00 -3.476e+00 -5.711e+00 -3.231e+00 -3.161e-01 -4.868e-01 -9.861e-01 -1.098e+00 -3.145e+00 -2.864e+00 -2.799e+00 -2.782e+00 -7.296e+00 -1.186e+01 -1.614e+01
-0.067 -3.067 18.927 18.918 0.062 0.000 1.000 -2.771e+00 -4.412e+00 -3.477e+00 -5.712e+00 -3.232e+00 -3.164e-01 -4.867e-01 -9.857e-01 -1.097e+00 -3.144e+00 -2.863e+00 -2.799e+00 -2.781e+00 -7.296e+00 -1.186e+01 -1.614e+01
+0.000 -3.000 18.983 18.917 0.062 0.000 1.000 -2.770e+00 -4.413e+00 -3.478e+00 -5.713e+00 -3.233e+00 -3.167e-01 -4.866e-01 -9.852e-01 -1.096e+00 -3.143e+00 -2.863e+00 -2.798e+00 -2.781e+00 -7.295e+00 -1.185e+01 -1.614e+01
+0.067 -2.934 19.041 18.916 0.062 0.000 1.000 -2.770e+00 -4.414e+00 -3.479e+00 -5.714e+00 -3.233e+00 -3.170e-01 -4.865e-01 -9.847e-01 -1.095e+00 -3.142e+00 -2.862e+00 -2.798e+00 -2.781e+00 -7.294e+00 -1.185e+01 -1.614e+01
+0.134 -2.867 19.100 18.915 0.062 0.000 1.000 -2.769e+00 -4.414e+00 -3.480e+00 -5.714e+00 -3.234e+00 -3.174e-01 -4.865e-01 -9.842e-01 -1.094e+00 -3.140e+00 -2.862e+00 -2.798e+00 -2.780e+00 -7.294e+00 -1.185e+01 -1.614e+01
+0.200 -2.800 19.160 18.914 0.062 0.000 1.000 -2.769e+00 -4.415e+00 -3.481e+00 -5.715e+00 -3.235e+00 -3.177e-01 -4.864e-01 -9.838e-01 -1.093e+00 -3.139e+00 -2.861e+00 -2.797e+00 -2.780e+00 -7.293e+00 -1.185e+01 -1.614e+01
+0.267 -2.734 19.220 18.912 0.062 0.000 1.000 -2.769e+00 -4.416e+00 -3.482e+00 -5.716e+00 -3.235e+00 -3.180e-01 -4.863e-01 -9.833e-01 -1.093e+00 -3.138e+00 -2.861e+00 -2.797e+00 -2.780e+00 -7.292e+00 -1.185e+01 -1.614e+01
+0.334 -2.667 19.281 18.911 0.062 0.000 1.000 -2.768e+00 -4.416e+00 -3.483e+00 -5.717e+00 -3.236e+00 -3.183e-01 -4.862e-01 -9.829e-01 -1.092e+00 -3.137e+00 -2.860e+00 -2.797e+00 -2.779e+00 -7.291e+00 -1.185e+01 -1.613e+01
+0.400 -2.600 19.342 18.910 0.062 0.000 1.000 -2.768e+00 -4.417e+00 -3.484e+00 -5.717e+00 -3.237e+00 -3.186e-01 -4.861e-01 -9.824e-01 -1.091e+00 -3.135e+00 -2.860e+00 -2.796e+00 -2.779e+00 -7.291e+00 -1.185e+01 -1.613e+01
+0.467 -2.533 19.405 18.909 0.062 0.000 1.000 -2.768e+00 -4.418e+00 -3.485e+00 -5.718e+00 -3.237e+00 -3.189e-01 -4.861e-01 -9.819e-01 -1.090e+00 -3.134e+00 -2.859e+00 -2.796e+00 -2.779e+00 -7.290e+00 -1.185e+01 -1.613e+01
+0.533 -2.467 19.467 18.908 0.062 0.000 1.000 -2.767e+00 -4.418e+00 -3.486e+00 -5.719e+00 -3.238e+00 -3.192e-01 -4.860e-01 -9.815e-01 -1.089e+00 -3.133e+00 -2.859e+00 -2.796e+00 -2.778e+00 -7.289e+00 -1.185e+01 -1.613e+01
+0.600 -2.400 19.530 18.907 0.062 0.000 1.000 -2.767e+00 -4.419e+00 -3.487e+00 -5.720e+00 -3.239e+00 -3.195e-01 -4.859e-01 -9.810e-01 -1.088e+00 -3.132e+00 -2.858e+00 -2.795e+00 -2.778e+00 -7.288e+00 -1.184e+01 -1.613e+01
+0.667 -2.333 19.594 18.905 0.062 0.000 1.000 -2.766e+00 -4.420e+00 -3.488e+00 -5.720e+00 -3.239e+00 -3.198e-01 -4.858e-01 -9.805e-01 -1.087e+00 -3.130e+00 -2.858e+00 -2.795e+00 -2.778e+00 -7.288e+00 -1.184e+01 -1.613e+01
+0.733 -2.267 19.657 18.904 0.062 0.000 1.000 -2.766e+00 -4.420e+00 -3.489e+00 -5.721e+00 -3.240e+00 -3.201e-01 -4.857e-01 -9.801e-01 -1.087e+00 -3.129e+00 -2.857e+00 -2.795e+00 -2.777e+00 -7.287e+00 -1.184e+01 -1.613e+01
+0.800 -2.200 19.721 18.903 0.062 0.000 1.000 -2.766e+00 -4.421e+00 -3.490e+00 -5.722e+00 -3.241e+00 -3.204e-01 -4.857e-01 -9.796e-01 -1.086e+00 -3.128e+00 -2.857e+00 -2.795e+00 -2.777e+00 -7.286e+00 -1.184e+01 -1.612e+01
+0.867 -2.134 19.785 18.902 0.062 0.000 1.000 -2.765e+00 -4.422e+00 -3.491e+00 -5.723e+00 -3.241e+00 -3.207e-01 -4.856e-01 -9.792e-01 -1.085e+00 -3.127e+00 -2.856e+00 -2.794e+00 -2.777e+00 -7.286e+00 -1.184e+01 -1.612e+01
+0.934 -2.067 19.849 18.901 0.062 0.000 1.000 -2.765e+00 -4.422e+00 -3.492e+00 -5.723e+00 -3.242e+00 -3.210e-01 -4.855e-01 -9.787e-01 -1.084e+00 -3.126e+00 -2.855e+00 -2.794e+00 -2.776e+00 -7.285e+00 -1.184e+01 -1.612e+01
+1.000 -2.000 19.914 18.900 0.062 0.000 1.000 -2.765e+00 -4.423e+00 -3.493e+00 -5.724e+00 -3.243e+00 -3.213e-01 -4.854e-01 -9.783e-01 -1.083e+00 -3.124e+00 -2.855e+00 -2.794e+00 -2.776e+00 -7.284e+00 -1.184e+01 -1.612e+01
+1.067 -1.934 19.978 18.898 0.062 0.000 1.000 -2.764e+00 -4.424e+00 -3.494e+00 -5.725e+00 -3.243e+00 -3.216e-01 -4.854e-01 -9.779e-01 -1.082e+00 -3.123e+00 -2.854e+00 -2.793e+00 -2.776e+00 -7.283e+00 -1.184e+01 -1.612e+01
+1.134 -1.867 20.043 18.897 0.062 0.000 1.000 -2.764e+00 -4.424e+00 -3.495e+00 -5.726e+00 -3.244e+00 -3.219e-01 -4.853e-01 -9.774e-01 -1.082e+00 -3.122e+00 -2.854e+00 -2.793e+00 -2.775e+00 -7.283e+00 -1.184e+01 -1.612e+01
+1.200 -1.800 20.108 18.896 0.062 0.000 1.000 -2.763e+00 -4.425e+00 -3.496e+00 -5.726e+00 -3.245e+00 -3.222e-01 -4.852e-01 -9.770e-01 -1.081e+00 -3.121e+00 -2.853e+00 -2.793e+00 -2.775e+00 -7.282e+00 -1.183e+01 -1.612e+01
+1.267 -1.733 20.173 18.895 0.062 0.000 1.000 -2.763e+00 -4.426e+00 -3.497e+00 -5.727e+00 -3.245e+00 -3.225e-01 -4.851e-01 -9.765e-01 -1.080e+00 -3.120e+00 -2.853e+00 -2.792e+00 -2.774e+00 -7.281e+00 -1.183e+01 -1.611e+01
+1.333 -1.667 20.238 18.894 0.062 0.000 1.000 -2.763e+00 -4.426e+00 -3.498e+00 -5.728e+00 -3.246e+00 -3.228e-01 -4.851e-01 -9.761e-01 -1.079e+00 -3.118e+00 -2.852e+00 -2.792e+00 -2.774e+00 -7.280e+00 -1.183e+01 -1.611e+01
+1.400 -1.600 20.303 18.893 0.062 0.000 1.000 -2.762e+00 -4.427e+00 -3.499e+00 -5.728e+00 -3.247e+00 -3.231e-01 -4.850e-01 -9.756e-01 -1.078e+00 -3.117e+00 -2.851e+00 -2.792e+00 -2.774e+00 -7.280e+00 -1.183e+01 -1.611e+01
+1.467 -1.533 20.368 18.892 0.062 0.000 1.000 -2.762e+00 -4.428e+00 -3.500e+00 -5.729e+00 -3.247e+00 -3.234e-01 -4.849e-01 -9.752e-01 -1.077e+00 -3.116e+00 -2.851e+00 -2.791e+00 -2.773e+00 -7.279e+00 -1.183e+01 -1.611e+01
+1.533 -1.467 20.433 18.891 0.062 0.000 1.000 -2.762e+00 -4.428e+00 -3.501e+00 -5.730e+00 -3.248e+00 -3.236e-01 -4.849e-01 -9.748e-01 -1.077e+00 -3.115e+00 -2.850e+00 -2.791e+00 -2.773e+00 -7.278e+00 -1.183e+01 -1.611e+01
+1.600 -1.400 20.499 18.889 0.062 0.000 1.000 -2.761e+00 -4.429e+00 -3.502e+00 -5.731e+00 -3.249e+00 -3.239e-01 -4.848e-01 -9.743e-01 -1.076e+00 -3.114e+00 -2.849e+00 -2.791e+00 -2.773e+00 -7.278e+00 -1.183e+01 -1.611e+01
+1.667 -1.334 20.564 18.888 0.062 0.000 1.000 -2.761e+00 -4.430e+00 -3.503e+00 -5.731e+00 -3.249e+00 -3.242e-01 -4.847e-01 -9.739e-01 -1.075e+00 -3.113e+00 -2.849e+00 -2.790e+00 -2.772e+00 -7.277e+00 -1.183e+01 -1.610e+01
+1.734 -1.267 20.629 18.887 0.062 0.000 1.000 -2.760e+00 -4.430e+00 -3.504e+00 -5.732e+00 -3.250e+00 -3.245e-01 -4.847e-01 -9.735e-01 -1.074e+00 -3.111e+00 -2.848e+00 -2.790e+00 -2.772e+00 -7.276e+00 -1.183e+01 -1.610e+01
+1.800 -1.200 20.695 18.886 0.062 0.000 1.000 -2.760e+00 -4.431e+00 -3.505e+00 -5.733e+00 -3.251e+00 -3.248e-01 -4.846e-01 -9.730e-01 -1.073e+00 -3.110e+00 -2.848e+00 -2.790e+00 -2.772e+00 -7.275e+00 -1.183e+01 -1.610e+01
+1.867 -1.134 20.760 18.885 0.062 0.000 1.000 -2.760e+00 -4.432e+00 -3.506e+00 -5.734e+00 -3.251e+00 -3.251e-01 -4.845e-01 -9.726e-01 -1.073e+00 -3.109e+00 -2.847e+00 -2.789e+00 -2.771e+00 -7.275e+00 -1.182e+01 -1.610e+01
+1.934 -1.067 20.826 18.884 0.062 0.000 1.000 -2.759e+00 -4.432e+00 -3.507e+00 -5.734e+00 -3.252e+00 -3.254e-01 -4.845e-01 -9.722e-01 -1.072e+00 -3.108e+00 -2.846e+00 -2.789e+00 -2.771e+00 -7.274e+00 -1.182e+01 -1.610e+01
+2.000 -1.000 20.891 18.883 0.062 0.000 1.000 -2.759e+00 -4.433e+00 -3.508e+00 -5.735e+00 -3.253e+00 -3.257e-01 -4.844e-01 -9.718e-01 -1.071e+00 -3.107e+00 -2.846e+00 -2.789e+00 -2.771e+00 -7.273e+00 -1.182e+01 -1.610e+01
