# ASY+PE method (with partition functions): 14070 integration steps # All quantities except Asy, RG_PE, and sumX are log10(x)
# Log of absolute values for E and dE/dt as they can be negative
# Units: t and dt in s; E in erg; dE/dt in erg/g/s; others dimensionless 
#
#    t     dt     |E|  |dE/dt| Asy  Equil  sumX  X(4He)     X(12C)     X(16O)     X(20Ne)     X(24Mg)     X(28Si)     X(32S)     X(36Ar)     X(40Ca)     X(44Ti)     X(48Cr)     X(52Fe)     X(56Ni)     X(60Zn)     X(64Ge)     X(68Se)     

-17.930 -18.972 10.285 28.219 0.000 0.000 1.000 -7.755e+00 -3.010e-01 -3.010e-01 -7.075e+00 -8.387e+00 -1.008e+01 -2.400e+01 -2.400e+01 -2.400e+01 -2.400e+01 -2.400e+01 -2.400e+01 -2.400e+01 -2.400e+01 -2.400e+01 -2.400e+01
-17.889 -18.930 10.326 28.219 0.000 0.000 1.000 -7.713e+00 -3.010e-01 -3.010e-01 -7.033e+00 -8.345e+00 -1.004e+01 -2.400e+01 -2.400e+01 -2.400e+01 -2.400e+01 -2.400e+01 -2.400e+01 -2.400e+01 -2.400e+01 -2.400e+01 -2.400e+01
-17.806 -18.848 10.410 28.219 0.000 0.000 1.000 -7.630e+00 -3.010e-01 -3.010e-01 -6.949e+00 -8.262e+00 -9.952e+00 -2.400e+01 -2.400e+01 -2.400e+01 -2.400e+01 -2.400e+01 -2.400e+01 -2.400e+01 -2.400e+01 -2.400e+01 -2.400e+01
-17.765 -18.806 10.451 28.219 0.000 0.000 1.000 -7.588e+00 -3.010e-01 -3.010e-01 -6.908e+00 -8.220e+00 -9.910e+00 -2.400e+01 -2.400e+01 -2.400e+01 -2.400e+01 -2.400e+01 -2.400e+01 -2.400e+01 -2.400e+01 -2.400e+01 -2.400e+01
-17.723 -18.765 10.493 28.219 0.000 0.000 1.000 -7.546e+00 -3.010e-01 -3.010e-01 -6.866e+00 -8.178e+00 -9.869e+00 -2.399e+01 -2.400e+01 -2.400e+01 -2.400e+01 -2.400e+01 -2.400e+01 -2.400e+01 -2.400e+01 -2.400e+01 -2.400e+01
-17.641 -18.682 10.576 28.219 0.000 0.000 1.000 -7.463e+00 -3.010e-01 -3.010e-01 -6.783e+00 -8.095e+00 -9.786e+00 -2.399e+01 -2.400e+01 -2.400e+01 -2.400e+01 -2.400e+01 -2.400e+01 -2.400e+01 -2.400e+01 -2.400e+01 -2.400e+01
-17.599 -18.641 10.618 28.219 0.000 0.000 1.000 -7.422e+00 -3.010e-01 -3.010e-01 -6.741e+00 -8.053e+00 -9.744e+00 -2.399e+01 -2.400e+01 -2.400e+01 -2.400e+01 -2.400e+01 -2.400e+01 -2.400e+01 -2.400e+01 -2.400e+01 -2.400e+01
-17.558 -18.599 10.659 28.219 0.000 0.000 1.000 -7.380e+00 -3.010e-01 -3.010e-01 -6.700e+00 -8.012e+00 -9.702e+00 -2.398e+01 -2.400e+01 -2.400e+01 -2.400e+01 -2.400e+01 -2.400e+01 -2.400e+01 -2.400e+01 -2.400e+01 -2.400e+01
-17.516 -18.558 10.701 28.219 0.000 0.000 1.000 -7.338e+00 -3.010e-01 -3.010e-01 -6.658e+00 -7.970e+00 -9.661e+00 -2.398e+01 -2.400e+01 -2.400e+01 -2.400e+01 -2.400e+01 -2.400e+01 -2.400e+01 -2.400e+01 -2.400e+01 -2.400e+01
-17.434 -18.475 10.784 28.219 0.000 0.000 1.000 -7.255e+00 -3.010e-01 -3.010e-01 -6.575e+00 -7.887e+00 -9.578e+00 -2.396e+01 -2.400e+01 -2.400e+01 -2.400e+01 -2.400e+01 -2.400e+01 -2.400e+01 -2.400e+01 -2.400e+01 -2.400e+01
-17.392 -18.434 10.825 28.219 0.000 0.000 1.000 -7.214e+00 -3.010e-01 -3.010e-01 -6.534e+00 -7.846e+00 -9.536e+00 -2.395e+01 -2.400e+01 -2.400e+01 -2.400e+01 -2.400e+01 -2.400e+01 -2.400e+01 -2.400e+01 -2.400e+01 -2.400e+01
-17.351 -18.392 10.867 28.219 0.000 0.000 1.000 -7.172e+00 -3.010e-01 -3.010e-01 -6.492e+00 -7.804e+00 -9.495e+00 -2.394e+01 -2.400e+01 -2.400e+01 -2.400e+01 -2.400e+01 -2.400e+01 -2.400e+01 -2.400e+01 -2.400e+01 -2.400e+01
-17.268 -18.309 10.950 28.219 0.000 0.000 1.000 -7.090e+00 -3.010e-01 -3.010e-01 -6.409e+00 -7.721e+00 -9.412e+00 -2.389e+01 -2.400e+01 -2.400e+01 -2.400e+01 -2.400e+01 -2.400e+01 -2.400e+01 -2.400e+01 -2.400e+01 -2.400e+01
-17.227 -18.268 10.991 28.219 0.000 0.000 1.000 -7.048e+00 -3.010e-01 -3.010e-01 -6.368e+00 -7.680e+00 -9.371e+00 -2.386e+01 -2.400e+01 -2.400e+01 -2.400e+01 -2.400e+01 -2.400e+01 -2.400e+01 -2.400e+01 -2.400e+01 -2.400e+01
-17.185 -18.227 11.033 28.219 0.000 0.000 1.000 -7.007e+00 -3.010e-01 -3.010e-01 -6.326e+00 -7.638e+00 -9.329e+00 -2.382e+01 -2.400e+01 -2.400e+01 -2.400e+01 -2.400e+01 -2.400e+01 -2.400e+01 -2.400e+01 -2.400e+01 -2.400e+01
-17.144 -18.185 11.074 28.219 0.000 0.000 1.000 -6.965e+00 -3.010e-01 -3.010e-01 -6.285e+00 -7.597e+00 -9.288e+00 -2.378e+01 -2.400e+01 -2.400e+01 -2.400e+01 -2.400e+01 -2.400e+01 -2.400e+01 -2.400e+01 -2.400e+01 -2.400e+01
-17.061 -18.103 11.157 28.219 0.000 0.000 1.000 -6.882e+00 -3.010e-01 -3.010e-01 -6.202e+00 -7.514e+00 -9.205e+00 -2.366e+01 -2.400e+01 -2.400e+01 -2.400e+01 -2.400e+01 -2.400e+01 -2.400e+01 -2.400e+01 -2.400e+01 -2.400e+01
-17.020 -18.061 11.199 28.219 0.000 0.000 1.000 -6.841e+00 -3.010e-01 -3.010e-01 -6.161e+00 -7.473e+00 -9.163e+00 -2.359e+01 -2.400e+01 -2.400e+01 -2.400e+01 -2.400e+01 -2.400e+01 -2.400e+01 -2.400e+01 -2.400e+01 -2.400e+01
-16.978 -18.020 11.240 28.219 0.000 0.000 1.000 -6.799e+00 -3.010e-01 -3.010e-01 -6.119e+00 -7.431e+00 -9.122e+00 -2.351e+01 -2.400e+01 -2.400e+01 -2.400e+01 -2.400e+01 -2.400e+01 -2.400e+01 -2.400e+01 -2.400e+01 -2.400e+01
-16.896 -17.937 11.323 28.219 0.000 0.000 1.000 -6.717e+00 -3.010e-01 -3.010e-01 -6.036e+00 -7.348e+00 -9.039e+00 -2.333e+01 -2.400e+01 -2.400e+01 -2.400e+01 -2.400e+01 -2.400e+01 -2.400e+01 -2.400e+01 -2.400e+01 -2.400e+01
-16.854 -17.896 11.364 28.219 0.000 0.000 1.000 -6.675e+00 -3.010e-01 -3.010e-01 -5.995e+00 -7.307e+00 -8.998e+00 -2.323e+01 -2.400e+01 -2.400e+01 -2.400e+01 -2.400e+01 -2.400e+01 -2.400e+01 -2.400e+01 -2.400e+01 -2.400e+01
-16.813 -17.854 11.406 28.219 0.000 0.000 1.000 -6.634e+00 -3.010e-01 -3.010e-01 -5.953e+00 -7.266e+00 -8.956e+00 -2.312e+01 -2.400e+01 -2.400e+01 -2.400e+01 -2.400e+01 -2.400e+01 -2.400e+01 -2.400e+01 -2.400e+01 -2.400e+01
-16.771 -17.813 11.447 28.219 0.000 0.000 1.000 -6.592e+00 -3.010e-01 -3.010e-01 -5.912e+00 -7.224e+00 -8.915e+00 -2.301e+01 -2.400e+01 -2.400e+01 -2.400e+01 -2.400e+01 -2.400e+01 -2.400e+01 -2.400e+01 -2.400e+01 -2.400e+01
-16.689 -17.730 11.530 28.219 0.000 0.000 1.000 -6.509e+00 -3.010e-01 -3.010e-01 -5.829e+00 -7.141e+00 -8.832e+00 -2.278e+01 -2.400e+01 -2.400e+01 -2.400e+01 -2.400e+01 -2.400e+01 -2.400e+01 -2.400e+01 -2.400e+01 -2.400e+01
-16.647 -17.689 11.571 28.219 0.000 0.000 1.000 -6.468e+00 -3.010e-01 -3.010e-01 -5.788e+00 -7.100e+00 -8.790e+00 -2.266e+01 -2.400e+01 -2.400e+01 -2.400e+01 -2.400e+01 -2.400e+01 -2.400e+01 -2.400e+01 -2.400e+01 -2.400e+01
-16.606 -17.647 11.613 28.219 0.000 0.000 1.000 -6.427e+00 -3.010e-01 -3.010e-01 -5.746e+00 -7.059e+00 -8.749e+00 -2.255e+01 -2.400e+01 -2.400e+01 -2.400e+01 -2.400e+01 -2.400e+01 -2.400e+01 -2.400e+01 -2.400e+01 -2.400e+01
-16.523 -17.564 11.696 28.219 0.000 0.000 1.000 -6.344e+00 -3.010e-01 -3.010e-01 -5.664e+00 -6.976e+00 -8.666e+00 -2.230e+01 -2.400e+01 -2.400e+01 -2.400e+01 -2.400e+01 -2.400e+01 -2.400e+01 -2.400e+01 -2.400e+01 -2.400e+01
-16.482 -17.523 11.737 28.219 0.000 0.000 1.000 -6.302e+00 -3.010e-01 -3.010e-01 -5.622e+00 -6.934e+00 -8.625e+00 -2.218e+01 -2.400e+01 -2.400e+01 -2.400e+01 -2.400e+01 -2.400e+01 -2.400e+01 -2.400e+01 -2.400e+01 -2.400e+01
-16.440 -17.482 11.778 28.219 0.000 0.000 1.000 -6.261e+00 -3.010e-01 -3.010e-01 -5.581e+00 -6.893e+00 -8.583e+00 -2.206e+01 -2.400e+01 -2.400e+01 -2.400e+01 -2.400e+01 -2.400e+01 -2.400e+01 -2.400e+01 -2.400e+01 -2.400e+01
-16.399 -17.440 11.820 28.219 0.000 0.000 1.000 -6.220e+00 -3.010e-01 -3.010e-01 -5.539e+00 -6.851e+00 -8.542e+00 -2.194e+01 -2.400e+01 -2.400e+01 -2.400e+01 -2.400e+01 -2.400e+01 -2.400e+01 -2.400e+01 -2.400e+01 -2.400e+01
-16.316 -17.357 11.903 28.219 0.000 0.000 1.000 -6.137e+00 -3.010e-01 -3.010e-01 -5.457e+00 -6.769e+00 -8.459e+00 -2.169e+01 -2.400e+01 -2.400e+01 -2.400e+01 -2.400e+01 -2.400e+01 -2.400e+01 -2.400e+01 -2.400e+01 -2.400e+01
-16.275 -17.316 11.944 28.219 0.000 0.000 1.000 -6.095e+00 -3.010e-01 -3.010e-01 -5.415e+00 -6.727e+00 -8.418e+00 -2.157e+01 -2.400e+01 -2.400e+01 -2.400e+01 -2.400e+01 -2.400e+01 -2.400e+01 -2.400e+01 -2.400e+01 -2.400e+01
-16.233 -17.275 11.985 28.219 0.000 0.000 1.000 -6.054e+00 -3.010e-01 -3.010e-01 -5.374e+00 -6.686e+00 -8.376e+00 -2.144e+01 -2.400e+01 -2.400e+01 -2.400e+01 -2.400e+01 -2.400e+01 -2.400e+01 -2.400e+01 -2.400e+01 -2.400e+01
-16.150 -17.192 12.068 28.219 0.000 0.000 1.000 -5.971e+00 -3.010e-01 -3.010e-01 -5.291e+00 -6.603e+00 -8.294e+00 -2.119e+01 -2.400e+01 -2.400e+01 -2.400e+01 -2.400e+01 -2.400e+01 -2.400e+01 -2.400e+01 -2.400e+01 -2.400e+01
-16.109 -17.150 12.110 28.219 0.000 0.000 1.000 -5.930e+00 -3.010e-01 -3.010e-01 -5.250e+00 -6.562e+00 -8.252e+00 -2.107e+01 -2.400e+01 -2.400e+01 -2.400e+01 -2.400e+01 -2.400e+01 -2.400e+01 -2.400e+01 -2.400e+01 -2.400e+01
-16.068 -17.109 12.151 28.219 0.000 0.000 1.000 -5.888e+00 -3.010e-01 -3.010e-01 -5.208e+00 -6.520e+00 -8.211e+00 -2.095e+01 -2.400e+01 -2.400e+01 -2.400e+01 -2.400e+01 -2.400e+01 -2.400e+01 -2.400e+01 -2.400e+01 -2.400e+01
-16.026 -17.068 12.192 28.219 0.000 0.000 1.000 -5.847e+00 -3.010e-01 -3.010e-01 -5.167e+00 -6.479e+00 -8.169e+00 -2.082e+01 -2.400e+01 -2.400e+01 -2.400e+01 -2.400e+01 -2.400e+01 -2.400e+01 -2.400e+01 -2.400e+01 -2.400e+01
-15.944 -16.985 12.275 28.219 0.000 0.000 1.000 -5.764e+00 -3.010e-01 -3.010e-01 -5.084e+00 -6.396e+00 -8.087e+00 -2.057e+01 -2.400e+01 -2.400e+01 -2.400e+01 -2.400e+01 -2.400e+01 -2.400e+01 -2.400e+01 -2.400e+01 -2.400e+01
-15.902 -16.944 12.317 28.219 0.000 0.000 1.000 -5.723e+00 -3.010e-01 -3.010e-01 -5.043e+00 -6.355e+00 -8.045e+00 -2.045e+01 -2.400e+01 -2.400e+01 -2.400e+01 -2.400e+01 -2.400e+01 -2.400e+01 -2.400e+01 -2.400e+01 -2.400e+01
-15.861 -16.902 12.358 28.219 0.000 0.000 1.000 -5.681e+00 -3.010e-01 -3.010e-01 -5.001e+00 -6.313e+00 -8.004e+00 -2.032e+01 -2.400e+01 -2.400e+01 -2.400e+01 -2.400e+01 -2.400e+01 -2.400e+01 -2.400e+01 -2.400e+01 -2.400e+01
-15.778 -16.819 12.441 28.219 0.000 0.000 1.000 -5.599e+00 -3.010e-01 -3.010e-01 -4.918e+00 -6.231e+00 -7.921e+00 -2.008e+01 -2.400e+01 -2.400e+01 -2.400e+01 -2.400e+01 -2.400e+01 -2.400e+01 -2.400e+01 -2.400e+01 -2.400e+01
-15.737 -16.778 12.482 28.219 0.000 0.000 1.000 -5.557e+00 -3.010e-01 -3.010e-01 -4.877e+00 -6.189e+00 -7.880e+00 -1.995e+01 -2.400e+01 -2.400e+01 -2.400e+01 -2.400e+01 -2.400e+01 -2.400e+01 -2.400e+01 -2.400e+01 -2.400e+01
-15.695 -16.737 12.524 28.219 0.000 0.000 1.000 -5.516e+00 -3.010e-01 -3.010e-01 -4.836e+00 -6.148e+00 -7.838e+00 -1.983e+01 -2.400e+01 -2.400e+01 -2.400e+01 -2.400e+01 -2.400e+01 -2.400e+01 -2.400e+01 -2.400e+01 -2.400e+01
-15.612 -16.654 12.606 28.219 0.000 0.000 1.000 -5.433e+00 -3.010e-01 -3.010e-01 -4.753e+00 -6.065e+00 -7.755e+00 -1.958e+01 -2.400e+01 -2.400e+01 -2.400e+01 -2.400e+01 -2.400e+01 -2.400e+01 -2.400e+01 -2.400e+01 -2.400e+01
-15.571 -16.612 12.648 28.219 0.000 0.000 1.000 -5.392e+00 -3.011e-01 -3.010e-01 -4.711e+00 -6.024e+00 -7.714e+00 -1.946e+01 -2.400e+01 -2.400e+01 -2.400e+01 -2.400e+01 -2.400e+01 -2.400e+01 -2.400e+01 -2.400e+01 -2.400e+01
-15.530 -16.571 12.689 28.219 0.000 0.000 1.000 -5.350e+00 -3.011e-01 -3.010e-01 -4.670e+00 -5.982e+00 -7.673e+00 -1.933e+01 -2.400e+01 -2.400e+01 -2.400e+01 -2.400e+01 -2.400e+01 -2.400e+01 -2.400e+01 -2.400e+01 -2.400e+01
-15.488 -16.530 12.731 28.219 0.000 0.000 1.000 -5.309e+00 -3.011e-01 -3.010e-01 -4.629e+00 -5.941e+00 -7.631e+00 -1.921e+01 -2.400e+01 -2.400e+01 -2.400e+01 -2.400e+01 -2.400e+01 -2.400e+01 -2.400e+01 -2.400e+01 -2.400e+01
-15.405 -16.447 12.813 28.219 0.000 0.000 1.000 -5.226e+00 -3.011e-01 -3.010e-01 -4.546e+00 -5.858e+00 -7.549e+00 -1.896e+01 -2.400e+01 -2.400e+01 -2.400e+01 -2.400e+01 -2.400e+01 -2.400e+01 -2.400e+01 -2.400e+01 -2.400e+01
-15.364 -16.405 12.855 28.219 0.000 0.000 1.000 -5.185e+00 -3.011e-01 -3.010e-01 -4.505e+00 -5.817e+00 -7.507e+00 -1.883e+01 -2.400e+01 -2.400e+01 -2.400e+01 -2.400e+01 -2.400e+01 -2.400e+01 -2.400e+01 -2.400e+01 -2.400e+01
-15.323 -16.364 12.896 28.219 0.000 0.000 1.000 -5.143e+00 -3.011e-01 -3.010e-01 -4.463e+00 -5.775e+00 -7.466e+00 -1.871e+01 -2.400e+01 -2.400e+01 -2.400e+01 -2.400e+01 -2.400e+01 -2.400e+01 -2.400e+01 -2.400e+01 -2.400e+01
-15.240 -16.281 12.979 28.219 0.000 0.000 1.000 -5.060e+00 -3.011e-01 -3.010e-01 -4.380e+00 -5.692e+00 -7.383e+00 -1.846e+01 -2.400e+01 -2.400e+01 -2.400e+01 -2.400e+01 -2.400e+01 -2.400e+01 -2.400e+01 -2.400e+01 -2.400e+01
-15.198 -16.240 13.020 28.219 0.000 0.000 1.000 -5.019e+00 -3.011e-01 -3.010e-01 -4.339e+00 -5.651e+00 -7.342e+00 -1.834e+01 -2.400e+01 -2.400e+01 -2.400e+01 -2.400e+01 -2.400e+01 -2.400e+01 -2.400e+01 -2.400e+01 -2.400e+01
-15.157 -16.198 13.062 28.219 0.000 0.000 1.000 -4.978e+00 -3.011e-01 -3.010e-01 -4.298e+00 -5.610e+00 -7.300e+00 -1.821e+01 -2.400e+01 -2.400e+01 -2.400e+01 -2.400e+01 -2.400e+01 -2.400e+01 -2.400e+01 -2.400e+01 -2.400e+01
-15.116 -16.157 13.103 28.219 0.000 0.000 1.000 -4.936e+00 -3.011e-01 -3.010e-01 -4.256e+00 -5.568e+00 -7.259e+00 -1.809e+01 -2.400e+01 -2.400e+01 -2.400e+01 -2.400e+01 -2.400e+01 -2.400e+01 -2.400e+01 -2.400e+01 -2.400e+01
-15.033 -16.074 13.186 28.219 0.000 0.000 1.000 -4.854e+00 -3.011e-01 -3.010e-01 -4.173e+00 -5.485e+00 -7.176e+00 -1.784e+01 -2.400e+01 -2.400e+01 -2.400e+01 -2.400e+01 -2.400e+01 -2.400e+01 -2.400e+01 -2.400e+01 -2.400e+01
-14.991 -16.033 13.227 28.219 0.000 0.000 1.000 -4.812e+00 -3.011e-01 -3.010e-01 -4.132e+00 -5.444e+00 -7.135e+00 -1.772e+01 -2.400e+01 -2.400e+01 -2.400e+01 -2.400e+01 -2.400e+01 -2.400e+01 -2.400e+01 -2.400e+01 -2.400e+01
-14.950 -15.991 13.269 28.219 0.000 0.000 1.000 -4.771e+00 -3.011e-01 -3.010e-01 -4.091e+00 -5.403e+00 -7.093e+00 -1.759e+01 -2.400e+01 -2.400e+01 -2.400e+01 -2.400e+01 -2.400e+01 -2.400e+01 -2.400e+01 -2.400e+01 -2.400e+01
-14.867 -15.909 13.351 28.219 0.000 0.000 1.000 -4.688e+00 -3.011e-01 -3.010e-01 -4.008e+00 -5.320e+00 -7.010e+00 -1.734e+01 -2.400e+01 -2.400e+01 -2.400e+01 -2.400e+01 -2.400e+01 -2.400e+01 -2.400e+01 -2.400e+01 -2.400e+01
-14.826 -15.867 13.393 28.219 0.000 0.000 1.000 -4.647e+00 -3.011e-01 -3.010e-01 -3.966e+00 -5.279e+00 -6.969e+00 -1.722e+01 -2.400e+01 -2.400e+01 -2.400e+01 -2.400e+01 -2.400e+01 -2.400e+01 -2.400e+01 -2.400e+01 -2.400e+01
-14.785 -15.826 13.434 28.219 0.000 0.000 1.000 -4.605e+00 -3.012e-01 -3.010e-01 -3.925e+00 -5.237e+00 -6.928e+00 -1.710e+01 -2.400e+01 -2.400e+01 -2.400e+01 -2.400e+01 -2.400e+01 -2.400e+01 -2.400e+01 -2.400e+01 -2.400e+01
-14.743 -15.785 13.475 28.218 0.000 0.000 1.000 -4.564e+00 -3.012e-01 -3.010e-01 -3.884e+00 -5.196e+00 -6.886e+00 -1.697e+01 -2.400e+01 -2.400e+01 -2.400e+01 -2.400e+01 -2.400e+01 -2.400e+01 -2.400e+01 -2.400e+01 -2.400e+01
-14.660 -15.702 13.558 28.218 0.000 0.000 1.000 -4.481e+00 -3.012e-01 -3.010e-01 -3.801e+00 -5.113e+00 -6.803e+00 -1.672e+01 -2.400e+01 -2.400e+01 -2.400e+01 -2.400e+01 -2.400e+01 -2.400e+01 -2.400e+01 -2.400e+01 -2.400e+01
-14.619 -15.660 13.600 28.218 0.000 0.000 1.000 -4.440e+00 -3.012e-01 -3.010e-01 -3.760e+00 -5.072e+00 -6.762e+00 -1.660e+01 -2.400e+01 -2.400e+01 -2.400e+01 -2.400e+01 -2.400e+01 -2.400e+01 -2.400e+01 -2.400e+01 -2.400e+01
-14.578 -15.619 13.641 28.218 0.000 0.000 1.000 -4.398e+00 -3.012e-01 -3.010e-01 -3.718e+00 -5.030e+00 -6.721e+00 -1.648e+01 -2.400e+01 -2.400e+01 -2.400e+01 -2.400e+01 -2.400e+01 -2.400e+01 -2.400e+01 -2.400e+01 -2.400e+01
-14.495 -15.536 13.724 28.218 0.000 0.000 1.000 -4.316e+00 -3.013e-01 -3.010e-01 -3.635e+00 -4.947e+00 -6.638e+00 -1.623e+01 -2.400e+01 -2.400e+01 -2.400e+01 -2.400e+01 -2.400e+01 -2.400e+01 -2.400e+01 -2.400e+01 -2.400e+01
-14.453 -15.495 13.765 28.218 0.000 0.000 1.000 -4.274e+00 -3.013e-01 -3.010e-01 -3.594e+00 -4.906e+00 -6.596e+00 -1.610e+01 -2.400e+01 -2.400e+01 -2.400e+01 -2.400e+01 -2.400e+01 -2.400e+01 -2.400e+01 -2.400e+01 -2.400e+01
-14.412 -15.453 13.806 28.218 0.000 0.000 1.000 -4.233e+00 -3.013e-01 -3.010e-01 -3.553e+00 -4.865e+00 -6.555e+00 -1.598e+01 -2.400e+01 -2.400e+01 -2.400e+01 -2.400e+01 -2.400e+01 -2.400e+01 -2.400e+01 -2.400e+01 -2.400e+01
-14.371 -15.412 13.848 28.218 0.000 0.000 1.000 -4.191e+00 -3.014e-01 -3.010e-01 -3.511e+00 -4.823e+00 -6.514e+00 -1.585e+01 -2.400e+01 -2.400e+01 -2.400e+01 -2.400e+01 -2.400e+01 -2.400e+01 -2.400e+01 -2.400e+01 -2.400e+01
-14.288 -15.329 13.931 28.218 0.000 0.000 1.000 -4.109e+00 -3.014e-01 -3.010e-01 -3.429e+00 -4.741e+00 -6.431e+00 -1.561e+01 -2.399e+01 -2.400e+01 -2.400e+01 -2.400e+01 -2.400e+01 -2.400e+01 -2.400e+01 -2.400e+01 -2.400e+01
-14.246 -15.288 13.972 28.218 0.000 0.000 1.000 -4.067e+00 -3.015e-01 -3.010e-01 -3.387e+00 -4.699e+00 -6.389e+00 -1.548e+01 -2.399e+01 -2.400e+01 -2.400e+01 -2.400e+01 -2.400e+01 -2.400e+01 -2.400e+01 -2.400e+01 -2.400e+01
-14.205 -15.246 14.013 28.218 0.000 0.000 1.000 -4.026e+00 -3.015e-01 -3.010e-01 -3.346e+00 -4.658e+00 -6.348e+00 -1.536e+01 -2.398e+01 -2.400e+01 -2.400e+01 -2.400e+01 -2.400e+01 -2.400e+01 -2.400e+01 -2.400e+01 -2.400e+01
-14.122 -15.164 14.096 28.218 0.000 0.000 1.000 -3.943e+00 -3.016e-01 -3.010e-01 -3.263e+00 -4.575e+00 -6.265e+00 -1.511e+01 -2.395e+01 -2.400e+01 -2.400e+01 -2.400e+01 -2.400e+01 -2.400e+01 -2.400e+01 -2.400e+01 -2.400e+01
-14.081 -15.122 14.137 28.218 0.000 0.000 1.000 -3.902e+00 -3.017e-01 -3.010e-01 -3.222e+00 -4.534e+00 -6.224e+00 -1.499e+01 -2.392e+01 -2.400e+01 -2.400e+01 -2.400e+01 -2.400e+01 -2.400e+01 -2.400e+01 -2.400e+01 -2.400e+01
-14.039 -15.081 14.179 28.217 0.000 0.000 1.000 -3.861e+00 -3.017e-01 -3.010e-01 -3.181e+00 -4.492e+00 -6.182e+00 -1.486e+01 -2.388e+01 -2.400e+01 -2.400e+01 -2.400e+01 -2.400e+01 -2.400e+01 -2.400e+01 -2.400e+01 -2.400e+01
-13.998 -15.039 14.220 28.217 0.000 0.000 1.000 -3.819e+00 -3.018e-01 -3.011e-01 -3.139e+00 -4.451e+00 -6.141e+00 -1.474e+01 -2.382e+01 -2.400e+01 -2.400e+01 -2.400e+01 -2.400e+01 -2.400e+01 -2.400e+01 -2.400e+01 -2.400e+01
-13.915 -14.957 14.303 28.217 0.000 0.000 1.000 -3.737e+00 -3.020e-01 -3.011e-01 -3.057e+00 -4.368e+00 -6.058e+00 -1.449e+01 -2.363e+01 -2.400e+01 -2.400e+01 -2.400e+01 -2.400e+01 -2.400e+01 -2.400e+01 -2.400e+01 -2.400e+01
-13.874 -14.915 14.344 28.217 0.000 0.000 1.000 -3.695e+00 -3.021e-01 -3.011e-01 -3.015e+00 -4.327e+00 -6.017e+00 -1.436e+01 -2.350e+01 -2.400e+01 -2.400e+01 -2.400e+01 -2.400e+01 -2.400e+01 -2.400e+01 -2.400e+01 -2.400e+01
-13.832 -14.874 14.385 28.217 0.000 0.000 1.000 -3.654e+00 -3.022e-01 -3.011e-01 -2.974e+00 -4.286e+00 -5.975e+00 -1.424e+01 -2.335e+01 -2.400e+01 -2.400e+01 -2.400e+01 -2.400e+01 -2.400e+01 -2.400e+01 -2.400e+01 -2.400e+01
-13.750 -14.791 14.468 28.216 0.000 0.000 1.000 -3.572e+00 -3.024e-01 -3.011e-01 -2.892e+00 -4.203e+00 -5.892e+00 -1.399e+01 -2.300e+01 -2.400e+01 -2.400e+01 -2.400e+01 -2.400e+01 -2.400e+01 -2.400e+01 -2.400e+01 -2.400e+01
-13.708 -14.750 14.509 28.216 0.000 0.000 1.000 -3.530e+00 -3.025e-01 -3.011e-01 -2.850e+00 -4.162e+00 -5.851e+00 -1.387e+01 -2.281e+01 -2.400e+01 -2.400e+01 -2.400e+01 -2.400e+01 -2.400e+01 -2.400e+01 -2.400e+01 -2.400e+01
-13.667 -14.708 14.550 28.216 0.000 0.000 1.000 -3.489e+00 -3.027e-01 -3.011e-01 -2.809e+00 -4.120e+00 -5.809e+00 -1.374e+01 -2.261e+01 -2.400e+01 -2.400e+01 -2.400e+01 -2.400e+01 -2.400e+01 -2.400e+01 -2.400e+01 -2.400e+01
-13.626 -14.667 14.591 28.215 0.000 0.000 1.000 -3.448e+00 -3.028e-01 -3.011e-01 -2.768e+00 -4.079e+00 -5.768e+00 -1.362e+01 -2.241e+01 -2.400e+01 -2.400e+01 -2.400e+01 -2.400e+01 -2.400e+01 -2.400e+01 -2.400e+01 -2.400e+01
-13.543 -14.584 14.674 28.215 0.000 0.000 1.000 -3.365e+00 -3.032e-01 -3.011e-01 -2.685e+00 -3.996e+00 -5.685e+00 -1.337e+01 -2.201e+01 -2.400e+01 -2.400e+01 -2.400e+01 -2.400e+01 -2.400e+01 -2.400e+01 -2.400e+01 -2.400e+01
-13.501 -14.543 14.715 28.214 0.000 0.000 1.000 -3.324e+00 -3.034e-01 -3.011e-01 -2.644e+00 -3.955e+00 -5.644e+00 -1.325e+01 -2.180e+01 -2.400e+01 -2.400e+01 -2.400e+01 -2.400e+01 -2.400e+01 -2.400e+01 -2.400e+01 -2.400e+01
-13.460 -14.501 14.756 28.214 0.000 0.000 1.000 -3.283e+00 -3.037e-01 -3.011e-01 -2.603e+00 -3.914e+00 -5.602e+00 -1.312e+01 -2.159e+01 -2.400e+01 -2.400e+01 -2.400e+01 -2.400e+01 -2.400e+01 -2.400e+01 -2.400e+01 -2.400e+01
-13.377 -14.419 14.838 28.213 0.000 0.000 1.000 -3.201e+00 -3.042e-01 -3.011e-01 -2.521e+00 -3.831e+00 -5.519e+00 -1.288e+01 -2.118e+01 -2.400e+01 -2.400e+01 -2.400e+01 -2.400e+01 -2.400e+01 -2.400e+01 -2.400e+01 -2.400e+01
-13.336 -14.377 14.880 28.212 0.000 0.000 1.000 -3.160e+00 -3.046e-01 -3.011e-01 -2.480e+00 -3.790e+00 -5.478e+00 -1.275e+01 -2.098e+01 -2.400e+01 -2.400e+01 -2.400e+01 -2.400e+01 -2.400e+01 -2.400e+01 -2.400e+01 -2.400e+01
-13.294 -14.336 14.921 28.212 0.000 0.000 1.000 -3.118e+00 -3.049e-01 -3.011e-01 -2.439e+00 -3.749e+00 -5.436e+00 -1.263e+01 -2.077e+01 -2.400e+01 -2.400e+01 -2.400e+01 -2.400e+01 -2.400e+01 -2.400e+01 -2.400e+01 -2.400e+01
-13.253 -14.294 14.962 28.211 0.000 0.000 1.000 -3.077e+00 -3.053e-01 -3.012e-01 -2.398e+00 -3.708e+00 -5.394e+00 -1.250e+01 -2.056e+01 -2.400e+01 -2.400e+01 -2.400e+01 -2.400e+01 -2.400e+01 -2.400e+01 -2.400e+01 -2.400e+01
-13.170 -14.212 15.044 28.209 0.000 0.000 1.000 -2.995e+00 -3.062e-01 -3.012e-01 -2.316e+00 -3.625e+00 -5.311e+00 -1.226e+01 -2.015e+01 -2.400e+01 -2.400e+01 -2.400e+01 -2.400e+01 -2.400e+01 -2.400e+01 -2.400e+01 -2.400e+01
-13.129 -14.170 15.084 28.208 0.000 0.000 1.000 -2.954e+00 -3.067e-01 -3.012e-01 -2.275e+00 -3.584e+00 -5.270e+00 -1.213e+01 -1.994e+01 -2.400e+01 -2.400e+01 -2.400e+01 -2.400e+01 -2.400e+01 -2.400e+01 -2.400e+01 -2.400e+01
-13.087 -14.129 15.125 28.207 0.000 0.000 1.000 -2.914e+00 -3.073e-01 -3.012e-01 -2.234e+00 -3.543e+00 -5.228e+00 -1.201e+01 -1.974e+01 -2.400e+01 -2.400e+01 -2.400e+01 -2.400e+01 -2.400e+01 -2.400e+01 -2.400e+01 -2.400e+01
-13.005 -14.046 15.207 28.205 0.000 0.000 1.000 -2.832e+00 -3.086e-01 -3.012e-01 -2.153e+00 -3.461e+00 -5.145e+00 -1.176e+01 -1.932e+01 -2.400e+01 -2.400e+01 -2.400e+01 -2.400e+01 -2.400e+01 -2.400e+01 -2.400e+01 -2.400e+01
-12.963 -14.005 15.247 28.203 0.000 0.000 1.000 -2.791e+00 -3.093e-01 -3.013e-01 -2.112e+00 -3.420e+00 -5.103e+00 -1.164e+01 -1.912e+01 -2.400e+01 -2.400e+01 -2.400e+01 -2.400e+01 -2.400e+01 -2.400e+01 -2.400e+01 -2.400e+01
-12.922 -13.963 15.288 28.202 0.000 0.000 1.000 -2.751e+00 -3.102e-01 -3.013e-01 -2.071e+00 -3.379e+00 -5.062e+00 -1.151e+01 -1.891e+01 -2.400e+01 -2.400e+01 -2.400e+01 -2.400e+01 -2.400e+01 -2.400e+01 -2.400e+01 -2.400e+01
-12.839 -13.880 15.369 28.198 0.000 0.000 1.000 -2.669e+00 -3.120e-01 -3.013e-01 -1.990e+00 -3.297e+00 -4.978e+00 -1.126e+01 -1.850e+01 -2.400e+01 -2.400e+01 -2.400e+01 -2.400e+01 -2.400e+01 -2.400e+01 -2.400e+01 -2.400e+01
-12.798 -13.839 15.409 28.196 0.000 0.000 1.000 -2.629e+00 -3.131e-01 -3.014e-01 -1.950e+00 -3.256e+00 -4.936e+00 -1.114e+01 -1.829e+01 -2.400e+01 -2.400e+01 -2.400e+01 -2.400e+01 -2.400e+01 -2.400e+01 -2.400e+01 -2.400e+01
-12.756 -13.798 15.450 28.194 0.000 0.000 1.000 -2.589e+00 -3.143e-01 -3.014e-01 -1.910e+00 -3.215e+00 -4.895e+00 -1.102e+01 -1.809e+01 -2.399e+01 -2.400e+01 -2.400e+01 -2.400e+01 -2.400e+01 -2.400e+01 -2.400e+01 -2.400e+01
-12.715 -13.756 15.490 28.192 0.000 0.000 1.000 -2.549e+00 -3.156e-01 -3.014e-01 -1.870e+00 -3.175e+00 -4.853e+00 -1.089e+01 -1.788e+01 -2.399e+01 -2.400e+01 -2.400e+01 -2.400e+01 -2.400e+01 -2.400e+01 -2.400e+01 -2.400e+01
-12.632 -13.673 15.570 28.186 0.000 0.000 1.000 -2.468e+00 -3.186e-01 -3.015e-01 -1.790e+00 -3.093e+00 -4.769e+00 -1.065e+01 -1.747e+01 -2.396e+01 -2.400e+01 -2.400e+01 -2.400e+01 -2.400e+01 -2.400e+01 -2.400e+01 -2.400e+01
-12.591 -13.632 15.609 28.183 0.000 0.000 1.000 -2.429e+00 -3.204e-01 -3.016e-01 -1.750e+00 -3.053e+00 -4.727e+00 -1.052e+01 -1.727e+01 -2.393e+01 -2.400e+01 -2.400e+01 -2.400e+01 -2.400e+01 -2.400e+01 -2.400e+01 -2.400e+01
-12.549 -13.591 15.649 28.179 0.000 0.000 1.000 -2.389e+00 -3.223e-01 -3.016e-01 -1.711e+00 -3.012e+00 -4.685e+00 -1.040e+01 -1.706e+01 -2.387e+01 -2.400e+01 -2.400e+01 -2.400e+01 -2.400e+01 -2.400e+01 -2.400e+01 -2.400e+01
-12.467 -13.508 15.727 28.171 0.000 0.000 1.000 -2.310e+00 -3.266e-01 -3.017e-01 -1.632e+00 -2.932e+00 -4.600e+00 -1.015e+01 -1.665e+01 -2.363e+01 -2.400e+01 -2.400e+01 -2.400e+01 -2.400e+01 -2.400e+01 -2.400e+01 -2.400e+01
-12.425 -13.467 15.766 28.167 0.000 0.000 1.000 -2.271e+00 -3.291e-01 -3.018e-01 -1.594e+00 -2.891e+00 -4.558e+00 -1.003e+01 -1.645e+01 -2.345e+01 -2.400e+01 -2.400e+01 -2.400e+01 -2.400e+01 -2.400e+01 -2.400e+01 -2.400e+01
-12.384 -13.425 15.805 28.162 0.000 0.000 1.000 -2.232e+00 -3.318e-01 -3.019e-01 -1.555e+00 -2.851e+00 -4.516e+00 -9.906e+00 -1.624e+01 -2.322e+01 -2.400e+01 -2.400e+01 -2.400e+01 -2.400e+01 -2.400e+01 -2.400e+01 -2.400e+01
-12.342 -13.384 15.844 28.156 0.000 0.000 1.000 -2.193e+00 -3.348e-01 -3.019e-01 -1.516e+00 -2.811e+00 -4.474e+00 -9.783e+00 -1.604e+01 -2.298e+01 -2.400e+01 -2.400e+01 -2.400e+01 -2.400e+01 -2.400e+01 -2.400e+01 -2.400e+01
-12.260 -13.301 15.920 28.143 0.000 0.000 1.000 -2.116e+00 -3.416e-01 -3.021e-01 -1.441e+00 -2.732e+00 -4.389e+00 -9.537e+00 -1.563e+01 -2.244e+01 -2.400e+01 -2.400e+01 -2.400e+01 -2.400e+01 -2.400e+01 -2.400e+01 -2.400e+01
-12.218 -13.260 15.957 28.136 0.000 0.000 1.000 -2.078e+00 -3.455e-01 -3.022e-01 -1.403e+00 -2.692e+00 -4.346e+00 -9.414e+00 -1.543e+01 -2.216e+01 -2.400e+01 -2.400e+01 -2.400e+01 -2.400e+01 -2.400e+01 -2.400e+01 -2.400e+01
-12.177 -13.218 15.995 28.128 0.000 0.000 1.000 -2.041e+00 -3.497e-01 -3.023e-01 -1.366e+00 -2.653e+00 -4.303e+00 -9.292e+00 -1.523e+01 -2.188e+01 -2.400e+01 -2.400e+01 -2.400e+01 -2.400e+01 -2.400e+01 -2.400e+01 -2.400e+01
-12.094 -13.135 16.068 28.110 0.000 0.000 1.000 -1.966e+00 -3.593e-01 -3.025e-01 -1.293e+00 -2.575e+00 -4.217e+00 -9.048e+00 -1.482e+01 -2.132e+01 -2.400e+01 -2.400e+01 -2.400e+01 -2.400e+01 -2.400e+01 -2.400e+01 -2.400e+01
-12.053 -13.094 16.104 28.100 0.000 0.000 1.000 -1.930e+00 -3.648e-01 -3.026e-01 -1.257e+00 -2.536e+00 -4.174e+00 -8.926e+00 -1.462e+01 -2.104e+01 -2.400e+01 -2.400e+01 -2.400e+01 -2.400e+01 -2.400e+01 -2.400e+01 -2.400e+01
-12.011 -13.053 16.140 28.088 0.000 0.000 1.000 -1.894e+00 -3.707e-01 -3.027e-01 -1.221e+00 -2.498e+00 -4.131e+00 -8.804e+00 -1.442e+01 -2.076e+01 -2.400e+01 -2.400e+01 -2.400e+01 -2.400e+01 -2.400e+01 -2.400e+01 -2.400e+01
-11.970 -13.011 16.175 28.076 0.000 0.000 1.000 -1.858e+00 -3.772e-01 -3.028e-01 -1.187e+00 -2.459e+00 -4.088e+00 -8.683e+00 -1.422e+01 -2.048e+01 -2.400e+01 -2.400e+01 -2.400e+01 -2.400e+01 -2.400e+01 -2.400e+01 -2.400e+01
-11.887 -12.928 16.243 28.048 0.000 0.000 1.000 -1.788e+00 -3.918e-01 -3.031e-01 -1.119e+00 -2.384e+00 -4.001e+00 -8.441e+00 -1.382e+01 -1.992e+01 -2.399e+01 -2.400e+01 -2.400e+01 -2.400e+01 -2.400e+01 -2.400e+01 -2.400e+01
-11.846 -12.887 16.277 28.032 0.000 0.000 1.000 -1.754e+00 -4.000e-01 -3.032e-01 -1.085e+00 -2.346e+00 -3.958e+00 -8.320e+00 -1.362e+01 -1.965e+01 -2.397e+01 -2.400e+01 -2.400e+01 -2.400e+01 -2.400e+01 -2.400e+01 -2.400e+01
-11.804 -12.846 16.309 28.015 0.000 0.000 1.000 -1.720e+00 -4.088e-01 -3.033e-01 -1.053e+00 -2.309e+00 -3.914e+00 -8.200e+00 -1.343e+01 -1.937e+01 -2.394e+01 -2.400e+01 -2.400e+01 -2.400e+01 -2.400e+01 -2.400e+01 -2.400e+01
-11.721 -12.763 16.373 27.977 0.000 0.000 1.000 -1.655e+00 -4.287e-01 -3.036e-01 -9.906e-01 -2.236e+00 -3.826e+00 -7.961e+00 -1.303e+01 -1.883e+01 -2.377e+01 -2.400e+01 -2.400e+01 -2.400e+01 -2.400e+01 -2.400e+01 -2.400e+01
-11.680 -12.721 16.403 27.955 0.000 0.000 1.000 -1.623e+00 -4.398e-01 -3.037e-01 -9.605e-01 -2.199e+00 -3.782e+00 -7.842e+00 -1.284e+01 -1.856e+01 -2.360e+01 -2.400e+01 -2.400e+01 -2.400e+01 -2.400e+01 -2.400e+01 -2.400e+01
-11.639 -12.680 16.433 27.932 0.000 0.000 1.000 -1.592e+00 -4.517e-01 -3.038e-01 -9.313e-01 -2.164e+00 -3.738e+00 -7.723e+00 -1.265e+01 -1.829e+01 -2.336e+01 -2.400e+01 -2.400e+01 -2.400e+01 -2.400e+01 -2.400e+01 -2.400e+01
-11.597 -12.639 16.461 27.907 0.000 0.000 1.000 -1.562e+00 -4.645e-01 -3.039e-01 -9.031e-01 -2.128e+00 -3.694e+00 -7.605e+00 -1.245e+01 -1.802e+01 -2.307e+01 -2.400e+01 -2.400e+01 -2.400e+01 -2.400e+01 -2.400e+01 -2.400e+01
-11.514 -12.556 16.516 27.850 0.000 0.000 1.000 -1.503e+00 -4.927e-01 -3.039e-01 -8.495e-01 -2.059e+00 -3.605e+00 -7.371e+00 -1.207e+01 -1.749e+01 -2.243e+01 -2.400e+01 -2.400e+01 -2.400e+01 -2.400e+01 -2.400e+01 -2.400e+01
-11.473 -12.514 16.542 27.819 0.000 0.000 1.000 -1.475e+00 -5.083e-01 -3.039e-01 -8.243e-01 -2.024e+00 -3.561e+00 -7.254e+00 -1.188e+01 -1.722e+01 -2.210e+01 -2.400e+01 -2.400e+01 -2.400e+01 -2.400e+01 -2.400e+01 -2.400e+01
-11.432 -12.473 16.567 27.785 0.000 0.000 1.000 -1.448e+00 -5.248e-01 -3.038e-01 -8.002e-01 -1.991e+00 -3.516e+00 -7.138e+00 -1.169e+01 -1.696e+01 -2.177e+01 -2.400e+01 -2.400e+01 -2.400e+01 -2.400e+01 -2.400e+01 -2.400e+01
-11.349 -12.390 16.613 27.710 0.000 0.000 1.000 -1.396e+00 -5.610e-01 -3.035e-01 -7.555e-01 -1.924e+00 -3.427e+00 -6.909e+00 -1.132e+01 -1.645e+01 -2.111e+01 -2.400e+01 -2.400e+01 -2.400e+01 -2.400e+01 -2.400e+01 -2.400e+01
-11.308 -12.349 16.635 27.668 0.000 0.000 1.000 -1.371e+00 -5.806e-01 -3.032e-01 -7.350e-01 -1.892e+00 -3.382e+00 -6.795e+00 -1.114e+01 -1.619e+01 -2.079e+01 -2.400e+01 -2.400e+01 -2.400e+01 -2.400e+01 -2.400e+01 -2.400e+01
-11.266 -12.308 16.655 27.624 0.000 0.000 1.000 -1.347e+00 -6.013e-01 -3.028e-01 -7.157e-01 -1.860e+00 -3.337e+00 -6.682e+00 -1.095e+01 -1.594e+01 -2.046e+01 -2.400e+01 -2.400e+01 -2.400e+01 -2.400e+01 -2.400e+01 -2.400e+01
-11.225 -12.266 16.674 27.576 0.000 0.000 1.000 -1.324e+00 -6.231e-01 -3.023e-01 -6.978e-01 -1.828e+00 -3.292e+00 -6.570e+00 -1.077e+01 -1.569e+01 -2.014e+01 -2.400e+01 -2.400e+01 -2.400e+01 -2.400e+01 -2.400e+01 -2.400e+01
-11.142 -12.183 16.709 27.470 0.000 0.000 1.000 -1.280e+00 -6.698e-01 -3.009e-01 -6.659e-01 -1.766e+00 -3.202e+00 -6.347e+00 -1.042e+01 -1.519e+01 -1.951e+01 -2.399e+01 -2.400e+01 -2.400e+01 -2.400e+01 -2.400e+01 -2.400e+01
-11.101 -12.142 16.725 27.412 0.000 0.000 1.000 -1.259e+00 -6.948e-01 -3.000e-01 -6.521e-01 -1.736e+00 -3.157e+00 -6.237e+00 -1.024e+01 -1.495e+01 -1.920e+01 -2.399e+01 -2.400e+01 -2.400e+01 -2.400e+01 -2.400e+01 -2.400e+01
-11.059 -12.101 16.739 27.348 0.000 0.000 1.000 -1.239e+00 -7.208e-01 -2.989e-01 -6.398e-01 -1.706e+00 -3.112e+00 -6.127e+00 -1.006e+01 -1.471e+01 -1.889e+01 -2.397e+01 -2.400e+01 -2.400e+01 -2.400e+01 -2.400e+01 -2.400e+01
-10.976 -12.018 16.764 27.206 0.000 0.000 1.000 -1.201e+00 -7.759e-01 -2.960e-01 -6.196e-01 -1.647e+00 -3.021e+00 -5.910e+00 -9.717e+00 -1.423e+01 -1.828e+01 -2.384e+01 -2.400e+01 -2.400e+01 -2.400e+01 -2.400e+01 -2.400e+01
-10.935 -11.976 16.774 27.125 0.000 0.000 1.000 -1.183e+00 -8.050e-01 -2.941e-01 -6.118e-01 -1.617e+00 -2.975e+00 -5.802e+00 -9.546e+00 -1.399e+01 -1.798e+01 -2.369e+01 -2.400e+01 -2.400e+01 -2.400e+01 -2.400e+01 -2.400e+01
-10.894 -11.935 16.783 27.037 0.000 0.000 1.000 -1.165e+00 -8.350e-01 -2.920e-01 -6.057e-01 -1.589e+00 -2.928e+00 -5.695e+00 -9.376e+00 -1.376e+01 -1.768e+01 -2.347e+01 -2.400e+01 -2.400e+01 -2.400e+01 -2.400e+01 -2.400e+01
-10.852 -11.894 16.791 26.938 0.000 0.000 1.000 -1.148e+00 -8.659e-01 -2.897e-01 -6.012e-01 -1.560e+00 -2.882e+00 -5.589e+00 -9.207e+00 -1.353e+01 -1.739e+01 -2.319e+01 -2.400e+01 -2.400e+01 -2.400e+01 -2.400e+01 -2.400e+01
-10.769 -11.811 16.803 26.694 0.000 0.000 1.000 -1.114e+00 -9.304e-01 -2.839e-01 -5.974e-01 -1.504e+00 -2.787e+00 -5.376e+00 -8.873e+00 -1.307e+01 -1.681e+01 -2.254e+01 -2.400e+01 -2.400e+01 -2.400e+01 -2.400e+01 -2.400e+01
-10.728 -11.769 16.807 26.535 0.000 0.000 1.000 -1.098e+00 -9.639e-01 -2.806e-01 -5.982e-01 -1.476e+00 -2.739e+00 -5.271e+00 -8.708e+00 -1.284e+01 -1.652e+01 -2.220e+01 -2.400e+01 -2.400e+01 -2.400e+01 -2.400e+01 -2.400e+01
-10.687 -11.728 16.809 26.326 0.000 0.000 1.000 -1.083e+00 -9.982e-01 -2.769e-01 -6.010e-01 -1.448e+00 -2.690e+00 -5.165e+00 -8.543e+00 -1.262e+01 -1.623e+01 -2.185e+01 -2.400e+01 -2.400e+01 -2.400e+01 -2.400e+01 -2.400e+01
-10.604 -11.645 16.811 24.885 0.000 0.000 1.000 -1.052e+00 -1.069e+00 -2.684e-01 -6.128e-01 -1.393e+00 -2.590e+00 -4.954e+00 -8.215e+00 -1.217e+01 -1.567e+01 -2.117e+01 -2.400e+01 -2.400e+01 -2.400e+01 -2.400e+01 -2.400e+01
-10.562 -11.604 16.810 25.836 0.000 0.000 1.000 -1.037e+00 -1.105e+00 -2.636e-01 -6.220e-01 -1.366e+00 -2.540e+00 -4.849e+00 -8.052e+00 -1.195e+01 -1.539e+01 -2.083e+01 -2.400e+01 -2.400e+01 -2.400e+01 -2.400e+01 -2.400e+01
-10.521 -11.562 16.807 26.112 0.000 0.000 1.000 -1.022e+00 -1.142e+00 -2.585e-01 -6.337e-01 -1.339e+00 -2.488e+00 -4.743e+00 -7.890e+00 -1.173e+01 -1.511e+01 -2.049e+01 -2.400e+01 -2.400e+01 -2.400e+01 -2.400e+01 -2.400e+01
-10.480 -11.521 16.804 26.246 0.000 0.000 1.000 -1.007e+00 -1.180e+00 -2.531e-01 -6.479e-01 -1.313e+00 -2.435e+00 -4.637e+00 -7.727e+00 -1.151e+01 -1.483e+01 -2.016e+01 -2.400e+01 -2.400e+01 -2.400e+01 -2.400e+01 -2.400e+01
-10.397 -11.438 16.793 26.367 0.000 0.000 1.000 -9.789e-01 -1.256e+00 -2.416e-01 -6.848e-01 -1.261e+00 -2.328e+00 -4.424e+00 -7.403e+00 -1.107e+01 -1.428e+01 -1.949e+01 -2.398e+01 -2.400e+01 -2.400e+01 -2.400e+01 -2.400e+01
-10.356 -11.397 16.786 26.389 0.000 0.000 1.000 -9.650e-01 -1.295e+00 -2.355e-01 -7.079e-01 -1.236e+00 -2.272e+00 -4.317e+00 -7.241e+00 -1.085e+01 -1.401e+01 -1.916e+01 -2.396e+01 -2.400e+01 -2.400e+01 -2.400e+01 -2.400e+01
-10.314 -11.356 16.778 26.395 0.000 0.000 1.000 -9.513e-01 -1.334e+00 -2.293e-01 -7.345e-01 -1.211e+00 -2.216e+00 -4.209e+00 -7.079e+00 -1.064e+01 -1.374e+01 -1.883e+01 -2.391e+01 -2.400e+01 -2.400e+01 -2.400e+01 -2.400e+01
-10.231 -11.273 16.760 26.367 0.000 0.000 1.000 -9.248e-01 -1.413e+00 -2.168e-01 -7.991e-01 -1.163e+00 -2.102e+00 -3.993e+00 -6.755e+00 -1.020e+01 -1.320e+01 -1.817e+01 -2.362e+01 -2.400e+01 -2.400e+01 -2.400e+01 -2.400e+01
-10.190 -11.231 16.751 26.335 0.000 0.000 1.000 -9.121e-01 -1.452e+00 -2.108e-01 -8.379e-01 -1.141e+00 -2.044e+00 -3.884e+00 -6.592e+00 -9.984e+00 -1.293e+01 -1.785e+01 -2.336e+01 -2.400e+01 -2.400e+01 -2.400e+01 -2.400e+01
-10.149 -11.190 16.741 26.291 0.000 0.000 1.000 -8.999e-01 -1.491e+00 -2.049e-01 -8.813e-01 -1.119e+00 -1.985e+00 -3.775e+00 -6.430e+00 -9.768e+00 -1.266e+01 -1.752e+01 -2.305e+01 -2.400e+01 -2.400e+01 -2.400e+01 -2.400e+01
-10.066 -11.107 16.722 26.161 0.000 0.000 1.000 -8.770e-01 -1.568e+00 -1.943e-01 -9.839e-01 -1.080e+00 -1.866e+00 -3.556e+00 -6.106e+00 -9.335e+00 -1.212e+01 -1.688e+01 -2.233e+01 -2.400e+01 -2.400e+01 -2.400e+01 -2.400e+01
-10.024 -11.066 16.714 26.069 0.000 0.000 1.000 -8.665e-01 -1.605e+00 -1.897e-01 -1.044e+00 -1.062e+00 -1.807e+00 -3.446e+00 -5.944e+00 -9.120e+00 -1.186e+01 -1.656e+01 -2.196e+01 -2.400e+01 -2.400e+01 -2.400e+01 -2.400e+01
-9.983 -11.024 16.706 25.951 0.000 0.000 1.000 -8.565e-01 -1.641e+00 -1.858e-01 -1.110e+00 -1.046e+00 -1.748e+00 -3.337e+00 -5.782e+00 -8.905e+00 -1.160e+01 -1.624e+01 -2.159e+01 -2.400e+01 -2.400e+01 -2.400e+01 -2.400e+01
-9.942 -10.983 16.701 25.792 0.000 0.000 1.000 -8.473e-01 -1.675e+00 -1.826e-01 -1.182e+00 -1.031e+00 -1.689e+00 -3.229e+00 -5.621e+00 -8.691e+00 -1.133e+01 -1.592e+01 -2.122e+01 -2.400e+01 -2.400e+01 -2.400e+01 -2.400e+01
-9.859 -10.900 16.696 25.077 0.000 0.000 1.000 -8.309e-01 -1.738e+00 -1.787e-01 -1.344e+00 -1.007e+00 -1.573e+00 -3.013e+00 -5.302e+00 -8.267e+00 -1.082e+01 -1.529e+01 -2.048e+01 -2.400e+01 -2.400e+01 -2.400e+01 -2.400e+01
-9.817 -10.859 16.697 24.983 0.000 0.000 1.000 -8.237e-01 -1.766e+00 -1.781e-01 -1.432e+00 -9.977e-01 -1.516e+00 -2.907e+00 -5.144e+00 -8.056e+00 -1.056e+01 -1.498e+01 -2.012e+01 -2.399e+01 -2.400e+01 -2.400e+01 -2.400e+01
-9.776 -10.817 16.701 25.453 0.000 0.000 1.000 -8.171e-01 -1.791e+00 -1.785e-01 -1.524e+00 -9.902e-01 -1.461e+00 -2.803e+00 -4.987e+00 -7.847e+00 -1.031e+01 -1.468e+01 -1.976e+01 -2.398e+01 -2.400e+01 -2.400e+01 -2.400e+01
-9.693 -10.735 16.716 25.755 0.000 0.000 1.000 -8.056e-01 -1.833e+00 -1.820e-01 -1.705e+00 -9.804e-01 -1.354e+00 -2.598e+00 -4.679e+00 -7.435e+00 -9.808e+00 -1.407e+01 -1.905e+01 -2.388e+01 -2.400e+01 -2.400e+01 -2.400e+01
-9.652 -10.693 16.727 25.824 0.000 0.000 1.000 -8.005e-01 -1.849e+00 -1.852e-01 -1.786e+00 -9.779e-01 -1.302e+00 -2.499e+00 -4.528e+00 -7.232e+00 -9.564e+00 -1.377e+01 -1.870e+01 -2.374e+01 -2.400e+01 -2.400e+01 -2.400e+01
-9.610 -10.652 16.741 25.870 0.000 0.000 1.000 -7.957e-01 -1.863e+00 -1.892e-01 -1.855e+00 -9.769e-01 -1.252e+00 -2.402e+00 -4.379e+00 -7.031e+00 -9.323e+00 -1.348e+01 -1.835e+01 -2.352e+01 -2.400e+01 -2.400e+01 -2.400e+01
-9.569 -10.610 16.756 25.900 0.000 0.000 1.000 -7.911e-01 -1.874e+00 -1.941e-01 -1.909e+00 -9.773e-01 -1.203e+00 -2.306e+00 -4.233e+00 -6.833e+00 -9.085e+00 -1.319e+01 -1.800e+01 -2.322e+01 -2.400e+01 -2.400e+01 -2.400e+01
-9.486 -10.528 16.790 25.930 0.000 0.000 1.000 -7.822e-01 -1.889e+00 -2.062e-01 -1.975e+00 -9.816e-01 -1.111e+00 -2.123e+00 -3.946e+00 -6.442e+00 -8.621e+00 -1.262e+01 -1.733e+01 -2.250e+01 -2.400e+01 -2.400e+01 -2.400e+01
-9.445 -10.486 16.810 25.936 0.000 0.000 1.000 -7.777e-01 -1.895e+00 -2.134e-01 -1.992e+00 -9.855e-01 -1.067e+00 -2.035e+00 -3.807e+00 -6.251e+00 -8.394e+00 -1.234e+01 -1.700e+01 -2.212e+01 -2.400e+01 -2.400e+01 -2.400e+01
-9.403 -10.445 16.830 25.939 0.000 0.000 1.000 -7.731e-01 -1.900e+00 -2.213e-01 -2.004e+00 -9.904e-01 -1.025e+00 -1.949e+00 -3.670e+00 -6.062e+00 -8.171e+00 -1.206e+01 -1.667e+01 -2.175e+01 -2.400e+01 -2.400e+01 -2.400e+01
-9.321 -10.362 16.874 25.940 0.000 0.000 1.000 -7.638e-01 -1.908e+00 -2.396e-01 -2.019e+00 -1.003e+00 -9.440e-01 -1.785e+00 -3.403e+00 -5.691e+00 -7.736e+00 -1.152e+01 -1.602e+01 -2.100e+01 -2.399e+01 -2.400e+01 -2.400e+01
-9.279 -10.321 16.898 25.938 0.000 0.000 1.000 -7.589e-01 -1.912e+00 -2.500e-01 -2.027e+00 -1.012e+00 -9.057e-01 -1.707e+00 -3.274e+00 -5.509e+00 -7.524e+00 -1.125e+01 -1.570e+01 -2.063e+01 -2.398e+01 -2.400e+01 -2.400e+01
-9.238 -10.279 16.922 25.935 0.000 0.000 1.000 -7.540e-01 -1.916e+00 -2.613e-01 -2.034e+00 -1.022e+00 -8.688e-01 -1.631e+00 -3.148e+00 -5.330e+00 -7.316e+00 -1.099e+01 -1.539e+01 -2.026e+01 -2.394e+01 -2.400e+01 -2.400e+01
-9.197 -10.238 16.947 25.931 0.062 0.000 1.000 -7.493e-01 -1.920e+00 -2.729e-01 -2.038e+00 -1.032e+00 -8.352e-01 -1.562e+00 -3.030e+00 -5.161e+00 -7.121e+00 -1.074e+01 -1.509e+01 -1.991e+01 -2.387e+01 -2.400e+01 -2.400e+01
-9.117 -10.188 16.997 25.918 0.062 0.000 1.000 -7.403e-01 -1.928e+00 -2.973e-01 -2.052e+00 -1.057e+00 -7.751e-01 -1.438e+00 -2.815e+00 -4.848e+00 -6.761e+00 -1.028e+01 -1.453e+01 -1.925e+01 -2.354e+01 -2.400e+01 -2.400e+01
-9.081 -10.188 17.019 25.909 0.062 0.000 1.001 -7.360e-01 -1.933e+00 -3.102e-01 -2.061e+00 -1.071e+00 -7.480e-01 -1.382e+00 -2.716e+00 -4.702e+00 -6.593e+00 -1.007e+01 -1.426e+01 -1.894e+01 -2.327e+01 -2.400e+01 -2.400e+01
-9.018 -10.188 17.059 25.889 0.062 0.000 1.001 -7.283e-01 -1.942e+00 -3.354e-01 -2.080e+00 -1.099e+00 -7.022e-01 -1.288e+00 -2.545e+00 -4.444e+00 -6.300e+00 -9.682e+00 -1.379e+01 -1.838e+01 -2.270e+01 -2.400e+01 -2.400e+01
-8.963 -10.188 17.094 25.866 0.062 0.000 1.002 -7.217e-01 -1.951e+00 -3.600e-01 -2.100e+00 -1.129e+00 -6.649e-01 -1.212e+00 -2.402e+00 -4.225e+00 -6.052e+00 -9.352e+00 -1.338e+01 -1.789e+01 -2.215e+01 -2.400e+01 -2.400e+01
-8.914 -10.188 17.125 25.842 0.062 0.000 1.002 -7.159e-01 -1.959e+00 -3.840e-01 -2.119e+00 -1.159e+00 -6.339e-01 -1.149e+00 -2.281e+00 -4.035e+00 -5.839e+00 -9.066e+00 -1.302e+01 -1.746e+01 -2.166e+01 -2.400e+01 -2.400e+01
-8.870 -10.188 17.152 25.815 0.062 0.000 1.002 -7.108e-01 -1.968e+00 -4.075e-01 -2.139e+00 -1.189e+00 -6.078e-01 -1.096e+00 -2.177e+00 -3.868e+00 -5.654e+00 -8.815e+00 -1.270e+01 -1.707e+01 -2.123e+01 -2.400e+01 -2.400e+01
-8.812 -10.188 17.187 25.775 0.062 0.000 1.003 -7.042e-01 -1.981e+00 -4.417e-01 -2.169e+00 -1.234e+00 -5.754e-01 -1.031e+00 -2.047e+00 -3.654e+00 -5.417e+00 -8.490e+00 -1.229e+01 -1.657e+01 -2.066e+01 -2.399e+01 -2.400e+01
-8.760 -10.188 17.217 25.733 0.062 0.000 1.003 -6.984e-01 -1.994e+00 -4.749e-01 -2.198e+00 -1.278e+00 -5.493e-01 -9.797e-01 -1.939e+00 -3.473e+00 -5.217e+00 -8.213e+00 -1.194e+01 -1.614e+01 -2.016e+01 -2.398e+01 -2.400e+01
-8.714 -10.188 17.242 25.691 0.062 0.000 1.004 -6.934e-01 -2.006e+00 -5.071e-01 -2.226e+00 -1.321e+00 -5.279e-01 -9.375e-01 -1.850e+00 -3.317e+00 -5.046e+00 -7.973e+00 -1.163e+01 -1.577e+01 -1.974e+01 -2.393e+01 -2.400e+01
-8.660 -10.188 17.271 25.636 0.062 0.000 1.005 -6.876e-01 -2.022e+00 -5.487e-01 -2.264e+00 -1.376e+00 -5.047e-01 -8.922e-01 -1.751e+00 -3.140e+00 -4.853e+00 -7.698e+00 -1.127e+01 -1.533e+01 -1.924e+01 -2.379e+01 -2.400e+01
-8.611 -10.188 17.294 25.582 0.062 0.000 1.005 -6.825e-01 -2.038e+00 -5.888e-01 -2.300e+00 -1.427e+00 -4.862e-01 -8.561e-01 -1.671e+00 -2.989e+00 -4.690e+00 -7.463e+00 -1.097e+01 -1.496e+01 -1.882e+01 -2.353e+01 -2.400e+01
-8.557 -10.188 17.318 25.516 0.062 0.000 1.006 -6.771e-01 -2.057e+00 -6.373e-01 -2.345e+00 -1.488e+00 -4.678e-01 -8.204e-01 -1.589e+00 -2.831e+00 -4.518e+00 -7.211e+00 -1.064e+01 -1.455e+01 -1.836e+01 -2.311e+01 -2.400e+01
-8.500 -10.188 17.342 25.440 0.062 0.000 1.006 -6.715e-01 -2.080e+00 -6.931e-01 -2.396e+00 -1.555e+00 -4.508e-01 -7.871e-01 -1.512e+00 -2.673e+00 -4.348e+00 -6.956e+00 -1.030e+01 -1.413e+01 -1.789e+01 -2.261e+01 -2.400e+01
-8.450 -10.188 17.361 25.368 0.062 0.000 1.007 -6.668e-01 -2.102e+00 -7.466e-01 -2.446e+00 -1.616e+00 -4.376e-01 -7.613e-01 -1.452e+00 -2.541e+00 -4.207e+00 -6.741e+00 -1.002e+01 -1.377e+01 -1.749e+01 -2.215e+01 -2.400e+01
-8.397 -10.188 17.378 25.289 0.062 0.000 1.007 -6.622e-01 -2.128e+00 -8.065e-01 -2.501e+00 -1.681e+00 -4.257e-01 -7.378e-01 -1.397e+00 -2.413e+00 -4.069e+00 -6.526e+00 -9.727e+00 -1.341e+01 -1.709e+01 -2.168e+01 -2.399e+01
-8.345 -10.188 17.394 25.202 0.062 0.000 1.008 -6.577e-01 -2.156e+00 -8.720e-01 -2.563e+00 -1.748e+00 -4.154e-01 -7.172e-01 -1.348e+00 -2.292e+00 -3.940e+00 -6.318e+00 -9.444e+00 -1.306e+01 -1.670e+01 -2.122e+01 -2.396e+01
-8.292 -10.188 17.409 25.111 0.062 0.000 1.008 -6.536e-01 -2.187e+00 -9.424e-01 -2.629e+00 -1.815e+00 -4.067e-01 -6.994e-01 -1.306e+00 -2.179e+00 -3.820e+00 -6.120e+00 -9.172e+00 -1.271e+01 -1.632e+01 -2.078e+01 -2.389e+01
-8.240 -10.188 17.421 25.015 0.062 0.000 1.009 -6.498e-01 -2.220e+00 -1.017e+00 -2.700e+00 -1.881e+00 -3.995e-01 -6.845e-01 -1.271e+00 -2.076e+00 -3.710e+00 -5.934e+00 -8.914e+00 -1.239e+01 -1.596e+01 -2.035e+01 -2.373e+01
-8.185 -10.188 17.432 24.908 0.062 0.000 1.009 -6.462e-01 -2.258e+00 -1.102e+00 -2.781e+00 -1.949e+00 -3.933e-01 -6.712e-01 -1.239e+00 -1.975e+00 -3.603e+00 -5.745e+00 -8.649e+00 -1.205e+01 -1.560e+01 -1.992e+01 -2.344e+01
-8.132 -10.188 17.442 24.800 0.062 0.000 1.010 -6.430e-01 -2.298e+00 -1.190e+00 -2.865e+00 -2.012e+00 -3.886e-01 -6.608e-01 -1.214e+00 -1.886e+00 -3.510e+00 -5.574e+00 -8.405e+00 -1.173e+01 -1.526e+01 -1.952e+01 -2.307e+01
-8.078 -10.188 17.450 24.684 0.062 0.000 1.010 -6.402e-01 -2.343e+00 -1.286e+00 -2.956e+00 -2.073e+00 -3.850e-01 -6.521e-01 -1.193e+00 -1.804e+00 -3.423e+00 -5.408e+00 -8.165e+00 -1.142e+01 -1.493e+01 -1.912e+01 -2.267e+01
-8.025 -10.188 17.457 24.562 0.062 0.000 1.010 -6.378e-01 -2.392e+00 -1.388e+00 -3.054e+00 -2.128e+00 -3.823e-01 -6.454e-01 -1.177e+00 -1.729e+00 -3.344e+00 -5.250e+00 -7.934e+00 -1.112e+01 -1.461e+01 -1.874e+01 -2.226e+01
-7.971 -10.188 17.463 24.435 0.062 0.000 1.010 -6.358e-01 -2.444e+00 -1.496e+00 -3.158e+00 -2.177e+00 -3.806e-01 -6.403e-01 -1.163e+00 -1.663e+00 -3.275e+00 -5.103e+00 -7.714e+00 -1.083e+01 -1.430e+01 -1.837e+01 -2.186e+01
-7.919 -10.188 17.468 24.302 0.062 0.000 1.011 -6.341e-01 -2.500e+00 -1.607e+00 -3.264e+00 -2.218e+00 -3.796e-01 -6.366e-01 -1.153e+00 -1.605e+00 -3.214e+00 -4.965e+00 -7.506e+00 -1.055e+01 -1.401e+01 -1.803e+01 -2.149e+01
-7.867 -10.188 17.472 24.156 0.062 0.000 1.011 -6.327e-01 -2.560e+00 -1.725e+00 -3.377e+00 -2.253e+00 -3.793e-01 -6.341e-01 -1.144e+00 -1.553e+00 -3.160e+00 -4.834e+00 -7.304e+00 -1.028e+01 -1.373e+01 -1.770e+01 -2.112e+01
-7.812 -10.188 17.475 23.988 0.062 0.000 1.011 -6.315e-01 -2.625e+00 -1.852e+00 -3.495e+00 -2.282e+00 -3.795e-01 -6.324e-01 -1.138e+00 -1.506e+00 -3.112e+00 -4.706e+00 -7.103e+00 -1.001e+01 -1.345e+01 -1.736e+01 -2.076e+01
-7.759 -10.188 17.477 23.796 0.062 0.000 1.011 -6.304e-01 -2.692e+00 -1.978e+00 -3.612e+00 -2.304e+00 -3.801e-01 -6.315e-01 -1.133e+00 -1.467e+00 -3.071e+00 -4.588e+00 -6.914e+00 -9.757e+00 -1.318e+01 -1.705e+01 -2.042e+01
-7.706 -10.188 17.479 23.553 0.062 0.000 1.011 -6.293e-01 -2.761e+00 -2.102e+00 -3.725e+00 -2.321e+00 -3.811e-01 -6.312e-01 -1.129e+00 -1.434e+00 -3.037e+00 -4.476e+00 -6.732e+00 -9.508e+00 -1.292e+01 -1.675e+01 -2.010e+01
-7.652 -10.200 17.479 22.423 0.062 0.053 1.011 -6.282e-01 -2.829e+00 -2.223e+00 -3.831e+00 -2.335e+00 -3.822e-01 -6.315e-01 -1.125e+00 -1.406e+00 -3.008e+00 -4.370e+00 -6.555e+00 -9.264e+00 -1.267e+01 -1.645e+01 -1.978e+01
-7.600 -9.842 17.478 23.429 0.062 0.158 1.000 -6.311e-01 -2.893e+00 -2.331e+00 -3.922e+00 -2.344e+00 -3.875e-01 -6.385e-01 -1.129e+00 -1.391e+00 -2.995e+00 -4.281e+00 -6.400e+00 -9.046e+00 -1.245e+01 -1.619e+01 -1.951e+01
-7.544 -9.611 17.477 23.444 0.062 0.211 1.000 -6.295e-01 -2.953e+00 -2.425e+00 -3.997e+00 -2.348e+00 -3.891e-01 -6.386e-01 -1.128e+00 -1.375e+00 -2.976e+00 -4.186e+00 -6.234e+00 -8.813e+00 -1.221e+01 -1.592e+01 -1.922e+01
-7.492 -9.457 17.476 23.452 0.062 0.211 1.000 -6.281e-01 -2.997e+00 -2.492e+00 -4.049e+00 -2.351e+00 -3.907e-01 -6.388e-01 -1.126e+00 -1.363e+00 -2.963e+00 -4.104e+00 -6.087e+00 -8.606e+00 -1.200e+01 -1.568e+01 -1.897e+01
-7.434 -9.315 17.474 23.458 0.125 0.211 1.000 -6.263e-01 -3.036e+00 -2.548e+00 -4.092e+00 -2.355e+00 -3.926e-01 -6.389e-01 -1.125e+00 -1.352e+00 -2.950e+00 -4.015e+00 -5.926e+00 -8.376e+00 -1.178e+01 -1.541e+01 -1.868e+01
-7.385 -9.213 17.472 23.460 0.125 0.211 1.000 -6.246e-01 -3.059e+00 -2.581e+00 -4.117e+00 -2.358e+00 -3.944e-01 -6.390e-01 -1.123e+00 -1.345e+00 -2.941e+00 -3.942e+00 -5.793e+00 -8.184e+00 -1.159e+01 -1.520e+01 -1.847e+01
-7.329 -9.110 17.469 23.459 0.125 0.211 1.000 -6.225e-01 -3.077e+00 -2.605e+00 -4.136e+00 -2.362e+00 -3.965e-01 -6.391e-01 -1.121e+00 -1.338e+00 -2.933e+00 -3.864e+00 -5.647e+00 -7.973e+00 -1.138e+01 -1.497e+01 -1.822e+01
-7.276 -9.020 17.467 23.455 0.125 0.211 1.000 -6.203e-01 -3.088e+00 -2.621e+00 -4.148e+00 -2.367e+00 -3.988e-01 -6.391e-01 -1.119e+00 -1.332e+00 -2.924e+00 -3.792e+00 -5.510e+00 -7.774e+00 -1.118e+01 -1.474e+01 -1.799e+01
-7.218 -8.930 17.464 23.449 0.125 0.211 1.000 -6.176e-01 -3.097e+00 -2.632e+00 -4.158e+00 -2.372e+00 -4.015e-01 -6.392e-01 -1.116e+00 -1.326e+00 -2.915e+00 -3.717e+00 -5.365e+00 -7.562e+00 -1.097e+01 -1.451e+01 -1.775e+01
-7.166 -8.853 17.460 23.441 0.188 0.211 1.000 -6.149e-01 -3.103e+00 -2.640e+00 -4.165e+00 -2.378e+00 -4.043e-01 -6.393e-01 -1.114e+00 -1.320e+00 -2.907e+00 -3.650e+00 -5.236e+00 -7.372e+00 -1.077e+01 -1.429e+01 -1.756e+01
-7.119 -8.789 17.457 23.433 0.188 0.211 1.000 -6.123e-01 -3.108e+00 -2.646e+00 -4.170e+00 -2.383e+00 -4.069e-01 -6.394e-01 -1.111e+00 -1.315e+00 -2.899e+00 -3.593e+00 -5.125e+00 -7.208e+00 -1.061e+01 -1.411e+01 -1.737e+01
-7.061 -8.712 17.453 23.422 0.188 0.211 1.000 -6.088e-01 -3.114e+00 -2.654e+00 -4.177e+00 -2.391e+00 -4.106e-01 -6.395e-01 -1.108e+00 -1.307e+00 -2.888e+00 -3.523e+00 -4.988e+00 -7.004e+00 -1.040e+01 -1.389e+01 -1.714e+01
-7.008 -8.730 17.448 23.410 0.188 0.211 1.000 -6.051e-01 -3.120e+00 -2.662e+00 -4.185e+00 -2.398e+00 -4.144e-01 -6.397e-01 -1.105e+00 -1.300e+00 -2.877e+00 -3.459e+00 -4.861e+00 -6.815e+00 -1.020e+01 -1.367e+01 -1.692e+01
-6.959 -8.716 17.444 23.398 0.188 0.211 1.000 -6.015e-01 -3.126e+00 -2.670e+00 -4.192e+00 -2.405e+00 -4.182e-01 -6.399e-01 -1.101e+00 -1.293e+00 -2.866e+00 -3.401e+00 -4.748e+00 -6.645e+00 -1.002e+01 -1.348e+01 -1.672e+01
-6.905 -8.689 17.438 23.383 0.250 0.211 1.000 -5.973e-01 -3.132e+00 -2.679e+00 -4.200e+00 -2.414e+00 -4.228e-01 -6.402e-01 -1.097e+00 -1.284e+00 -2.854e+00 -3.340e+00 -4.626e+00 -6.461e+00 -9.832e+00 -1.328e+01 -1.651e+01
-6.851 -8.681 17.432 23.367 0.250 0.211 1.000 -5.926e-01 -3.140e+00 -2.690e+00 -4.210e+00 -2.424e+00 -4.279e-01 -6.406e-01 -1.093e+00 -1.275e+00 -2.840e+00 -3.277e+00 -4.502e+00 -6.274e+00 -9.637e+00 -1.307e+01 -1.629e+01
-6.797 -8.691 17.425 23.349 0.250 0.211 1.000 -5.876e-01 -3.149e+00 -2.701e+00 -4.220e+00 -2.434e+00 -4.334e-01 -6.411e-01 -1.089e+00 -1.265e+00 -2.825e+00 -3.217e+00 -4.381e+00 -6.092e+00 -9.446e+00 -1.287e+01 -1.607e+01
-6.747 -9.803 17.418 23.328 0.062 0.211 1.000 -5.827e-01 -3.159e+00 -2.714e+00 -4.232e+00 -2.445e+00 -4.392e-01 -6.416e-01 -1.084e+00 -1.256e+00 -2.811e+00 -3.160e+00 -4.268e+00 -5.920e+00 -9.249e+00 -1.267e+01 -1.585e+01
-6.693 -9.072 17.410 23.311 0.125 0.211 1.000 -5.771e-01 -3.170e+00 -2.728e+00 -4.245e+00 -2.457e+00 -4.455e-01 -6.424e-01 -1.079e+00 -1.245e+00 -2.794e+00 -3.102e+00 -4.150e+00 -5.739e+00 -9.068e+00 -1.246e+01 -1.563e+01
-6.639 -8.789 17.401 23.290 0.188 0.211 1.000 -5.711e-01 -3.181e+00 -2.741e+00 -4.257e+00 -2.470e+00 -4.523e-01 -6.434e-01 -1.074e+00 -1.234e+00 -2.777e+00 -3.043e+00 -4.034e+00 -5.561e+00 -8.889e+00 -1.227e+01 -1.545e+01
-6.584 -8.710 17.390 23.266 0.188 0.211 1.000 -5.647e-01 -3.193e+00 -2.756e+00 -4.270e+00 -2.484e+00 -4.599e-01 -6.445e-01 -1.069e+00 -1.222e+00 -2.758e+00 -2.984e+00 -3.915e+00 -5.380e+00 -8.702e+00 -1.208e+01 -1.525e+01
-6.531 -8.712 17.379 23.240 0.188 0.211 1.000 -5.581e-01 -3.206e+00 -2.772e+00 -4.285e+00 -2.498e+00 -4.679e-01 -6.459e-01 -1.064e+00 -1.209e+00 -2.740e+00 -2.927e+00 -3.800e+00 -5.203e+00 -8.517e+00 -1.188e+01 -1.504e+01
-6.478 -8.689 17.368 23.214 0.188 0.211 1.000 -5.513e-01 -3.219e+00 -2.789e+00 -4.300e+00 -2.514e+00 -4.763e-01 -6.474e-01 -1.058e+00 -1.197e+00 -2.720e+00 -2.872e+00 -3.688e+00 -5.031e+00 -8.336e+00 -1.169e+01 -1.484e+01
-6.425 -8.722 17.355 23.185 0.188 0.211 1.000 -5.441e-01 -3.234e+00 -2.806e+00 -4.317e+00 -2.530e+00 -4.853e-01 -6.493e-01 -1.053e+00 -1.184e+00 -2.700e+00 -2.817e+00 -3.575e+00 -4.856e+00 -8.153e+00 -1.150e+01 -1.464e+01
-6.372 -8.716 17.341 23.154 0.188 0.211 1.000 -5.366e-01 -3.250e+00 -2.825e+00 -4.334e+00 -2.547e+00 -4.949e-01 -6.514e-01 -1.048e+00 -1.171e+00 -2.680e+00 -2.762e+00 -3.464e+00 -4.683e+00 -7.971e+00 -1.131e+01 -1.444e+01
-6.320 -8.703 17.326 23.123 0.188 0.263 1.000 -5.291e-01 -3.266e+00 -2.844e+00 -4.351e+00 -2.564e+00 -5.048e-01 -6.537e-01 -1.042e+00 -1.158e+00 -2.659e+00 -2.710e+00 -3.356e+00 -4.514e+00 -7.793e+00 -1.112e+01 -1.424e+01
-6.265 -8.520 17.309 23.088 0.312 0.263 1.000 -5.211e-01 -3.281e+00 -2.863e+00 -4.368e+00 -2.583e+00 -5.156e-01 -6.565e-01 -1.037e+00 -1.145e+00 -2.638e+00 -2.657e+00 -3.245e+00 -4.339e+00 -7.613e+00 -1.090e+01 -1.402e+01
-6.211 -8.320 17.290 23.051 0.312 0.263 1.000 -5.130e-01 -3.297e+00 -2.881e+00 -4.386e+00 -2.603e+00 -5.268e-01 -6.596e-01 -1.032e+00 -1.131e+00 -2.617e+00 -2.606e+00 -3.137e+00 -4.168e+00 -7.437e+00 -1.072e+01 -1.384e+01
-6.158 -8.254 17.271 23.013 0.312 0.263 1.000 -5.049e-01 -3.315e+00 -2.902e+00 -4.405e+00 -2.622e+00 -5.383e-01 -6.630e-01 -1.028e+00 -1.118e+00 -2.595e+00 -2.557e+00 -3.033e+00 -4.002e+00 -7.262e+00 -1.054e+01 -1.365e+01
-6.105 -8.187 17.250 22.973 0.312 0.263 1.000 -4.967e-01 -3.335e+00 -2.924e+00 -4.425e+00 -2.643e+00 -5.503e-01 -6.667e-01 -1.023e+00 -1.106e+00 -2.574e+00 -2.509e+00 -2.930e+00 -3.836e+00 -7.088e+00 -1.036e+01 -1.346e+01
-6.053 -8.152 17.227 22.932 0.312 0.263 1.000 -4.887e-01 -3.355e+00 -2.947e+00 -4.445e+00 -2.663e+00 -5.624e-01 -6.708e-01 -1.019e+00 -1.093e+00 -2.554e+00 -2.464e+00 -2.832e+00 -3.676e+00 -6.919e+00 -1.018e+01 -1.327e+01
-5.999 -8.155 17.202 22.888 0.312 0.263 1.000 -4.802e-01 -3.377e+00 -2.972e+00 -4.468e+00 -2.684e+00 -5.754e-01 -6.753e-01 -1.015e+00 -1.081e+00 -2.533e+00 -2.419e+00 -2.733e+00 -3.511e+00 -6.744e+00 -1.000e+01 -1.308e+01
-5.946 -8.163 17.175 22.842 0.312 0.263 1.000 -4.719e-01 -3.399e+00 -2.997e+00 -4.490e+00 -2.706e+00 -5.887e-01 -6.803e-01 -1.012e+00 -1.069e+00 -2.513e+00 -2.377e+00 -2.639e+00 -3.350e+00 -6.574e+00 -9.822e+00 -1.289e+01
-5.891 -8.164 17.145 22.794 0.312 0.263 1.000 -4.635e-01 -3.423e+00 -3.023e+00 -4.514e+00 -2.728e+00 -6.026e-01 -6.857e-01 -1.009e+00 -1.057e+00 -2.493e+00 -2.336e+00 -2.545e+00 -3.189e+00 -6.403e+00 -9.642e+00 -1.270e+01
-5.839 -8.171 17.114 22.745 0.312 0.263 1.000 -4.554e-01 -3.447e+00 -3.048e+00 -4.537e+00 -2.750e+00 -6.164e-01 -6.914e-01 -1.006e+00 -1.047e+00 -2.474e+00 -2.298e+00 -2.458e+00 -3.036e+00 -6.241e+00 -9.473e+00 -1.252e+01
-5.786 -8.171 17.080 22.694 0.312 0.263 1.000 -4.475e-01 -3.470e+00 -3.074e+00 -4.560e+00 -2.772e+00 -6.304e-01 -6.975e-01 -1.004e+00 -1.037e+00 -2.457e+00 -2.263e+00 -2.376e+00 -2.887e+00 -6.083e+00 -9.307e+00 -1.235e+01
-5.733 -8.152 17.041 22.669 0.312 0.316 1.000 -4.389e-01 -3.496e+00 -3.101e+00 -4.585e+00 -2.795e+00 -6.454e-01 -7.041e-01 -1.004e+00 -1.028e+00 -2.440e+00 -2.228e+00 -2.296e+00 -2.739e+00 -5.926e+00 -9.142e+00 -1.217e+01
-5.680 -8.175 16.997 22.610 0.312 0.316 1.000 -4.306e-01 -3.523e+00 -3.130e+00 -4.610e+00 -2.819e+00 -6.612e-01 -7.115e-01 -1.003e+00 -1.019e+00 -2.422e+00 -2.195e+00 -2.220e+00 -2.596e+00 -5.773e+00 -8.981e+00 -1.200e+01
-5.626 -8.166 16.949 22.549 0.312 0.316 1.000 -4.226e-01 -3.550e+00 -3.158e+00 -4.636e+00 -2.843e+00 -6.772e-01 -7.195e-01 -1.002e+00 -1.010e+00 -2.405e+00 -2.164e+00 -2.148e+00 -2.455e+00 -5.624e+00 -8.823e+00 -1.183e+01
-5.573 -8.156 16.896 22.487 0.312 0.316 1.000 -4.150e-01 -3.577e+00 -3.186e+00 -4.661e+00 -2.867e+00 -6.931e-01 -7.278e-01 -1.003e+00 -1.003e+00 -2.391e+00 -2.134e+00 -2.081e+00 -2.319e+00 -5.480e+00 -8.672e+00 -1.167e+01
-5.520 -8.176 16.838 22.424 0.250 0.368 1.000 -4.078e-01 -3.604e+00 -3.214e+00 -4.686e+00 -2.890e+00 -7.089e-01 -7.363e-01 -1.004e+00 -9.969e-01 -2.377e+00 -2.108e+00 -2.019e+00 -2.191e+00 -5.344e+00 -8.531e+00 -1.153e+01
-5.466 -8.156 16.772 22.357 0.250 0.368 1.000 -4.009e-01 -3.630e+00 -3.241e+00 -4.710e+00 -2.913e+00 -7.250e-01 -7.455e-01 -1.006e+00 -9.920e-01 -2.365e+00 -2.083e+00 -1.961e+00 -2.065e+00 -5.210e+00 -8.390e+00 -1.138e+01
-5.413 -8.154 16.697 22.290 0.250 0.368 1.000 -3.945e-01 -3.656e+00 -3.267e+00 -4.734e+00 -2.935e+00 -7.407e-01 -7.548e-01 -1.009e+00 -9.884e-01 -2.356e+00 -2.062e+00 -1.908e+00 -1.947e+00 -5.086e+00 -8.259e+00 -1.124e+01
-5.359 -8.149 16.609 22.219 0.250 0.368 1.000 -3.884e-01 -3.681e+00 -3.293e+00 -4.758e+00 -2.957e+00 -7.568e-01 -7.649e-01 -1.013e+00 -9.861e-01 -2.347e+00 -2.043e+00 -1.859e+00 -1.832e+00 -4.965e+00 -8.132e+00 -1.111e+01
-5.306 -8.155 16.505 22.146 0.250 0.368 1.000 -3.829e-01 -3.706e+00 -3.318e+00 -4.781e+00 -2.978e+00 -7.728e-01 -7.753e-01 -1.018e+00 -9.853e-01 -2.341e+00 -2.026e+00 -1.814e+00 -1.724e+00 -4.851e+00 -8.012e+00 -1.097e+01
-5.253 -8.159 16.376 22.072 0.250 0.368 1.000 -3.778e-01 -3.730e+00 -3.342e+00 -4.803e+00 -2.999e+00 -7.887e-01 -7.861e-01 -1.023e+00 -9.858e-01 -2.336e+00 -2.012e+00 -1.774e+00 -1.623e+00 -4.745e+00 -7.900e+00 -1.086e+01
-5.200 -8.154 16.201 21.995 0.250 0.368 1.000 -3.731e-01 -3.753e+00 -3.366e+00 -4.825e+00 -3.020e+00 -8.048e-01 -7.976e-01 -1.030e+00 -9.879e-01 -2.334e+00 -2.000e+00 -1.737e+00 -1.527e+00 -4.644e+00 -7.794e+00 -1.075e+01
-5.146 -8.158 15.926 21.916 0.250 0.368 1.000 -3.690e-01 -3.775e+00 -3.389e+00 -4.846e+00 -3.041e+00 -8.211e-01 -8.096e-01 -1.038e+00 -9.915e-01 -2.333e+00 -1.991e+00 -1.703e+00 -1.436e+00 -4.549e+00 -7.695e+00 -1.065e+01
-5.093 -8.158 15.164 21.835 0.250 0.368 1.000 -3.653e-01 -3.796e+00 -3.411e+00 -4.867e+00 -3.061e+00 -8.373e-01 -8.222e-01 -1.047e+00 -9.967e-01 -2.334e+00 -1.984e+00 -1.671e+00 -1.352e+00 -4.461e+00 -7.604e+00 -1.055e+01
-5.040 -8.148 15.708 21.753 0.250 0.368 1.000 -3.620e-01 -3.817e+00 -3.432e+00 -4.887e+00 -3.080e+00 -8.539e-01 -8.355e-01 -1.057e+00 -1.003e+00 -2.338e+00 -1.980e+00 -1.642e+00 -1.273e+00 -4.379e+00 -7.518e+00 -1.046e+01
-4.987 -8.165 16.051 21.671 0.250 0.368 1.000 -3.592e-01 -3.837e+00 -3.453e+00 -4.907e+00 -3.100e+00 -8.707e-01 -8.495e-01 -1.068e+00 -1.012e+00 -2.344e+00 -1.977e+00 -1.614e+00 -1.200e+00 -4.302e+00 -7.439e+00 -1.038e+01
-4.933 -8.170 16.231 21.591 0.188 0.421 1.000 -3.569e-01 -3.856e+00 -3.473e+00 -4.926e+00 -3.119e+00 -8.878e-01 -8.643e-01 -1.081e+00 -1.022e+00 -2.351e+00 -1.976e+00 -1.588e+00 -1.131e+00 -4.231e+00 -7.366e+00 -1.031e+01
-4.880 -8.170 16.350 21.512 0.188 0.421 1.000 -3.549e-01 -3.874e+00 -3.493e+00 -4.946e+00 -3.139e+00 -9.053e-01 -8.798e-01 -1.094e+00 -1.033e+00 -2.361e+00 -1.977e+00 -1.563e+00 -1.068e+00 -4.166e+00 -7.298e+00 -1.023e+01
-4.827 -8.175 16.440 21.434 0.188 0.421 1.000 -3.533e-01 -3.893e+00 -3.512e+00 -4.965e+00 -3.158e+00 -9.233e-01 -8.961e-01 -1.109e+00 -1.046e+00 -2.372e+00 -1.979e+00 -1.539e+00 -1.010e+00 -4.106e+00 -7.237e+00 -1.017e+01
-4.773 -8.167 16.510 21.360 0.188 0.421 1.000 -3.519e-01 -3.911e+00 -3.531e+00 -4.984e+00 -3.178e+00 -9.417e-01 -9.132e-01 -1.124e+00 -1.061e+00 -2.385e+00 -1.983e+00 -1.516e+00 -9.568e-01 -4.051e+00 -7.181e+00 -1.012e+01
-4.720 -8.169 16.568 21.289 0.188 0.421 1.000 -3.507e-01 -3.928e+00 -3.551e+00 -5.003e+00 -3.198e+00 -9.605e-01 -9.308e-01 -1.141e+00 -1.076e+00 -2.399e+00 -1.987e+00 -1.495e+00 -9.084e-01 -4.002e+00 -7.130e+00 -1.006e+01
-4.667 -8.155 16.618 21.220 0.188 0.421 1.000 -3.497e-01 -3.946e+00 -3.570e+00 -5.023e+00 -3.218e+00 -9.797e-01 -9.490e-01 -1.158e+00 -1.092e+00 -2.414e+00 -1.992e+00 -1.474e+00 -8.645e-01 -3.957e+00 -7.084e+00 -1.002e+01
-4.613 -8.149 16.661 21.152 0.188 0.421 1.000 -3.487e-01 -3.964e+00 -3.589e+00 -5.043e+00 -3.239e+00 -9.992e-01 -9.676e-01 -1.176e+00 -1.109e+00 -2.430e+00 -1.997e+00 -1.456e+00 -8.251e-01 -3.917e+00 -7.042e+00 -9.974e+00
-4.560 -8.162 16.699 21.085 0.188 0.421 1.000 -3.479e-01 -3.981e+00 -3.608e+00 -5.062e+00 -3.259e+00 -1.019e+00 -9.864e-01 -1.194e+00 -1.126e+00 -2.446e+00 -2.002e+00 -1.438e+00 -7.898e-01 -3.880e+00 -7.005e+00 -9.935e+00
-4.507 -8.174 16.733 21.017 0.188 0.421 1.000 -3.470e-01 -3.999e+00 -3.627e+00 -5.082e+00 -3.280e+00 -1.038e+00 -1.005e+00 -1.211e+00 -1.143e+00 -2.462e+00 -2.008e+00 -1.422e+00 -7.586e-01 -3.848e+00 -6.972e+00 -9.904e+00
-4.453 -8.151 16.763 20.945 0.188 0.421 1.000 -3.462e-01 -4.016e+00 -3.646e+00 -5.101e+00 -3.300e+00 -1.058e+00 -1.023e+00 -1.229e+00 -1.159e+00 -2.478e+00 -2.013e+00 -1.408e+00 -7.312e-01 -3.820e+00 -6.943e+00 -9.873e+00
-4.400 -8.149 16.790 20.868 0.188 0.421 1.000 -3.454e-01 -4.032e+00 -3.664e+00 -5.119e+00 -3.319e+00 -1.076e+00 -1.041e+00 -1.246e+00 -1.175e+00 -2.493e+00 -2.018e+00 -1.396e+00 -7.076e-01 -3.796e+00 -6.918e+00 -9.847e+00
-4.347 -8.164 16.814 20.783 0.188 0.421 1.000 -3.445e-01 -4.048e+00 -3.681e+00 -5.136e+00 -3.337e+00 -1.093e+00 -1.058e+00 -1.262e+00 -1.190e+00 -2.507e+00 -2.023e+00 -1.385e+00 -6.874e-01 -3.775e+00 -6.896e+00 -9.824e+00
-4.293 -8.169 16.835 20.689 0.188 0.421 1.000 -3.437e-01 -4.063e+00 -3.697e+00 -5.152e+00 -3.354e+00 -1.110e+00 -1.073e+00 -1.276e+00 -1.204e+00 -2.520e+00 -2.027e+00 -1.376e+00 -6.704e-01 -3.757e+00 -6.877e+00 -9.805e+00
-4.240 -8.154 16.853 20.583 0.188 0.421 1.000 -3.429e-01 -4.076e+00 -3.711e+00 -5.167e+00 -3.369e+00 -1.124e+00 -1.087e+00 -1.289e+00 -1.216e+00 -2.531e+00 -2.030e+00 -1.368e+00 -6.564e-01 -3.742e+00 -6.862e+00 -9.789e+00
-4.187 -8.174 16.868 20.463 0.188 0.421 1.000 -3.422e-01 -4.088e+00 -3.723e+00 -5.180e+00 -3.383e+00 -1.136e+00 -1.098e+00 -1.300e+00 -1.226e+00 -2.541e+00 -2.033e+00 -1.362e+00 -6.452e-01 -3.730e+00 -6.849e+00 -9.774e+00
-4.133 -8.173 16.880 20.325 0.188 0.421 1.000 -3.415e-01 -4.098e+00 -3.734e+00 -5.190e+00 -3.394e+00 -1.147e+00 -1.108e+00 -1.309e+00 -1.235e+00 -2.548e+00 -2.036e+00 -1.357e+00 -6.364e-01 -3.721e+00 -6.839e+00 -9.763e+00
-4.080 -7.414 16.890 20.198 0.250 0.421 1.000 -3.410e-01 -4.105e+00 -3.742e+00 -5.198e+00 -3.402e+00 -1.155e+00 -1.116e+00 -1.316e+00 -1.241e+00 -2.555e+00 -2.038e+00 -1.353e+00 -6.298e-01 -3.713e+00 -6.831e+00 -9.755e+00
-4.026 -6.830 16.900 20.220 0.250 0.421 1.000 -3.410e-01 -4.108e+00 -3.745e+00 -5.202e+00 -3.406e+00 -1.159e+00 -1.119e+00 -1.320e+00 -1.245e+00 -2.559e+00 -2.039e+00 -1.351e+00 -6.258e-01 -3.710e+00 -6.828e+00 -9.752e+00
-3.973 -6.842 16.910 20.146 0.250 0.421 1.000 -3.408e-01 -4.111e+00 -3.749e+00 -5.205e+00 -3.410e+00 -1.162e+00 -1.123e+00 -1.323e+00 -1.248e+00 -2.561e+00 -2.040e+00 -1.350e+00 -6.232e-01 -3.707e+00 -6.824e+00 -9.748e+00
-3.920 -6.858 16.919 20.028 0.250 0.421 1.000 -3.405e-01 -4.114e+00 -3.752e+00 -5.208e+00 -3.413e+00 -1.165e+00 -1.125e+00 -1.325e+00 -1.250e+00 -2.563e+00 -2.041e+00 -1.349e+00 -6.212e-01 -3.704e+00 -6.822e+00 -9.746e+00
-3.866 -6.845 16.926 19.884 0.250 0.421 1.000 -3.403e-01 -4.117e+00 -3.755e+00 -5.211e+00 -3.416e+00 -1.168e+00 -1.128e+00 -1.327e+00 -1.252e+00 -2.564e+00 -2.041e+00 -1.348e+00 -6.196e-01 -3.703e+00 -6.820e+00 -9.744e+00
-3.813 -6.857 16.933 19.850 0.188 0.737 1.000 -3.402e-01 -4.124e+00 -3.760e+00 -5.216e+00 -3.420e+00 -1.170e+00 -1.129e+00 -1.329e+00 -1.253e+00 -2.566e+00 -2.041e+00 -1.347e+00 -6.183e-01 -3.701e+00 -6.818e+00 -9.742e+00
-3.760 -6.856 16.939 19.653 0.125 0.842 1.000 -3.400e-01 -4.123e+00 -3.760e+00 -5.216e+00 -3.420e+00 -1.171e+00 -1.131e+00 -1.330e+00 -1.254e+00 -2.566e+00 -2.042e+00 -1.347e+00 -6.176e-01 -3.700e+00 -6.817e+00 -9.741e+00
-3.706 -6.832 16.943 19.487 0.125 0.842 1.000 -3.399e-01 -4.123e+00 -3.761e+00 -5.217e+00 -3.421e+00 -1.172e+00 -1.131e+00 -1.331e+00 -1.255e+00 -2.567e+00 -2.042e+00 -1.347e+00 -6.170e-01 -3.700e+00 -6.816e+00 -9.740e+00
-3.652 -6.065 16.947 19.366 0.125 0.947 1.000 -3.397e-01 -4.123e+00 -3.761e+00 -5.217e+00 -3.421e+00 -1.172e+00 -1.132e+00 -1.331e+00 -1.255e+00 -2.567e+00 -2.042e+00 -1.347e+00 -6.170e-01 -3.699e+00 -6.816e+00 -9.738e+00
-3.597 -4.639 16.948   -inf 0.000 1.000 1.000 -3.397e-01 -4.123e+00 -3.761e+00 -5.217e+00 -3.421e+00 -1.172e+00 -1.132e+00 -1.331e+00 -1.255e+00 -2.567e+00 -2.042e+00 -1.347e+00 -6.170e-01 -3.699e+00 -6.816e+00 -9.738e+00
-3.515 -4.556 16.948   -inf 0.000 1.000 1.000 -3.397e-01 -4.123e+00 -3.761e+00 -5.217e+00 -3.421e+00 -1.172e+00 -1.132e+00 -1.331e+00 -1.255e+00 -2.567e+00 -2.042e+00 -1.347e+00 -6.170e-01 -3.699e+00 -6.816e+00 -9.738e+00
-3.473 -4.515 16.948   -inf 0.000 1.000 1.000 -3.397e-01 -4.123e+00 -3.761e+00 -5.217e+00 -3.421e+00 -1.172e+00 -1.132e+00 -1.331e+00 -1.255e+00 -2.567e+00 -2.042e+00 -1.347e+00 -6.170e-01 -3.699e+00 -6.816e+00 -9.739e+00
-3.432 -4.473 16.948   -inf 0.000 1.000 1.000 -3.397e-01 -4.123e+00 -3.761e+00 -5.217e+00 -3.421e+00 -1.172e+00 -1.132e+00 -1.331e+00 -1.255e+00 -2.567e+00 -2.042e+00 -1.347e+00 -6.169e-01 -3.699e+00 -6.816e+00 -9.738e+00
-3.349 -4.391 16.948   -inf 0.000 1.000 1.000 -3.397e-01 -4.123e+00 -3.761e+00 -5.217e+00 -3.421e+00 -1.172e+00 -1.132e+00 -1.331e+00 -1.255e+00 -2.567e+00 -2.042e+00 -1.347e+00 -6.169e-01 -3.699e+00 -6.816e+00 -9.739e+00
-3.308 -4.349 16.948   -inf 0.000 1.000 1.000 -3.397e-01 -4.123e+00 -3.761e+00 -5.217e+00 -3.421e+00 -1.172e+00 -1.132e+00 -1.331e+00 -1.255e+00 -2.567e+00 -2.042e+00 -1.347e+00 -6.169e-01 -3.699e+00 -6.816e+00 -9.738e+00
-3.266 -4.308 16.948   -inf 0.000 1.000 1.000 -3.397e-01 -4.123e+00 -3.761e+00 -5.217e+00 -3.421e+00 -1.172e+00 -1.132e+00 -1.331e+00 -1.255e+00 -2.567e+00 -2.042e+00 -1.347e+00 -6.169e-01 -3.699e+00 -6.816e+00 -9.739e+00
-3.225 -4.266 16.948   -inf 0.000 1.000 1.000 -3.397e-01 -4.123e+00 -3.761e+00 -5.217e+00 -3.421e+00 -1.172e+00 -1.132e+00 -1.331e+00 -1.255e+00 -2.567e+00 -2.042e+00 -1.347e+00 -6.169e-01 -3.699e+00 -6.816e+00 -9.738e+00
-3.142 -4.184 16.948   -inf 0.000 1.000 1.000 -3.397e-01 -4.123e+00 -3.761e+00 -5.217e+00 -3.421e+00 -1.172e+00 -1.132e+00 -1.331e+00 -1.255e+00 -2.567e+00 -2.042e+00 -1.347e+00 -6.169e-01 -3.699e+00 -6.816e+00 -9.739e+00
-3.101 -4.142 16.948   -inf 0.000 1.000 1.000 -3.397e-01 -4.123e+00 -3.761e+00 -5.217e+00 -3.421e+00 -1.172e+00 -1.132e+00 -1.331e+00 -1.255e+00 -2.567e+00 -2.042e+00 -1.347e+00 -6.169e-01 -3.699e+00 -6.816e+00 -9.739e+00
-3.059 -4.101 16.948   -inf 0.000 1.000 1.000 -3.397e-01 -4.123e+00 -3.761e+00 -5.217e+00 -3.421e+00 -1.172e+00 -1.132e+00 -1.331e+00 -1.255e+00 -2.567e+00 -2.042e+00 -1.347e+00 -6.169e-01 -3.699e+00 -6.816e+00 -9.739e+00
-2.977 -4.018 16.948   -inf 0.000 1.000 1.000 -3.397e-01 -4.123e+00 -3.761e+00 -5.217e+00 -3.421e+00 -1.172e+00 -1.132e+00 -1.331e+00 -1.255e+00 -2.567e+00 -2.042e+00 -1.347e+00 -6.169e-01 -3.699e+00 -6.816e+00 -9.739e+00
-2.935 -3.977 16.948   -inf 0.000 1.000 1.000 -3.397e-01 -4.123e+00 -3.761e+00 -5.217e+00 -3.421e+00 -1.172e+00 -1.132e+00 -1.331e+00 -1.255e+00 -2.567e+00 -2.042e+00 -1.347e+00 -6.169e-01 -3.699e+00 -6.816e+00 -9.739e+00
-2.894 -3.935 16.948   -inf 0.000 1.000 1.000 -3.397e-01 -4.123e+00 -3.761e+00 -5.217e+00 -3.421e+00 -1.172e+00 -1.132e+00 -1.331e+00 -1.255e+00 -2.567e+00 -2.042e+00 -1.347e+00 -6.169e-01 -3.699e+00 -6.816e+00 -9.738e+00
-2.852 -3.894 16.948   -inf 0.000 1.000 1.000 -3.397e-01 -4.123e+00 -3.761e+00 -5.217e+00 -3.421e+00 -1.172e+00 -1.132e+00 -1.331e+00 -1.255e+00 -2.567e+00 -2.042e+00 -1.347e+00 -6.169e-01 -3.699e+00 -6.816e+00 -9.738e+00
-2.770 -3.811 16.948   -inf 0.000 1.000 1.000 -3.397e-01 -4.123e+00 -3.761e+00 -5.217e+00 -3.421e+00 -1.172e+00 -1.132e+00 -1.331e+00 -1.255e+00 -2.567e+00 -2.042e+00 -1.347e+00 -6.169e-01 -3.699e+00 -6.816e+00 -9.739e+00
-2.728 -3.770 16.948   -inf 0.000 1.000 1.000 -3.397e-01 -4.123e+00 -3.761e+00 -5.217e+00 -3.421e+00 -1.172e+00 -1.132e+00 -1.331e+00 -1.255e+00 -2.567e+00 -2.042e+00 -1.347e+00 -6.169e-01 -3.699e+00 -6.816e+00 -9.739e+00
-2.687 -3.728 16.948   -inf 0.000 1.000 1.000 -3.397e-01 -4.123e+00 -3.761e+00 -5.217e+00 -3.421e+00 -1.172e+00 -1.132e+00 -1.331e+00 -1.255e+00 -2.567e+00 -2.042e+00 -1.347e+00 -6.169e-01 -3.699e+00 -6.816e+00 -9.739e+00
-2.604 -3.645 16.948   -inf 0.000 1.000 1.000 -3.397e-01 -4.123e+00 -3.761e+00 -5.217e+00 -3.421e+00 -1.172e+00 -1.132e+00 -1.331e+00 -1.255e+00 -2.567e+00 -2.042e+00 -1.347e+00 -6.169e-01 -3.699e+00 -6.816e+00 -9.738e+00
-2.563 -3.604 16.948   -inf 0.000 1.000 1.000 -3.397e-01 -4.123e+00 -3.761e+00 -5.217e+00 -3.421e+00 -1.172e+00 -1.132e+00 -1.331e+00 -1.255e+00 -2.567e+00 -2.042e+00 -1.347e+00 -6.169e-01 -3.699e+00 -6.816e+00 -9.739e+00
-2.521 -3.563 16.948   -inf 0.000 1.000 1.000 -3.397e-01 -4.123e+00 -3.761e+00 -5.217e+00 -3.421e+00 -1.172e+00 -1.132e+00 -1.331e+00 -1.255e+00 -2.567e+00 -2.042e+00 -1.347e+00 -6.169e-01 -3.699e+00 -6.816e+00 -9.738e+00
-2.480 -3.521 16.948   -inf 0.000 1.000 1.000 -3.397e-01 -4.123e+00 -3.761e+00 -5.217e+00 -3.421e+00 -1.172e+00 -1.132e+00 -1.331e+00 -1.255e+00 -2.567e+00 -2.042e+00 -1.347e+00 -6.169e-01 -3.699e+00 -6.816e+00 -9.739e+00
-2.397 -3.438 16.948   -inf 0.000 1.000 1.000 -3.397e-01 -4.123e+00 -3.761e+00 -5.217e+00 -3.421e+00 -1.172e+00 -1.132e+00 -1.331e+00 -1.255e+00 -2.567e+00 -2.042e+00 -1.347e+00 -6.169e-01 -3.699e+00 -6.816e+00 -9.738e+00
-2.356 -3.397 16.948   -inf 0.000 1.000 1.000 -3.397e-01 -4.123e+00 -3.761e+00 -5.217e+00 -3.421e+00 -1.172e+00 -1.132e+00 -1.331e+00 -1.255e+00 -2.567e+00 -2.042e+00 -1.347e+00 -6.169e-01 -3.699e+00 -6.816e+00 -9.738e+00
-2.314 -3.356 16.948   -inf 0.000 1.000 1.000 -3.397e-01 -4.123e+00 -3.761e+00 -5.217e+00 -3.421e+00 -1.172e+00 -1.132e+00 -1.331e+00 -1.255e+00 -2.567e+00 -2.042e+00 -1.347e+00 -6.169e-01 -3.699e+00 -6.816e+00 -9.739e+00
-2.232 -3.273 16.948   -inf 0.000 1.000 1.000 -3.397e-01 -4.123e+00 -3.761e+00 -5.217e+00 -3.421e+00 -1.172e+00 -1.132e+00 -1.331e+00 -1.255e+00 -2.567e+00 -2.042e+00 -1.347e+00 -6.169e-01 -3.699e+00 -6.816e+00 -9.738e+00
-2.190 -3.232 16.948   -inf 0.000 1.000 1.000 -3.397e-01 -4.123e+00 -3.761e+00 -5.217e+00 -3.421e+00 -1.172e+00 -1.132e+00 -1.331e+00 -1.255e+00 -2.567e+00 -2.042e+00 -1.347e+00 -6.169e-01 -3.699e+00 -6.816e+00 -9.739e+00
-2.149 -3.190 16.948   -inf 0.000 1.000 1.000 -3.397e-01 -4.123e+00 -3.761e+00 -5.217e+00 -3.421e+00 -1.172e+00 -1.132e+00 -1.331e+00 -1.255e+00 -2.567e+00 -2.042e+00 -1.347e+00 -6.169e-01 -3.699e+00 -6.816e+00 -9.739e+00
-2.066 -3.107 16.948   -inf 0.000 1.000 1.000 -3.397e-01 -4.123e+00 -3.761e+00 -5.217e+00 -3.421e+00 -1.172e+00 -1.132e+00 -1.331e+00 -1.255e+00 -2.567e+00 -2.042e+00 -1.347e+00 -6.169e-01 -3.699e+00 -6.816e+00 -9.739e+00
-2.025 -3.066 16.948   -inf 0.000 1.000 1.000 -3.397e-01 -4.123e+00 -3.761e+00 -5.217e+00 -3.421e+00 -1.172e+00 -1.132e+00 -1.331e+00 -1.255e+00 -2.567e+00 -2.042e+00 -1.347e+00 -6.169e-01 -3.699e+00 -6.816e+00 -9.738e+00
-1.983 -3.025 16.948   -inf 0.000 1.000 1.000 -3.397e-01 -4.123e+00 -3.761e+00 -5.217e+00 -3.421e+00 -1.172e+00 -1.132e+00 -1.331e+00 -1.255e+00 -2.567e+00 -2.042e+00 -1.347e+00 -6.168e-01 -3.699e+00 -6.816e+00 -9.740e+00
