# ASY+PE method (with partition functions): 1330 integration steps # All quantities except Asy, RG_PE, and sumX are log10(x)
# Log of absolute values for E and dE/dt as they can be negative
# Units: t and dt in s; E in erg; dE/dt in erg/g/s; others dimensionless 
#
#    t     dt     |E|  |dE/dt| Asy  Equil  sumX  X(4He)     X(12C)     X(16O)     X(20Ne)     X(24Mg)     X(28Si)     X(32S)     X(36Ar)     X(40Ca)     X(44Ti)     X(48Cr)     X(52Fe)     X(56Ni)     X(60Zn)     X(64Ge)     X(68Se)     

-10.929 -11.893 15.641 26.555 0.000 0.000 1.000 -2.449e+00 -3.198e-01 -3.013e-01 -1.760e+00 -3.323e+00 -5.721e+00 -1.047e+01 -1.607e+01 -2.283e+01 -2.400e+01 -2.400e+01 -2.400e+01 -2.400e+01 -2.400e+01 -2.400e+01 -2.400e+01
-10.879 -11.843 15.689 26.551 0.000 0.000 1.000 -2.401e+00 -3.220e-01 -3.013e-01 -1.712e+00 -3.274e+00 -5.668e+00 -1.032e+01 -1.582e+01 -2.250e+01 -2.400e+01 -2.400e+01 -2.400e+01 -2.400e+01 -2.400e+01 -2.400e+01 -2.400e+01
-10.829 -11.793 15.737 26.546 0.000 0.000 1.000 -2.353e+00 -3.245e-01 -3.014e-01 -1.664e+00 -3.224e+00 -5.614e+00 -1.017e+01 -1.557e+01 -2.216e+01 -2.400e+01 -2.400e+01 -2.400e+01 -2.400e+01 -2.400e+01 -2.400e+01 -2.400e+01
-10.779 -11.743 15.784 26.542 0.000 0.000 1.000 -2.306e+00 -3.273e-01 -3.014e-01 -1.617e+00 -3.175e+00 -5.560e+00 -1.002e+01 -1.532e+01 -2.182e+01 -2.400e+01 -2.400e+01 -2.400e+01 -2.400e+01 -2.400e+01 -2.400e+01 -2.400e+01
-10.729 -11.693 15.831 26.536 0.000 0.000 1.000 -2.259e+00 -3.304e-01 -3.014e-01 -1.570e+00 -3.125e+00 -5.505e+00 -9.869e+00 -1.508e+01 -2.147e+01 -2.400e+01 -2.400e+01 -2.400e+01 -2.400e+01 -2.400e+01 -2.400e+01 -2.400e+01
-10.679 -11.643 15.878 26.530 0.000 0.000 1.000 -2.212e+00 -3.339e-01 -3.015e-01 -1.523e+00 -3.076e+00 -5.450e+00 -9.718e+00 -1.483e+01 -2.113e+01 -2.400e+01 -2.400e+01 -2.400e+01 -2.400e+01 -2.400e+01 -2.400e+01 -2.400e+01
-10.629 -11.593 15.924 26.523 0.000 0.000 1.000 -2.165e+00 -3.377e-01 -3.015e-01 -1.477e+00 -3.026e+00 -5.393e+00 -9.566e+00 -1.458e+01 -2.078e+01 -2.400e+01 -2.400e+01 -2.400e+01 -2.400e+01 -2.400e+01 -2.400e+01 -2.400e+01
-10.579 -11.543 15.970 26.516 0.000 0.000 1.000 -2.119e+00 -3.420e-01 -3.016e-01 -1.431e+00 -2.976e+00 -5.336e+00 -9.414e+00 -1.433e+01 -2.044e+01 -2.399e+01 -2.400e+01 -2.400e+01 -2.400e+01 -2.400e+01 -2.400e+01 -2.400e+01
-10.529 -11.493 16.016 26.508 0.000 0.000 1.000 -2.074e+00 -3.468e-01 -3.017e-01 -1.386e+00 -2.926e+00 -5.277e+00 -9.261e+00 -1.408e+01 -2.009e+01 -2.397e+01 -2.400e+01 -2.400e+01 -2.400e+01 -2.400e+01 -2.400e+01 -2.400e+01
-10.479 -11.443 16.061 26.499 0.000 0.000 1.000 -2.029e+00 -3.521e-01 -3.017e-01 -1.341e+00 -2.875e+00 -5.217e+00 -9.108e+00 -1.383e+01 -1.975e+01 -2.393e+01 -2.400e+01 -2.400e+01 -2.400e+01 -2.400e+01 -2.400e+01 -2.400e+01
-10.429 -11.393 16.106 26.489 0.000 0.000 1.000 -1.984e+00 -3.580e-01 -3.018e-01 -1.297e+00 -2.824e+00 -5.156e+00 -8.955e+00 -1.359e+01 -1.940e+01 -2.383e+01 -2.400e+01 -2.400e+01 -2.400e+01 -2.400e+01 -2.400e+01 -2.400e+01
-10.379 -11.343 16.150 26.478 0.000 0.000 1.000 -1.941e+00 -3.645e-01 -3.019e-01 -1.253e+00 -2.773e+00 -5.092e+00 -8.801e+00 -1.334e+01 -1.906e+01 -2.363e+01 -2.400e+01 -2.400e+01 -2.400e+01 -2.400e+01 -2.400e+01 -2.400e+01
-10.329 -11.293 16.194 26.466 0.000 0.000 1.000 -1.897e+00 -3.717e-01 -3.020e-01 -1.210e+00 -2.720e+00 -5.027e+00 -8.646e+00 -1.309e+01 -1.872e+01 -2.333e+01 -2.400e+01 -2.400e+01 -2.400e+01 -2.400e+01 -2.400e+01 -2.400e+01
-10.279 -11.243 16.236 26.453 0.000 0.000 1.000 -1.855e+00 -3.797e-01 -3.021e-01 -1.168e+00 -2.667e+00 -4.960e+00 -8.490e+00 -1.284e+01 -1.838e+01 -2.296e+01 -2.400e+01 -2.400e+01 -2.400e+01 -2.400e+01 -2.400e+01 -2.400e+01
-10.229 -11.193 16.279 26.438 0.000 0.000 1.000 -1.813e+00 -3.885e-01 -3.022e-01 -1.127e+00 -2.613e+00 -4.890e+00 -8.332e+00 -1.259e+01 -1.804e+01 -2.255e+01 -2.400e+01 -2.400e+01 -2.400e+01 -2.400e+01 -2.400e+01 -2.400e+01
-10.179 -11.143 16.320 26.423 0.000 0.000 1.000 -1.773e+00 -3.982e-01 -3.023e-01 -1.086e+00 -2.558e+00 -4.818e+00 -8.174e+00 -1.235e+01 -1.770e+01 -2.212e+01 -2.400e+01 -2.400e+01 -2.400e+01 -2.400e+01 -2.400e+01 -2.400e+01
-10.129 -11.093 16.361 26.406 0.000 0.000 1.000 -1.733e+00 -4.088e-01 -3.024e-01 -1.047e+00 -2.501e+00 -4.742e+00 -8.014e+00 -1.210e+01 -1.736e+01 -2.170e+01 -2.400e+01 -2.400e+01 -2.400e+01 -2.400e+01 -2.400e+01 -2.400e+01
-10.079 -11.043 16.401 26.387 0.000 0.000 1.000 -1.694e+00 -4.205e-01 -3.025e-01 -1.008e+00 -2.443e+00 -4.662e+00 -7.852e+00 -1.185e+01 -1.702e+01 -2.127e+01 -2.400e+01 -2.400e+01 -2.400e+01 -2.400e+01 -2.400e+01 -2.400e+01
-10.029 -10.993 16.440 26.367 0.000 0.000 1.000 -1.656e+00 -4.332e-01 -3.027e-01 -9.712e-01 -2.383e+00 -4.579e+00 -7.689e+00 -1.160e+01 -1.668e+01 -2.084e+01 -2.400e+01 -2.400e+01 -2.400e+01 -2.400e+01 -2.400e+01 -2.400e+01
-9.979 -10.943 16.478 26.346 0.000 0.000 1.000 -1.620e+00 -4.471e-01 -3.028e-01 -9.353e-01 -2.320e+00 -4.492e+00 -7.523e+00 -1.135e+01 -1.634e+01 -2.041e+01 -2.400e+01 -2.400e+01 -2.400e+01 -2.400e+01 -2.400e+01 -2.400e+01
-9.929 -10.893 16.515 26.324 0.000 0.000 1.000 -1.585e+00 -4.623e-01 -3.030e-01 -9.007e-01 -2.256e+00 -4.400e+00 -7.354e+00 -1.110e+01 -1.600e+01 -1.999e+01 -2.400e+01 -2.400e+01 -2.400e+01 -2.400e+01 -2.400e+01 -2.400e+01
-9.879 -10.843 16.552 26.301 0.000 0.000 1.000 -1.551e+00 -4.788e-01 -3.031e-01 -8.676e-01 -2.190e+00 -4.303e+00 -7.183e+00 -1.084e+01 -1.567e+01 -1.956e+01 -2.400e+01 -2.400e+01 -2.400e+01 -2.400e+01 -2.400e+01 -2.400e+01
-9.829 -10.793 16.587 26.276 0.000 0.000 1.000 -1.518e+00 -4.966e-01 -3.032e-01 -8.361e-01 -2.121e+00 -4.201e+00 -7.008e+00 -1.059e+01 -1.533e+01 -1.914e+01 -2.398e+01 -2.400e+01 -2.400e+01 -2.400e+01 -2.400e+01 -2.400e+01
-9.779 -10.743 16.622 26.251 0.000 0.000 1.000 -1.488e+00 -5.158e-01 -3.034e-01 -8.062e-01 -2.050e+00 -4.094e+00 -6.831e+00 -1.033e+01 -1.499e+01 -1.872e+01 -2.395e+01 -2.400e+01 -2.400e+01 -2.400e+01 -2.400e+01 -2.400e+01
-9.729 -10.693 16.656 26.225 0.000 0.000 1.000 -1.459e+00 -5.365e-01 -3.035e-01 -7.781e-01 -1.977e+00 -3.982e+00 -6.650e+00 -1.008e+01 -1.466e+01 -1.830e+01 -2.386e+01 -2.400e+01 -2.400e+01 -2.400e+01 -2.400e+01 -2.400e+01
-9.679 -10.643 16.689 26.198 0.000 0.000 1.000 -1.431e+00 -5.587e-01 -3.036e-01 -7.519e-01 -1.903e+00 -3.865e+00 -6.465e+00 -9.820e+00 -1.432e+01 -1.789e+01 -2.367e+01 -2.400e+01 -2.400e+01 -2.400e+01 -2.400e+01 -2.400e+01
-9.629 -10.593 16.722 26.172 0.000 0.000 1.000 -1.406e+00 -5.825e-01 -3.037e-01 -7.278e-01 -1.827e+00 -3.743e+00 -6.277e+00 -9.560e+00 -1.399e+01 -1.747e+01 -2.333e+01 -2.400e+01 -2.400e+01 -2.400e+01 -2.400e+01 -2.400e+01
-9.579 -10.543 16.753 26.146 0.000 0.000 1.000 -1.382e+00 -6.077e-01 -3.038e-01 -7.057e-01 -1.750e+00 -3.617e+00 -6.086e+00 -9.299e+00 -1.365e+01 -1.706e+01 -2.291e+01 -2.400e+01 -2.400e+01 -2.400e+01 -2.400e+01 -2.400e+01
-9.529 -10.493 16.785 26.121 0.000 0.000 1.000 -1.361e+00 -6.346e-01 -3.038e-01 -6.859e-01 -1.672e+00 -3.487e+00 -5.892e+00 -9.036e+00 -1.332e+01 -1.665e+01 -2.245e+01 -2.400e+01 -2.400e+01 -2.400e+01 -2.400e+01 -2.400e+01
-9.479 -10.443 16.816 26.096 0.000 0.000 1.000 -1.341e+00 -6.630e-01 -3.039e-01 -6.685e-01 -1.594e+00 -3.355e+00 -5.695e+00 -8.772e+00 -1.298e+01 -1.624e+01 -2.197e+01 -2.400e+01 -2.400e+01 -2.400e+01 -2.400e+01 -2.400e+01
-9.429 -10.393 16.846 26.073 0.000 0.000 1.000 -1.324e+00 -6.930e-01 -3.038e-01 -6.536e-01 -1.517e+00 -3.220e+00 -5.496e+00 -8.506e+00 -1.265e+01 -1.584e+01 -2.150e+01 -2.400e+01 -2.400e+01 -2.400e+01 -2.400e+01 -2.400e+01
-9.379 -10.343 16.877 26.051 0.000 0.000 1.000 -1.309e+00 -7.245e-01 -3.038e-01 -6.412e-01 -1.441e+00 -3.084e+00 -5.297e+00 -8.241e+00 -1.231e+01 -1.543e+01 -2.102e+01 -2.400e+01 -2.400e+01 -2.400e+01 -2.400e+01 -2.400e+01
-9.329 -10.293 16.907 26.030 0.000 0.000 1.000 -1.297e+00 -7.575e-01 -3.036e-01 -6.317e-01 -1.366e+00 -2.949e+00 -5.097e+00 -7.976e+00 -1.198e+01 -1.503e+01 -2.055e+01 -2.400e+01 -2.400e+01 -2.400e+01 -2.400e+01 -2.400e+01
-9.279 -10.243 16.938 26.010 0.000 0.000 1.000 -1.287e+00 -7.920e-01 -3.034e-01 -6.250e-01 -1.292e+00 -2.813e+00 -4.897e+00 -7.712e+00 -1.165e+01 -1.464e+01 -2.009e+01 -2.400e+01 -2.400e+01 -2.400e+01 -2.400e+01 -2.400e+01
-9.229 -10.193 16.968 25.990 0.000 0.000 1.000 -1.280e+00 -8.278e-01 -3.032e-01 -6.213e-01 -1.221e+00 -2.679e+00 -4.700e+00 -7.451e+00 -1.133e+01 -1.425e+01 -1.963e+01 -2.399e+01 -2.400e+01 -2.400e+01 -2.400e+01 -2.400e+01
-9.179 -10.143 16.998 25.971 0.000 0.000 1.000 -1.275e+00 -8.651e-01 -3.028e-01 -6.208e-01 -1.153e+00 -2.548e+00 -4.504e+00 -7.192e+00 -1.100e+01 -1.386e+01 -1.918e+01 -2.398e+01 -2.400e+01 -2.400e+01 -2.400e+01 -2.400e+01
-9.129 -10.093 17.029 25.952 0.000 0.000 1.000 -1.273e+00 -9.036e-01 -3.024e-01 -6.236e-01 -1.088e+00 -2.419e+00 -4.312e+00 -6.937e+00 -1.069e+01 -1.348e+01 -1.873e+01 -2.394e+01 -2.400e+01 -2.400e+01 -2.400e+01 -2.400e+01
-9.079 -10.043 17.059 25.931 0.000 0.000 1.000 -1.274e+00 -9.434e-01 -3.019e-01 -6.297e-01 -1.026e+00 -2.294e+00 -4.125e+00 -6.687e+00 -1.038e+01 -1.310e+01 -1.829e+01 -2.383e+01 -2.400e+01 -2.400e+01 -2.400e+01 -2.400e+01
-9.029 -9.993 17.089 25.909 0.000 0.000 1.000 -1.278e+00 -9.843e-01 -3.013e-01 -6.394e-01 -9.677e-01 -2.173e+00 -3.942e+00 -6.443e+00 -1.007e+01 -1.274e+01 -1.787e+01 -2.361e+01 -2.400e+01 -2.400e+01 -2.400e+01 -2.400e+01
-8.979 -9.943 17.119 25.885 0.000 0.000 1.000 -1.285e+00 -1.026e+00 -3.007e-01 -6.526e-01 -9.132e-01 -2.056e+00 -3.764e+00 -6.205e+00 -9.772e+00 -1.238e+01 -1.745e+01 -2.326e+01 -2.400e+01 -2.400e+01 -2.400e+01 -2.400e+01
-8.929 -9.893 17.149 25.858 0.000 0.000 1.000 -1.295e+00 -1.070e+00 -2.999e-01 -6.696e-01 -8.627e-01 -1.944e+00 -3.592e+00 -5.975e+00 -9.483e+00 -1.203e+01 -1.704e+01 -2.285e+01 -2.400e+01 -2.400e+01 -2.400e+01 -2.400e+01
-8.880 -9.843 17.177 25.828 0.000 0.000 1.000 -1.308e+00 -1.114e+00 -2.991e-01 -6.902e-01 -8.164e-01 -1.838e+00 -3.427e+00 -5.752e+00 -9.203e+00 -1.169e+01 -1.664e+01 -2.242e+01 -2.400e+01 -2.400e+01 -2.400e+01 -2.400e+01
-8.830 -9.793 17.205 25.795 0.000 0.000 1.000 -1.324e+00 -1.159e+00 -2.982e-01 -7.146e-01 -7.743e-01 -1.737e+00 -3.269e+00 -5.537e+00 -8.932e+00 -1.137e+01 -1.626e+01 -2.198e+01 -2.400e+01 -2.400e+01 -2.400e+01 -2.400e+01
-8.780 -9.743 17.233 25.758 0.000 0.000 1.000 -1.343e+00 -1.205e+00 -2.972e-01 -7.427e-01 -7.365e-01 -1.641e+00 -3.118e+00 -5.331e+00 -8.672e+00 -1.105e+01 -1.589e+01 -2.156e+01 -2.400e+01 -2.400e+01 -2.400e+01 -2.400e+01
-8.730 -9.693 17.259 25.717 0.000 0.000 1.000 -1.366e+00 -1.252e+00 -2.962e-01 -7.745e-01 -7.030e-01 -1.552e+00 -2.974e+00 -5.134e+00 -8.422e+00 -1.075e+01 -1.554e+01 -2.115e+01 -2.400e+01 -2.400e+01 -2.400e+01 -2.400e+01
-8.680 -9.643 17.284 25.673 0.000 0.000 1.000 -1.391e+00 -1.299e+00 -2.952e-01 -8.099e-01 -6.736e-01 -1.468e+00 -2.838e+00 -4.947e+00 -8.183e+00 -1.046e+01 -1.519e+01 -2.076e+01 -2.400e+01 -2.400e+01 -2.400e+01 -2.400e+01
-8.630 -9.593 17.307 25.625 0.000 0.000 1.000 -1.420e+00 -1.348e+00 -2.942e-01 -8.488e-01 -6.484e-01 -1.389e+00 -2.709e+00 -4.768e+00 -7.956e+00 -1.019e+01 -1.487e+01 -2.038e+01 -2.400e+01 -2.400e+01 -2.400e+01 -2.400e+01
-8.580 -9.543 17.330 25.572 0.000 0.000 1.000 -1.451e+00 -1.397e+00 -2.931e-01 -8.909e-01 -6.271e-01 -1.317e+00 -2.588e+00 -4.599e+00 -7.739e+00 -9.924e+00 -1.456e+01 -2.002e+01 -2.399e+01 -2.400e+01 -2.400e+01 -2.400e+01
-8.530 -9.493 17.350 25.517 0.000 0.000 1.000 -1.486e+00 -1.447e+00 -2.921e-01 -9.362e-01 -6.095e-01 -1.250e+00 -2.474e+00 -4.439e+00 -7.534e+00 -9.675e+00 -1.426e+01 -1.968e+01 -2.399e+01 -2.400e+01 -2.400e+01 -2.400e+01
-8.480 -9.443 17.370 25.457 0.000 0.000 1.000 -1.524e+00 -1.498e+00 -2.911e-01 -9.843e-01 -5.954e-01 -1.188e+00 -2.367e+00 -4.289e+00 -7.340e+00 -9.440e+00 -1.398e+01 -1.935e+01 -2.397e+01 -2.400e+01 -2.400e+01 -2.400e+01
-8.430 -9.393 17.388 25.394 0.000 0.000 1.000 -1.565e+00 -1.550e+00 -2.901e-01 -1.035e+00 -5.846e-01 -1.131e+00 -2.268e+00 -4.147e+00 -7.157e+00 -9.218e+00 -1.371e+01 -1.904e+01 -2.393e+01 -2.400e+01 -2.400e+01 -2.400e+01
-8.380 -9.343 17.405 25.328 0.000 0.000 1.000 -1.610e+00 -1.602e+00 -2.892e-01 -1.088e+00 -5.768e-01 -1.079e+00 -2.175e+00 -4.015e+00 -6.986e+00 -9.010e+00 -1.346e+01 -1.875e+01 -2.387e+01 -2.400e+01 -2.400e+01 -2.400e+01
-8.330 -9.293 17.421 25.259 0.000 0.000 1.000 -1.658e+00 -1.656e+00 -2.884e-01 -1.143e+00 -5.717e-01 -1.032e+00 -2.090e+00 -3.891e+00 -6.825e+00 -8.815e+00 -1.323e+01 -1.848e+01 -2.376e+01 -2.400e+01 -2.400e+01 -2.400e+01
-8.280 -9.243 17.435 25.187 0.000 0.000 1.000 -1.709e+00 -1.710e+00 -2.875e-01 -1.200e+00 -5.690e-01 -9.898e-01 -2.011e+00 -3.777e+00 -6.675e+00 -8.634e+00 -1.301e+01 -1.822e+01 -2.361e+01 -2.400e+01 -2.400e+01 -2.400e+01
-8.230 -9.193 17.448 25.111 0.000 0.000 1.000 -1.764e+00 -1.765e+00 -2.868e-01 -1.258e+00 -5.684e-01 -9.514e-01 -1.938e+00 -3.670e+00 -6.535e+00 -8.467e+00 -1.281e+01 -1.798e+01 -2.343e+01 -2.400e+01 -2.400e+01 -2.400e+01
-8.180 -9.143 17.460 25.033 0.000 0.000 1.000 -1.823e+00 -1.821e+00 -2.861e-01 -1.318e+00 -5.695e-01 -9.169e-01 -1.871e+00 -3.572e+00 -6.406e+00 -8.313e+00 -1.262e+01 -1.776e+01 -2.323e+01 -2.400e+01 -2.400e+01 -2.400e+01
-8.130 -9.093 17.470 24.951 0.000 0.000 1.000 -1.885e+00 -1.878e+00 -2.854e-01 -1.379e+00 -5.722e-01 -8.860e-01 -1.810e+00 -3.482e+00 -6.286e+00 -8.172e+00 -1.244e+01 -1.755e+01 -2.303e+01 -2.400e+01 -2.400e+01 -2.400e+01
-8.080 -9.043 17.480 24.866 0.000 0.000 1.000 -1.952e+00 -1.937e+00 -2.848e-01 -1.440e+00 -5.759e-01 -8.585e-01 -1.755e+00 -3.399e+00 -6.176e+00 -8.045e+00 -1.229e+01 -1.736e+01 -2.282e+01 -2.400e+01 -2.400e+01 -2.400e+01
-8.030 -8.993 17.489 24.778 0.000 0.000 1.000 -2.022e+00 -1.996e+00 -2.842e-01 -1.503e+00 -5.806e-01 -8.341e-01 -1.706e+00 -3.324e+00 -6.076e+00 -7.932e+00 -1.214e+01 -1.719e+01 -2.263e+01 -2.400e+01 -2.400e+01 -2.400e+01
-7.980 -8.943 17.496 24.686 0.000 0.000 1.000 -2.096e+00 -2.057e+00 -2.837e-01 -1.568e+00 -5.860e-01 -8.125e-01 -1.661e+00 -3.256e+00 -5.985e+00 -7.832e+00 -1.201e+01 -1.703e+01 -2.245e+01 -2.400e+01 -2.400e+01 -2.400e+01
-7.930 -8.893 17.503 24.592 0.000 0.000 1.000 -2.174e+00 -2.119e+00 -2.832e-01 -1.634e+00 -5.917e-01 -7.933e-01 -1.621e+00 -3.195e+00 -5.902e+00 -7.745e+00 -1.189e+01 -1.689e+01 -2.229e+01 -2.400e+01 -2.400e+01 -2.400e+01
-7.880 -8.843 17.509 24.495 0.000 0.000 1.000 -2.255e+00 -2.183e+00 -2.827e-01 -1.703e+00 -5.976e-01 -7.765e-01 -1.586e+00 -3.140e+00 -5.828e+00 -7.672e+00 -1.179e+01 -1.676e+01 -2.214e+01 -2.400e+01 -2.400e+01 -2.400e+01
-7.830 -8.793 17.515 24.395 0.000 0.000 1.000 -2.338e+00 -2.248e+00 -2.823e-01 -1.774e+00 -6.036e-01 -7.615e-01 -1.555e+00 -3.091e+00 -5.760e+00 -7.612e+00 -1.170e+01 -1.664e+01 -2.201e+01 -2.400e+01 -2.400e+01 -2.400e+01
-7.780 -8.743 17.519 24.294 0.000 0.000 1.000 -2.423e+00 -2.316e+00 -2.820e-01 -1.849e+00 -6.096e-01 -7.483e-01 -1.528e+00 -3.048e+00 -5.700e+00 -7.565e+00 -1.162e+01 -1.654e+01 -2.189e+01 -2.400e+01 -2.400e+01 -2.400e+01
-7.730 -8.693 17.524 24.192 0.000 0.000 1.000 -2.509e+00 -2.384e+00 -2.817e-01 -1.929e+00 -6.153e-01 -7.366e-01 -1.504e+00 -3.009e+00 -5.646e+00 -7.531e+00 -1.155e+01 -1.645e+01 -2.178e+01 -2.400e+01 -2.400e+01 -2.400e+01
-7.680 -8.643 17.527 24.090 0.000 0.000 1.000 -2.596e+00 -2.455e+00 -2.815e-01 -2.014e+00 -6.209e-01 -7.260e-01 -1.483e+00 -2.975e+00 -5.598e+00 -7.509e+00 -1.149e+01 -1.637e+01 -2.168e+01 -2.400e+01 -2.400e+01 -2.400e+01
-7.630 -8.593 17.530 23.990 0.000 0.000 1.000 -2.683e+00 -2.527e+00 -2.814e-01 -2.104e+00 -6.262e-01 -7.164e-01 -1.465e+00 -2.946e+00 -5.555e+00 -7.501e+00 -1.144e+01 -1.630e+01 -2.159e+01 -2.400e+01 -2.400e+01 -2.400e+01
-7.580 -8.543 17.533 23.893 0.000 0.000 1.000 -2.769e+00 -2.601e+00 -2.815e-01 -2.200e+00 -6.312e-01 -7.077e-01 -1.450e+00 -2.919e+00 -5.516e+00 -7.504e+00 -1.139e+01 -1.623e+01 -2.151e+01 -2.400e+01 -2.400e+01 -2.400e+01
-7.530 -8.493 17.536 23.799 0.000 0.000 1.000 -2.853e+00 -2.675e+00 -2.817e-01 -2.303e+00 -6.360e-01 -6.996e-01 -1.437e+00 -2.896e+00 -5.481e+00 -7.519e+00 -1.136e+01 -1.618e+01 -2.144e+01 -2.400e+01 -2.400e+01 -2.400e+01
-7.480 -8.443 17.538 23.709 0.000 0.000 1.000 -2.936e+00 -2.750e+00 -2.821e-01 -2.410e+00 -6.405e-01 -6.920e-01 -1.426e+00 -2.876e+00 -5.449e+00 -7.546e+00 -1.133e+01 -1.613e+01 -2.138e+01 -2.400e+01 -2.400e+01 -2.400e+01
-7.430 -8.393 17.540 23.623 0.000 0.000 1.000 -3.015e+00 -2.823e+00 -2.826e-01 -2.520e+00 -6.448e-01 -6.847e-01 -1.417e+00 -2.858e+00 -5.421e+00 -7.584e+00 -1.131e+01 -1.608e+01 -2.132e+01 -2.400e+01 -2.400e+01 -2.400e+01
-7.380 -8.343 17.542 23.543 0.000 0.000 1.000 -3.088e+00 -2.894e+00 -2.834e-01 -2.630e+00 -6.489e-01 -6.777e-01 -1.410e+00 -2.842e+00 -5.394e+00 -7.630e+00 -1.129e+01 -1.604e+01 -2.127e+01 -2.400e+01 -2.400e+01 -2.400e+01
-7.330 -8.293 17.544 23.470 0.000 0.000 1.000 -3.153e+00 -2.960e+00 -2.843e-01 -2.735e+00 -6.529e-01 -6.707e-01 -1.405e+00 -2.828e+00 -5.370e+00 -7.683e+00 -1.127e+01 -1.601e+01 -2.122e+01 -2.400e+01 -2.400e+01 -2.400e+01
-7.284 -8.285 17.546 23.407 0.062 0.000 1.000 -3.179e+00 -3.019e+00 -2.854e-01 -2.830e+00 -6.568e-01 -6.638e-01 -1.401e+00 -2.816e+00 -5.347e+00 -7.737e+00 -1.126e+01 -1.598e+01 -2.118e+01 -2.400e+01 -2.400e+01 -2.400e+01
-7.242 -8.276 17.547 23.383 0.062 0.000 1.000 -3.210e+00 -3.065e+00 -2.866e-01 -2.889e+00 -6.606e-01 -6.570e-01 -1.397e+00 -2.805e+00 -5.326e+00 -7.769e+00 -1.125e+01 -1.594e+01 -2.113e+01 -2.400e+01 -2.400e+01 -2.400e+01
-7.205 -8.294 17.549 23.350 0.000 0.000 1.000 -3.264e+00 -3.097e+00 -2.877e-01 -2.929e+00 -6.641e-01 -6.510e-01 -1.394e+00 -2.795e+00 -5.307e+00 -7.790e+00 -1.124e+01 -1.592e+01 -2.110e+01 -2.400e+01 -2.400e+01 -2.400e+01
-7.167 -8.244 17.550 23.292 0.000 0.000 1.000 -3.280e+00 -3.122e+00 -2.889e-01 -2.972e+00 -6.673e-01 -6.453e-01 -1.393e+00 -2.787e+00 -5.290e+00 -7.818e+00 -1.123e+01 -1.589e+01 -2.106e+01 -2.400e+01 -2.400e+01 -2.400e+01
-7.131 -8.235 17.551 23.277 0.062 0.000 1.000 -3.287e+00 -3.141e+00 -2.903e-01 -3.002e+00 -6.707e-01 -6.391e-01 -1.391e+00 -2.779e+00 -5.273e+00 -7.834e+00 -1.122e+01 -1.587e+01 -2.103e+01 -2.400e+01 -2.400e+01 -2.400e+01
-7.102 -8.288 17.553 23.268 0.000 0.000 1.000 -3.303e+00 -3.153e+00 -2.914e-01 -3.016e+00 -6.737e-01 -6.338e-01 -1.390e+00 -2.772e+00 -5.258e+00 -7.835e+00 -1.121e+01 -1.585e+01 -2.100e+01 -2.400e+01 -2.400e+01 -2.400e+01
-7.074 -8.280 17.554 23.250 0.062 0.000 1.000 -3.305e+00 -3.162e+00 -2.926e-01 -3.030e+00 -6.767e-01 -6.286e-01 -1.389e+00 -2.766e+00 -5.244e+00 -7.836e+00 -1.121e+01 -1.583e+01 -2.097e+01 -2.400e+01 -2.400e+01 -2.400e+01
-7.048 -8.288 17.555 23.246 0.000 0.000 1.000 -3.312e+00 -3.168e+00 -2.938e-01 -3.038e+00 -6.796e-01 -6.237e-01 -1.388e+00 -2.760e+00 -5.230e+00 -7.831e+00 -1.120e+01 -1.581e+01 -2.094e+01 -2.400e+01 -2.400e+01 -2.400e+01
-7.021 -8.238 17.556 23.237 0.000 0.000 1.000 -3.314e+00 -3.173e+00 -2.950e-01 -3.046e+00 -6.825e-01 -6.187e-01 -1.387e+00 -2.754e+00 -5.216e+00 -7.824e+00 -1.120e+01 -1.580e+01 -2.092e+01 -2.400e+01 -2.400e+01 -2.400e+01
-6.998 -8.283 17.557 23.233 0.000 0.000 1.000 -3.317e+00 -3.176e+00 -2.962e-01 -3.051e+00 -6.854e-01 -6.139e-01 -1.386e+00 -2.749e+00 -5.203e+00 -7.816e+00 -1.119e+01 -1.578e+01 -2.089e+01 -2.400e+01 -2.400e+01 -2.400e+01
-6.976 -8.283 17.558 23.229 0.000 0.000 1.000 -3.318e+00 -3.178e+00 -2.974e-01 -3.055e+00 -6.882e-01 -6.093e-01 -1.385e+00 -2.743e+00 -5.190e+00 -7.806e+00 -1.119e+01 -1.576e+01 -2.087e+01 -2.400e+01 -2.400e+01 -2.400e+01
-6.955 -8.283 17.559 23.225 0.000 0.000 1.000 -3.320e+00 -3.180e+00 -2.986e-01 -3.058e+00 -6.911e-01 -6.047e-01 -1.384e+00 -2.738e+00 -5.178e+00 -7.796e+00 -1.118e+01 -1.575e+01 -2.084e+01 -2.400e+01 -2.400e+01 -2.400e+01
-6.935 -8.283 17.560 23.222 0.000 0.000 1.000 -3.321e+00 -3.181e+00 -2.998e-01 -3.061e+00 -6.939e-01 -6.002e-01 -1.383e+00 -2.733e+00 -5.165e+00 -7.785e+00 -1.117e+01 -1.573e+01 -2.082e+01 -2.400e+01 -2.400e+01 -2.400e+01
-6.916 -8.283 17.561 23.219 0.000 0.000 1.000 -3.322e+00 -3.182e+00 -3.010e-01 -3.064e+00 -6.967e-01 -5.958e-01 -1.382e+00 -2.728e+00 -5.153e+00 -7.774e+00 -1.117e+01 -1.572e+01 -2.079e+01 -2.399e+01 -2.400e+01 -2.400e+01
-6.898 -8.283 17.562 23.216 0.000 0.000 1.000 -3.323e+00 -3.183e+00 -3.022e-01 -3.066e+00 -6.996e-01 -5.915e-01 -1.381e+00 -2.723e+00 -5.141e+00 -7.763e+00 -1.116e+01 -1.570e+01 -2.077e+01 -2.399e+01 -2.400e+01 -2.400e+01
-6.880 -8.284 17.563 23.214 0.000 0.000 1.000 -3.323e+00 -3.183e+00 -3.033e-01 -3.068e+00 -7.024e-01 -5.873e-01 -1.379e+00 -2.718e+00 -5.130e+00 -7.751e+00 -1.116e+01 -1.569e+01 -2.075e+01 -2.399e+01 -2.400e+01 -2.400e+01
-6.862 -8.234 17.564 23.211 0.000 0.000 1.000 -3.324e+00 -3.184e+00 -3.045e-01 -3.070e+00 -7.052e-01 -5.831e-01 -1.378e+00 -2.713e+00 -5.118e+00 -7.740e+00 -1.115e+01 -1.567e+01 -2.072e+01 -2.399e+01 -2.400e+01 -2.400e+01
-6.845 -8.278 17.565 23.209 0.000 0.000 1.000 -3.324e+00 -3.184e+00 -3.057e-01 -3.072e+00 -7.081e-01 -5.789e-01 -1.376e+00 -2.709e+00 -5.107e+00 -7.729e+00 -1.114e+01 -1.566e+01 -2.070e+01 -2.399e+01 -2.400e+01 -2.400e+01
-6.829 -8.278 17.566 23.206 0.000 0.000 1.000 -3.325e+00 -3.184e+00 -3.069e-01 -3.074e+00 -7.109e-01 -5.749e-01 -1.375e+00 -2.704e+00 -5.096e+00 -7.718e+00 -1.114e+01 -1.564e+01 -2.068e+01 -2.399e+01 -2.400e+01 -2.400e+01
-6.814 -8.278 17.567 23.204 0.000 0.000 1.000 -3.325e+00 -3.185e+00 -3.081e-01 -3.076e+00 -7.137e-01 -5.709e-01 -1.373e+00 -2.700e+00 -5.085e+00 -7.707e+00 -1.113e+01 -1.563e+01 -2.066e+01 -2.399e+01 -2.400e+01 -2.400e+01
-6.800 -8.278 17.568 23.201 0.000 0.000 1.000 -3.326e+00 -3.185e+00 -3.093e-01 -3.078e+00 -7.165e-01 -5.671e-01 -1.372e+00 -2.695e+00 -5.074e+00 -7.697e+00 -1.113e+01 -1.562e+01 -2.064e+01 -2.399e+01 -2.400e+01 -2.400e+01
-6.785 -8.278 17.569 23.199 0.000 0.000 1.000 -3.326e+00 -3.185e+00 -3.105e-01 -3.080e+00 -7.193e-01 -5.632e-01 -1.370e+00 -2.691e+00 -5.063e+00 -7.686e+00 -1.112e+01 -1.560e+01 -2.062e+01 -2.399e+01 -2.400e+01 -2.400e+01
-6.772 -8.278 17.570 23.197 0.000 0.000 1.000 -3.327e+00 -3.185e+00 -3.117e-01 -3.082e+00 -7.221e-01 -5.595e-01 -1.369e+00 -2.687e+00 -5.053e+00 -7.676e+00 -1.111e+01 -1.559e+01 -2.060e+01 -2.399e+01 -2.400e+01 -2.400e+01
-6.758 -8.279 17.571 23.194 0.000 0.000 1.000 -3.327e+00 -3.185e+00 -3.128e-01 -3.083e+00 -7.249e-01 -5.558e-01 -1.367e+00 -2.682e+00 -5.042e+00 -7.666e+00 -1.111e+01 -1.558e+01 -2.058e+01 -2.399e+01 -2.400e+01 -2.400e+01
-6.744 -8.229 17.572 23.192 0.000 0.000 1.000 -3.328e+00 -3.185e+00 -3.140e-01 -3.085e+00 -7.277e-01 -5.521e-01 -1.365e+00 -2.678e+00 -5.032e+00 -7.655e+00 -1.110e+01 -1.556e+01 -2.056e+01 -2.399e+01 -2.400e+01 -2.400e+01
-6.731 -8.273 17.573 23.190 0.000 0.000 1.000 -3.328e+00 -3.185e+00 -3.152e-01 -3.087e+00 -7.306e-01 -5.485e-01 -1.363e+00 -2.674e+00 -5.022e+00 -7.645e+00 -1.109e+01 -1.555e+01 -2.054e+01 -2.399e+01 -2.400e+01 -2.400e+01
-6.719 -8.273 17.574 23.187 0.000 0.000 1.000 -3.328e+00 -3.186e+00 -3.164e-01 -3.089e+00 -7.334e-01 -5.450e-01 -1.361e+00 -2.670e+00 -5.012e+00 -7.636e+00 -1.109e+01 -1.554e+01 -2.052e+01 -2.399e+01 -2.400e+01 -2.400e+01
-6.707 -8.273 17.575 23.185 0.000 0.000 1.000 -3.329e+00 -3.186e+00 -3.176e-01 -3.090e+00 -7.362e-01 -5.415e-01 -1.359e+00 -2.666e+00 -5.002e+00 -7.626e+00 -1.108e+01 -1.553e+01 -2.050e+01 -2.399e+01 -2.400e+01 -2.400e+01
-6.695 -8.273 17.576 23.183 0.000 0.000 1.000 -3.329e+00 -3.186e+00 -3.188e-01 -3.092e+00 -7.390e-01 -5.381e-01 -1.358e+00 -2.662e+00 -4.992e+00 -7.616e+00 -1.107e+01 -1.552e+01 -2.048e+01 -2.399e+01 -2.400e+01 -2.400e+01
-6.684 -8.273 17.577 23.180 0.000 0.000 1.000 -3.329e+00 -3.186e+00 -3.199e-01 -3.094e+00 -7.418e-01 -5.347e-01 -1.356e+00 -2.658e+00 -4.983e+00 -7.607e+00 -1.107e+01 -1.550e+01 -2.046e+01 -2.399e+01 -2.400e+01 -2.400e+01
-6.673 -8.274 17.578 23.178 0.000 0.000 1.000 -3.329e+00 -3.186e+00 -3.211e-01 -3.095e+00 -7.445e-01 -5.314e-01 -1.354e+00 -2.654e+00 -4.973e+00 -7.597e+00 -1.106e+01 -1.549e+01 -2.045e+01 -2.399e+01 -2.400e+01 -2.400e+01
-6.662 -8.274 17.579 23.176 0.000 0.000 1.000 -3.330e+00 -3.186e+00 -3.223e-01 -3.097e+00 -7.473e-01 -5.282e-01 -1.352e+00 -2.650e+00 -4.964e+00 -7.588e+00 -1.105e+01 -1.548e+01 -2.043e+01 -2.399e+01 -2.400e+01 -2.400e+01
-6.652 -8.274 17.580 23.174 0.000 0.000 1.000 -3.330e+00 -3.186e+00 -3.235e-01 -3.099e+00 -7.501e-01 -5.250e-01 -1.350e+00 -2.646e+00 -4.955e+00 -7.579e+00 -1.105e+01 -1.547e+01 -2.041e+01 -2.399e+01 -2.400e+01 -2.400e+01
-6.640 -8.224 17.581 23.171 0.000 0.000 1.000 -3.330e+00 -3.186e+00 -3.246e-01 -3.100e+00 -7.529e-01 -5.218e-01 -1.347e+00 -2.642e+00 -4.945e+00 -7.570e+00 -1.104e+01 -1.546e+01 -2.039e+01 -2.399e+01 -2.400e+01 -2.400e+01
-6.630 -8.268 17.582 23.169 0.000 0.000 1.000 -3.330e+00 -3.187e+00 -3.258e-01 -3.102e+00 -7.557e-01 -5.186e-01 -1.345e+00 -2.639e+00 -4.936e+00 -7.560e+00 -1.103e+01 -1.545e+01 -2.038e+01 -2.399e+01 -2.400e+01 -2.400e+01
-6.620 -8.268 17.583 23.167 0.000 0.000 1.000 -3.331e+00 -3.187e+00 -3.270e-01 -3.104e+00 -7.585e-01 -5.155e-01 -1.343e+00 -2.635e+00 -4.927e+00 -7.552e+00 -1.102e+01 -1.543e+01 -2.036e+01 -2.399e+01 -2.400e+01 -2.400e+01
-6.611 -8.268 17.584 23.165 0.000 0.000 1.000 -3.331e+00 -3.187e+00 -3.282e-01 -3.105e+00 -7.613e-01 -5.125e-01 -1.341e+00 -2.631e+00 -4.919e+00 -7.543e+00 -1.102e+01 -1.542e+01 -2.034e+01 -2.399e+01 -2.400e+01 -2.400e+01
-6.601 -8.268 17.584 23.162 0.000 0.000 1.000 -3.331e+00 -3.187e+00 -3.293e-01 -3.107e+00 -7.641e-01 -5.095e-01 -1.339e+00 -2.628e+00 -4.910e+00 -7.534e+00 -1.101e+01 -1.541e+01 -2.033e+01 -2.398e+01 -2.400e+01 -2.400e+01
-6.592 -8.269 17.585 23.160 0.000 0.000 1.000 -3.331e+00 -3.187e+00 -3.305e-01 -3.108e+00 -7.668e-01 -5.065e-01 -1.337e+00 -2.624e+00 -4.901e+00 -7.525e+00 -1.100e+01 -1.540e+01 -2.031e+01 -2.398e+01 -2.400e+01 -2.400e+01
-6.583 -8.269 17.586 23.158 0.000 0.000 1.000 -3.331e+00 -3.187e+00 -3.317e-01 -3.110e+00 -7.696e-01 -5.036e-01 -1.334e+00 -2.620e+00 -4.893e+00 -7.517e+00 -1.100e+01 -1.539e+01 -2.029e+01 -2.398e+01 -2.400e+01 -2.400e+01
-6.574 -8.269 17.587 23.156 0.000 0.000 1.000 -3.331e+00 -3.187e+00 -3.329e-01 -3.111e+00 -7.724e-01 -5.008e-01 -1.332e+00 -2.617e+00 -4.884e+00 -7.508e+00 -1.099e+01 -1.538e+01 -2.028e+01 -2.398e+01 -2.400e+01 -2.400e+01
-6.565 -8.269 17.588 23.153 0.000 0.000 1.000 -3.331e+00 -3.187e+00 -3.340e-01 -3.113e+00 -7.751e-01 -4.980e-01 -1.330e+00 -2.613e+00 -4.876e+00 -7.500e+00 -1.098e+01 -1.537e+01 -2.026e+01 -2.398e+01 -2.400e+01 -2.400e+01
-6.556 -8.219 17.589 23.151 0.000 0.000 1.000 -3.331e+00 -3.187e+00 -3.352e-01 -3.115e+00 -7.780e-01 -4.951e-01 -1.328e+00 -2.610e+00 -4.868e+00 -7.492e+00 -1.097e+01 -1.536e+01 -2.025e+01 -2.398e+01 -2.400e+01 -2.400e+01
-6.547 -8.263 17.590 23.149 0.000 0.000 1.000 -3.332e+00 -3.188e+00 -3.364e-01 -3.116e+00 -7.807e-01 -4.923e-01 -1.325e+00 -2.606e+00 -4.860e+00 -7.483e+00 -1.097e+01 -1.535e+01 -2.023e+01 -2.398e+01 -2.400e+01 -2.400e+01
-6.539 -8.263 17.591 23.147 0.000 0.000 1.000 -3.332e+00 -3.188e+00 -3.375e-01 -3.118e+00 -7.835e-01 -4.896e-01 -1.323e+00 -2.603e+00 -4.851e+00 -7.475e+00 -1.096e+01 -1.534e+01 -2.022e+01 -2.398e+01 -2.400e+01 -2.400e+01
-6.531 -8.264 17.591 23.144 0.000 0.000 1.000 -3.332e+00 -3.188e+00 -3.387e-01 -3.119e+00 -7.863e-01 -4.869e-01 -1.321e+00 -2.599e+00 -4.843e+00 -7.467e+00 -1.095e+01 -1.533e+01 -2.020e+01 -2.398e+01 -2.400e+01 -2.400e+01
-6.523 -8.255 17.592 23.142 0.062 0.000 1.000 -3.332e+00 -3.188e+00 -3.399e-01 -3.121e+00 -7.891e-01 -4.842e-01 -1.318e+00 -2.596e+00 -4.835e+00 -7.459e+00 -1.094e+01 -1.532e+01 -2.019e+01 -2.398e+01 -2.400e+01 -2.400e+01
-6.515 -8.264 17.593 23.140 0.000 0.000 1.000 -3.332e+00 -3.188e+00 -3.411e-01 -3.122e+00 -7.919e-01 -4.816e-01 -1.316e+00 -2.592e+00 -4.827e+00 -7.451e+00 -1.094e+01 -1.531e+01 -2.017e+01 -2.398e+01 -2.400e+01 -2.400e+01
-6.507 -8.264 17.594 23.138 0.000 0.000 1.000 -3.332e+00 -3.188e+00 -3.422e-01 -3.123e+00 -7.947e-01 -4.790e-01 -1.314e+00 -2.589e+00 -4.820e+00 -7.443e+00 -1.093e+01 -1.530e+01 -2.016e+01 -2.398e+01 -2.400e+01 -2.400e+01
-6.500 -8.255 17.595 23.136 0.062 0.000 1.000 -3.332e+00 -3.188e+00 -3.434e-01 -3.125e+00 -7.975e-01 -4.764e-01 -1.311e+00 -2.586e+00 -4.812e+00 -7.435e+00 -1.092e+01 -1.529e+01 -2.014e+01 -2.398e+01 -2.400e+01 -2.400e+01
-6.492 -8.264 17.596 23.133 0.000 0.000 1.000 -3.332e+00 -3.188e+00 -3.446e-01 -3.126e+00 -8.003e-01 -4.739e-01 -1.309e+00 -2.582e+00 -4.804e+00 -7.427e+00 -1.091e+01 -1.528e+01 -2.013e+01 -2.398e+01 -2.400e+01 -2.400e+01
-6.484 -8.214 17.597 23.131 0.000 0.000 1.000 -3.332e+00 -3.189e+00 -3.457e-01 -3.128e+00 -8.031e-01 -4.714e-01 -1.306e+00 -2.579e+00 -4.797e+00 -7.419e+00 -1.091e+01 -1.527e+01 -2.011e+01 -2.398e+01 -2.400e+01 -2.400e+01
-6.476 -8.206 17.597 23.129 0.062 0.000 1.000 -3.332e+00 -3.189e+00 -3.471e-01 -3.129e+00 -8.062e-01 -4.686e-01 -1.304e+00 -2.575e+00 -4.788e+00 -7.411e+00 -1.090e+01 -1.525e+01 -2.010e+01 -2.397e+01 -2.400e+01 -2.400e+01
-6.468 -8.197 17.598 23.126 0.062 0.000 1.000 -3.332e+00 -3.189e+00 -3.484e-01 -3.131e+00 -8.094e-01 -4.658e-01 -1.301e+00 -2.571e+00 -4.779e+00 -7.402e+00 -1.089e+01 -1.524e+01 -2.008e+01 -2.397e+01 -2.400e+01 -2.400e+01
-6.460 -8.189 17.599 23.124 0.062 0.000 1.000 -3.332e+00 -3.189e+00 -3.498e-01 -3.133e+00 -8.127e-01 -4.630e-01 -1.298e+00 -2.567e+00 -4.771e+00 -7.393e+00 -1.088e+01 -1.523e+01 -2.006e+01 -2.397e+01 -2.400e+01 -2.400e+01
-6.451 -8.180 17.600 23.121 0.062 0.000 1.000 -3.332e+00 -3.189e+00 -3.512e-01 -3.134e+00 -8.160e-01 -4.602e-01 -1.295e+00 -2.564e+00 -4.762e+00 -7.384e+00 -1.087e+01 -1.522e+01 -2.005e+01 -2.397e+01 -2.400e+01 -2.400e+01
-6.443 -8.171 17.601 23.119 0.062 0.000 1.000 -3.332e+00 -3.189e+00 -3.526e-01 -3.136e+00 -8.194e-01 -4.573e-01 -1.292e+00 -2.560e+00 -4.753e+00 -7.375e+00 -1.086e+01 -1.521e+01 -2.003e+01 -2.397e+01 -2.400e+01 -2.400e+01
-6.435 -8.163 17.602 23.116 0.062 0.000 1.000 -3.332e+00 -3.189e+00 -3.540e-01 -3.138e+00 -8.229e-01 -4.545e-01 -1.289e+00 -2.555e+00 -4.744e+00 -7.366e+00 -1.085e+01 -1.520e+01 -2.001e+01 -2.397e+01 -2.400e+01 -2.400e+01
-6.427 -8.154 17.603 23.113 0.062 0.000 1.000 -3.331e+00 -3.190e+00 -3.555e-01 -3.139e+00 -8.264e-01 -4.516e-01 -1.286e+00 -2.551e+00 -4.735e+00 -7.357e+00 -1.084e+01 -1.518e+01 -2.000e+01 -2.397e+01 -2.400e+01 -2.400e+01
-6.419 -8.146 17.604 23.111 0.062 0.000 1.000 -3.331e+00 -3.190e+00 -3.570e-01 -3.141e+00 -8.300e-01 -4.487e-01 -1.283e+00 -2.547e+00 -4.726e+00 -7.348e+00 -1.083e+01 -1.517e+01 -1.998e+01 -2.397e+01 -2.400e+01 -2.400e+01
-6.410 -8.137 17.605 23.108 0.062 0.000 1.000 -3.331e+00 -3.190e+00 -3.585e-01 -3.143e+00 -8.336e-01 -4.459e-01 -1.280e+00 -2.543e+00 -4.717e+00 -7.338e+00 -1.082e+01 -1.516e+01 -1.996e+01 -2.397e+01 -2.400e+01 -2.400e+01
-6.402 -8.128 17.606 23.105 0.062 0.000 1.000 -3.331e+00 -3.190e+00 -3.600e-01 -3.145e+00 -8.374e-01 -4.430e-01 -1.277e+00 -2.539e+00 -4.708e+00 -7.329e+00 -1.081e+01 -1.515e+01 -1.995e+01 -2.396e+01 -2.400e+01 -2.400e+01
-6.394 -8.120 17.607 23.102 0.062 0.000 1.000 -3.331e+00 -3.190e+00 -3.616e-01 -3.146e+00 -8.412e-01 -4.401e-01 -1.274e+00 -2.534e+00 -4.699e+00 -7.319e+00 -1.080e+01 -1.513e+01 -1.993e+01 -2.396e+01 -2.400e+01 -2.400e+01
-6.386 -8.111 17.608 23.099 0.062 0.000 1.000 -3.331e+00 -3.190e+00 -3.632e-01 -3.148e+00 -8.450e-01 -4.372e-01 -1.270e+00 -2.530e+00 -4.689e+00 -7.310e+00 -1.079e+01 -1.512e+01 -1.991e+01 -2.396e+01 -2.400e+01 -2.400e+01
-6.377 -8.103 17.609 23.096 0.062 0.000 1.000 -3.330e+00 -3.191e+00 -3.649e-01 -3.150e+00 -8.490e-01 -4.342e-01 -1.267e+00 -2.526e+00 -4.680e+00 -7.300e+00 -1.078e+01 -1.511e+01 -1.989e+01 -2.396e+01 -2.400e+01 -2.400e+01
-6.369 -8.094 17.610 23.093 0.062 0.000 1.000 -3.330e+00 -3.191e+00 -3.665e-01 -3.152e+00 -8.530e-01 -4.313e-01 -1.263e+00 -2.521e+00 -4.671e+00 -7.290e+00 -1.077e+01 -1.509e+01 -1.987e+01 -2.396e+01 -2.400e+01 -2.400e+01
-6.361 -8.085 17.611 23.090 0.062 0.000 1.000 -3.330e+00 -3.191e+00 -3.682e-01 -3.154e+00 -8.571e-01 -4.284e-01 -1.260e+00 -2.516e+00 -4.661e+00 -7.280e+00 -1.076e+01 -1.508e+01 -1.986e+01 -2.396e+01 -2.400e+01 -2.400e+01
-6.353 -8.077 17.613 23.087 0.062 0.000 1.000 -3.330e+00 -3.191e+00 -3.699e-01 -3.156e+00 -8.612e-01 -4.255e-01 -1.256e+00 -2.512e+00 -4.651e+00 -7.270e+00 -1.075e+01 -1.506e+01 -1.984e+01 -2.395e+01 -2.400e+01 -2.400e+01
-6.344 -8.068 17.614 23.084 0.062 0.000 1.000 -3.329e+00 -3.191e+00 -3.717e-01 -3.157e+00 -8.655e-01 -4.225e-01 -1.253e+00 -2.507e+00 -4.642e+00 -7.260e+00 -1.074e+01 -1.505e+01 -1.982e+01 -2.395e+01 -2.400e+01 -2.400e+01
-6.336 -8.060 17.615 23.080 0.125 0.000 1.000 -3.329e+00 -3.192e+00 -3.734e-01 -3.158e+00 -8.698e-01 -4.196e-01 -1.249e+00 -2.502e+00 -4.632e+00 -7.250e+00 -1.073e+01 -1.504e+01 -1.980e+01 -2.395e+01 -2.400e+01 -2.400e+01
-6.328 -8.051 17.616 23.077 0.125 0.000 1.000 -3.329e+00 -3.192e+00 -3.752e-01 -3.160e+00 -8.742e-01 -4.166e-01 -1.245e+00 -2.497e+00 -4.622e+00 -7.239e+00 -1.072e+01 -1.502e+01 -1.978e+01 -2.395e+01 -2.400e+01 -2.400e+01
-6.320 -8.069 17.617 23.074 0.062 0.000 1.000 -3.328e+00 -3.192e+00 -3.770e-01 -3.163e+00 -8.784e-01 -4.138e-01 -1.242e+00 -2.493e+00 -4.612e+00 -7.229e+00 -1.070e+01 -1.501e+01 -1.976e+01 -2.395e+01 -2.400e+01 -2.400e+01
-6.312 -8.060 17.618 23.071 0.125 0.000 1.000 -3.328e+00 -3.192e+00 -3.787e-01 -3.164e+00 -8.827e-01 -4.110e-01 -1.238e+00 -2.488e+00 -4.603e+00 -7.219e+00 -1.069e+01 -1.499e+01 -1.974e+01 -2.394e+01 -2.400e+01 -2.400e+01
-6.305 -8.069 17.619 23.067 0.062 0.000 1.000 -3.327e+00 -3.192e+00 -3.805e-01 -3.167e+00 -8.869e-01 -4.083e-01 -1.234e+00 -2.483e+00 -4.594e+00 -7.210e+00 -1.068e+01 -1.498e+01 -1.973e+01 -2.394e+01 -2.400e+01 -2.400e+01
-6.297 -8.061 17.620 23.064 0.125 0.000 1.000 -3.327e+00 -3.193e+00 -3.822e-01 -3.168e+00 -8.912e-01 -4.056e-01 -1.231e+00 -2.479e+00 -4.584e+00 -7.200e+00 -1.067e+01 -1.497e+01 -1.971e+01 -2.394e+01 -2.400e+01 -2.400e+01
-6.290 -8.069 17.621 23.061 0.062 0.000 1.000 -3.327e+00 -3.193e+00 -3.839e-01 -3.170e+00 -8.954e-01 -4.030e-01 -1.227e+00 -2.474e+00 -4.575e+00 -7.190e+00 -1.066e+01 -1.495e+01 -1.969e+01 -2.394e+01 -2.400e+01 -2.400e+01
-6.282 -8.061 17.622 23.058 0.125 0.000 1.000 -3.326e+00 -3.193e+00 -3.857e-01 -3.171e+00 -8.997e-01 -4.004e-01 -1.224e+00 -2.470e+00 -4.566e+00 -7.181e+00 -1.065e+01 -1.494e+01 -1.967e+01 -2.393e+01 -2.400e+01 -2.400e+01
-6.275 -8.070 17.623 23.054 0.062 0.000 1.000 -3.326e+00 -3.193e+00 -3.874e-01 -3.174e+00 -9.039e-01 -3.979e-01 -1.220e+00 -2.465e+00 -4.557e+00 -7.171e+00 -1.064e+01 -1.493e+01 -1.966e+01 -2.393e+01 -2.400e+01 -2.400e+01
-6.268 -8.061 17.624 23.051 0.125 0.000 1.000 -3.325e+00 -3.193e+00 -3.891e-01 -3.175e+00 -9.081e-01 -3.954e-01 -1.217e+00 -2.460e+00 -4.548e+00 -7.162e+00 -1.062e+01 -1.491e+01 -1.964e+01 -2.393e+01 -2.400e+01 -2.400e+01
-6.262 -8.070 17.625 23.048 0.062 0.000 1.000 -3.325e+00 -3.193e+00 -3.908e-01 -3.177e+00 -9.123e-01 -3.930e-01 -1.213e+00 -2.456e+00 -4.540e+00 -7.153e+00 -1.061e+01 -1.490e+01 -1.962e+01 -2.392e+01 -2.400e+01 -2.400e+01
-6.255 -8.062 17.626 23.045 0.125 0.000 1.000 -3.325e+00 -3.194e+00 -3.925e-01 -3.178e+00 -9.166e-01 -3.905e-01 -1.210e+00 -2.451e+00 -4.531e+00 -7.143e+00 -1.060e+01 -1.488e+01 -1.960e+01 -2.392e+01 -2.400e+01 -2.400e+01
-6.248 -8.062 17.627 23.042 0.062 0.000 1.000 -3.324e+00 -3.194e+00 -3.942e-01 -3.181e+00 -9.208e-01 -3.881e-01 -1.207e+00 -2.447e+00 -4.522e+00 -7.134e+00 -1.059e+01 -1.487e+01 -1.959e+01 -2.392e+01 -2.400e+01 -2.400e+01
-6.241 -8.053 17.628 23.039 0.125 0.000 1.000 -3.324e+00 -3.194e+00 -3.960e-01 -3.181e+00 -9.251e-01 -3.857e-01 -1.203e+00 -2.442e+00 -4.514e+00 -7.125e+00 -1.058e+01 -1.486e+01 -1.957e+01 -2.392e+01 -2.400e+01 -2.400e+01
-6.234 -8.045 17.629 23.035 0.125 0.000 1.000 -3.323e+00 -3.194e+00 -3.977e-01 -3.183e+00 -9.295e-01 -3.833e-01 -1.200e+00 -2.438e+00 -4.505e+00 -7.115e+00 -1.057e+01 -1.484e+01 -1.955e+01 -2.391e+01 -2.400e+01 -2.400e+01
-6.228 -8.062 17.630 23.032 0.062 0.000 1.000 -3.322e+00 -3.194e+00 -3.994e-01 -3.186e+00 -9.338e-01 -3.810e-01 -1.196e+00 -2.433e+00 -4.496e+00 -7.106e+00 -1.056e+01 -1.483e+01 -1.954e+01 -2.391e+01 -2.400e+01 -2.400e+01
-6.222 -8.054 17.631 23.029 0.125 0.000 1.000 -3.322e+00 -3.195e+00 -4.012e-01 -3.186e+00 -9.381e-01 -3.788e-01 -1.193e+00 -2.429e+00 -4.488e+00 -7.097e+00 -1.055e+01 -1.482e+01 -1.952e+01 -2.391e+01 -2.400e+01 -2.400e+01
-6.197 -8.063 17.635 23.017 0.062 0.000 1.000 -3.320e+00 -3.195e+00 -4.080e-01 -3.194e+00 -9.552e-01 -3.700e-01 -1.180e+00 -2.411e+00 -4.454e+00 -7.061e+00 -1.050e+01 -1.476e+01 -1.945e+01 -2.389e+01 -2.400e+01 -2.400e+01
-6.168 -8.046 17.639 23.001 0.125 0.000 1.000 -3.317e+00 -3.196e+00 -4.165e-01 -3.200e+00 -9.767e-01 -3.597e-01 -1.163e+00 -2.389e+00 -4.414e+00 -7.017e+00 -1.045e+01 -1.470e+01 -1.937e+01 -2.387e+01 -2.400e+01 -2.400e+01
-6.135 -8.056 17.644 22.983 0.125 0.000 1.000 -3.313e+00 -3.198e+00 -4.265e-01 -3.209e+00 -1.002e+00 -3.484e-01 -1.145e+00 -2.363e+00 -4.367e+00 -6.966e+00 -1.038e+01 -1.462e+01 -1.928e+01 -2.384e+01 -2.400e+01 -2.400e+01
-6.110 -8.048 17.649 22.968 0.125 0.000 1.000 -3.309e+00 -3.199e+00 -4.349e-01 -3.216e+00 -1.024e+00 -3.396e-01 -1.130e+00 -2.342e+00 -4.329e+00 -6.925e+00 -1.033e+01 -1.456e+01 -1.920e+01 -2.382e+01 -2.400e+01 -2.400e+01
-6.076 -8.032 17.654 22.947 0.125 0.000 1.000 -3.304e+00 -3.200e+00 -4.465e-01 -3.225e+00 -1.054e+00 -3.281e-01 -1.110e+00 -2.312e+00 -4.278e+00 -6.867e+00 -1.026e+01 -1.447e+01 -1.910e+01 -2.378e+01 -2.400e+01 -2.400e+01
-6.049 -8.024 17.659 22.929 0.125 0.000 1.000 -3.299e+00 -3.201e+00 -4.563e-01 -3.233e+00 -1.080e+00 -3.192e-01 -1.093e+00 -2.288e+00 -4.235e+00 -6.820e+00 -1.019e+01 -1.439e+01 -1.901e+01 -2.374e+01 -2.400e+01 -2.400e+01
-6.019 -8.026 17.663 22.909 0.125 0.000 1.000 -3.294e+00 -3.203e+00 -4.677e-01 -3.242e+00 -1.110e+00 -3.095e-01 -1.075e+00 -2.259e+00 -4.186e+00 -6.766e+00 -1.012e+01 -1.431e+01 -1.890e+01 -2.368e+01 -2.400e+01 -2.400e+01
-5.990 -8.053 17.668 22.888 0.125 0.000 1.000 -3.288e+00 -3.204e+00 -4.793e-01 -3.251e+00 -1.141e+00 -3.004e-01 -1.056e+00 -2.231e+00 -4.138e+00 -6.711e+00 -1.005e+01 -1.422e+01 -1.880e+01 -2.362e+01 -2.400e+01 -2.400e+01
-5.958 -7.984 17.674 22.864 0.125 0.000 1.000 -3.281e+00 -3.206e+00 -4.927e-01 -3.260e+00 -1.177e+00 -2.908e-01 -1.036e+00 -2.199e+00 -4.083e+00 -6.649e+00 -9.970e+00 -1.412e+01 -1.868e+01 -2.355e+01 -2.400e+01 -2.400e+01
-5.928 -7.924 17.679 22.840 0.188 0.000 1.000 -3.274e+00 -3.208e+00 -5.061e-01 -3.270e+00 -1.214e+00 -2.820e-01 -1.017e+00 -2.168e+00 -4.029e+00 -6.597e+00 -9.890e+00 -1.402e+01 -1.857e+01 -2.346e+01 -2.400e+01 -2.400e+01
-5.896 -7.864 17.684 22.813 0.188 0.000 1.000 -3.266e+00 -3.210e+00 -5.212e-01 -3.280e+00 -1.255e+00 -2.729e-01 -9.963e-01 -2.133e+00 -3.970e+00 -6.530e+00 -9.802e+00 -1.391e+01 -1.844e+01 -2.336e+01 -2.400e+01 -2.400e+01
-5.867 -7.812 17.689 22.787 0.188 0.000 1.000 -3.258e+00 -3.212e+00 -5.357e-01 -3.290e+00 -1.295e+00 -2.651e-01 -9.774e-01 -2.101e+00 -3.915e+00 -6.468e+00 -9.719e+00 -1.381e+01 -1.831e+01 -2.325e+01 -2.400e+01 -2.400e+01
-5.837 -7.761 17.694 22.759 0.250 0.000 1.000 -3.249e+00 -3.214e+00 -5.517e-01 -3.300e+00 -1.340e+00 -2.573e-01 -9.576e-01 -2.067e+00 -3.855e+00 -6.400e+00 -9.628e+00 -1.370e+01 -1.818e+01 -2.315e+01 -2.400e+01 -2.400e+01
-5.810 -7.718 17.699 22.733 0.250 0.000 1.000 -3.241e+00 -3.216e+00 -5.662e-01 -3.309e+00 -1.380e+00 -2.509e-01 -9.404e-01 -2.037e+00 -3.802e+00 -6.339e+00 -9.546e+00 -1.359e+01 -1.806e+01 -2.304e+01 -2.400e+01 -2.400e+01
-5.777 -7.666 17.704 22.699 0.250 0.000 1.000 -3.231e+00 -3.219e+00 -5.853e-01 -3.321e+00 -1.432e+00 -2.435e-01 -9.190e-01 -1.998e+00 -3.733e+00 -6.261e+00 -9.441e+00 -1.346e+01 -1.790e+01 -2.289e+01 -2.400e+01 -2.400e+01
-5.748 -7.623 17.709 22.669 0.250 0.000 1.000 -3.222e+00 -3.222e+00 -6.026e-01 -3.332e+00 -1.480e+00 -2.375e-01 -9.008e-01 -1.965e+00 -3.673e+00 -6.192e+00 -9.347e+00 -1.335e+01 -1.776e+01 -2.275e+01 -2.400e+01 -2.400e+01
-5.718 -7.580 17.714 22.636 0.250 0.053 1.000 -3.212e+00 -3.225e+00 -6.213e-01 -3.343e+00 -1.530e+00 -2.317e-01 -8.822e-01 -1.930e+00 -3.609e+00 -6.118e+00 -9.247e+00 -1.322e+01 -1.761e+01 -2.260e+01 -2.400e+01 -2.400e+01
-5.688 -7.537 17.719 22.595 0.188 0.105 1.000 -3.207e+00 -3.228e+00 -6.416e-01 -3.384e+00 -1.578e+00 -2.260e-01 -8.649e-01 -1.896e+00 -3.543e+00 -6.046e+00 -9.142e+00 -1.309e+01 -1.745e+01 -2.244e+01 -2.400e+01 -2.400e+01
-5.656 -7.494 17.723 22.548 0.188 0.105 1.000 -3.201e+00 -3.231e+00 -6.636e-01 -3.416e+00 -1.623e+00 -2.205e-01 -8.487e-01 -1.862e+00 -3.474e+00 -5.972e+00 -9.033e+00 -1.295e+01 -1.728e+01 -2.227e+01 -2.400e+01 -2.400e+01
-5.624 -7.451 17.728 22.500 0.188 0.105 1.000 -3.195e+00 -3.235e+00 -6.872e-01 -3.449e+00 -1.669e+00 -2.149e-01 -8.337e-01 -1.831e+00 -3.405e+00 -5.896e+00 -8.921e+00 -1.280e+01 -1.711e+01 -2.209e+01 -2.400e+01 -2.400e+01
-5.598 -7.425 17.732 22.523 0.188 0.053 1.000 -3.176e+00 -3.239e+00 -7.071e-01 -3.417e+00 -1.711e+00 -2.108e-01 -8.206e-01 -1.806e+00 -3.348e+00 -5.826e+00 -8.829e+00 -1.268e+01 -1.696e+01 -2.194e+01 -2.400e+01 -2.400e+01
-5.565 -7.382 17.737 22.486 0.188 0.053 1.000 -3.161e+00 -3.244e+00 -7.332e-01 -3.428e+00 -1.774e+00 -2.077e-01 -7.981e-01 -1.768e+00 -3.275e+00 -5.735e+00 -8.706e+00 -1.253e+01 -1.677e+01 -2.173e+01 -2.400e+01 -2.400e+01
-5.538 -7.348 17.741 22.448 0.188 0.053 1.000 -3.150e+00 -3.248e+00 -7.554e-01 -3.439e+00 -1.824e+00 -2.053e-01 -7.812e-01 -1.736e+00 -3.213e+00 -5.662e+00 -8.603e+00 -1.240e+01 -1.661e+01 -2.156e+01 -2.400e+01 -2.400e+01
-5.503 -7.305 17.746 22.398 0.188 0.053 1.000 -3.137e+00 -3.253e+00 -7.849e-01 -3.455e+00 -1.885e+00 -2.026e-01 -7.615e-01 -1.696e+00 -3.135e+00 -5.570e+00 -8.470e+00 -1.223e+01 -1.641e+01 -2.134e+01 -2.400e+01 -2.400e+01
-5.476 -7.271 17.749 22.357 0.250 0.053 1.000 -3.126e+00 -3.257e+00 -8.099e-01 -3.470e+00 -1.932e+00 -2.006e-01 -7.468e-01 -1.664e+00 -3.070e+00 -5.495e+00 -8.360e+00 -1.208e+01 -1.623e+01 -2.116e+01 -2.400e+01 -2.400e+01
-5.447 -7.236 17.753 22.316 0.250 0.053 1.000 -3.117e+00 -3.263e+00 -8.363e-01 -3.487e+00 -1.977e+00 -1.987e-01 -7.329e-01 -1.634e+00 -3.004e+00 -5.420e+00 -8.248e+00 -1.194e+01 -1.605e+01 -2.097e+01 -2.400e+01 -2.400e+01
-5.419 -7.202 17.757 22.272 0.250 0.053 1.000 -3.108e+00 -3.268e+00 -8.641e-01 -3.506e+00 -2.020e+00 -1.969e-01 -7.198e-01 -1.606e+00 -2.938e+00 -5.344e+00 -8.134e+00 -1.179e+01 -1.587e+01 -2.078e+01 -2.399e+01 -2.400e+01
-5.389 -7.167 17.760 22.228 0.250 0.053 1.000 -3.099e+00 -3.275e+00 -8.933e-01 -3.526e+00 -2.062e+00 -1.952e-01 -7.075e-01 -1.579e+00 -2.872e+00 -5.269e+00 -8.020e+00 -1.164e+01 -1.569e+01 -2.059e+01 -2.399e+01 -2.400e+01
-5.353 -7.124 17.764 22.170 0.250 0.053 1.000 -3.089e+00 -3.283e+00 -9.319e-01 -3.555e+00 -2.112e+00 -1.931e-01 -6.932e-01 -1.548e+00 -2.790e+00 -5.176e+00 -7.875e+00 -1.145e+01 -1.545e+01 -2.034e+01 -2.398e+01 -2.400e+01
-5.323 -7.090 17.768 22.124 0.250 0.053 1.000 -3.081e+00 -3.290e+00 -9.645e-01 -3.580e+00 -2.152e+00 -1.915e-01 -6.825e-01 -1.525e+00 -2.726e+00 -5.104e+00 -7.760e+00 -1.129e+01 -1.526e+01 -2.014e+01 -2.397e+01 -2.400e+01
-5.293 -7.056 17.771 22.076 0.250 0.053 1.000 -3.074e+00 -3.299e+00 -9.987e-01 -3.607e+00 -2.191e+00 -1.900e-01 -6.725e-01 -1.504e+00 -2.662e+00 -5.032e+00 -7.644e+00 -1.114e+01 -1.506e+01 -1.994e+01 -2.395e+01 -2.400e+01
-5.270 -7.030 17.773 22.040 0.250 0.053 1.000 -3.069e+00 -3.305e+00 -1.025e+00 -3.628e+00 -2.221e+00 -1.890e-01 -6.654e-01 -1.489e+00 -2.616e+00 -4.980e+00 -7.558e+00 -1.102e+01 -1.492e+01 -1.979e+01 -2.393e+01 -2.400e+01
-5.239 -6.995 17.776 21.991 0.250 0.053 1.000 -3.062e+00 -3.314e+00 -1.063e+00 -3.658e+00 -2.260e+00 -1.877e-01 -6.564e-01 -1.470e+00 -2.555e+00 -4.912e+00 -7.445e+00 -1.086e+01 -1.472e+01 -1.959e+01 -2.389e+01 -2.400e+01
-5.208 -6.961 17.779 21.942 0.250 0.053 1.000 -3.055e+00 -3.324e+00 -1.101e+00 -3.691e+00 -2.299e+00 -1.865e-01 -6.479e-01 -1.453e+00 -2.496e+00 -4.846e+00 -7.332e+00 -1.071e+01 -1.453e+01 -1.938e+01 -2.383e+01 -2.400e+01
-5.177 -6.927 17.781 21.878 0.312 0.053 1.000 -3.050e+00 -3.335e+00 -1.142e+00 -3.727e+00 -2.338e+00 -1.853e-01 -6.404e-01 -1.437e+00 -2.438e+00 -4.782e+00 -7.221e+00 -1.055e+01 -1.433e+01 -1.918e+01 -2.375e+01 -2.400e+01
-5.146 -6.892 17.784 21.820 0.312 0.053 1.000 -3.045e+00 -3.347e+00 -1.185e+00 -3.764e+00 -2.376e+00 -1.841e-01 -6.336e-01 -1.423e+00 -2.383e+00 -4.721e+00 -7.112e+00 -1.040e+01 -1.414e+01 -1.898e+01 -2.365e+01 -2.400e+01
-5.117 -6.910 17.786 21.639 0.312 0.105 1.000 -3.032e+00 -3.359e+00 -1.225e+00 -3.774e+00 -2.413e+00 -1.821e-01 -6.312e-01 -1.408e+00 -2.333e+00 -4.656e+00 -7.013e+00 -1.026e+01 -1.396e+01 -1.878e+01 -2.352e+01 -2.400e+01
-5.089 -6.876 17.787 21.559 0.312 0.105 1.000 -3.029e+00 -3.371e+00 -1.267e+00 -3.811e+00 -2.448e+00 -1.801e-01 -6.289e-01 -1.397e+00 -2.285e+00 -4.604e+00 -6.915e+00 -1.012e+01 -1.378e+01 -1.860e+01 -2.338e+01 -2.400e+01
-5.060 -6.842 17.788 21.490 0.312 0.105 1.000 -3.028e+00 -3.384e+00 -1.310e+00 -3.854e+00 -2.480e+00 -1.784e-01 -6.259e-01 -1.391e+00 -2.239e+00 -4.556e+00 -6.819e+00 -9.987e+00 -1.360e+01 -1.842e+01 -2.323e+01 -2.400e+01
-5.023 -6.807 17.790 21.406 0.312 0.105 1.000 -3.028e+00 -3.402e+00 -1.367e+00 -3.912e+00 -2.519e+00 -1.765e-01 -6.221e-01 -1.385e+00 -2.185e+00 -4.500e+00 -6.704e+00 -9.820e+00 -1.339e+01 -1.821e+01 -2.303e+01 -2.400e+01
-4.995 -6.791 17.791 21.339 0.312 0.105 1.000 -3.028e+00 -3.417e+00 -1.413e+00 -3.959e+00 -2.548e+00 -1.751e-01 -6.194e-01 -1.382e+00 -2.146e+00 -4.460e+00 -6.618e+00 -9.693e+00 -1.322e+01 -1.804e+01 -2.288e+01 -2.400e+01
-4.967 -6.774 17.792 21.274 0.312 0.105 1.000 -3.028e+00 -3.432e+00 -1.460e+00 -4.007e+00 -2.575e+00 -1.739e-01 -6.169e-01 -1.379e+00 -2.110e+00 -4.424e+00 -6.537e+00 -9.573e+00 -1.307e+01 -1.788e+01 -2.272e+01 -2.400e+01
-4.934 -6.748 17.793 21.131 0.250 0.158 1.000 -3.013e+00 -3.452e+00 -1.519e+00 -4.032e+00 -2.607e+00 -1.729e-01 -6.150e-01 -1.366e+00 -2.070e+00 -4.383e+00 -6.443e+00 -9.431e+00 -1.288e+01 -1.769e+01 -2.254e+01 -2.400e+01
-4.907 -6.714 17.794 21.131 0.312 0.158 1.000 -2.999e+00 -3.469e+00 -1.568e+00 -4.066e+00 -2.646e+00 -1.736e-01 -6.127e-01 -1.341e+00 -2.036e+00 -4.324e+00 -6.364e+00 -9.314e+00 -1.272e+01 -1.751e+01 -2.234e+01 -2.400e+01
-4.879 -6.679 17.794 21.071 0.312 0.158 1.000 -2.992e+00 -3.488e+00 -1.619e+00 -4.113e+00 -2.678e+00 -1.744e-01 -6.093e-01 -1.325e+00 -1.999e+00 -4.279e+00 -6.282e+00 -9.195e+00 -1.257e+01 -1.735e+01 -2.217e+01 -2.400e+01
-4.844 -6.636 17.795 20.988 0.375 0.158 1.000 -2.987e+00 -3.513e+00 -1.688e+00 -4.179e+00 -2.712e+00 -1.754e-01 -6.046e-01 -1.313e+00 -1.953e+00 -4.227e+00 -6.180e+00 -9.045e+00 -1.237e+01 -1.714e+01 -2.199e+01 -2.400e+01
-4.815 -6.602 17.796 20.915 0.375 0.158 1.000 -2.984e+00 -3.535e+00 -1.745e+00 -4.236e+00 -2.738e+00 -1.762e-01 -6.008e-01 -1.306e+00 -1.917e+00 -4.187e+00 -6.098e+00 -8.925e+00 -1.221e+01 -1.698e+01 -2.183e+01 -2.400e+01
-4.787 -6.568 17.796 20.835 0.375 0.158 1.000 -2.982e+00 -3.558e+00 -1.806e+00 -4.296e+00 -2.761e+00 -1.770e-01 -5.972e-01 -1.300e+00 -1.883e+00 -4.151e+00 -6.018e+00 -8.806e+00 -1.205e+01 -1.682e+01 -2.166e+01 -2.400e+01
-4.757 -6.533 17.797 20.750 0.375 0.158 1.000 -2.981e+00 -3.583e+00 -1.870e+00 -4.361e+00 -2.782e+00 -1.778e-01 -5.938e-01 -1.296e+00 -1.851e+00 -4.117e+00 -5.939e+00 -8.687e+00 -1.190e+01 -1.666e+01 -2.150e+01 -2.400e+01
-4.728 -6.499 17.797 20.672 0.438 0.158 1.000 -2.980e+00 -3.610e+00 -1.937e+00 -4.429e+00 -2.796e+00 -1.786e-01 -5.907e-01 -1.293e+00 -1.822e+00 -4.086e+00 -5.862e+00 -8.570e+00 -1.174e+01 -1.651e+01 -2.134e+01 -2.399e+01
-4.698 -6.464 17.797 20.577 0.438 0.158 1.000 -2.980e+00 -3.640e+00 -2.008e+00 -4.501e+00 -2.813e+00 -1.793e-01 -5.879e-01 -1.291e+00 -1.794e+00 -4.057e+00 -5.787e+00 -8.454e+00 -1.159e+01 -1.635e+01 -2.118e+01 -2.399e+01
-4.668 -6.430 17.798 20.470 0.438 0.158 1.000 -2.979e+00 -3.671e+00 -2.082e+00 -4.576e+00 -2.829e+00 -1.800e-01 -5.854e-01 -1.289e+00 -1.769e+00 -4.031e+00 -5.714e+00 -8.340e+00 -1.143e+01 -1.620e+01 -2.102e+01 -2.399e+01
-4.637 -6.396 17.798 20.352 0.375 0.158 1.000 -2.979e+00 -3.713e+00 -2.160e+00 -4.654e+00 -2.842e+00 -1.808e-01 -5.832e-01 -1.287e+00 -1.746e+00 -4.007e+00 -5.643e+00 -8.227e+00 -1.128e+01 -1.604e+01 -2.087e+01 -2.398e+01
-4.607 -6.361 17.798 20.209 0.375 0.158 1.000 -2.978e+00 -3.747e+00 -2.242e+00 -4.737e+00 -2.855e+00 -1.815e-01 -5.811e-01 -1.285e+00 -1.725e+00 -3.985e+00 -5.575e+00 -8.117e+00 -1.113e+01 -1.589e+01 -2.072e+01 -2.398e+01
-4.576 -6.327 17.798 20.056 0.375 0.158 1.000 -2.977e+00 -3.785e+00 -2.328e+00 -4.823e+00 -2.865e+00 -1.822e-01 -5.793e-01 -1.283e+00 -1.706e+00 -3.965e+00 -5.508e+00 -8.008e+00 -1.098e+01 -1.574e+01 -2.056e+01 -2.397e+01
-4.546 -6.319 17.799 19.856 0.375 0.211 1.000 -2.974e+00 -3.825e+00 -2.414e+00 -4.911e+00 -2.874e+00 -1.830e-01 -5.776e-01 -1.281e+00 -1.690e+00 -3.930e+00 -5.445e+00 -7.904e+00 -1.084e+01 -1.560e+01 -2.041e+01 -2.395e+01
-4.519 -6.979 17.799 17.445 0.125 0.211 1.000 -2.980e+00 -3.852e+00 -2.467e+00 -4.936e+00 -2.876e+00 -1.848e-01 -5.736e-01 -1.281e+00 -1.674e+00 -3.926e+00 -5.390e+00 -7.815e+00 -1.072e+01 -1.545e+01 -2.024e+01 -2.393e+01
-4.489 -6.833 17.799 19.169 0.125 0.211 1.000 -2.973e+00 -3.880e+00 -2.525e+00 -4.957e+00 -2.889e+00 -1.870e-01 -5.705e-01 -1.272e+00 -1.657e+00 -3.901e+00 -5.331e+00 -7.716e+00 -1.058e+01 -1.531e+01 -2.008e+01 -2.390e+01
-4.459 -6.713 17.799 19.267 0.188 0.211 1.000 -2.965e+00 -3.904e+00 -2.570e+00 -4.978e+00 -2.900e+00 -1.895e-01 -5.677e-01 -1.262e+00 -1.639e+00 -3.873e+00 -5.268e+00 -7.613e+00 -1.044e+01 -1.516e+01 -1.993e+01 -2.386e+01
-4.429 -6.618 17.799 19.263 0.250 0.211 1.000 -2.958e+00 -3.921e+00 -2.603e+00 -4.997e+00 -2.911e+00 -1.920e-01 -5.650e-01 -1.252e+00 -1.621e+00 -3.847e+00 -5.210e+00 -7.517e+00 -1.030e+01 -1.502e+01 -1.979e+01 -2.382e+01
-4.399 -6.532 17.798 19.233 0.312 0.211 1.000 -2.951e+00 -3.936e+00 -2.632e+00 -5.015e+00 -2.921e+00 -1.946e-01 -5.624e-01 -1.243e+00 -1.601e+00 -3.820e+00 -5.148e+00 -7.417e+00 -1.016e+01 -1.487e+01 -1.964e+01 -2.376e+01
-4.368 -6.455 17.798 19.143 0.312 0.211 1.000 -2.944e+00 -3.949e+00 -2.658e+00 -5.032e+00 -2.930e+00 -1.972e-01 -5.598e-01 -1.234e+00 -1.581e+00 -3.792e+00 -5.085e+00 -7.316e+00 -1.002e+01 -1.473e+01 -1.949e+01 -2.369e+01
-4.338 -6.386 17.798 19.097 0.312 0.211 1.000 -2.937e+00 -3.962e+00 -2.682e+00 -5.049e+00 -2.940e+00 -1.999e-01 -5.573e-01 -1.225e+00 -1.561e+00 -3.765e+00 -5.023e+00 -7.218e+00 -9.888e+00 -1.459e+01 -1.934e+01 -2.360e+01
-4.310 -6.326 17.798 19.057 0.312 0.211 1.000 -2.931e+00 -3.973e+00 -2.704e+00 -5.065e+00 -2.949e+00 -2.024e-01 -5.550e-01 -1.217e+00 -1.543e+00 -3.739e+00 -4.965e+00 -7.124e+00 -9.759e+00 -1.445e+01 -1.920e+01 -2.351e+01
-4.279 -6.266 17.798 19.019 0.312 0.211 1.000 -2.924e+00 -3.985e+00 -2.727e+00 -5.082e+00 -2.959e+00 -2.052e-01 -5.526e-01 -1.208e+00 -1.523e+00 -3.712e+00 -4.902e+00 -7.024e+00 -9.621e+00 -1.431e+01 -1.906e+01 -2.340e+01
-4.246 -6.205 17.798 18.982 0.312 0.211 1.000 -2.917e+00 -3.997e+00 -2.751e+00 -5.100e+00 -2.969e+00 -2.083e-01 -5.500e-01 -1.199e+00 -1.502e+00 -3.684e+00 -4.835e+00 -6.917e+00 -9.474e+00 -1.416e+01 -1.890e+01 -2.327e+01
-4.217 -6.154 17.798 19.365 0.250 0.263 1.000 -2.907e+00 -4.009e+00 -2.774e+00 -5.118e+00 -2.986e+00 -2.109e-01 -5.480e-01 -1.190e+00 -1.484e+00 -3.655e+00 -4.774e+00 -6.821e+00 -9.342e+00 -1.402e+01 -1.875e+01 -2.314e+01
-4.186 -6.102 17.798 19.175 0.250 0.263 1.000 -2.898e+00 -4.025e+00 -2.804e+00 -5.139e+00 -2.998e+00 -2.137e-01 -5.465e-01 -1.181e+00 -1.464e+00 -3.625e+00 -4.710e+00 -6.719e+00 -9.202e+00 -1.387e+01 -1.859e+01 -2.299e+01
-4.159 -6.059 17.798 19.166 0.250 0.263 1.000 -2.892e+00 -4.037e+00 -2.825e+00 -5.154e+00 -3.007e+00 -2.163e-01 -5.450e-01 -1.173e+00 -1.446e+00 -3.601e+00 -4.654e+00 -6.631e+00 -9.080e+00 -1.374e+01 -1.846e+01 -2.287e+01
-4.125 -6.008 17.798 19.153 0.312 0.263 1.000 -2.885e+00 -4.049e+00 -2.851e+00 -5.173e+00 -3.018e+00 -2.195e-01 -5.430e-01 -1.163e+00 -1.425e+00 -3.571e+00 -4.584e+00 -6.521e+00 -8.929e+00 -1.358e+01 -1.829e+01 -2.271e+01
-4.096 -5.965 17.798 19.141 0.312 0.263 1.000 -2.878e+00 -4.061e+00 -2.872e+00 -5.189e+00 -3.027e+00 -2.224e-01 -5.412e-01 -1.155e+00 -1.407e+00 -3.546e+00 -4.524e+00 -6.425e+00 -8.798e+00 -1.345e+01 -1.815e+01 -2.256e+01
-4.066 -5.939 17.798 19.148 0.312 0.263 1.000 -2.872e+00 -4.072e+00 -2.893e+00 -5.205e+00 -3.037e+00 -2.255e-01 -5.392e-01 -1.147e+00 -1.389e+00 -3.522e+00 -4.464e+00 -6.329e+00 -8.666e+00 -1.331e+01 -1.800e+01 -2.242e+01
-4.038 -5.922 17.798 19.158 0.312 0.263 1.000 -2.867e+00 -4.083e+00 -2.912e+00 -5.219e+00 -3.046e+00 -2.286e-01 -5.372e-01 -1.139e+00 -1.373e+00 -3.500e+00 -4.406e+00 -6.236e+00 -8.538e+00 -1.318e+01 -1.786e+01 -2.227e+01
-4.010 -5.906 17.798 19.158 0.312 0.263 1.000 -2.861e+00 -4.092e+00 -2.930e+00 -5.233e+00 -3.054e+00 -2.317e-01 -5.351e-01 -1.131e+00 -1.357e+00 -3.480e+00 -4.350e+00 -6.145e+00 -8.414e+00 -1.304e+01 -1.773e+01 -2.213e+01
-3.977 -5.889 17.798 19.142 0.312 0.263 1.000 -2.855e+00 -4.104e+00 -2.951e+00 -5.249e+00 -3.064e+00 -2.355e-01 -5.324e-01 -1.122e+00 -1.340e+00 -3.456e+00 -4.285e+00 -6.040e+00 -8.269e+00 -1.289e+01 -1.757e+01 -2.197e+01
-3.945 -5.846 17.798 18.817 0.250 0.316 1.000 -2.844e+00 -4.118e+00 -2.978e+00 -5.269e+00 -3.076e+00 -2.395e-01 -5.299e-01 -1.113e+00 -1.321e+00 -3.428e+00 -4.221e+00 -5.936e+00 -8.124e+00 -1.270e+01 -1.739e+01 -2.175e+01
-3.918 -5.830 17.798 18.828 0.250 0.316 1.000 -2.839e+00 -4.131e+00 -2.999e+00 -5.285e+00 -3.086e+00 -2.430e-01 -5.278e-01 -1.105e+00 -1.305e+00 -3.407e+00 -4.167e+00 -5.848e+00 -8.002e+00 -1.253e+01 -1.723e+01 -2.162e+01
-3.886 -5.813 17.798 18.836 0.250 0.316 1.000 -2.832e+00 -4.143e+00 -3.022e+00 -5.302e+00 -3.097e+00 -2.473e-01 -5.252e-01 -1.096e+00 -1.287e+00 -3.383e+00 -4.105e+00 -5.747e+00 -7.862e+00 -1.242e+01 -1.708e+01 -2.145e+01
-3.855 -5.788 17.798 18.832 0.250 0.316 1.000 -2.826e+00 -4.156e+00 -3.043e+00 -5.319e+00 -3.107e+00 -2.516e-01 -5.226e-01 -1.087e+00 -1.270e+00 -3.359e+00 -4.045e+00 -5.648e+00 -7.724e+00 -1.225e+01 -1.694e+01 -2.130e+01
-3.825 -5.763 17.798 18.797 0.250 0.316 1.000 -2.820e+00 -4.168e+00 -3.064e+00 -5.335e+00 -3.118e+00 -2.559e-01 -5.200e-01 -1.078e+00 -1.253e+00 -3.337e+00 -3.986e+00 -5.551e+00 -7.590e+00 -1.214e+01 -1.676e+01 -2.116e+01
-3.796 -5.746 17.798 18.780 0.250 0.316 1.000 -2.814e+00 -4.179e+00 -3.085e+00 -5.351e+00 -3.128e+00 -2.602e-01 -5.175e-01 -1.069e+00 -1.237e+00 -3.315e+00 -3.930e+00 -5.458e+00 -7.459e+00 -1.201e+01 -1.665e+01 -2.100e+01
-3.767 -5.730 17.798 18.734 0.250 0.316 1.000 -2.808e+00 -4.191e+00 -3.105e+00 -5.367e+00 -3.138e+00 -2.645e-01 -5.150e-01 -1.061e+00 -1.222e+00 -3.295e+00 -3.874e+00 -5.366e+00 -7.331e+00 -1.187e+01 -1.648e+01 -2.084e+01
-3.738 -5.704 17.798 18.706 0.250 0.316 1.000 -2.802e+00 -4.202e+00 -3.125e+00 -5.382e+00 -3.148e+00 -2.689e-01 -5.127e-01 -1.053e+00 -1.207e+00 -3.274e+00 -3.821e+00 -5.277e+00 -7.206e+00 -1.174e+01 -1.636e+01 -2.070e+01
-3.706 -5.688 17.797 18.635 0.312 0.316 1.000 -2.796e+00 -4.214e+00 -3.144e+00 -5.399e+00 -3.159e+00 -2.739e-01 -5.100e-01 -1.044e+00 -1.191e+00 -3.252e+00 -3.761e+00 -5.177e+00 -7.066e+00 -1.160e+01 -1.621e+01 -2.054e+01
-3.679 -5.663 17.797 18.566 0.312 0.316 1.000 -2.791e+00 -4.225e+00 -3.163e+00 -5.413e+00 -3.168e+00 -2.782e-01 -5.078e-01 -1.036e+00 -1.177e+00 -3.233e+00 -3.710e+00 -5.091e+00 -6.946e+00 -1.147e+01 -1.608e+01 -2.041e+01
-3.646 -5.611 17.797 19.277 0.375 0.316 1.000 -2.791e+00 -4.231e+00 -3.170e+00 -5.415e+00 -3.171e+00 -2.827e-01 -5.052e-01 -1.029e+00 -1.164e+00 -3.222e+00 -3.652e+00 -4.992e+00 -6.806e+00 -1.133e+01 -1.593e+01 -2.026e+01
-3.617 -5.560 17.797 19.234 0.375 0.316 1.000 -2.787e+00 -4.233e+00 -3.175e+00 -5.420e+00 -3.175e+00 -2.860e-01 -5.032e-01 -1.024e+00 -1.155e+00 -3.210e+00 -3.601e+00 -4.903e+00 -6.681e+00 -1.120e+01 -1.580e+01 -2.013e+01
-3.586 -5.508 17.797 19.219 0.375 0.316 1.000 -2.783e+00 -4.239e+00 -3.186e+00 -5.428e+00 -3.181e+00 -2.893e-01 -5.014e-01 -1.019e+00 -1.146e+00 -3.197e+00 -3.550e+00 -4.812e+00 -6.551e+00 -1.107e+01 -1.567e+01 -1.999e+01
-3.560 -5.465 17.797 19.215 0.375 0.368 1.000 -2.779e+00 -4.245e+00 -3.196e+00 -5.436e+00 -3.186e+00 -2.920e-01 -5.000e-01 -1.017e+00 -1.137e+00 -3.185e+00 -3.506e+00 -4.733e+00 -6.439e+00 -1.095e+01 -1.555e+01 -1.987e+01
-3.529 -5.572 17.796 19.384 0.312 0.368 1.000 -2.755e+00 -4.294e+00 -3.283e+00 -5.513e+00 -3.228e+00 -2.978e-01 -4.974e-01 -1.010e+00 -1.117e+00 -3.135e+00 -3.452e+00 -4.642e+00 -6.308e+00 -1.079e+01 -1.536e+01 -1.965e+01
-3.496 -5.503 17.796 19.352 0.312 0.368 1.000 -2.744e+00 -4.323e+00 -3.327e+00 -5.545e+00 -3.247e+00 -3.045e-01 -4.952e-01 -1.000e+00 -1.096e+00 -3.102e+00 -3.391e+00 -4.541e+00 -6.164e+00 -1.063e+01 -1.519e+01 -1.948e+01
-3.469 -5.451 17.796 19.322 0.312 0.368 1.000 -2.736e+00 -4.341e+00 -3.355e+00 -5.567e+00 -3.261e+00 -3.099e-01 -4.936e-01 -9.918e-01 -1.080e+00 -3.078e+00 -3.341e+00 -4.460e+00 -6.048e+00 -1.051e+01 -1.506e+01 -1.934e+01
-3.436 -5.400 17.795 19.286 0.312 0.368 1.000 -2.727e+00 -4.362e+00 -3.388e+00 -5.592e+00 -3.277e+00 -3.166e-01 -4.918e-01 -9.820e-01 -1.062e+00 -3.050e+00 -3.279e+00 -4.359e+00 -5.905e+00 -1.036e+01 -1.490e+01 -1.917e+01
-3.408 -5.375 17.795 19.261 0.312 0.368 1.000 -2.720e+00 -4.378e+00 -3.413e+00 -5.611e+00 -3.289e+00 -3.224e-01 -4.902e-01 -9.735e-01 -1.046e+00 -3.028e+00 -3.226e+00 -4.272e+00 -5.783e+00 -1.023e+01 -1.476e+01 -1.902e+01
-3.376 -5.350 17.795 19.230 0.312 0.368 1.000 -2.713e+00 -4.396e+00 -3.441e+00 -5.633e+00 -3.303e+00 -3.293e-01 -4.885e-01 -9.637e-01 -1.029e+00 -3.003e+00 -3.166e+00 -4.172e+00 -5.642e+00 -1.008e+01 -1.461e+01 -1.886e+01
-3.348 -5.324 17.794 19.204 0.312 0.368 1.000 -2.707e+00 -4.411e+00 -3.464e+00 -5.651e+00 -3.315e+00 -3.353e-01 -4.871e-01 -9.557e-01 -1.015e+00 -2.983e+00 -3.116e+00 -4.087e+00 -5.521e+00 -9.954e+00 -1.447e+01 -1.872e+01
-3.320 -5.299 17.794 19.177 0.312 0.368 1.000 -2.701e+00 -4.426e+00 -3.487e+00 -5.668e+00 -3.327e+00 -3.413e-01 -4.858e-01 -9.478e-01 -1.001e+00 -2.963e+00 -3.067e+00 -4.004e+00 -5.402e+00 -9.829e+00 -1.434e+01 -1.858e+01
-3.288 -5.265 17.794 19.147 0.312 0.368 1.000 -2.693e+00 -4.443e+00 -3.513e+00 -5.689e+00 -3.341e+00 -3.483e-01 -4.844e-01 -9.389e-01 -9.847e-01 -2.940e+00 -3.010e+00 -3.907e+00 -5.265e+00 -9.684e+00 -1.419e+01 -1.842e+01
-3.256 -5.240 17.793 19.115 0.312 0.368 1.000 -2.687e+00 -4.461e+00 -3.539e+00 -5.710e+00 -3.355e+00 -3.554e-01 -4.831e-01 -9.304e-01 -9.692e-01 -2.918e+00 -2.956e+00 -3.812e+00 -5.129e+00 -9.542e+00 -1.404e+01 -1.827e+01
-3.229 -5.215 17.793 19.089 0.312 0.368 1.000 -2.681e+00 -4.476e+00 -3.562e+00 -5.727e+00 -3.367e+00 -3.615e-01 -4.821e-01 -9.232e-01 -9.563e-01 -2.899e+00 -2.910e+00 -3.732e+00 -5.013e+00 -9.421e+00 -1.391e+01 -1.813e+01
-3.197 -5.181 17.793 19.057 0.312 0.368 1.000 -2.674e+00 -4.494e+00 -3.587e+00 -5.747e+00 -3.380e+00 -3.686e-01 -4.812e-01 -9.151e-01 -9.415e-01 -2.878e+00 -2.858e+00 -3.640e+00 -4.880e+00 -9.280e+00 -1.377e+01 -1.798e+01
-3.166 -5.156 17.792 19.025 0.312 0.368 1.000 -2.667e+00 -4.511e+00 -3.613e+00 -5.767e+00 -3.394e+00 -3.757e-01 -4.803e-01 -9.073e-01 -9.271e-01 -2.857e+00 -2.808e+00 -3.549e+00 -4.748e+00 -9.143e+00 -1.362e+01 -1.783e+01
-3.139 -5.131 17.792 18.998 0.312 0.368 1.000 -2.662e+00 -4.526e+00 -3.634e+00 -5.784e+00 -3.406e+00 -3.819e-01 -4.797e-01 -9.008e-01 -9.151e-01 -2.840e+00 -2.766e+00 -3.474e+00 -4.637e+00 -9.026e+00 -1.350e+01 -1.770e+01
-3.108 -5.105 17.792 18.965 0.312 0.368 1.000 -2.655e+00 -4.544e+00 -3.659e+00 -5.804e+00 -3.419e+00 -3.890e-01 -4.792e-01 -8.935e-01 -9.015e-01 -2.820e+00 -2.719e+00 -3.387e+00 -4.510e+00 -8.893e+00 -1.336e+01 -1.755e+01
-3.077 -5.072 17.791 18.932 0.312 0.368 1.000 -2.649e+00 -4.561e+00 -3.683e+00 -5.823e+00 -3.432e+00 -3.962e-01 -4.788e-01 -8.865e-01 -8.882e-01 -2.801e+00 -2.673e+00 -3.302e+00 -4.384e+00 -8.761e+00 -1.322e+01 -1.741e+01
-3.047 -5.046 17.791 18.899 0.312 0.368 1.000 -2.643e+00 -4.578e+00 -3.707e+00 -5.842e+00 -3.445e+00 -4.034e-01 -4.785e-01 -8.796e-01 -8.753e-01 -2.782e+00 -2.629e+00 -3.220e+00 -4.260e+00 -8.631e+00 -1.308e+01 -1.726e+01
-3.016 -5.021 17.790 18.864 0.312 0.368 1.000 -2.637e+00 -4.596e+00 -3.731e+00 -5.861e+00 -3.458e+00 -4.105e-01 -4.784e-01 -8.731e-01 -8.627e-01 -2.764e+00 -2.587e+00 -3.139e+00 -4.139e+00 -8.504e+00 -1.295e+01 -1.712e+01
-2.986 -4.996 17.790 18.829 0.312 0.368 1.000 -2.631e+00 -4.613e+00 -3.754e+00 -5.879e+00 -3.471e+00 -4.177e-01 -4.785e-01 -8.668e-01 -8.505e-01 -2.746e+00 -2.546e+00 -3.061e+00 -4.020e+00 -8.380e+00 -1.282e+01 -1.699e+01
-2.956 -4.962 17.790 18.775 0.250 0.421 1.000 -2.621e+00 -4.632e+00 -3.780e+00 -5.900e+00 -3.485e+00 -4.249e-01 -4.787e-01 -8.607e-01 -8.385e-01 -2.727e+00 -2.507e+00 -2.984e+00 -3.903e+00 -8.271e+00 -1.272e+01 -1.687e+01
-2.930 -4.920 17.790 18.729 0.250 0.421 1.000 -2.614e+00 -4.655e+00 -3.810e+00 -5.923e+00 -3.500e+00 -4.316e-01 -4.790e-01 -8.555e-01 -8.273e-01 -2.708e+00 -2.472e+00 -2.917e+00 -3.799e+00 -8.161e+00 -1.254e+01 -1.664e+01
-2.898 -4.894 17.789 18.688 0.250 0.421 1.000 -2.608e+00 -4.676e+00 -3.837e+00 -5.943e+00 -3.514e+00 -4.396e-01 -4.795e-01 -8.494e-01 -8.145e-01 -2.690e+00 -2.431e+00 -2.840e+00 -3.679e+00 -8.035e+00 -1.249e+01 -1.658e+01
-2.868 -4.869 17.789 18.644 0.250 0.421 1.000 -2.603e+00 -4.694e+00 -3.860e+00 -5.962e+00 -3.527e+00 -4.474e-01 -4.802e-01 -8.434e-01 -8.024e-01 -2.672e+00 -2.394e+00 -2.765e+00 -3.563e+00 -7.913e+00 -1.233e+01 -1.645e+01
-2.838 -4.844 17.789 18.593 0.250 0.421 1.000 -2.597e+00 -4.712e+00 -3.883e+00 -5.980e+00 -3.540e+00 -4.552e-01 -4.810e-01 -8.378e-01 -7.909e-01 -2.656e+00 -2.357e+00 -2.693e+00 -3.449e+00 -7.793e+00 -1.218e+01 -1.631e+01
-2.808 -4.819 17.788 18.544 0.250 0.421 1.000 -2.592e+00 -4.729e+00 -3.905e+00 -5.998e+00 -3.553e+00 -4.629e-01 -4.819e-01 -8.324e-01 -7.799e-01 -2.640e+00 -2.324e+00 -2.624e+00 -3.338e+00 -7.677e+00 -1.209e+01 -1.622e+01
-2.778 -4.794 17.788 18.490 0.250 0.421 1.000 -2.587e+00 -4.746e+00 -3.927e+00 -6.015e+00 -3.566e+00 -4.705e-01 -4.830e-01 -8.274e-01 -7.694e-01 -2.625e+00 -2.291e+00 -2.557e+00 -3.230e+00 -7.564e+00 -1.193e+01 -1.607e+01
-2.748 -4.769 17.788 18.432 0.250 0.421 1.000 -2.582e+00 -4.763e+00 -3.947e+00 -6.032e+00 -3.577e+00 -4.779e-01 -4.841e-01 -8.227e-01 -7.595e-01 -2.610e+00 -2.261e+00 -2.493e+00 -3.125e+00 -7.454e+00 -1.185e+01 -1.594e+01
-2.720 -4.744 17.788 18.371 0.250 0.421 1.000 -2.577e+00 -4.779e+00 -3.967e+00 -6.047e+00 -3.589e+00 -4.852e-01 -4.854e-01 -8.183e-01 -7.501e-01 -2.597e+00 -2.233e+00 -2.432e+00 -3.024e+00 -7.348e+00 -1.171e+01 -1.583e+01
-2.687 -4.719 17.787 18.292 0.250 0.421 1.000 -2.572e+00 -4.796e+00 -3.989e+00 -6.065e+00 -3.602e+00 -4.933e-01 -4.870e-01 -8.137e-01 -7.400e-01 -2.583e+00 -2.204e+00 -2.366e+00 -2.912e+00 -7.232e+00 -1.160e+01 -1.571e+01
-2.659 -4.703 17.787 18.214 0.250 0.421 1.000 -2.568e+00 -4.811e+00 -4.006e+00 -6.079e+00 -3.612e+00 -5.001e-01 -4.884e-01 -8.100e-01 -7.318e-01 -2.571e+00 -2.180e+00 -2.311e+00 -2.818e+00 -7.133e+00 -1.149e+01 -1.560e+01
-2.628 -4.678 17.787 18.114 0.250 0.421 1.000 -2.564e+00 -4.827e+00 -4.025e+00 -6.094e+00 -3.624e+00 -5.077e-01 -4.902e-01 -8.061e-01 -7.230e-01 -2.558e+00 -2.154e+00 -2.253e+00 -2.715e+00 -7.026e+00 -1.139e+01 -1.548e+01
-2.597 -4.661 17.787 17.989 0.250 0.421 1.000 -2.560e+00 -4.842e+00 -4.043e+00 -6.109e+00 -3.635e+00 -5.150e-01 -4.920e-01 -8.026e-01 -7.149e-01 -2.547e+00 -2.131e+00 -2.198e+00 -2.616e+00 -6.923e+00 -1.127e+01 -1.537e+01
-2.568 -4.637 17.787 17.834 0.250 0.421 1.000 -2.556e+00 -4.856e+00 -4.060e+00 -6.122e+00 -3.645e+00 -5.220e-01 -4.939e-01 -7.995e-01 -7.075e-01 -2.536e+00 -2.110e+00 -2.147e+00 -2.522e+00 -6.826e+00 -1.118e+01 -1.526e+01
-2.538 -4.620 17.787 17.606 0.250 0.421 1.000 -2.553e+00 -4.870e+00 -4.076e+00 -6.135e+00 -3.655e+00 -5.286e-01 -4.959e-01 -7.968e-01 -7.007e-01 -2.527e+00 -2.091e+00 -2.099e+00 -2.433e+00 -6.733e+00 -1.108e+01 -1.516e+01
-2.507 -4.604 17.787 17.070 0.250 0.421 1.000 -2.550e+00 -4.883e+00 -4.092e+00 -6.148e+00 -3.665e+00 -5.357e-01 -4.981e-01 -7.942e-01 -6.939e-01 -2.517e+00 -2.072e+00 -2.050e+00 -2.338e+00 -6.634e+00 -1.098e+01 -1.506e+01
-2.479 -4.588 17.787 17.046 0.250 0.421 1.000 -2.547e+00 -4.894e+00 -4.105e+00 -6.158e+00 -3.673e+00 -5.416e-01 -5.001e-01 -7.922e-01 -6.885e-01 -2.510e+00 -2.057e+00 -2.010e+00 -2.258e+00 -6.552e+00 -1.089e+01 -1.497e+01
-2.449 -4.572 17.787 17.543 0.250 0.421 1.000 -2.544e+00 -4.906e+00 -4.118e+00 -6.169e+00 -3.681e+00 -5.479e-01 -5.024e-01 -7.903e-01 -6.832e-01 -2.502e+00 -2.042e+00 -1.969e+00 -2.174e+00 -6.465e+00 -1.080e+01 -1.487e+01
-2.417 -4.556 17.787 17.767 0.250 0.421 1.000 -2.542e+00 -4.917e+00 -4.131e+00 -6.180e+00 -3.690e+00 -5.543e-01 -5.049e-01 -7.887e-01 -6.781e-01 -2.495e+00 -2.027e+00 -1.928e+00 -2.086e+00 -6.375e+00 -1.071e+01 -1.478e+01
-2.390 -4.549 17.787 17.891 0.250 0.421 1.000 -2.540e+00 -4.927e+00 -4.142e+00 -6.189e+00 -3.697e+00 -5.597e-01 -5.071e-01 -7.876e-01 -6.742e-01 -2.490e+00 -2.015e+00 -1.894e+00 -2.013e+00 -6.299e+00 -1.063e+01 -1.470e+01
-2.360 -4.533 17.787 17.983 0.250 0.421 1.000 -2.538e+00 -4.936e+00 -4.152e+00 -6.197e+00 -3.704e+00 -5.652e-01 -5.096e-01 -7.868e-01 -6.707e-01 -2.485e+00 -2.005e+00 -1.861e+00 -1.937e+00 -6.221e+00 -1.055e+01 -1.461e+01
-2.329 -4.527 17.787 18.058 0.250 0.421 1.000 -2.536e+00 -4.945e+00 -4.163e+00 -6.206e+00 -3.711e+00 -5.707e-01 -5.122e-01 -7.863e-01 -6.675e-01 -2.480e+00 -1.994e+00 -1.829e+00 -1.860e+00 -6.142e+00 -1.047e+01 -1.453e+01
-2.299 -4.511 17.788 18.111 0.250 0.421 1.000 -2.534e+00 -4.953e+00 -4.171e+00 -6.214e+00 -3.718e+00 -5.758e-01 -5.148e-01 -7.861e-01 -6.651e-01 -2.477e+00 -1.986e+00 -1.801e+00 -1.788e+00 -6.069e+00 -1.040e+01 -1.445e+01
-2.268 -4.504 17.788 18.157 0.250 0.421 1.000 -2.533e+00 -4.960e+00 -4.180e+00 -6.221e+00 -3.724e+00 -5.808e-01 -5.176e-01 -7.864e-01 -6.633e-01 -2.474e+00 -1.979e+00 -1.774e+00 -1.717e+00 -5.996e+00 -1.032e+01 -1.438e+01
-2.238 -4.498 17.788 18.191 0.250 0.421 1.000 -2.532e+00 -4.967e+00 -4.187e+00 -6.227e+00 -3.729e+00 -5.853e-01 -5.202e-01 -7.869e-01 -6.621e-01 -2.472e+00 -1.973e+00 -1.751e+00 -1.652e+00 -5.930e+00 -1.025e+01 -1.431e+01
-2.208 -4.491 17.789 18.218 0.250 0.421 1.000 -2.531e+00 -4.973e+00 -4.194e+00 -6.233e+00 -3.735e+00 -5.898e-01 -5.230e-01 -7.878e-01 -6.614e-01 -2.471e+00 -1.968e+00 -1.729e+00 -1.587e+00 -5.864e+00 -1.019e+01 -1.424e+01
-2.179 -4.484 17.789 18.239 0.250 0.421 1.000 -2.530e+00 -4.978e+00 -4.200e+00 -6.238e+00 -3.739e+00 -5.939e-01 -5.258e-01 -7.890e-01 -6.614e-01 -2.470e+00 -1.964e+00 -1.710e+00 -1.529e+00 -5.804e+00 -1.013e+01 -1.418e+01
-2.150 -4.478 17.790 18.255 0.250 0.421 1.000 -2.529e+00 -4.983e+00 -4.206e+00 -6.243e+00 -3.744e+00 -5.979e-01 -5.286e-01 -7.905e-01 -6.618e-01 -2.470e+00 -1.961e+00 -1.693e+00 -1.471e+00 -5.745e+00 -1.007e+01 -1.412e+01
-2.120 -4.472 17.791 18.268 0.250 0.421 1.000 -2.529e+00 -4.987e+00 -4.211e+00 -6.248e+00 -3.748e+00 -6.018e-01 -5.316e-01 -7.924e-01 -6.627e-01 -2.471e+00 -1.959e+00 -1.677e+00 -1.414e+00 -5.688e+00 -1.001e+01 -1.406e+01
-2.090 -4.466 17.791 18.277 0.250 0.421 1.000 -2.528e+00 -4.992e+00 -4.216e+00 -6.253e+00 -3.753e+00 -6.058e-01 -5.348e-01 -7.946e-01 -6.641e-01 -2.472e+00 -1.957e+00 -1.662e+00 -1.360e+00 -5.633e+00 -9.952e+00 -1.400e+01
-2.059 -4.460 17.792 18.283 0.250 0.421 1.000 -2.528e+00 -4.996e+00 -4.221e+00 -6.257e+00 -3.757e+00 -6.097e-01 -5.380e-01 -7.971e-01 -6.660e-01 -2.473e+00 -1.957e+00 -1.649e+00 -1.308e+00 -5.580e+00 -9.899e+00 -1.395e+01
-2.029 -4.455 17.793 18.286 0.250 0.421 1.000 -2.528e+00 -5.000e+00 -4.226e+00 -6.262e+00 -3.761e+00 -6.136e-01 -5.414e-01 -7.999e-01 -6.683e-01 -2.475e+00 -1.957e+00 -1.637e+00 -1.257e+00 -5.530e+00 -9.848e+00 -1.389e+01
-1.999 -4.449 17.794 18.288 0.250 0.421 1.000 -2.527e+00 -5.004e+00 -4.230e+00 -6.266e+00 -3.765e+00 -6.176e-01 -5.450e-01 -8.029e-01 -6.710e-01 -2.478e+00 -1.958e+00 -1.626e+00 -1.210e+00 -5.481e+00 -9.799e+00 -1.385e+01
