# ASY method (with partition functions): 5363260 integration steps in 5.9586e+01 seconds
# All quantities except Asy, RG_PE, and sumX are log10(x)
# Log of absolute values for E and dE/dt as they can be negative
# Units: t and dt in s; E in erg; dE/dt in erg/g/s; others dimensionless 
#
#    t     dt     |E|  |dE/dt| Asy  Equil  sumX  X(4He)     X(12C)     X(16O)     

-10.916 -11.846 16.820 27.202 0.000 0.000 1.000 -1.195e+00 -7.865e-01 -2.956e-01
-10.862 -11.792 16.833 27.093 0.000 0.000 1.000 -1.171e+00 -8.255e-01 -2.931e-01
-10.807 -11.738 16.843 26.968 0.000 0.000 1.000 -1.149e+00 -8.661e-01 -2.901e-01
-10.753 -11.683 16.852 26.822 0.000 0.000 1.000 -1.127e+00 -9.083e-01 -2.865e-01
-10.699 -11.629 16.858 26.642 0.000 0.000 1.000 -1.105e+00 -9.519e-01 -2.824e-01
-10.645 -11.575 16.862 26.400 0.000 0.000 1.000 -1.085e+00 -9.970e-01 -2.777e-01
-10.590 -11.521 16.864 25.995 0.000 0.000 1.000 -1.064e+00 -1.043e+00 -2.723e-01
-10.536 -11.467 16.863 25.335 0.000 0.000 1.000 -1.045e+00 -1.091e+00 -2.664e-01
-10.482 -11.412 16.861 26.056 0.000 0.000 1.000 -1.025e+00 -1.139e+00 -2.598e-01
-10.428 -11.358 16.856 26.256 0.000 0.000 1.000 -1.006e+00 -1.189e+00 -2.527e-01
-10.373 -11.304 16.849 26.351 0.000 0.000 1.000 -9.872e-01 -1.239e+00 -2.452e-01
-10.319 -11.250 16.841 26.396 0.000 0.000 1.000 -9.687e-01 -1.290e+00 -2.372e-01
-10.265 -11.195 16.830 26.410 0.000 0.000 1.000 -9.507e-01 -1.342e+00 -2.290e-01
-10.211 -11.141 16.818 26.400 0.000 0.000 1.000 -9.332e-01 -1.393e+00 -2.208e-01
-10.157 -11.087 16.805 26.370 0.000 0.000 1.000 -9.162e-01 -1.445e+00 -2.126e-01
-10.102 -11.033 16.792 26.319 0.000 0.000 1.000 -9.000e-01 -1.497e+00 -2.047e-01
-10.048 -10.978 16.779 26.246 0.000 0.000 1.000 -8.847e-01 -1.547e+00 -1.974e-01
-9.994 -10.924 16.767 26.146 0.000 0.000 1.000 -8.703e-01 -1.597e+00 -1.909e-01
-9.940 -10.870 16.756 26.010 0.000 0.000 1.000 -8.570e-01 -1.644e+00 -1.854e-01
-9.885 -10.816 16.749 25.814 0.000 0.000 1.000 -8.449e-01 -1.689e+00 -1.811e-01
-9.831 -10.762 16.745 25.482 0.000 0.000 1.000 -8.340e-01 -1.730e+00 -1.783e-01
-9.777 -10.707 16.745 23.857 0.000 0.000 1.000 -8.243e-01 -1.767e+00 -1.770e-01
-9.723 -10.653 16.749 25.430 0.000 0.000 1.000 -8.157e-01 -1.800e+00 -1.774e-01
-9.669 -10.599 16.759 25.679 0.000 0.000 1.000 -8.081e-01 -1.827e+00 -1.795e-01
-9.614 -10.545 16.772 25.801 0.000 0.000 1.000 -8.013e-01 -1.849e+00 -1.833e-01
-9.560 -10.490 16.789 25.869 0.000 0.000 1.000 -7.951e-01 -1.867e+00 -1.885e-01
-9.506 -10.436 16.810 25.907 0.000 0.000 1.000 -7.892e-01 -1.880e+00 -1.952e-01
-9.452 -10.382 16.833 25.927 0.000 0.000 1.000 -7.835e-01 -1.889e+00 -2.032e-01
-9.397 -10.328 16.858 25.936 0.000 0.000 1.000 -7.777e-01 -1.896e+00 -2.125e-01
-9.343 -10.274 16.885 25.940 0.000 0.000 1.000 -7.717e-01 -1.901e+00 -2.231e-01
-9.297 -10.292 16.909 25.941 0.000 0.000 1.000 -7.660e-01 -1.906e+00 -2.341e-01
-9.250 -10.238 16.936 25.940 0.000 0.000 1.000 -7.606e-01 -1.910e+00 -2.453e-01
-9.212 -10.288 16.957 25.937 0.000 0.000 1.000 -7.557e-01 -1.914e+00 -2.562e-01
-9.172 -10.234 16.981 25.933 0.000 0.000 1.000 -7.511e-01 -1.918e+00 -2.673e-01
-9.140 -10.284 17.000 25.928 0.000 0.000 1.000 -7.469e-01 -1.921e+00 -2.780e-01
-9.106 -10.230 17.021 25.923 0.000 0.000 1.000 -7.429e-01 -1.925e+00 -2.890e-01
-9.078 -10.280 17.039 25.916 0.000 0.000 1.000 -7.392e-01 -1.929e+00 -2.996e-01
-9.052 -10.299 17.055 25.909 0.000 0.000 1.000 -7.360e-01 -1.933e+00 -3.096e-01
-9.025 -10.245 17.072 25.901 0.000 0.000 1.000 -7.328e-01 -1.936e+00 -3.198e-01
-9.003 -10.295 17.086 25.893 0.000 0.000 1.000 -7.300e-01 -1.940e+00 -3.297e-01
-8.978 -10.240 17.101 25.884 0.000 0.000 1.000 -7.271e-01 -1.943e+00 -3.399e-01
-8.958 -10.291 17.114 25.875 0.000 0.000 1.000 -7.246e-01 -1.947e+00 -3.497e-01
-8.935 -10.236 17.128 25.865 0.000 0.000 1.000 -7.220e-01 -1.951e+00 -3.597e-01
-8.916 -10.287 17.140 25.855 0.000 0.000 1.000 -7.197e-01 -1.954e+00 -3.694e-01
-8.896 -10.232 17.153 25.845 0.000 0.000 1.000 -7.174e-01 -1.958e+00 -3.793e-01
-8.878 -10.283 17.164 25.834 0.000 0.000 1.000 -7.153e-01 -1.961e+00 -3.890e-01
-8.862 -10.301 17.173 25.824 0.000 0.000 1.000 -7.133e-01 -1.965e+00 -3.981e-01
-8.845 -10.247 17.184 25.813 0.000 0.000 1.000 -7.114e-01 -1.968e+00 -4.074e-01
-8.830 -10.297 17.193 25.803 0.000 0.000 1.000 -7.096e-01 -1.972e+00 -4.165e-01
-8.813 -10.243 17.203 25.792 0.000 0.000 1.000 -7.078e-01 -1.975e+00 -4.258e-01
-8.799 -10.293 17.211 25.781 0.000 0.000 1.000 -7.062e-01 -1.978e+00 -4.347e-01
-8.784 -10.239 17.220 25.770 0.000 0.000 1.000 -7.045e-01 -1.982e+00 -4.439e-01
-8.770 -10.289 17.228 25.758 0.000 0.000 1.000 -7.030e-01 -1.985e+00 -4.529e-01
-8.756 -10.235 17.236 25.747 0.000 0.000 1.000 -7.014e-01 -1.989e+00 -4.620e-01
-8.743 -10.285 17.243 25.736 0.000 0.000 1.000 -7.000e-01 -1.992e+00 -4.709e-01
-8.731 -10.304 17.250 25.724 0.000 0.000 1.000 -6.986e-01 -1.995e+00 -4.793e-01
-8.718 -10.250 17.257 25.713 0.000 0.000 1.000 -6.973e-01 -1.999e+00 -4.879e-01
-8.707 -10.300 17.263 25.702 0.000 0.000 1.000 -6.960e-01 -2.002e+00 -4.963e-01
-8.695 -10.246 17.269 25.691 0.000 0.000 1.000 -6.948e-01 -2.005e+00 -5.049e-01
-8.684 -10.296 17.275 25.680 0.000 0.000 1.000 -6.936e-01 -2.008e+00 -5.132e-01
-8.672 -10.242 17.281 25.669 0.000 0.000 1.000 -6.924e-01 -2.012e+00 -5.217e-01
-8.662 -10.292 17.286 25.658 0.000 0.000 1.000 -6.912e-01 -2.015e+00 -5.300e-01
-8.650 -10.238 17.292 25.647 0.000 0.000 1.000 -6.901e-01 -2.018e+00 -5.385e-01
-8.640 -10.288 17.297 25.635 0.000 0.000 1.000 -6.890e-01 -2.021e+00 -5.467e-01
-8.631 -10.306 17.301 25.624 0.000 0.000 1.000 -6.880e-01 -2.024e+00 -5.546e-01
-8.621 -10.252 17.306 25.614 0.000 0.000 1.000 -6.870e-01 -2.028e+00 -5.626e-01
-8.612 -10.302 17.311 25.603 0.000 0.000 1.000 -6.860e-01 -2.031e+00 -5.704e-01
-8.602 -10.248 17.315 25.593 0.000 0.000 1.000 -6.850e-01 -2.034e+00 -5.785e-01
-8.593 -10.298 17.319 25.582 0.000 0.000 1.000 -6.841e-01 -2.037e+00 -5.862e-01
-8.584 -10.244 17.324 25.571 0.000 0.000 1.000 -6.832e-01 -2.040e+00 -5.942e-01
-8.575 -10.294 17.327 25.560 0.000 0.000 1.000 -6.823e-01 -2.043e+00 -6.020e-01
-8.566 -10.240 17.332 25.550 0.000 0.000 1.000 -6.814e-01 -2.046e+00 -6.099e-01
-8.558 -10.290 17.335 25.539 0.000 0.000 1.000 -6.806e-01 -2.050e+00 -6.177e-01
-8.550 -10.309 17.338 25.529 0.000 0.000 1.000 -6.798e-01 -2.052e+00 -6.250e-01
-8.542 -10.255 17.342 25.519 0.000 0.000 1.000 -6.790e-01 -2.056e+00 -6.326e-01
-8.534 -10.305 17.345 25.509 0.000 0.000 1.000 -6.782e-01 -2.059e+00 -6.399e-01
-8.526 -10.251 17.349 25.499 0.000 0.000 1.000 -6.774e-01 -2.062e+00 -6.475e-01
-8.519 -10.301 17.352 25.488 0.000 0.000 1.000 -6.767e-01 -2.065e+00 -6.548e-01
-8.511 -10.247 17.355 25.479 0.000 0.000 1.000 -6.760e-01 -2.068e+00 -6.623e-01
-8.504 -10.297 17.358 25.468 0.000 0.000 1.000 -6.753e-01 -2.071e+00 -6.696e-01
-8.496 -10.243 17.361 25.459 0.000 0.000 1.000 -6.745e-01 -2.074e+00 -6.771e-01
-8.489 -10.293 17.364 25.448 0.000 0.000 1.000 -6.739e-01 -2.077e+00 -6.844e-01
-8.481 -10.239 17.367 25.439 0.000 0.000 1.000 -6.732e-01 -2.080e+00 -6.919e-01
-8.475 -10.289 17.369 25.428 0.000 0.000 1.000 -6.725e-01 -2.083e+00 -6.992e-01
-8.448 -10.249 17.379 25.390 0.000 0.000 1.000 -6.700e-01 -2.094e+00 -7.273e-01
-8.417 -10.291 17.390 25.343 0.000 0.000 1.000 -6.672e-01 -2.109e+00 -7.623e-01
-8.388 -10.302 17.399 25.299 0.000 0.000 1.000 -6.647e-01 -2.123e+00 -7.956e-01
-8.356 -10.258 17.410 25.246 0.000 0.000 1.000 -6.619e-01 -2.140e+00 -8.350e-01
-8.326 -10.246 17.418 25.196 0.000 0.000 1.000 -6.594e-01 -2.156e+00 -8.732e-01
-8.298 -10.307 17.426 25.147 0.000 0.000 1.000 -6.572e-01 -2.172e+00 -9.105e-01
-8.267 -10.314 17.434 25.092 0.000 0.000 1.000 -6.548e-01 -2.191e+00 -9.530e-01
-8.238 -10.247 17.440 25.039 0.000 0.000 1.000 -6.527e-01 -2.209e+00 -9.941e-01
-8.208 -10.304 17.447 24.981 0.000 0.000 1.000 -6.506e-01 -2.230e+00 -1.040e+00
-8.179 -10.256 17.453 24.925 0.000 0.000 1.000 -6.487e-01 -2.250e+00 -1.084e+00
-8.149 -10.259 17.458 24.864 0.000 0.000 1.000 -6.469e-01 -2.272e+00 -1.133e+00
-8.119 -10.312 17.464 24.800 0.000 0.000 1.000 -6.451e-01 -2.296e+00 -1.185e+00
-8.090 -10.260 17.468 24.738 0.000 0.000 1.000 -6.435e-01 -2.320e+00 -1.236e+00
-8.060 -10.259 17.473 24.672 0.000 0.000 1.000 -6.420e-01 -2.345e+00 -1.290e+00
-8.030 -10.307 17.476 24.604 0.000 0.000 1.000 -6.406e-01 -2.372e+00 -1.347e+00
-7.999 -10.302 17.480 24.532 0.000 0.000 1.000 -6.393e-01 -2.401e+00 -1.408e+00
-7.969 -10.315 17.483 24.459 0.000 0.000 1.000 -6.381e-01 -2.431e+00 -1.470e+00
-7.940 -10.255 17.486 24.388 0.000 0.000 1.000 -6.371e-01 -2.461e+00 -1.529e+00
-7.909 -10.296 17.489 24.309 0.000 0.000 1.000 -6.362e-01 -2.494e+00 -1.596e+00
-7.879 -10.251 17.491 24.228 0.000 0.000 1.000 -6.353e-01 -2.527e+00 -1.662e+00
-7.849 -10.297 17.493 24.143 0.000 0.000 1.000 -6.345e-01 -2.562e+00 -1.731e+00
-7.820 -10.248 17.495 24.054 0.000 0.000 1.000 -6.338e-01 -2.597e+00 -1.799e+00
-7.790 -10.299 17.496 23.956 0.000 0.000 1.000 -6.332e-01 -2.634e+00 -1.870e+00
-7.759 -10.315 17.498 23.845 0.000 0.000 1.000 -6.325e-01 -2.673e+00 -1.943e+00
-7.730 -10.258 17.499 23.730 0.000 0.000 1.000 -6.320e-01 -2.710e+00 -2.012e+00
-7.699 -10.247 17.499 23.589 0.000 0.000 1.000 -6.314e-01 -2.750e+00 -2.084e+00
-7.670 -10.254 17.500 23.421 0.000 0.000 1.000 -6.308e-01 -2.788e+00 -2.152e+00
-7.639 -10.308 17.501 23.185 0.000 0.000 1.000 -6.302e-01 -2.827e+00 -2.220e+00
-7.610 -10.308 17.501 22.799 0.000 0.000 1.000 -6.296e-01 -2.864e+00 -2.282e+00
-7.580 -10.249 17.501 22.177 0.000 0.000 1.000 -6.289e-01 -2.900e+00 -2.342e+00
-7.550 -10.259 17.501 22.900 0.000 0.000 1.000 -6.281e-01 -2.934e+00 -2.396e+00
-7.520 -10.316 17.500 23.124 0.000 0.000 1.000 -6.273e-01 -2.965e+00 -2.445e+00
-7.489 -10.314 17.500 23.248 0.000 0.000 1.000 -6.265e-01 -2.993e+00 -2.487e+00
-7.460 -10.308 17.499 23.324 0.000 0.000 1.000 -6.255e-01 -3.017e+00 -2.523e+00
-7.430 -10.262 17.499 23.376 0.000 0.000 1.000 -6.245e-01 -3.038e+00 -2.553e+00
-7.400 -10.263 17.498 23.412 0.000 0.000 1.000 -6.234e-01 -3.055e+00 -2.577e+00
-7.370 -10.256 17.497 23.436 0.000 0.000 1.000 -6.221e-01 -3.069e+00 -2.596e+00
-7.340 -10.313 17.495 23.452 0.000 0.000 1.000 -6.208e-01 -3.080e+00 -2.612e+00
-7.310 -10.258 17.494 23.462 0.000 0.000 1.000 -6.195e-01 -3.089e+00 -2.624e+00
-7.280 -10.212 17.493 23.467 0.000 0.000 1.000 -6.180e-01 -3.096e+00 -2.633e+00
-7.250 -10.302 17.491 23.469 0.000 0.000 1.000 -6.166e-01 -3.101e+00 -2.639e+00
-7.220 -10.110 17.489 23.469 0.062 0.000 1.000 -6.150e-01 -3.106e+00 -2.646e+00
-7.190 -10.098 17.488 23.467 0.062 0.000 1.000 -6.131e-01 -3.110e+00 -2.652e+00
-7.160 -10.097 17.486 23.463 0.062 0.000 1.000 -6.112e-01 -3.114e+00 -2.657e+00
-7.130 -10.107 17.484 23.458 0.062 0.000 1.000 -6.091e-01 -3.118e+00 -2.662e+00
-7.100 -10.117 17.482 23.452 0.062 0.000 1.000 -6.070e-01 -3.122e+00 -2.667e+00
-7.070 -10.107 17.479 23.446 0.062 0.000 1.000 -6.047e-01 -3.126e+00 -2.672e+00
-7.040 -10.114 17.477 23.439 0.062 0.000 1.000 -6.023e-01 -3.130e+00 -2.677e+00
-7.010 -10.107 17.474 23.431 0.062 0.000 1.000 -5.998e-01 -3.134e+00 -2.683e+00
-6.980 -10.099 17.472 23.423 0.062 0.000 1.000 -5.972e-01 -3.139e+00 -2.689e+00
-6.950 -10.096 17.469 23.415 0.062 0.000 1.000 -5.945e-01 -3.143e+00 -2.695e+00
-6.920 -10.110 17.466 23.406 0.062 0.000 1.000 -5.917e-01 -3.148e+00 -2.701e+00
-6.890 -10.117 17.462 23.397 0.062 0.000 1.000 -5.887e-01 -3.153e+00 -2.708e+00
-6.860 -10.115 17.459 23.387 0.062 0.000 1.000 -5.856e-01 -3.159e+00 -2.715e+00
-6.830 -10.123 17.455 23.376 0.062 0.000 1.000 -5.824e-01 -3.165e+00 -2.722e+00
-6.800 -10.120 17.452 23.366 0.062 0.000 1.000 -5.791e-01 -3.171e+00 -2.729e+00
-6.770 -10.109 17.448 23.355 0.062 0.000 1.000 -5.758e-01 -3.177e+00 -2.737e+00
-6.740 -10.062 17.443 23.343 0.062 0.000 1.000 -5.724e-01 -3.183e+00 -2.745e+00
-6.710 -10.118 17.439 23.331 0.062 0.000 1.000 -5.688e-01 -3.190e+00 -2.753e+00
-6.680 -10.055 17.434 23.319 0.062 0.000 1.000 -5.652e-01 -3.197e+00 -2.762e+00
-6.650 -10.114 17.429 23.306 0.062 0.000 1.000 -5.614e-01 -3.204e+00 -2.771e+00
-6.620 -10.066 17.424 23.292 0.062 0.000 1.000 -5.575e-01 -3.211e+00 -2.780e+00
-6.590 -10.122 17.419 23.278 0.062 0.000 1.000 -5.535e-01 -3.219e+00 -2.789e+00
-6.560 -10.088 17.413 23.264 0.125 0.000 1.000 -5.495e-01 -3.227e+00 -2.799e+00
-6.530 -10.058 17.407 23.248 0.062 0.000 1.000 -5.453e-01 -3.236e+00 -2.809e+00
-6.500 -10.111 17.401 23.232 0.062 0.000 1.000 -5.410e-01 -3.244e+00 -2.820e+00
-6.470 -10.061 17.394 23.216 0.062 0.000 1.000 -5.366e-01 -3.253e+00 -2.831e+00
-6.440 -10.118 17.387 23.199 0.062 0.000 1.000 -5.322e-01 -3.263e+00 -2.842e+00
-6.410 -10.069 17.380 23.181 0.062 0.000 1.000 -5.276e-01 -3.272e+00 -2.853e+00
-6.380 -10.119 17.372 23.162 0.062 0.000 1.000 -5.230e-01 -3.283e+00 -2.865e+00
-6.350 -10.054 17.364 23.143 0.062 0.000 1.000 -5.183e-01 -3.293e+00 -2.877e+00
-6.320 -10.054 17.356 23.124 0.062 0.000 1.000 -5.136e-01 -3.304e+00 -2.890e+00
-6.290 -10.119 17.348 23.103 0.062 0.000 1.000 -5.088e-01 -3.315e+00 -2.902e+00
-6.260 -10.105 17.339 23.082 0.062 0.000 1.000 -5.040e-01 -3.326e+00 -2.915e+00
-6.230 -10.116 17.329 23.061 0.062 0.000 1.000 -4.991e-01 -3.337e+00 -2.928e+00
-6.200 -10.067 17.320 23.038 0.062 0.000 1.000 -4.942e-01 -3.349e+00 -2.942e+00
-6.170 -10.108 17.310 23.015 0.062 0.000 1.000 -4.893e-01 -3.362e+00 -2.956e+00
-6.140 -10.123 17.299 22.992 0.062 0.000 1.000 -4.843e-01 -3.374e+00 -2.970e+00
-6.110 -10.121 17.288 22.967 0.062 0.000 1.000 -4.794e-01 -3.387e+00 -2.984e+00
-6.080 -10.124 17.277 22.942 0.062 0.000 1.000 -4.744e-01 -3.400e+00 -2.998e+00
-6.050 -10.067 17.265 22.917 0.062 0.000 1.000 -4.694e-01 -3.413e+00 -3.013e+00
-6.020 -10.069 17.253 22.890 0.062 0.000 1.000 -4.645e-01 -3.427e+00 -3.027e+00
-5.990 -10.054 17.240 22.863 0.062 0.000 1.000 -4.596e-01 -3.440e+00 -3.042e+00
-5.960 -10.110 17.227 22.836 0.062 0.000 1.000 -4.547e-01 -3.454e+00 -3.057e+00
-5.930 -10.110 17.213 22.807 0.062 0.000 1.000 -4.498e-01 -3.469e+00 -3.073e+00
-5.900 -10.104 17.199 22.778 0.062 0.000 1.000 -4.450e-01 -3.483e+00 -3.088e+00
-5.870 -10.124 17.185 22.748 0.062 0.000 1.000 -4.402e-01 -3.498e+00 -3.103e+00
-5.840 -10.067 17.170 22.717 0.062 0.000 1.000 -4.355e-01 -3.512e+00 -3.119e+00
-5.810 -10.069 17.154 22.685 0.062 0.000 1.000 -4.308e-01 -3.527e+00 -3.134e+00
-5.780 -10.091 17.138 22.653 0.125 0.000 1.000 -4.262e-01 -3.542e+00 -3.150e+00
-5.750 -10.120 17.122 22.619 0.062 0.000 1.000 -4.217e-01 -3.557e+00 -3.166e+00
-5.720 -10.112 17.105 22.585 0.062 0.000 1.000 -4.172e-01 -3.572e+00 -3.181e+00
-5.690 -10.107 17.087 22.549 0.062 0.000 1.000 -4.129e-01 -3.587e+00 -3.197e+00
-5.660 -10.069 17.069 22.513 0.062 0.000 1.000 -4.086e-01 -3.603e+00 -3.212e+00
-5.630 -10.112 17.051 22.475 0.062 0.000 1.000 -4.044e-01 -3.618e+00 -3.228e+00
-5.600 -10.071 17.032 22.437 0.062 0.000 1.000 -4.003e-01 -3.633e+00 -3.243e+00
-5.570 -10.062 17.012 22.397 0.062 0.000 1.000 -3.964e-01 -3.648e+00 -3.259e+00
-5.540 -10.066 16.993 22.355 0.062 0.000 1.000 -3.925e-01 -3.663e+00 -3.274e+00
-5.510 -10.110 16.973 22.312 0.062 0.000 1.000 -3.888e-01 -3.678e+00 -3.289e+00
-5.480 -10.116 16.952 22.268 0.062 0.000 1.000 -3.851e-01 -3.693e+00 -3.304e+00
-5.450 -10.044 16.931 22.223 0.062 0.000 1.000 -3.818e-01 -3.707e+00 -3.319e+00
-5.420 -10.059 16.910 22.179 0.062 0.000 1.000 -3.787e-01 -3.720e+00 -3.332e+00
-5.390 -9.995 16.889 22.136 0.062 0.000 1.000 -3.759e-01 -3.733e+00 -3.345e+00
-5.360 -10.024 16.867 22.093 0.062 0.000 1.000 -3.733e-01 -3.744e+00 -3.356e+00
-5.330 -9.834 16.845 22.052 0.062 0.000 1.000 -3.710e-01 -3.755e+00 -3.367e+00
-5.300 -10.065 16.822 22.012 0.062 0.000 1.000 -3.690e-01 -3.765e+00 -3.377e+00
-5.270 -9.430 16.799 21.958 0.188 0.000 1.000 -3.667e-01 -3.776e+00 -3.388e+00
-5.240 -9.394 16.776 21.890 0.188 0.000 1.000 -3.637e-01 -3.791e+00 -3.403e+00
-5.210 -9.527 16.754 21.827 0.188 0.000 1.000 -3.611e-01 -3.804e+00 -3.417e+00
-5.180 -9.896 16.732 21.788 0.000 0.000 1.000 -3.597e-01 -3.812e+00 -3.425e+00
-5.150 -9.567 16.708 21.760 0.000 0.000 1.000 -3.589e-01 -3.817e+00 -3.430e+00
-5.120 -9.611 16.684 21.728 0.000 0.000 1.000 -3.579e-01 -3.822e+00 -3.436e+00
-5.090 -9.739 16.658 21.692 0.000 0.000 1.000 -3.569e-01 -3.828e+00 -3.442e+00
-5.060 -9.946 16.631 21.654 0.000 0.000 1.000 -3.559e-01 -3.834e+00 -3.448e+00
-5.030 -9.830 16.603 21.613 0.000 0.000 1.000 -3.549e-01 -3.840e+00 -3.454e+00
-5.000 -10.042 16.574 21.568 0.000 0.000 1.000 -3.539e-01 -3.846e+00 -3.460e+00
-4.970 -9.677 16.544 21.519 0.000 0.000 1.000 -3.529e-01 -3.853e+00 -3.467e+00
-4.940 -10.330 16.513 21.466 0.000 0.000 1.000 -3.519e-01 -3.859e+00 -3.474e+00
-4.910 -9.890 16.482 21.405 0.000 0.000 1.000 -3.509e-01 -3.866e+00 -3.481e+00
-4.880 -9.985 16.451 21.334 0.000 0.000 1.000 -3.499e-01 -3.874e+00 -3.488e+00
-4.850 -9.796 16.422 21.251 0.000 0.000 1.000 -3.489e-01 -3.881e+00 -3.496e+00
-4.820 -10.045 16.395 21.154 0.000 0.000 1.000 -3.479e-01 -3.889e+00 -3.505e+00
-4.790 -9.845 16.370 21.039 0.000 0.000 1.000 -3.470e-01 -3.897e+00 -3.513e+00
-4.760 -10.218 16.350 20.897 0.000 0.000 1.000 -3.461e-01 -3.905e+00 -3.522e+00
-4.730 -9.789 16.334 20.703 0.000 0.000 1.000 -3.452e-01 -3.914e+00 -3.531e+00
-4.700 -9.883 16.324 20.400 0.000 0.000 1.000 -3.445e-01 -3.922e+00 -3.540e+00
-4.670 -10.007 16.319 19.498 0.000 0.000 1.000 -3.437e-01 -3.931e+00 -3.549e+00
-4.640 -9.830 16.322 20.190 0.000 0.000 1.000 -3.431e-01 -3.939e+00 -3.558e+00
-4.610 -9.789 16.329 20.489 0.000 0.000 1.000 -3.425e-01 -3.948e+00 -3.567e+00
-4.580 -10.121 16.343 20.634 0.000 0.000 1.000 -3.421e-01 -3.956e+00 -3.576e+00
-4.550 -9.736 16.360 20.719 0.000 0.000 1.000 -3.417e-01 -3.964e+00 -3.585e+00
-4.520 -9.729 16.381 20.772 0.000 0.000 1.000 -3.413e-01 -3.972e+00 -3.593e+00
-4.490 -9.879 16.404 20.806 0.000 0.000 1.000 -3.410e-01 -3.980e+00 -3.602e+00
-4.460 -10.069 16.430 20.826 0.000 0.000 1.000 -3.408e-01 -3.987e+00 -3.610e+00
-4.430 -10.106 16.456 20.834 0.000 0.000 1.000 -3.406e-01 -3.995e+00 -3.619e+00
-4.400 -10.282 16.483 20.834 0.000 0.000 1.000 -3.405e-01 -4.002e+00 -3.627e+00
-4.370 -9.625 16.509 20.827 0.000 0.000 1.000 -3.403e-01 -4.009e+00 -3.635e+00
-4.340 -9.793 16.536 20.814 0.000 0.000 1.000 -3.402e-01 -4.016e+00 -3.642e+00
-4.310 -10.148 16.561 20.796 0.000 0.000 1.000 -3.402e-01 -4.023e+00 -3.650e+00
-4.280 -9.775 16.586 20.773 0.000 0.000 1.000 -3.401e-01 -4.030e+00 -3.657e+00
-4.250 -9.887 16.610 20.746 0.000 0.000 1.000 -3.401e-01 -4.036e+00 -3.665e+00
-4.220 -9.689 16.632 20.716 0.000 0.000 1.000 -3.401e-01 -4.043e+00 -3.672e+00
-4.190 -9.520 16.654 20.683 0.000 0.000 1.000 -3.400e-01 -4.049e+00 -3.678e+00
-4.160 -9.501 16.674 20.647 0.000 0.000 1.000 -3.400e-01 -4.054e+00 -3.685e+00
-4.130 -9.447 16.693 20.609 0.000 0.000 1.000 -3.400e-01 -4.060e+00 -3.691e+00
-4.100 -9.991 16.710 20.570 0.000 0.000 1.000 -3.400e-01 -4.065e+00 -3.696e+00
-4.070 -10.168 16.727 20.529 0.000 0.000 1.000 -3.400e-01 -4.069e+00 -3.701e+00
-4.040 -9.420 16.743 20.485 0.000 0.000 1.000 -3.400e-01 -4.074e+00 -3.707e+00
-4.010 -10.110 16.757 20.437 0.000 0.000 1.000 -3.400e-01 -4.078e+00 -3.712e+00
-3.980 -9.674 16.771 20.384 0.000 0.000 1.000 -3.400e-01 -4.083e+00 -3.717e+00
-3.950 -9.885 16.783 20.328 0.000 0.000 1.000 -3.400e-01 -4.087e+00 -3.721e+00
-3.920 -9.785 16.794 20.267 0.000 0.000 1.000 -3.399e-01 -4.091e+00 -3.726e+00
-3.890 -9.415 16.805 20.202 0.000 0.000 1.000 -3.399e-01 -4.095e+00 -3.730e+00
-3.860 -9.390 16.814 20.132 0.000 0.000 1.000 -3.399e-01 -4.099e+00 -3.734e+00
-3.830 -10.169 16.822 20.056 0.000 0.000 1.000 -3.399e-01 -4.102e+00 -3.738e+00
-3.800 -9.783 16.829 19.976 0.000 0.000 1.000 -3.399e-01 -4.105e+00 -3.742e+00
-3.770 -9.724 16.835 19.890 0.000 0.000 1.000 -3.398e-01 -4.108e+00 -3.745e+00
-3.740 -9.390 16.841 19.799 0.000 0.000 1.000 -3.398e-01 -4.111e+00 -3.748e+00
-3.710 -9.733 16.845 19.701 0.000 0.000 1.000 -3.398e-01 -4.113e+00 -3.750e+00
-3.680 -9.513 16.849 19.597 0.000 0.000 1.000 -3.398e-01 -4.115e+00 -3.752e+00
-3.650 -10.050 16.852 19.487 0.000 0.000 1.000 -3.398e-01 -4.117e+00 -3.754e+00
-3.620 -9.395 16.855 19.370 0.000 0.000 1.000 -3.397e-01 -4.118e+00 -3.756e+00
-3.590 -9.552 16.857 19.245 0.000 0.000 1.000 -3.397e-01 -4.119e+00 -3.757e+00
-3.560 -9.690 16.859 19.122 0.000 0.000 1.000 -3.397e-01 -4.120e+00 -3.758e+00
-3.530 -9.552 16.860 18.997 0.000 0.000 1.000 -3.397e-01 -4.121e+00 -3.759e+00
-3.500 -9.907 16.861 18.865 0.000 0.000 1.000 -3.397e-01 -4.121e+00 -3.759e+00
-3.470 -9.678 16.862 18.734 0.000 0.000 1.000 -3.397e-01 -4.122e+00 -3.760e+00
-3.440 -9.201 16.863 18.613 0.000 0.000 1.000 -3.397e-01 -4.122e+00 -3.760e+00
-3.410 -9.729 16.863 18.500 0.000 0.000 1.000 -3.397e-01 -4.122e+00 -3.760e+00
-3.380 -8.969 16.864 18.395 0.000 0.000 1.000 -3.397e-01 -4.122e+00 -3.760e+00
-3.350 -9.670 16.864 18.294 0.000 0.000 1.000 -3.397e-01 -4.122e+00 -3.761e+00
-3.320 -9.189 16.864 18.191 0.000 0.000 1.000 -3.397e-01 -4.123e+00 -3.761e+00
-3.290 -9.028 16.865 18.094 0.000 0.000 1.000 -3.397e-01 -4.123e+00 -3.761e+00
-3.260 -9.132 16.865 18.000 0.000 0.000 1.000 -3.397e-01 -4.123e+00 -3.761e+00
-3.230 -9.010 16.865 17.905 0.000 0.000 1.000 -3.397e-01 -4.123e+00 -3.761e+00
-3.200 -8.859 16.865 17.816 0.000 0.000 1.000 -3.397e-01 -4.123e+00 -3.761e+00
-3.170 -8.606 16.865 17.732 0.000 0.000 1.000 -3.397e-01 -4.123e+00 -3.761e+00
-3.140 -9.173 16.866 17.652 0.000 0.000 1.000 -3.397e-01 -4.123e+00 -3.761e+00
-3.110 -9.619 16.866 17.576 0.000 0.000 1.000 -3.397e-01 -4.123e+00 -3.761e+00
-3.080 -8.703 16.866 17.504 0.000 0.000 1.000 -3.397e-01 -4.123e+00 -3.761e+00
-3.050 -8.709 16.866 17.435 0.000 0.000 1.000 -3.397e-01 -4.123e+00 -3.761e+00
-3.020 -8.361 16.866 17.369 0.000 0.000 1.000 -3.397e-01 -4.123e+00 -3.761e+00
-2.990 -8.208 16.866 17.305 0.000 0.000 1.000 -3.397e-01 -4.123e+00 -3.761e+00
-2.960 -8.423 16.866 17.244 0.000 0.000 1.000 -3.397e-01 -4.123e+00 -3.761e+00
-2.930 -8.105 16.866 17.185 0.000 0.000 1.000 -3.397e-01 -4.123e+00 -3.761e+00
-2.900 -8.221 16.866 17.129 0.000 0.000 1.000 -3.397e-01 -4.123e+00 -3.761e+00
-2.870 -8.431 16.866 17.075 0.000 0.000 1.000 -3.397e-01 -4.123e+00 -3.761e+00
-2.840 -8.122 16.866 17.023 0.000 0.000 1.000 -3.397e-01 -4.123e+00 -3.761e+00
-2.810 -8.300 16.866 16.974 0.000 0.000 1.000 -3.397e-01 -4.123e+00 -3.761e+00
-2.780 -7.946 16.867 16.926 0.000 0.000 1.000 -3.397e-01 -4.123e+00 -3.761e+00
-2.750 -7.989 16.867 16.882 0.000 0.000 1.000 -3.397e-01 -4.123e+00 -3.761e+00
-2.720 -7.875 16.867 16.838 0.000 0.000 1.000 -3.397e-01 -4.123e+00 -3.761e+00
-2.690 -7.921 16.867 16.797 0.000 0.000 1.000 -3.397e-01 -4.123e+00 -3.761e+00
-2.660 -8.157 16.867 16.758 0.000 0.000 1.000 -3.397e-01 -4.123e+00 -3.761e+00
-2.630 -8.038 16.867 16.719 0.000 0.000 1.000 -3.397e-01 -4.123e+00 -3.761e+00
-2.600 -7.667 16.867 16.682 0.000 0.000 1.000 -3.397e-01 -4.123e+00 -3.761e+00
-2.570 -8.004 16.867 16.645 0.000 0.000 1.000 -3.397e-01 -4.123e+00 -3.761e+00
-2.540 -8.400 16.867 16.609 0.062 0.000 1.000 -3.397e-01 -4.123e+00 -3.761e+00
-2.510 -7.614 16.867 16.573 0.000 0.000 1.000 -3.397e-01 -4.123e+00 -3.761e+00
-2.480 -7.499 16.867 16.538 0.000 0.000 1.000 -3.397e-01 -4.123e+00 -3.761e+00
-2.450 -9.068 16.867 16.504 0.000 0.000 1.000 -3.397e-01 -4.123e+00 -3.761e+00
-2.420 -7.915 16.867 16.469 0.000 0.000 1.000 -3.397e-01 -4.123e+00 -3.761e+00
-2.390 -8.060 16.867 16.435 0.000 0.000 1.000 -3.397e-01 -4.123e+00 -3.761e+00
-2.360 -7.371 16.867 16.402 0.000 0.000 1.000 -3.397e-01 -4.123e+00 -3.761e+00
-2.330 -7.485 16.867 16.368 0.000 0.000 1.000 -3.397e-01 -4.123e+00 -3.761e+00
-2.300 -7.355 16.867 16.334 0.000 0.000 1.000 -3.397e-01 -4.123e+00 -3.761e+00
-2.270 -7.260 16.867 16.301 0.000 0.000 1.000 -3.397e-01 -4.123e+00 -3.761e+00
-2.240 -7.225 16.867 16.267 0.000 0.000 1.000 -3.397e-01 -4.123e+00 -3.761e+00
-2.210 -7.589 16.867 16.234 0.000 0.000 1.000 -3.397e-01 -4.123e+00 -3.761e+00
-2.180 -7.394 16.867 16.200 0.000 0.000 1.000 -3.397e-01 -4.123e+00 -3.761e+00
-2.150 -7.167 16.868 16.166 0.000 0.000 1.000 -3.397e-01 -4.123e+00 -3.761e+00
-2.120 -7.148 16.868 16.133 0.000 0.000 1.000 -3.397e-01 -4.123e+00 -3.761e+00
-2.090 -7.711 16.868 16.099 0.000 0.000 1.000 -3.397e-01 -4.123e+00 -3.761e+00
-2.060 -7.035 16.868 16.065 0.062 0.000 1.000 -3.397e-01 -4.123e+00 -3.761e+00
-2.030 -7.502 16.868 16.032 0.000 0.000 1.000 -3.397e-01 -4.123e+00 -3.761e+00
-2.000 -7.061 16.868 15.998 0.000 0.000 1.000 -3.397e-01 -4.123e+00 -3.761e+00
