
-1.999408e+01 -2.186273e+01 -2.100000e+01 -2.000000e+00 -1.321806e+01 -1.239154e+01 -inf -inf -inf -inf -1.169329e+01 -3.010307e-01 -3.010300e-01 -1.101313e+01 -1.232522e+01 -1.401578e+01 -inf -inf -inf -inf  -inf -inf -inf -inf
-1.976979e+01 -2.108485e+01 -2.079134e+01 -2.000000e+00 -1.151081e+01 -1.068429e+01 -2.279871e+01 -2.180272e+01 -2.009732e+01 -3.997278e+01 -9.986047e+00 -3.010307e-01 -3.010300e-01 -9.305880e+00 -1.061797e+01 -1.230853e+01 -3.162317e+01 -5.235065e+01 -6.770547e+01 -8.929606e+01  -1.110344e+02 -1.337176e+02 -1.572645e+02 -1.382955e+02
-1.955481e+01 -2.071879e+01 -2.058565e+01 -2.000000e+00 -1.110313e+01 -1.027661e+01 -2.197790e+01 -2.098209e+01 -1.927669e+01 -3.832359e+01 -9.578365e+00 -3.010307e-01 -3.010300e-01 -8.898198e+00 -1.021029e+01 -1.190085e+01 -3.039211e+01 -5.028757e+01 -6.480039e+01 -8.553737e+01  -1.064085e+02 -1.282085e+02 -1.508532e+02 -1.327863e+02
-1.931234e+01 -2.039849e+01 -2.034950e+01 -2.000000e+00 -1.076745e+01 -9.940935e+00 -2.130439e+01 -2.030893e+01 -1.860353e+01 -3.697457e+01 -9.242688e+00 -3.010307e-01 -3.010300e-01 -8.562521e+00 -9.874608e+00 -1.156517e+01 -2.938233e+01 -4.860076e+01 -6.243326e+01 -8.248615e+01  -1.026689e+02 -1.237756e+02 -1.457215e+02 -1.283535e+02
-1.911679e+01 -2.016970e+01 -2.015705e+01 -2.000000e+00 -1.053303e+01 -9.706513e+00 -2.083443e+01 -1.983945e+01 -1.813405e+01 -3.603463e+01 -9.008266e+00 -3.010307e-01 -3.010300e-01 -8.328099e+00 -9.640186e+00 -1.133075e+01 -2.867808e+01 -4.742565e+01 -6.078613e+01 -8.036568e+01  -1.000736e+02 -1.207038e+02 -1.421712e+02 -1.252817e+02
-1.886624e+01 -1.989516e+01 -1.990890e+01 -2.000000e+00 -1.025472e+01 -9.428202e+00 -2.027636e+01 -1.928240e+01 -1.757700e+01 -3.491988e+01 -8.729955e+00 -3.010307e-01 -3.010300e-01 -8.049788e+00 -9.361875e+00 -1.105244e+01 -2.784250e+01 -4.603211e+01 -5.883388e+01 -7.785386e+01  -9.700126e+01 -1.170698e+02 -1.379743e+02 -1.216476e+02
-1.864906e+01 -1.966637e+01 -1.969294e+01 -2.000000e+00 -1.002419e+01 -9.197676e+00 -1.981362e+01 -1.882115e+01 -1.711575e+01 -3.399706e+01 -8.499429e+00 -3.010307e-01 -3.010300e-01 -7.819262e+00 -9.131350e+00 -1.082191e+01 -2.715062e+01 -4.487856e+01 -5.721834e+01 -7.577591e+01  -9.446047e+01 -1.140657e+02 -1.345063e+02 -1.186435e+02
-1.842728e+01 -1.943758e+01 -1.947190e+01 -2.000000e+00 -9.794384e+00 -8.967865e+00 -1.935136e+01 -1.836142e+01 -1.665602e+01 -3.307736e+01 -8.269619e+00 -3.010307e-01 -3.010300e-01 -7.589452e+00 -8.901539e+00 -1.059210e+01 -2.646102e+01 -4.372895e+01 -5.560857e+01 -7.370573e+01  -9.192962e+01 -1.110739e+02 -1.310532e+02 -1.156517e+02
-1.820268e+01 -1.920879e+01 -1.924776e+01 -2.000000e+00 -9.564994e+00 -8.738474e+00 -1.888827e+01 -1.790257e+01 -1.619717e+01 -3.215946e+01 -8.040228e+00 -3.010308e-01 -3.010300e-01 -7.360062e+00 -8.672149e+00 -1.036271e+01 -2.577274e+01 -4.258165e+01 -5.400220e+01 -7.164011e+01  -8.940460e+01 -1.080893e+02 -1.276089e+02 -1.126671e+02
-1.797639e+01 -1.898001e+01 -1.902174e+01 -2.000000e+00 -9.335851e+00 -8.509330e+00 -1.842285e+01 -1.744424e+01 -1.573885e+01 -3.124257e+01 -7.811085e+00 -3.010308e-01 -3.010300e-01 -7.130918e+00 -8.443006e+00 -1.013357e+01 -2.508525e+01 -4.143569e+01 -5.239782e+01 -6.957717e+01  -8.688301e+01 -1.051089e+02 -1.241697e+02 -1.096868e+02
-1.779460e+01 -1.879698e+01 -1.884009e+01 -2.000000e+00 -9.152645e+00 -8.326122e+00 -1.804750e+01 -1.707781e+01 -1.537242e+01 -3.050945e+01 -7.627879e+00 -3.010309e-01 -3.010300e-01 -6.947712e+00 -8.259799e+00 -9.950361e+00 -2.453560e+01 -4.051949e+01 -5.111519e+01 -6.792799e+01  -8.486724e+01 -1.027265e+02 -1.214205e+02 -1.073044e+02
-1.756678e+01 -1.856819e+01 -1.861238e+01 -2.000000e+00 -8.923720e+00 -8.097194e+00 -1.757220e+01 -1.661995e+01 -1.491455e+01 -2.959324e+01 -7.398954e+00 -3.010311e-01 -3.010300e-01 -6.718787e+00 -8.030874e+00 -9.721436e+00 -2.384880e+01 -3.937463e+01 -4.951256e+01 -6.586742e+01  -8.234867e+01 -9.974994e+01 -1.179859e+02 -1.043278e+02
-1.733857e+01 -1.833940e+01 -1.838424e+01 -2.000000e+00 -8.694851e+00 -7.868321e+00 -1.708644e+01 -1.616220e+01 -1.445681e+01 -2.867696e+01 -7.170086e+00 -3.010313e-01 -3.010300e-01 -6.489919e+00 -7.802006e+00 -9.492567e+00 -2.316218e+01 -3.822998e+01 -4.791040e+01 -6.380745e+01  -7.983088e+01 -9.677431e+01 -1.145524e+02 -1.013521e+02
-1.711012e+01 -1.811061e+01 -1.815583e+01 -2.000000e+00 -8.466016e+00 -7.639477e+00 -1.658508e+01 -1.570452e+01 -1.399915e+01 -2.776030e+01 -6.941251e+00 -3.010318e-01 -3.010301e-01 -6.261084e+00 -7.573171e+00 -9.263732e+00 -2.247566e+01 -3.708531e+01 -4.630850e+01 -6.174784e+01  -7.731356e+01 -9.379925e+01 -1.111196e+02 -9.837708e+01
-1.688154e+01 -1.788183e+01 -1.792726e+01 -2.000000e+00 -8.237201e+00 -7.410648e+00 -1.606222e+01 -1.524689e+01 -1.354153e+01 -2.684283e+01 -6.712436e+00 -3.010326e-01 -3.010301e-01 -6.032269e+00 -7.344355e+00 -9.034916e+00 -2.178920e+01 -3.594045e+01 -4.470676e+01 -5.968845e+01  -7.479651e+01 -9.082453e+01 -1.076872e+02 -9.540236e+01
-1.669861e+01 -1.769880e+01 -1.774434e+01 -2.000000e+00 -8.054158e+00 -7.227586e+00 -1.562481e+01 -1.488080e+01 -1.317546e+01 -2.610786e+01 -6.529393e+00 -3.010335e-01 -3.010301e-01 -5.849226e+00 -7.161312e+00 -8.851872e+00 -2.124005e+01 -3.502423e+01 -4.342544e+01 -5.804103e+01  -7.278298e+01 -8.844490e+01 -1.049414e+02 -9.302273e+01
-1.646990e+01 -1.747001e+01 -1.751564e+01 -2.000000e+00 -7.825361e+00 -6.998752e+00 -1.505146e+01 -1.442321e+01 -1.271791e+01 -2.518708e+01 -6.300596e+00 -3.010355e-01 -3.010303e-01 -5.620429e+00 -6.932514e+00 -8.623073e+00 -2.055363e+01 -3.387824e+01 -4.182384e+01 -5.598183e+01  -7.026618e+01 -8.547048e+01 -1.015094e+02 -9.004831e+01
-1.624115e+01 -1.724122e+01 -1.728690e+01 -2.000000e+00 -7.596570e+00 -6.769899e+00 -1.444892e+01 -1.396562e+01 -1.226040e+01 -2.426260e+01 -6.071805e+00 -3.010388e-01 -3.010304e-01 -5.391639e+00 -6.703722e+00 -8.394279e+00 -1.986721e+01 -3.273091e+01 -4.022228e+01 -5.392268e+01  -6.774943e+01 -8.249614e+01 -9.807746e+01 -8.707397e+01
-1.601239e+01 -1.701243e+01 -1.705815e+01 -2.000000e+00 -7.367784e+00 -6.541007e+00 -1.382090e+01 -1.350805e+01 -1.180295e+01 -2.333214e+01 -5.843019e+00 -3.010445e-01 -3.010307e-01 -5.162853e+00 -6.474933e+00 -8.165486e+00 -1.918077e+01 -3.158131e+01 -3.862075e+01 -5.186357e+01  -6.523273e+01 -7.952186e+01 -9.464559e+01 -8.409969e+01
-1.578362e+01 -1.678365e+01 -1.682938e+01 -2.000000e+00 -7.139002e+00 -6.312051e+00 -1.317309e+01 -1.305048e+01 -1.134559e+01 -2.239223e+01 -5.614238e+00 -3.010541e-01 -3.010312e-01 -4.934072e+00 -6.246148e+00 -7.936695e+00 -1.849430e+01 -3.042793e+01 -3.701924e+01 -4.980448e+01  -6.271607e+01 -7.654761e+01 -9.121377e+01 -8.112544e+01
-1.555484e+01 -1.655486e+01 -1.660060e+01 -2.000000e+00 -6.910228e+00 -6.082987e+00 -1.251122e+01 -1.259292e+01 -1.088839e+01 -2.143813e+01 -5.385463e+00 -3.010703e-01 -3.010321e-01 -4.705299e+00 -6.017368e+00 -7.707904e+00 -1.780775e+01 -2.926839e+01 -3.541774e+01 -4.774541e+01  -6.019943e+01 -7.357341e+01 -8.778198e+01 -7.815123e+01
-1.537182e+01 -1.637183e+01 -1.641758e+01 -2.000000e+00 -6.727216e+00 -5.899619e+00 -1.197482e+01 -1.222688e+01 -1.052282e+01 -2.066075e+01 -5.202451e+00 -3.010910e-01 -3.010332e-01 -4.522289e+00 -5.834347e+00 -7.524870e+00 -1.725844e+01 -2.833389e+01 -3.413656e+01 -4.609818e+01  -5.818615e+01 -7.119407e+01 -8.503659e+01 -7.577189e+01
-1.514304e+01 -1.614304e+01 -1.618879e+01 -2.000000e+00 -6.498466e+00 -5.670196e+00 -1.129867e+01 -1.176936e+01 -1.006625e+01 -1.966654e+01 -4.973701e+00 -3.011328e-01 -3.010354e-01 -4.293541e+00 -5.605580e+00 -7.296075e+00 -1.657164e+01 -2.715287e+01 -3.253512e+01 -4.403918e+01  -5.566959e+01 -6.821995e+01 -8.160492e+01 -7.279775e+01
-1.491425e+01 -1.591425e+01 -1.596001e+01 -2.000000e+00 -6.269745e+00 -5.440456e+00 -1.061851e+01 -1.131187e+01 -9.610436e+00 -1.864350e+01 -4.744976e+00 -3.012037e-01 -3.010392e-01 -4.064822e+00 -5.376827e+00 -7.067275e+00 -1.588462e+01 -2.595124e+01 -3.093373e+01 -4.198025e+01  -5.315311e+01 -6.524593e+01 -7.817335e+01 -6.982367e+01
-1.468546e+01 -1.568547e+01 -1.573122e+01 -2.000000e+00 -6.041078e+00 -5.210356e+00 -9.935956e+00 -1.085444e+01 -9.155962e+00 -1.759078e+01 -4.516295e+00 -3.013236e-01 -3.010455e-01 -3.836150e+00 -5.148098e+00 -6.838467e+00 -1.519729e+01 -2.472123e+01 -2.933243e+01 -3.992143e+01  -5.063677e+01 -6.227206e+01 -7.474195e+01 -6.684964e+01
-1.445668e+01 -1.545668e+01 -1.550244e+01 -2.000000e+00 -5.812515e+00 -4.979994e+00 -9.252041e+00 -1.039711e+01 -8.703920e+00 -1.651141e+01 -4.287686e+00 -3.015267e-01 -3.010563e-01 -3.607556e+00 -4.919408e+00 -6.609643e+00 -1.450965e+01 -2.345548e+01 -2.773128e+01 -3.786279e+01  -4.812065e+01 -5.929845e+01 -7.131082e+01 -6.387554e+01
-1.427365e+01 -1.527365e+01 -1.531941e+01 -2.000000e+00 -5.629805e+00 -4.795735e+00 -8.704406e+00 -1.003137e+01 -8.345299e+00 -1.563260e+01 -4.104881e+00 -3.017864e-01 -3.010701e-01 -3.424773e+00 -4.736503e+00 -6.426563e+00 -1.395938e+01 -2.241362e+01 -2.645052e+01 -3.621609e+01  -4.610800e+01 -5.691986e+01 -6.856624e+01 -6.149596e+01
-1.404486e+01 -1.504486e+01 -1.509062e+01 -2.000000e+00 -5.401780e+00 -4.565858e+00 -8.019711e+00 -9.574426e+00 -7.903351e+00 -1.452069e+01 -3.876538e+00 -3.023099e-01 -3.010979e-01 -3.196475e+00 -4.507966e+00 -6.197665e+00 -1.327157e+01 -2.107290e+01 -2.484992e+01 -3.415813e+01  -4.359269e+01 -5.394720e+01 -6.513609e+01 -5.852009e+01
-1.381607e+01 -1.481607e+01 -1.486183e+01 -2.000000e+00 -5.174633e+00 -4.336802e+00 -7.335433e+00 -9.117927e+00 -7.472622e+00 -1.340025e+01 -3.648473e+00 -3.031951e-01 -3.011448e-01 -2.968493e+00 -4.279603e+00 -5.968660e+00 -1.258391e+01 -1.968958e+01 -2.324992e+01 -3.210091e+01  -4.107825e+01 -5.097557e+01 -6.170688e+01 -5.553937e+01
-1.358729e+01 -1.458729e+01 -1.463304e+01 -2.000000e+00 -4.949615e+00 -4.108665e+00 -6.652601e+00 -8.662173e+00 -7.058923e+00 -1.227777e+01 -3.420823e+00 -3.046907e-01 -3.012241e-01 -2.741006e+00 -4.051532e+00 -5.739420e+00 -1.189595e+01 -1.826475e+01 -2.165091e+01 -3.004485e+01  -3.856513e+01 -4.800556e+01 -5.827885e+01 -5.254433e+01
-1.338317e+01 -1.458729e+01 -1.441120e+01 -2.000000e+00 -4.753485e+00 -3.906027e+00 -6.036424e+00 -8.252771e+00 -6.707751e+00 -1.125006e+01 -3.218209e+00 -3.068735e-01 -3.013397e-01 -2.538685e+00 -3.848480e+00 -5.534422e+00 -1.126975e+01 -1.690312e+01 -2.015940e+01 -2.810050e+01  -3.615709e+01 -4.512411e+01 -5.491094e+01 -4.959255e+01
-1.317231e+01 -1.458729e+01 -1.418935e+01 -2.000000e+00 -4.562075e+00 -3.697807e+00 -5.406106e+00 -7.830128e+00 -6.368115e+00 -1.020006e+01 -3.009404e+00 -3.104880e-01 -3.015309e-01 -2.330502e+00 -3.639415e+00 -5.321576e+00 -1.061357e+01 -1.545285e+01 -1.861040e+01 -2.607427e+01  -3.363702e+01 -4.209440e+01 -5.134043e+01 -4.637751e+01
-1.295721e+01 -1.466365e+01 -1.396584e+01 -2.000000e+00 -4.393299e+00 -3.487079e+00 -4.784985e+00 -7.402733e+00 -6.041366e+00 -9.173588e+00 -2.796571e+00 -3.164475e-01 -3.018454e-01 -2.118978e+00 -3.427236e+00 -5.101960e+00 -9.921687e+00 -1.396397e+01 -1.705324e+01 -2.404433e+01  -3.112204e+01 -3.908673e+01 -4.778999e+01 -4.304574e+01
-1.273924e+01 -1.469030e+01 -1.374413e+01 -2.000000e+00 -4.275844e+00 -3.277402e+00 -4.199796e+00 -6.975634e+00 -5.715450e+00 -8.208359e+00 -2.580260e+00 -3.262188e-01 -3.023585e-01 -1.905193e+00 -3.213865e+00 -4.874230e+00 -9.139989e+00 -1.245737e+01 -1.550186e+01 -2.202746e+01  -2.863157e+01 -3.612664e+01 -4.426793e+01 -3.967378e+01
-1.251928e+01 -1.482600e+01 -1.352143e+01 -2.000000e+00 -4.237689e+00 -3.077259e+00 -3.684198e+00 -6.552069e+00 -5.378497e+00 -7.335583e+00 -2.360331e+00 -3.420857e-01 -3.031823e-01 -1.689097e+00 -3.000730e+00 -4.634268e+00 -8.136226e+00 -1.093758e+01 -1.395657e+01 -2.001904e+01  -2.615158e+01 -3.319089e+01 -4.072300e+01 -3.629532e+01
-1.229992e+01 -1.478371e+01 -1.330135e+01 -2.000000e+00 -4.281206e+00 -2.903612e+00 -3.271951e+00 -6.135303e+00 -5.039673e+00 -6.579378e+00 -2.138629e+00 -3.671498e-01 -3.044473e-01 -1.470990e+00 -2.790611e+00 -4.372775e+00 -6.859799e+00 -9.410780e+00 -1.242310e+01 -1.802306e+01  -2.366458e+01 -3.024904e+01 -3.713179e+01 -3.292226e+01
-1.207951e+01 -1.491952e+01 -1.308013e+01 -2.000000e+00 -4.369127e+00 -2.767962e+00 -2.974349e+00 -5.715230e+00 -4.719392e+00 -5.950974e+00 -1.917869e+00 -4.060629e-01 -3.062745e-01 -1.251434e+00 -2.581716e+00 -4.054110e+00 -5.459195e+00 -7.866087e+00 -1.088578e+01 -1.601175e+01  -2.104863e+01 -2.715975e+01 -3.344171e+01 -2.946643e+01
-1.185975e+01 -1.473347e+01 -1.286033e+01 -2.000000e+00 -4.385756e+00 -2.658490e+00 -2.743127e+00 -5.290450e+00 -4.432450e+00 -5.450722e+00 -1.718388e+00 -4.638936e-01 -3.085389e-01 -1.054974e+00 -2.374423e+00 -3.604609e+00 -4.129024e+00 -6.364640e+00 -9.386053e+00 -1.395323e+01  -1.819446e+01 -2.384990e+01 -2.971458e+01 -2.583785e+01
-1.163981e+01 -1.492078e+01 -1.264004e+01 -2.000000e+00 -4.272615e+00 -2.540841e+00 -2.464878e+00 -4.854975e+00 -4.162615e+00 -4.997728e+00 -1.556365e+00 -5.461201e-01 -3.104566e-01 -9.205660e-01 -2.161256e+00 -2.998007e+00 -3.007413e+00 -4.998835e+00 -7.976997e+00 -1.167892e+01  -1.529494e+01 -2.057003e+01 -2.597708e+01 -2.211770e+01
-1.141977e+01 -1.466941e+01 -1.242002e+01 -2.000000e+00 -4.105693e+00 -2.419496e+00 -2.168137e+00 -4.372722e+00 -3.918693e+00 -4.574259e+00 -1.423784e+00 -6.564974e-01 -3.096413e-01 -8.847734e-01 -1.939440e+00 -2.411024e+00 -2.180973e+00 -3.868025e+00 -6.666678e+00 -9.448402e+00  -1.263857e+01 -1.758585e+01 -2.234581e+01 -1.860003e+01
-1.119994e+01 -1.471404e+01 -1.220007e+01 -2.000000e+00 -3.904062e+00 -2.309170e+00 -1.913630e+00 -3.922498e+00 -3.723804e+00 -4.249236e+00 -1.300915e+00 -7.950700e-01 -3.009650e-01 -1.011212e+00 -1.736413e+00 -1.965287e+00 -1.677409e+00 -3.071294e+00 -5.433663e+00 -7.635769e+00  -1.031957e+01 -1.491803e+01 -1.891774e+01 -1.535766e+01
-1.097993e+01 -1.469002e+01 -1.198002e+01 -2.000000e+00 -3.608981e+00 -2.201780e+00 -1.809326e+00 -3.818734e+00 -3.652745e+00 -4.100161e+00 -1.171117e+00 -9.572588e-01 -2.786171e-01 -1.477441e+00 -1.586952e+00 -1.604240e+00 -1.520893e+00 -2.778523e+00 -4.520300e+00 -6.551065e+00  -8.499577e+00 -1.267227e+01 -1.578719e+01 -1.232209e+01
-1.075996e+01 -1.427820e+01 -1.176009e+01 -2.000000e+00 -3.302419e+00 -2.123351e+00 -2.028935e+00 -4.285938e+00 -3.883264e+00 -4.292338e+00 -1.051086e+00 -1.134653e+00 -2.541829e-01 -2.302135e+00 -1.540244e+00 -1.287993e+00 -1.708471e+00 -2.933461e+00 -4.326542e+00 -6.489531e+00  -7.622304e+00 -1.102712e+01 -1.314356e+01 -9.574146e+00
-1.053984e+01 -1.386639e+01 -1.154004e+01 -2.000000e+00 -3.312101e+00 -2.110841e+00 -2.508425e+00 -4.784066e+00 -4.277258e+00 -4.783619e+00 -9.837592e-01 -1.319708e+00 -2.516887e-01 -2.697798e+00 -1.598441e+00 -1.078671e+00 -1.755289e+00 -2.765441e+00 -4.062911e+00 -6.259548e+00  -7.236432e+00 -9.758186e+00 -1.113742e+01 -7.864162e+00
-1.031986e+01 -1.347760e+01 -1.132016e+01 -2.000000e+00 -3.463345e+00 -2.123269e+00 -2.947585e+00 -5.083273e+00 -4.545555e+00 -5.247949e+00 -9.546015e-01 -1.487912e+00 -2.713621e-01 -2.880479e+00 -1.709922e+00 -9.416175e-01 -1.590405e+00 -2.486000e+00 -3.535971e+00 -5.630083e+00  -6.531592e+00 -8.762225e+00 -9.736891e+00 -6.736479e+00
-1.009998e+01 -1.343184e+01 -1.110018e+01 -2.000000e+00 -3.594457e+00 -2.120812e+00 -3.198722e+00 -5.181332e+00 -4.658023e+00 -5.517357e+00 -9.349316e-01 -1.602747e+00 -3.097826e-01 -2.959266e+00 -1.840676e+00 -8.363207e-01 -1.431247e+00 -2.277687e+00 -3.099898e+00 -5.096023e+00  -5.890532e+00 -7.848628e+00 -8.564115e+00 -5.747476e+00
-9.879951e+00 -1.329457e+01 -1.088012e+01 -2.000000e+00 -3.680715e+00 -2.094392e+00 -3.355819e+00 -5.193823e+00 -4.719247e+00 -5.669842e+00 -9.119139e-01 -1.653845e+00 -3.737350e-01 -2.985790e+00 -1.945676e+00 -7.446179e-01 -1.300684e+00 -2.108628e+00 -2.792330e+00 -4.734660e+00  -5.434760e+00 -7.073010e+00 -7.513549e+00 -4.863744e+00
-9.659902e+00 -1.329457e+01 -1.066000e+01 -2.000000e+00 -3.743695e+00 -2.054605e+00 -3.499298e+00 -5.190389e+00 -4.790504e+00 -5.791998e+00 -8.838970e-01 -1.680833e+00 -4.786890e-01 -3.011738e+00 -2.000654e+00 -6.563303e-01 -1.176732e+00 -1.946276e+00 -2.545477e+00 -4.445636e+00  -5.075231e+00 -6.436881e+00 -6.624403e+00 -4.127289e+00
-9.439948e+00 -1.320305e+01 -1.044002e+01 -2.000000e+00 -3.805180e+00 -2.012736e+00 -3.690662e+00 -5.217032e+00 -4.917231e+00 -5.954553e+00 -8.558849e-01 -1.728345e+00 -6.471666e-01 -3.083689e+00 -2.049992e+00 -5.731319e-01 -1.059289e+00 -1.788804e+00 -2.311783e+00 -4.172250e+00  -4.749405e+00 -5.879616e+00 -5.884025e+00 -3.518678e+00
-9.219966e+00 -1.304007e+01 -1.022003e+01 -2.000000e+00 -3.859643e+00 -1.976577e+00 -3.946048e+00 -5.303630e+00 -5.130042e+00 -6.176643e+00 -8.316771e-01 -1.822480e+00 -9.055567e-01 -3.230936e+00 -2.111738e+00 -5.089347e-01 -9.662563e-01 -1.659301e+00 -2.114987e+00 -3.941922e+00  -4.476715e+00 -5.382697e+00 -5.268539e+00 -3.007080e+00
#24525 timesteps
#Kernel has finished in 8.229362 seconds
#species: 70
#T9: 7.000000e+00
#t_init: 1.000000e-20
#t_max: 1.000000e-09
#dt_init: 1.234568e-22
#rho: 1.000000e+08