
PART OF FLUX-ISOTOPE COMPONENT ARRAY (-n --> F-; +n --> F+ for given isotope):

FLUX SPARSENESS: Non-zero F+ = 7429; Non-zero F- = 7420, out of 4395 x 365 = 1604175 possibilities.
Checking for valid device...

[deviceProp.major.deviceProp.minor] = [3.5]
cudaGetDevice()=0
GPU total memory: 1744371712
GPU free memory: 1631444992
GPU heap size: 8388608
GPU stack size: 1024
printf FIFO size: 1048576

Preparing kernel...
Copying integration data...
49100 bytes of shared memory allocated.
Launching integration kernel...
20500 bytes of dsmem used.
-1.999408e+01 -2.186273e+01 -2.100000e+01 -2.000000e+00 -1.321811e+01 -1.239143e+01 -inf -inf -inf -inf -1.169343e+01 -3.010995e-01 -3.010300e-01 -1.101326e+01 -1.232528e+01 -1.401578e+01 -inf -inf -inf -inf  -inf -inf -inf -inf
-1.976979e+01 -2.108485e+01 -2.079134e+01 -2.000000e+00 -1.151087e+01 -1.068418e+01 -2.279877e+01 -3.203217e+01 -2.009720e+01 -3.299438e+01 -9.986180e+00 -3.010995e-01 -3.010300e-01 -9.306017e+00 -1.061804e+01 -1.230853e+01 -3.162307e+01 -inf -inf -inf  -inf -inf -inf -inf
-1.955481e+01 -2.071879e+01 -2.058566e+01 -2.000000e+00 -1.110318e+01 -1.027650e+01 -2.197795e+01 -3.079837e+01 -1.927658e+01 -3.175920e+01 -9.578499e+00 -3.010995e-01 -3.010300e-01 -8.898335e+00 -1.021035e+01 -1.190085e+01 -3.039201e+01 -inf -inf -inf  -inf -inf -inf -inf
-1.931234e+01 -2.039849e+01 -2.034950e+01 -2.000000e+00 -1.076751e+01 -9.940822e+00 -2.130444e+01 -2.978765e+01 -1.860342e+01 -3.074801e+01 -9.242821e+00 -3.010995e-01 -3.010300e-01 -8.562657e+00 -9.874676e+00 -1.156517e+01 -2.938223e+01 -inf -inf -inf  -inf -inf -inf -inf
-1.911679e+01 -2.016970e+01 -2.015705e+01 -2.000000e+00 -1.053308e+01 -9.706400e+00 -2.083448e+01 -2.908307e+01 -1.813393e+01 -3.004327e+01 -9.008399e+00 -3.010995e-01 -3.010300e-01 -8.328236e+00 -9.640254e+00 -1.133075e+01 -2.867798e+01 -inf -inf -inf  -inf -inf -inf -inf
-1.886624e+01 -1.989515e+01 -1.990890e+01 -2.000000e+00 -1.025477e+01 -9.428088e+00 -2.027642e+01 -2.824727e+01 -1.757689e+01 -2.920736e+01 -8.730088e+00 -3.010995e-01 -3.010300e-01 -8.049924e+00 -9.361942e+00 -1.105243e+01 -2.784240e+01 -inf -inf -inf  -inf -inf -inf -inf
-1.864906e+01 -1.966637e+01 -1.969294e+01 -2.000000e+00 -1.002425e+01 -9.197562e+00 -1.981367e+01 -2.755530e+01 -1.711564e+01 -2.851533e+01 -8.499562e+00 -3.010995e-01 -3.010300e-01 -7.819398e+00 -9.131416e+00 -1.082191e+01 -2.715052e+01 -inf -inf -inf  -inf -inf -inf -inf
-1.842728e+01 -1.943758e+01 -1.947190e+01 -2.000000e+00 -9.794438e+00 -8.967752e+00 -1.935141e+01 -2.686563e+01 -1.665590e+01 -2.782563e+01 -8.269752e+00 -3.010995e-01 -3.010300e-01 -7.589588e+00 -8.901607e+00 -1.059210e+01 -2.646092e+01 -inf -inf -inf  -inf -inf -inf -inf
-1.822828e+01 -1.930031e+01 -1.926672e+01 -2.000000e+00 -9.591074e+00 -8.764387e+00 -1.893917e+01 -2.625068e+01 -1.624737e+01 -2.721056e+01 -8.066387e+00 -3.010995e-01 -3.010300e-01 -7.386224e+00 -8.698242e+00 -1.038873e+01 -2.584621e+01 -4.282005e+01 -inf -inf  -inf -inf -inf -inf
-1.798600e+01 -1.902576e+01 -1.902756e+01 -2.000000e+00 -9.345615e+00 -8.518927e+00 -1.844039e+01 -2.551352e+01 -1.575593e+01 -2.647318e+01 -7.820928e+00 -3.010995e-01 -3.010300e-01 -7.140765e+00 -8.452783e+00 -1.014328e+01 -2.510950e+01 -4.147109e+01 -inf -inf  -inf -inf -inf -inf
-1.778434e+01 -1.884273e+01 -1.882407e+01 -2.000000e+00 -9.142383e+00 -8.315692e+00 -1.802355e+01 -2.490287e+01 -1.534908e+01 -2.586247e+01 -7.617695e+00 -3.010995e-01 -3.010300e-01 -6.937531e+00 -8.249550e+00 -9.940042e+00 -2.449895e+01 -4.045083e+01 -inf -inf  -inf -inf -inf -inf
-1.756335e+01 -1.869025e+01 -1.859705e+01 -2.000000e+00 -8.920331e+00 -8.093637e+00 -1.755884e+01 -2.422913e+01 -1.490202e+01 -2.518842e+01 -7.395642e+00 -3.010997e-01 -3.010300e-01 -6.715479e+00 -8.027497e+00 -9.717990e+00 -2.382587e+01 -3.931898e+01 -inf -inf  -inf -inf -inf -inf
-1.733236e+01 -1.846147e+01 -1.836588e+01 -2.000000e+00 -8.688683e+00 -7.861980e+00 -1.706571e+01 -2.353275e+01 -1.443796e+01 -2.449179e+01 -7.163992e+00 -3.011000e-01 -3.010300e-01 -6.483829e+00 -7.795846e+00 -9.486339e+00 -2.312999e+01 -3.815772e+01 -inf -inf  -inf -inf -inf -inf
-1.713010e+01 -1.827844e+01 -1.816212e+01 -2.000000e+00 -8.486078e+00 -7.659368e+00 -1.662184e+01 -2.292490e+01 -1.403267e+01 -2.388386e+01 -6.961386e+00 -3.011004e-01 -3.010300e-01 -6.281223e+00 -7.593241e+00 -9.283732e+00 -2.252231e+01 -3.714465e+01 -inf -inf  -inf -inf -inf -inf
-1.691928e+01 -1.814116e+01 -1.794615e+01 -2.000000e+00 -8.275038e+00 -7.448309e+00 -1.613993e+01 -2.228838e+01 -1.360935e+01 -2.324722e+01 -6.750341e+00 -3.011010e-01 -3.010300e-01 -6.070179e+00 -7.382196e+00 -9.072687e+00 -2.188606e+01 -3.607895e+01 -inf -inf  -inf -inf -inf -inf
-1.666860e+01 -1.782086e+01 -1.770032e+01 -2.000000e+00 -8.024212e+00 -7.197450e+00 -1.553886e+01 -2.153420e+01 -1.310686e+01 -2.249274e+01 -6.499506e+00 -3.011024e-01 -3.010300e-01 -5.819345e+00 -7.131361e+00 -8.821852e+00 -2.113253e+01 -3.482055e+01 -4.325141e+01 -inf  -inf -inf -inf -inf
-1.647754e+01 -1.783621e+01 -1.749699e+01 -2.000000e+00 -7.833092e+00 -7.006287e+00 -1.505285e+01 -2.095369e+01 -1.272207e+01 -2.191201e+01 -6.308374e+00 -3.011041e-01 -3.010300e-01 -5.628214e+00 -6.940230e+00 -8.630719e+00 -2.055252e+01 -3.384198e+01 -4.171993e+01 -inf  -inf -inf -inf -inf
-1.625550e+01 -1.791266e+01 -1.726517e+01 -2.000000e+00 -7.611023e+00 -6.784135e+00 -1.446079e+01 -2.027771e+01 -1.227421e+01 -2.123546e+01 -6.086285e+00 -3.011072e-01 -3.010300e-01 -5.406127e+00 -6.718141e+00 -8.408628e+00 -1.987782e+01 -3.270178e+01 -4.011437e+01 -inf  -inf -inf -inf -inf
-1.603295e+01 -1.769922e+01 -1.704241e+01 -2.000000e+00 -7.388471e+00 -6.561448e+00 -1.384538e+01 -1.960336e+01 -1.182639e+01 -2.056037e+01 -5.863698e+00 -3.011125e-01 -3.010301e-01 -5.183543e+00 -6.495554e+00 -8.186038e+00 -1.920511e+01 -3.156806e+01 -3.852903e+01 -inf  -inf -inf -inf -inf
-1.581135e+01 -1.736371e+01 -1.682369e+01 -2.000000e+00 -7.166914e+00 -6.339669e+00 -1.321872e+01 -1.893768e+01 -1.138303e+01 -1.989409e+01 -5.642082e+00 -3.011212e-01 -3.010307e-01 -4.961933e+00 -6.273941e+00 -7.964417e+00 -1.854078e+01 -3.045184e+01 -3.698321e+01 -inf  -inf -inf -inf -inf
-1.559021e+01 -1.718083e+01 -1.660151e+01 -2.000000e+00 -6.945873e+00 -6.118268e+00 -1.257978e+01 -1.827282e+01 -1.094108e+01 -1.922857e+01 -5.420943e+00 -3.011359e-01 -3.010315e-01 -4.740805e+00 -6.052804e+00 -7.743272e+00 -1.787732e+01 -2.932921e+01 -3.543555e+01 -inf  -inf -inf -inf -inf
-1.536333e+01 -1.676901e+01 -1.638074e+01 -2.000000e+00 -6.719156e+00 -5.890957e+00 -1.191950e+01 -1.759472e+01 -1.048981e+01 -1.854922e+01 -5.194061e+00 -3.011608e-01 -3.010328e-01 -4.513939e+00 -5.825927e+00 -7.516377e+00 -1.720118e+01 -2.818266e+01 -3.387769e+01 -inf  -inf -inf -inf -inf
-1.514693e+01 -1.649446e+01 -1.616689e+01 -2.000000e+00 -6.503028e+00 -5.673935e+00 -1.128288e+01 -1.694525e+01 -1.005961e+01 -1.789706e+01 -4.977669e+00 -3.012006e-01 -3.010350e-01 -4.297575e+00 -5.609543e+00 -7.299966e+00 -1.655474e+01 -2.707009e+01 -3.238190e+01 -inf  -inf -inf -inf -inf
-1.493686e+01 -1.644885e+01 -1.595043e+01 -2.000000e+00 -6.293403e+00 -5.462986e+00 -1.065554e+01 -1.630552e+01 -9.640251e+00 -1.725067e+01 -4.767619e+00 -3.012635e-01 -3.010383e-01 -4.087568e+00 -5.399505e+00 -7.089885e+00 -1.592076e+01 -2.594893e+01 -3.089067e+01 -4.188780e+01  -inf -inf -inf -inf
-1.471527e+01 -1.635748e+01 -1.572528e+01 -2.000000e+00 -6.072591e+00 -5.240135e+00 -9.991632e+00 -1.562551e+01 -9.198749e+00 -1.655369e+01 -4.546061e+00 -3.013726e-01 -3.010441e-01 -3.866085e+00 -5.177969e+00 -6.868273e+00 -1.525162e+01 -2.473748e+01 -2.931853e+01 -3.982121e+01  -inf -inf -inf -inf
-1.449749e+01 -1.603718e+01 -1.551021e+01 -2.000000e+00 -5.856092e+00 -5.020864e+00 -9.340223e+00 -1.495150e+01 -8.767708e+00 -1.584156e+01 -4.328331e+00 -3.015506e-01 -3.010537e-01 -3.648478e+00 -4.960273e+00 -6.650455e+00 -1.459575e+01 -2.352079e+01 -2.778749e+01 -3.784992e+01  -inf -inf -inf -inf
-1.427202e+01 -1.582374e+01 -1.528438e+01 -2.000000e+00 -5.632872e+00 -4.793873e+00 -8.667933e+00 -1.424275e+01 -8.326601e+00 -1.505070e+01 -4.102949e+00 -3.018575e-01 -3.010702e-01 -3.423308e+00 -4.734954e+00 -6.424921e+00 -1.391859e+01 -2.223170e+01 -2.621561e+01 -3.583154e+01  -inf -inf -inf -inf
-1.405642e+01 -1.561030e+01 -1.506872e+01 -2.000000e+00 -5.420952e+00 -4.577226e+00 -8.025510e+00 -1.354319e+01 -7.911500e+00 -1.421374e+01 -3.887488e+00 -3.023445e-01 -3.010966e-01 -3.208184e+00 -4.519600e+00 -6.209217e+00 -1.327011e+01 -2.096052e+01 -2.471011e+01 -3.389715e+01  -inf -inf -inf -inf
-1.383547e+01 -1.548143e+01 -1.484540e+01 -2.000000e+00 -5.206577e+00 -4.355907e+00 -7.365561e+00 -1.278586e+01 -7.495791e+00 -1.326077e+01 -3.666752e+00 -3.031688e-01 -3.011420e-01 -2.988022e+00 -4.299067e+00 -5.988059e+00 -1.259973e+01 -1.960284e+01 -2.314547e+01 -3.187786e+01  -4.069222e+01 -inf -inf -inf
-1.361246e+01 -1.529161e+01 -1.462164e+01 -2.000000e+00 -4.995392e+00 -4.133323e+00 -6.706299e+00 -1.197433e+01 -7.093392e+00 -1.224291e+01 -3.444038e+00 -3.045531e-01 -3.012198e-01 -2.766267e+00 -4.076747e+00 -5.764616e+00 -1.191906e+01 -1.820902e+01 -2.158611e+01 -2.987329e+01  -3.824100e+01 -inf -inf -inf
-1.338408e+01 -1.478827e+01 -1.440155e+01 -2.000000e+00 -4.789335e+00 -3.906285e+00 -6.044065e+00 -1.109403e+01 -6.704796e+00 -1.118831e+01 -3.216036e+00 -3.069291e-01 -3.013577e-01 -2.539877e+00 -3.849550e+00 -5.535304e+00 -1.120788e+01 -1.677403e+01 -2.002412e+01 -2.787836e+01  -3.581982e+01 -inf -inf -inf
-1.316833e+01 -1.463580e+01 -1.418339e+01 -2.000000e+00 -4.613809e+00 -3.692896e+00 -5.428498e+00 -1.021128e+01 -6.359881e+00 -1.018511e+01 -3.000587e+00 -3.106446e-01 -3.015831e-01 -2.326864e+00 -3.635628e+00 -5.317562e+00 -1.048624e+01 -1.536493e+01 -1.852258e+01 -2.594913e+01  -3.346607e+01 -4.179504e+01 -inf -inf
-1.295722e+01 -1.470531e+01 -1.396504e+01 -2.000000e+00 -4.477611e+00 -3.485840e+00 -4.846619e+00 -9.324749e+00 -6.038627e+00 -9.218577e+00 -2.789573e+00 -3.165229e-01 -3.019588e-01 -2.119361e+00 -3.427414e+00 -5.102083e+00 -9.686650e+00 -1.392103e+01 -1.701162e+01 -2.398804e+01  -3.105245e+01 -3.874302e+01 -inf -4.146786e+01
-1.273852e+01 -1.469866e+01 -1.374331e+01 -2.000000e+00 -4.397893e+00 -3.275684e+00 -4.294966e+00 -8.457907e+00 -5.710570e+00 -8.288424e+00 -2.570804e+00 -3.263427e-01 -3.026137e-01 -1.905032e+00 -3.213365e+00 -4.873263e+00 -8.742447e+00 -1.241382e+01 -1.545945e+01 -2.197365e+01  -2.858082e+01 -3.555198e+01 -inf -3.804223e+01
-1.251985e+01 -1.478675e+01 -1.352221e+01 -2.000000e+00 -4.389834e+00 -3.077282e+00 -3.821315e+00 -7.710943e+00 -5.377197e+00 -7.454152e+00 -2.352187e+00 -3.421085e-01 -3.036657e-01 -1.689997e+00 -3.001432e+00 -4.631325e+00 -7.681411e+00 -1.089790e+01 -1.391700e+01 -1.996479e+01  -2.611718e+01 -3.230391e+01 -3.935109e+01 -3.462286e+01
-1.229887e+01 -1.478529e+01 -1.330029e+01 -2.000000e+00 -4.407618e+00 -2.901807e+00 -3.430667e+00 -7.131087e+00 -5.041390e+00 -6.711661e+00 -2.130952e+00 -3.672934e-01 -3.052425e-01 -1.469029e+00 -2.789465e+00 -4.354505e+00 -6.499736e+00 -9.364293e+00 -1.236979e+01 -1.793810e+01  -2.360452e+01 -2.903654e+01 -3.555253e+01 -3.118632e+01
-1.207990e+01 -1.529028e+01 -1.308017e+01 -2.000000e+00 -4.390274e+00 -2.763431e+00 -3.112877e+00 -6.737959e+00 -4.725880e+00 -6.070543e+00 -1.914483e+00 -4.057528e-01 -3.073613e-01 -1.248958e+00 -2.581233e+00 -4.004267e+00 -5.238649e+00 -7.841622e+00 -1.083804e+01 -1.589966e+01  -2.093949e+01 -2.580757e+01 -3.179186e+01 -2.764682e+01
-1.185996e+01 -1.498005e+01 -1.286029e+01 -2.000000e+00 -4.308257e+00 -2.648498e+00 -2.831807e+00 -6.459942e+00 -4.435684e+00 -5.528794e+00 -1.715789e+00 -4.632472e-01 -3.099743e-01 -1.050216e+00 -2.371401e+00 -3.504660e+00 -3.987946e+00 -6.357912e+00 -9.332458e+00 -1.377905e+01  -1.806580e+01 -2.267140e+01 -2.808035e+01 -2.391442e+01
-1.163913e+01 -1.432583e+01 -1.264003e+01 -2.000000e+00 -4.128738e+00 -2.527007e+00 -2.542784e+00 -6.147979e+00 -4.171821e+00 -5.072213e+00 -1.549357e+00 -5.451896e-01 -3.125804e-01 -9.130612e-01 -2.154301e+00 -2.890386e+00 -2.909127e+00 -5.010041e+00 -7.908833e+00 -1.151435e+01  -1.529546e+01 -1.975178e+01 -2.447103e+01 -2.017209e+01
-1.141997e+01 -1.531992e+01 -1.242003e+01 -2.000000e+00 -3.927597e+00 -2.407388e+00 -2.312428e+00 -5.850963e+00 -3.970838e+00 -4.756615e+00 -1.396042e+00 -6.535593e-01 -3.132481e-01 -8.700497e-01 -1.935514e+00 -2.345207e+00 -2.126468e+00 -3.917267e+00 -6.569967e+00 -9.407816e+00  -1.287757e+01 -1.697514e+01 -2.095308e+01 -1.663443e+01
-1.119993e+01 -1.461396e+01 -1.220010e+01 -2.000000e+00 -3.738491e+00 -2.290255e+00 -2.261483e+00 -5.737175e+00 -3.900703e+00 -4.684157e+00 -1.228241e+00 -7.885556e-01 -3.095031e-01 -9.532577e-01 -1.730098e+00 -1.909387e+00 -1.637063e+00 -3.136308e+00 -5.238701e+00 -7.688897e+00  -1.074534e+01 -1.419677e+01 -1.745502e+01 -1.323579e+01
-1.097997e+01 -1.493807e+01 -1.198001e+01 -2.000000e+00 -3.576649e+00 -2.173611e+00 -2.508458e+00 -5.826986e+00 -4.066406e+00 -4.907636e+00 -1.074497e+00 -9.436709e-01 -3.060451e-01 -1.247600e+00 -1.568116e+00 -1.514779e+00 -1.389453e+00 -2.706097e+00 -4.180817e+00 -6.463809e+00  -8.944504e+00 -1.165323e+01 -1.413938e+01 -1.006979e+01
-1.075999e+01 -1.419711e+01 -1.176015e+01 -2.000000e+00 -3.511636e+00 -2.099056e+00 -3.070889e+00 -6.052496e+00 -4.444001e+00 -5.385827e+00 -9.796788e-01 -1.105891e+00 -3.175462e-01 -1.793935e+00 -1.505117e+00 -1.165883e+00 -1.344203e+00 -2.465885e+00 -3.576071e+00 -5.687000e+00  -7.530390e+00 -9.544991e+00 -1.125878e+01 -7.454548e+00
-1.054000e+01 -1.444300e+01 -1.154005e+01 -2.000000e+00 -3.532543e+00 -2.077936e+00 -3.571570e+00 -6.285784e+00 -4.689024e+00 -5.771648e+00 -9.284695e-01 -1.257550e+00 -3.489218e-01 -2.246599e+00 -1.544442e+00 -9.270506e-01 -1.365208e+00 -2.312391e+00 -3.237472e+00 -5.270924e+00  -6.636997e+00 -8.052614e+00 -9.089749e+00 -5.640531e+00
-1.032000e+01 -1.441441e+01 -1.132003e+01 -2.000000e+00 -3.596435e+00 -2.064350e+00 -3.859044e+00 -6.572809e+00 -4.787293e+00 -6.002474e+00 -8.980965e-01 -1.383173e+00 -3.988752e-01 -2.468416e+00 -1.657777e+00 -7.858091e-01 -1.310034e+00 -2.179947e+00 -2.952070e+00 -4.956697e+00  -6.078816e+00 -7.060707e+00 -7.575213e+00 -4.504397e+00
-1.009995e+01 -1.381516e+01 -1.110003e+01 -2.000000e+00 -3.678454e+00 -2.040870e+00 -4.076099e+00 -6.896400e+00 -4.854294e+00 -6.185308e+00 -8.786231e-01 -1.478345e+00 -4.734288e-01 -2.603538e+00 -1.809454e+00 -6.903748e-01 -1.207032e+00 -2.029751e+00 -2.687542e+00 -4.657568e+00  -5.647076e+00 -6.342283e+00 -6.514494e+00 -3.769826e+00
-9.879933e+00 -1.357487e+01 -1.088002e+01 -2.000000e+00 -3.755444e+00 -2.011096e+00 -4.270995e+00 -7.179245e+00 -4.936569e+00 -6.337710e+00 -8.637637e-01 -1.556013e+00 -5.853928e-01 -2.716736e+00 -1.943685e+00 -6.103544e-01 -1.105636e+00 -1.887569e+00 -2.464519e+00 -4.402545e+00  -5.293283e+00 -5.767261e+00 -5.742206e+00 -3.229478e+00
-9.659972e+00 -1.346016e+01 -1.066004e+01 -2.000000e+00 -3.824944e+00 -1.979598e+00 -4.481574e+00 -7.412419e+00 -5.065309e+00 -6.485368e+00 -8.533143e-01 -1.640729e+00 -7.541526e-01 -2.850045e+00 -2.036806e+00 -5.389877e-01 -1.018283e+00 -1.767148e+00 -2.283943e+00 -4.195790e+00  -4.990131e+00 -5.272273e+00 -5.143119e+00 -2.793014e+00
-9.439970e+00 -1.349297e+01 -1.044001e+01 -2.000000e+00 -3.886469e+00 -1.949646e+00 -4.733075e+00 -7.620749e+00 -5.267640e+00 -6.651539e+00 -8.484486e-01 -1.756719e+00 -1.004466e+00 -3.030727e+00 -2.105015e+00 -4.809954e-01 -9.519172e-01 -1.677342e+00 -2.150394e+00 -4.042263e+00  -4.720237e+00 -4.840051e+00 -4.662729e+00 -2.430923e+00
-9.220000e+00 -1.389861e+01 -1.022001e+01 -2.000000e+00 -3.935401e+00 -1.922302e+00 -5.021504e+00 -7.804333e+00 -5.555443e+00 -6.823483e+00 -8.480532e-01 -1.923724e+00 -1.356735e+00 -3.257138e+00 -2.147642e+00 -4.436539e-01 -9.126559e-01 -1.625419e+00 -2.072907e+00 -3.949974e+00  -4.482549e+00 -4.477934e+00 -4.280459e+00 -2.135175e+00
61727 timesteps.
Kernel has finished in 30.334922 seconds
species: 365
T9: 7.000000e+00
t_init: 1.000000e-20
t_max: 1.000000e-09
dt_init: 1.234568e-22
rho: 1.000000e+08
Y: 0: 1.069123e-04
1: 1.269335e-02
2: 6.364552e-08
3: 1.247541e-08
4: 4.186379e-07
5: 3.544280e-02
6: 1.835139e-09
7: 2.577858e-10
8: 1.150088e-16
9: 3.401245e-09
10: 2.798085e-10
11: 1.727417e-12
12: 4.654155e-19
13: 2.194002e-14
14: 1.592054e-09
15: 1.870541e-09
16: 1.231632e-14
17: 7.002746e-18
18: 9.102529e-09
19: 6.005875e-04
20: 4.410205e-07
21: 6.391370e-09
22: 2.342086e-15
23: 2.928757e-12
24: 1.915382e-07
25: 1.052479e-06
26: 3.157233e-07
27: 5.813293e-12
28: 1.289605e-15
29: 2.036767e-09
30: 1.087854e-07
31: 1.050066e-03
32: 3.046422e-07
33: 6.169340e-10
34: 1.409970e-13
35: 3.966769e-13
36: 7.919677e-08
37: 6.164157e-09
38: 3.565593e-09
39: 1.909913e-11
40: 5.182595e-13
41: 3.705294e-17
42: 8.283528e-11
43: 5.874924e-10
44: 1.702696e-05
45: 1.598775e-07
46: 3.544670e-08
47: 3.890052e-11
48: 4.770894e-13
49: 3.024656e-17
50: 3.853064e-16
51: 2.658520e-13
52: 1.431691e-08
53: 7.066450e-08
54: 1.195191e-06
55: 8.373026e-09
56: 5.255692e-10
57: 2.124166e-13
58: 4.070560e-16
59: 1.841836e-16
60: 1.158208e-10
61: 5.040214e-08
62: 2.830884e-04
63: 9.849405e-06
64: 4.981884e-06
65: 1.340503e-08
66: 2.747377e-10
67: 1.598465e-14
68: 4.163876e-18
69: 3.709307e-15
70: 8.785901e-12
71: 2.669229e-07
72: 2.353515e-06
73: 9.883570e-05
74: 1.301804e-06
75: 2.137746e-07
76: 1.020002e-10
77: 2.525278e-13
78: 5.933759e-18
79: 5.275183e-19
80: 6.035483e-15
81: 1.569253e-09
82: 1.103369e-06
83: 1.327591e-02
84: 1.030332e-03
85: 6.897580e-04
86: 4.677272e-06
87: 1.514616e-07
88: 3.135359e-11
89: 1.686273e-19
90: 5.078016e-14
91: 1.439033e-10
92: 9.187965e-06
93: 6.032852e-05
94: 8.993635e-04
95: 2.139355e-05
96: 8.222781e-06
97: 1.271513e-08
98: 2.756738e-10
99: 6.570579e-15
100: 6.441634e-18
101: 5.452119e-18
102: 1.051067e-13
103: 2.487064e-08
104: 3.808479e-06
105: 3.942968e-03
106: 8.055637e-04
107: 1.017902e-03
108: 1.330985e-05
109: 1.338304e-06
110: 4.084061e-10
111: 9.462677e-13
112: 1.615116e-16
113: 4.701259e-19
114: 4.536630e-19
115: 5.852778e-13
116: 2.828241e-10
117: 2.499849e-06
118: 3.674875e-06
119: 5.700807e-04
120: 3.272834e-05
121: 2.109268e-05
122: 2.000159e-08
123: 3.156543e-10
124: 1.874565e-13
125: 1.020387e-15
126: 2.862958e-17
127: 1.741568e-13
128: 5.166383e-09
129: 9.379259e-07
130: 6.872415e-04
131: 1.776460e-04
132: 4.501222e-04
133: 6.164384e-06
134: 2.966834e-07
135: 1.768886e-09
136: 3.962045e-11
137: 5.259378e-14
138: 3.587250e-16
139: 1.356028e-18
140: 8.509659e-14
141: 6.726312e-11
142: 2.158383e-07
143: 5.661838e-06
144: 2.550560e-04
145: 7.153922e-06
146: 1.788882e-06
147: 1.758611e-08
148: 3.600402e-09
149: 2.097420e-11
150: 1.106557e-12
151: 2.603014e-15
152: 2.603225e-17
153: 5.380312e-18
154: 2.908844e-14
155: 3.670491e-10
156: 1.645657e-07
157: 2.264409e-04
158: 5.770763e-05
159: 3.917420e-05
160: 4.751080e-06
161: 1.602499e-06
162: 7.662583e-08
163: 5.956288e-09
164: 2.051794e-10
165: 9.921651e-12
166: 5.750531e-15
167: 3.893791e-20
168: 1.950609e-15
169: 3.238732e-12
170: 3.943657e-08
171: 3.037976e-08
172: 3.938156e-06
173: 6.722375e-07
174: 3.818019e-06
175: 1.830341e-07
176: 1.804621e-07
177: 6.656248e-09
178: 2.277392e-09
179: 2.011835e-12
180: 3.076694e-15
181: 4.389285e-20
182: 3.334380e-16
183: 9.063483e-12
184: 1.461445e-09
185: 2.818983e-06
186: 4.126250e-06
187: 2.934470e-05
188: 1.181388e-05
189: 1.237263e-05
190: 2.056947e-06
191: 5.294660e-07
192: 2.405296e-09
193: 7.500519e-12
194: 7.184700e-15
195: 4.604784e-18
196: 4.115402e-22
197: 1.718414e-17
198: 5.944458e-14
199: 9.855143e-10
200: 8.748477e-09
201: 2.060091e-06
202: 4.782180e-06
203: 2.459156e-05
204: 5.752809e-06
205: 9.358536e-06
206: 4.482970e-08
207: 1.905436e-09
208: 1.257822e-12
209: 8.159397e-15
210: 1.142003e-16
211: 9.992570e-13
212: 3.007622e-10
213: 1.102657e-06
214: 7.660119e-06
215: 7.992801e-05
216: 8.721898e-05
217: 1.487813e-04
218: 9.203445e-06
219: 6.834259e-07
220: 2.566977e-09
221: 1.691360e-11
222: 1.076997e-14
223: 2.282620e-17
224: 5.683645e-22
225: 7.868747e-17
226: 7.820554e-14
227: 7.076093e-10
228: 8.400010e-09
229: 1.041703e-05
230: 2.553034e-05
231: 2.221281e-04
232: 1.581115e-05
233: 9.333829e-06
234: 5.601406e-08
235: 2.426833e-09
236: 3.985896e-12
237: 2.162382e-14
238: 8.369616e-18
239: 3.780660e-21
240: 1.830820e-17
241: 3.808563e-13
242: 5.706087e-10
243: 1.248069e-06
244: 1.459892e-05
245: 2.328396e-04
246: 1.375539e-04
247: 1.184837e-04
248: 2.270351e-06
249: 5.801359e-07
250: 3.794622e-09
251: 6.358301e-11
252: 7.944128e-14
253: 3.726990e-16
254: 3.757030e-22
255: 3.669044e-17
256: 1.131004e-14
257: 5.004795e-10
258: 8.787835e-09
259: 2.922649e-05
260: 1.787917e-05
261: 7.376018e-05
262: 2.053026e-06
263: 3.297479e-06
264: 3.363530e-08
265: 3.766969e-09
266: 4.011370e-12
267: 2.450184e-13
268: 5.980829e-17
269: 6.232259e-22
270: 3.934143e-18
271: 1.322782e-13
272: 5.224124e-10
273: 1.869333e-06
274: 5.342249e-06
275: 2.511056e-05
276: 9.056053e-06
277: 1.069036e-05
278: 5.472972e-07
279: 1.745817e-07
280: 8.758042e-10
281: 1.179629e-10
282: 5.200890e-13
283: 7.531516e-15
284: 1.716869e-24
285: 2.308422e-19
286: 2.512269e-15
287: 8.520117e-11
288: 1.673023e-09
289: 1.030919e-07
290: 6.748136e-08
291: 4.356966e-07
292: 2.445873e-08
293: 6.348645e-08
294: 7.145095e-10
295: 3.888047e-10
296: 1.064517e-12
297: 1.557024e-13
298: 1.225434e-16
299: 6.346526e-24
300: 1.584566e-19
301: 3.291841e-15
302: 9.502414e-13
303: 4.440553e-10
304: 1.236960e-09
305: 1.784371e-08
306: 7.762789e-09
307: 2.014591e-08
308: 2.014394e-09
309: 9.195512e-10
310: 1.973854e-11
311: 2.164743e-12
312: 6.010729e-15
313: 3.870378e-16
314: 4.209073e-21
315: 1.265452e-18
316: 7.508825e-14
317: 1.444756e-13
318: 2.678358e-11
319: 4.544240e-12
320: 1.973440e-10
321: 5.617763e-12
322: 8.121540e-11
323: 1.660002e-12
324: 1.748360e-12
325: 1.271527e-14
326: 2.515837e-15
327: 8.474799e-22
328: 3.700832e-18
329: 8.914611e-17
330: 9.860262e-14
331: 2.051350e-13
332: 5.608949e-12
333: 1.201532e-12
334: 1.506868e-11
335: 2.122411e-12
336: 2.139816e-12
337: 2.788477e-14
338: 2.291407e-14
339: 3.043886e-22
340: 5.588941e-18
341: 1.212020e-16
342: 5.523207e-15
343: 5.044711e-15
344: 8.912334e-14
345: 2.313845e-15
346: 9.662550e-14
347: 2.719288e-15
348: 3.862338e-15
349: 3.606779e-22
350: 2.628129e-20
351: 3.554208e-18
352: 3.037214e-17
353: 1.406313e-15
354: 1.356970e-15
355: 1.013273e-14
356: 3.334380e-15
357: 4.850585e-15
358: 1.903325e-22
359: 3.816516e-21
360: 8.317866e-19
361: 1.224908e-18
362: 9.621502e-18
363: 1.679616e-18
364: 7.444902e-17
Application 5547345 resources: utime ~26s, stime ~5s, Rss ~85744, inblocks ~2233, outblocks ~1329