
PART OF FLUX-ISOTOPE COMPONENT ARRAY (-n --> F-; +n --> F+ for given isotope):

FLUX SPARSENESS: Non-zero F+ = 1004; Non-zero F- = 1000, out of 598 x 70 = 41860 possibilities.
Checking for valid device...

[deviceProp.major.deviceProp.minor] = [3.5]
cudaGetDevice()=0
GPU total memory: 1744371712
GPU free memory: 1631444992
GPU heap size: 8388608
GPU stack size: 1024
printf FIFO size: 1048576

Preparing kernel...
Copying integration data...
49100 bytes of shared memory allocated.
Launching integration kernel...
2952 bytes of dsmem used.
-1.999408e+01 -2.186273e+01 -2.100000e+01 -2.000000e+00 -1.321799e+01 -1.239154e+01 -inf -inf -inf -inf -1.169329e+01 -3.010307e-01 -3.010300e-01 -1.101313e+01 -1.232521e+01 -1.401578e+01 -inf -inf -inf -inf  -inf -inf -inf -inf
-1.976979e+01 -2.108485e+01 -2.079134e+01 -2.000000e+00 -1.151074e+01 -1.068429e+01 -2.279864e+01 -2.180272e+01 -2.009732e+01 -3.997268e+01 -9.986046e+00 -3.010307e-01 -3.010300e-01 -9.305879e+00 -1.061797e+01 -1.230853e+01 -3.162316e+01 -inf -inf -inf  -inf -inf -inf -inf
-1.955481e+01 -2.071879e+01 -2.058566e+01 -2.000000e+00 -1.110306e+01 -1.027661e+01 -2.197783e+01 -2.098209e+01 -1.927669e+01 -3.832351e+01 -9.578364e+00 -3.010307e-01 -3.010300e-01 -8.898197e+00 -1.021028e+01 -1.190085e+01 -3.039211e+01 -inf -inf -inf  -inf -inf -inf -inf
-1.931234e+01 -2.039849e+01 -2.034950e+01 -2.000000e+00 -1.076738e+01 -9.940935e+00 -2.130432e+01 -2.030893e+01 -1.860353e+01 -3.697450e+01 -9.242686e+00 -3.010307e-01 -3.010300e-01 -8.562520e+00 -9.874607e+00 -1.156517e+01 -2.938232e+01 -inf -inf -inf  -inf -inf -inf -inf
-1.911679e+01 -2.016970e+01 -2.015705e+01 -2.000000e+00 -1.053296e+01 -9.706513e+00 -2.083435e+01 -1.983944e+01 -1.813404e+01 -3.603455e+01 -9.008265e+00 -3.010307e-01 -3.010300e-01 -8.328097e+00 -9.640185e+00 -1.133075e+01 -2.867807e+01 -inf -inf -inf  -inf -inf -inf -inf
-1.886624e+01 -1.989515e+01 -1.990890e+01 -2.000000e+00 -1.025465e+01 -9.428203e+00 -2.027629e+01 -1.928240e+01 -1.757700e+01 -3.491980e+01 -8.729953e+00 -3.010307e-01 -3.010300e-01 -8.049787e+00 -9.361874e+00 -1.105243e+01 -2.784249e+01 -inf -inf -inf  -inf -inf -inf -inf
-1.864906e+01 -1.966637e+01 -1.969294e+01 -2.000000e+00 -1.002412e+01 -9.197677e+00 -1.981355e+01 -1.882115e+01 -1.711575e+01 -3.399699e+01 -8.499428e+00 -3.010307e-01 -3.010300e-01 -7.819261e+00 -9.131348e+00 -1.082191e+01 -2.715062e+01 -inf -inf -inf  -inf -inf -inf -inf
-1.844500e+01 -1.948334e+01 -1.948670e+01 -2.000000e+00 -9.812535e+00 -8.986088e+00 -1.938682e+01 -1.839672e+01 -1.669132e+01 -3.314478e+01 -8.287839e+00 -3.010307e-01 -3.010300e-01 -7.607673e+00 -8.919760e+00 -1.061032e+01 -2.651286e+01 -inf -inf -inf  -inf -inf -inf -inf
-1.823150e+01 -1.925455e+01 -1.927478e+01 -2.000000e+00 -9.594233e+00 -8.767785e+00 -1.894633e+01 -1.796006e+01 -1.625467e+01 -3.227201e+01 -8.069537e+00 -3.010307e-01 -3.010300e-01 -7.389370e+00 -8.701457e+00 -1.039202e+01 -2.585831e+01 -4.282005e+01 -inf -inf  -inf -inf -inf -inf
-1.798524e+01 -1.902576e+01 -1.902672e+01 -2.000000e+00 -9.344724e+00 -8.518274e+00 -1.843903e+01 -1.746024e+01 -1.575484e+01 -3.127006e+01 -7.820029e+00 -3.010307e-01 -3.010300e-01 -7.139861e+00 -8.451948e+00 -1.014251e+01 -2.510789e+01 -4.147109e+01 -inf -inf  -inf -inf -inf -inf
-1.779743e+01 -1.888849e+01 -1.883415e+01 -2.000000e+00 -9.155420e+00 -8.328969e+00 -1.804974e+01 -1.708020e+01 -1.537481e+01 -3.050577e+01 -7.630725e+00 -3.010307e-01 -3.010300e-01 -6.950557e+00 -8.262645e+00 -9.953205e+00 -2.453648e+01 -4.051042e+01 -inf -inf  -inf -inf -inf -inf
-1.756907e+01 -1.875122e+01 -1.859860e+01 -2.000000e+00 -8.925943e+00 -8.099490e+00 -1.757043e+01 -1.661876e+01 -1.491336e+01 -2.957616e+01 -7.401248e+00 -3.010310e-01 -3.010300e-01 -6.721082e+00 -8.033168e+00 -9.723730e+00 -2.384232e+01 -3.934481e+01 -inf -inf  -inf -inf -inf -inf
-1.735075e+01 -1.852243e+01 -1.838103e+01 -2.000000e+00 -8.706989e+00 -7.880530e+00 -1.710316e+01 -1.617858e+01 -1.447320e+01 -2.869133e+01 -7.182294e+00 -3.010313e-01 -3.010300e-01 -6.502128e+00 -7.814214e+00 -9.504775e+00 -2.318129e+01 -3.823736e+01 -inf -inf  -inf -inf -inf -inf
-1.711156e+01 -1.820213e+01 -1.814832e+01 -2.000000e+00 -8.467379e+00 -7.640911e+00 -1.658032e+01 -1.570091e+01 -1.399554e+01 -2.774064e+01 -6.942683e+00 -3.010317e-01 -3.010300e-01 -6.262516e+00 -7.574603e+00 -9.265163e+00 -2.246746e+01 -3.705445e+01 -inf -inf  -inf -inf -inf -inf
-1.691255e+01 -1.811061e+01 -1.794099e+01 -2.000000e+00 -8.268169e+00 -7.441689e+00 -1.612555e+01 -1.530229e+01 -1.359693e+01 -2.693924e+01 -6.743474e+00 -3.010324e-01 -3.010300e-01 -6.063307e+00 -7.375393e+00 -9.065953e+00 -2.186853e+01 -3.605331e+01 -inf -inf  -inf -inf -inf -inf
-1.669537e+01 -1.804965e+01 -1.771502e+01 -2.000000e+00 -8.050849e+00 -7.224347e+00 -1.560090e+01 -1.486395e+01 -1.315862e+01 -2.604910e+01 -6.526154e+00 -3.010335e-01 -3.010300e-01 -5.845987e+00 -7.158072e+00 -8.848632e+00 -2.120749e+01 -3.493740e+01 -inf -inf  -inf -inf -inf -inf
-1.647066e+01 -1.768359e+01 -1.749811e+01 -2.000000e+00 -7.826058e+00 -6.999519e+00 -1.503674e+01 -1.441435e+01 -1.270906e+01 -2.514703e+01 -6.301363e+00 -3.010355e-01 -3.010301e-01 -5.621196e+00 -6.933281e+00 -8.623838e+00 -2.053468e+01 -3.381694e+01 -4.171993e+01 -inf  -inf -inf -inf -inf
-1.624072e+01 -1.753111e+01 -1.726356e+01 -2.000000e+00 -7.596058e+00 -6.769454e+00 -1.442935e+01 -1.395418e+01 -1.224897e+01 -2.421597e+01 -6.071362e+00 -3.010387e-01 -3.010303e-01 -5.391197e+00 -6.703280e+00 -8.393835e+00 -1.984418e+01 -3.266158e+01 -4.008439e+01 -inf  -inf -inf -inf -inf
-1.603218e+01 -1.737864e+01 -1.705219e+01 -2.000000e+00 -7.387495e+00 -6.560795e+00 -1.385237e+01 -1.353499e+01 -1.182990e+01 -2.335743e+01 -5.862801e+00 -3.010437e-01 -3.010306e-01 -5.182634e+00 -6.494715e+00 -8.185267e+00 -1.921350e+01 -3.159788e+01 -3.859343e+01 -inf  -inf -inf -inf -inf
-1.581243e+01 -1.719560e+01 -1.683079e+01 -2.000000e+00 -7.167744e+00 -6.340878e+00 -1.323024e+01 -1.309495e+01 -1.139007e+01 -2.245303e+01 -5.643048e+00 -3.010524e-01 -3.010311e-01 -4.962883e+00 -6.274960e+00 -7.965506e+00 -1.855351e+01 -3.048786e+01 -3.705201e+01 -inf  -inf -inf -inf -inf
-1.559699e+01 -1.702792e+01 -1.661339e+01 -2.000000e+00 -6.952298e+00 -6.125173e+00 -1.260474e+01 -1.266249e+01 -1.095795e+01 -2.154767e+01 -5.427603e+00 -3.010665e-01 -3.010319e-01 -4.747439e+00 -6.059509e+00 -7.750046e+00 -1.790361e+01 -2.938476e+01 -3.552308e+01 -inf  -inf -inf -inf -inf
-1.536061e+01 -1.670762e+01 -1.638059e+01 -2.000000e+00 -6.715936e+00 -5.888352e+00 -1.191379e+01 -1.219018e+01 -1.048627e+01 -2.054599e+01 -5.191241e+00 -3.010924e-01 -3.010333e-01 -4.511079e+00 -5.823136e+00 -7.513656e+00 -1.719599e+01 -2.818198e+01 -3.388075e+01 -inf  -inf -inf -inf -inf
-1.515021e+01 -1.655514e+01 -1.616765e+01 -2.000000e+00 -6.505567e+00 -5.677348e+00 -1.129084e+01 -1.176917e+01 -1.006623e+01 -1.962613e+01 -4.980872e+00 -3.011310e-01 -3.010353e-01 -4.300713e+00 -5.612751e+00 -7.303244e+00 -1.656356e+01 -2.708916e+01 -3.240244e+01 -inf  -inf -inf -inf -inf
-1.492965e+01 -1.628060e+01 -1.594945e+01 -2.000000e+00 -6.285068e+00 -5.455872e+00 -1.063708e+01 -1.132890e+01 -9.627649e+00 -1.864266e+01 -4.760368e+00 -3.011975e-01 -3.010388e-01 -4.080215e+00 -5.392220e+00 -7.082668e+00 -1.590325e+01 -2.593386e+01 -3.087155e+01 -4.186760e+01  -inf -inf -inf -inf
-1.470905e+01 -1.608236e+01 -1.572784e+01 -2.000000e+00 -6.064590e+00 -5.234035e+00 -9.977954e+00 -1.088755e+01 -9.189252e+00 -1.762360e+01 -4.539876e+00 -3.013079e-01 -3.010447e-01 -3.859731e+00 -5.171682e+00 -6.862055e+00 -1.523945e+01 -2.473974e+01 -2.932037e+01 -3.983435e+01  -inf -inf -inf -inf
-1.449915e+01 -1.592988e+01 -1.551556e+01 -2.000000e+00 -5.854877e+00 -5.022716e+00 -9.350965e+00 -1.046811e+01 -8.774639e+00 -1.663483e+01 -4.330127e+00 -3.014802e-01 -3.010539e-01 -3.649995e+00 -4.961862e+00 -6.652116e+00 -1.460899e+01 -2.357769e+01 -2.785398e+01 -3.794970e+01  -inf -inf -inf -inf
-1.427630e+01 -1.556382e+01 -1.529930e+01 -2.000000e+00 -5.632407e+00 -4.798387e+00 -8.686370e+00 -1.002355e+01 -8.338918e+00 -1.557097e+01 -4.107544e+00 -3.017817e-01 -3.010698e-01 -3.427438e+00 -4.739160e+00 -6.429206e+00 -1.394119e+01 -2.231436e+01 -2.630860e+01 -3.596815e+01  -inf -inf -inf -inf
-1.404581e+01 -1.533504e+01 -1.506871e+01 -2.000000e+00 -5.402710e+00 -4.566833e+00 -7.998185e+00 -9.564090e+00 -7.895415e+00 -1.445412e+01 -3.877512e+00 -3.023069e-01 -3.010977e-01 -3.197451e+00 -4.508929e+00 -6.198602e+00 -1.324987e+01 -2.096332e+01 -2.470540e+01 -3.391081e+01  -inf -inf -inf -inf
-1.382647e+01 -1.501473e+01 -1.485557e+01 -2.000000e+00 -5.184950e+00 -4.347231e+00 -7.346729e+00 -9.128360e+00 -7.484920e+00 -1.339324e+01 -3.658864e+00 -3.031437e-01 -3.011421e-01 -2.978884e+00 -4.289994e+00 -5.979051e+00 -1.259516e+01 -1.965388e+01 -2.319987e+01 -3.198603e+01  -4.087337e+01 -inf -inf -inf
-1.360082e+01 -1.474019e+01 -1.463353e+01 -2.000000e+00 -4.962934e+00 -4.122182e+00 -6.677897e+00 -8.681049e+00 -7.078722e+00 -1.229998e+01 -3.434321e+00 -3.045782e-01 -3.012181e-01 -2.754498e+00 -4.065041e+00 -5.752965e+00 -1.192127e+01 -1.826963e+01 -2.165125e+01 -3.000626e+01  -3.846826e+01 -inf -inf -inf
-1.339184e+01 -1.464867e+01 -1.441657e+01 -2.000000e+00 -4.761801e+00 -3.914654e+00 -6.055459e+00 -8.265587e+00 -6.720857e+00 -1.127349e+01 -3.226847e+00 -3.067579e-01 -3.013336e-01 -2.547314e+00 -3.857123e+00 -5.543120e+00 -1.128896e+01 -1.692179e+01 -2.017885e+01 -2.810805e+01  -3.614315e+01 -inf -inf -inf
-1.317185e+01 -1.487775e+01 -1.418049e+01 -2.000000e+00 -4.562147e+00 -3.697372e+00 -5.397127e+00 -7.824962e+00 -6.366628e+00 -1.017526e+01 -3.008998e+00 -3.104959e-01 -3.015314e-01 -2.330115e+00 -3.639005e+00 -5.321054e+00 -1.060289e+01 -1.540137e+01 -1.855471e+01 -2.598058e+01  -3.349441e+01 -4.193335e+01 -inf -inf
-1.295351e+01 -1.472541e+01 -1.396092e+01 -2.000000e+00 -4.391278e+00 -3.483439e+00 -4.771337e+00 -7.392931e+00 -6.035668e+00 -9.147417e+00 -2.792945e+00 -3.165740e-01 -3.018521e-01 -2.115401e+00 -3.423635e+00 -5.098082e+00 -9.903981e+00 -1.391650e+01 -1.700395e+01 -2.397175e+01  -3.102162e+01 -3.895488e+01 -inf -inf
-1.273594e+01 -1.473004e+01 -1.374036e+01 -2.000000e+00 -4.274941e+00 -3.274251e+00 -4.190585e+00 -6.968126e+00 -5.710394e+00 -8.192026e+00 -2.577000e+00 -3.264019e-01 -3.023683e-01 -1.901995e+00 -3.210670e+00 -4.870668e+00 -9.124016e+00 -1.242741e+01 -1.547129e+01 -2.198519e+01  -2.857611e+01 -3.605760e+01 -inf -3.959024e+01
-1.251775e+01 -1.473495e+01 -1.352039e+01 -2.000000e+00 -4.237896e+00 -3.075924e+00 -3.680776e+00 -6.548655e+00 -5.376111e+00 -7.329215e+00 -2.358809e+00 -3.422198e-01 -3.031893e-01 -1.687611e+00 -2.999264e+00 -4.632483e+00 -8.126202e+00 -1.092445e+01 -1.394334e+01 -2.000100e+01  -2.612800e+01 -3.316210e+01 -4.069198e+01 -3.626025e+01
-1.229961e+01 -1.506324e+01 -1.330036e+01 -2.000000e+00 -4.281468e+00 -2.903389e+00 -3.271485e+00 -6.134441e+00 -5.039202e+00 -6.578080e+00 -2.138323e+00 -3.671882e-01 -3.044493e-01 -1.470690e+00 -2.790313e+00 -4.372259e+00 -6.855926e+00 -9.406616e+00 -1.241897e+01 -1.801693e+01  -2.365556e+01 -3.023759e+01 -3.711604e+01 -3.290753e+01
-1.207977e+01 -1.495175e+01 -1.308035e+01 -2.000000e+00 -4.369177e+00 -2.768084e+00 -2.974774e+00 -5.715579e+00 -4.719751e+00 -5.951605e+00 -1.918137e+00 -4.059989e-01 -3.062715e-01 -1.251701e+00 -2.581951e+00 -4.054318e+00 -5.459770e+00 -7.866769e+00 -1.088649e+01 -1.601222e+01  -2.104815e+01 -2.715873e+01 -3.343979e+01 -2.946434e+01
-1.185992e+01 -1.477128e+01 -1.286045e+01 -2.000000e+00 -4.385985e+00 -2.658510e+00 -2.743504e+00 -5.290701e+00 -4.432626e+00 -5.451156e+00 -1.718544e+00 -4.638301e-01 -3.085364e-01 -1.055117e+00 -2.374556e+00 -3.604686e+00 -4.129592e+00 -6.365260e+00 -9.386717e+00 -1.395381e+01  -1.819469e+01 -2.385000e+01 -2.971437e+01 -2.583734e+01
-1.163989e+01 -1.513958e+01 -1.264003e+01 -2.000000e+00 -4.272882e+00 -2.540784e+00 -2.465239e+00 -4.855080e+00 -4.162646e+00 -4.997997e+00 -1.556428e+00 -5.460758e-01 -3.104553e-01 -9.205863e-01 -2.161270e+00 -2.997883e+00 -3.007631e+00 -4.999025e+00 -7.977256e+00 -1.167907e+01  -1.529494e+01 -2.056997e+01 -2.597670e+01 -2.211724e+01
-1.141999e+01 -1.537967e+01 -1.242004e+01 -2.000000e+00 -4.105601e+00 -2.419646e+00 -2.168379e+00 -4.373160e+00 -3.918981e+00 -4.574660e+00 -1.423923e+00 -6.563405e-01 -3.096426e-01 -8.847685e-01 -1.939619e+00 -2.411232e+00 -2.181509e+00 -3.868485e+00 -6.666966e+00 -9.447916e+00  -1.263711e+01 -1.758373e+01 -2.234144e+01 -1.859596e+01
-1.119995e+01 -1.500096e+01 -1.220002e+01 -2.000000e+00 -3.903891e+00 -2.309313e+00 -1.913468e+00 -3.922683e+00 -3.723890e+00 -4.249247e+00 -1.300904e+00 -7.950281e-01 -3.009669e-01 -1.011288e+00 -1.736516e+00 -1.965320e+00 -1.677539e+00 -3.071390e+00 -5.433353e+00 -7.635218e+00  -1.031826e+01 -1.491623e+01 -1.891463e+01 -1.535472e+01
-1.098000e+01 -1.512648e+01 -1.198003e+01 -2.000000e+00 -3.608420e+00 -2.202288e+00 -1.808726e+00 -3.819662e+00 -3.652892e+00 -4.100127e+00 -1.171083e+00 -9.571788e-01 -2.786425e-01 -1.477810e+00 -1.587405e+00 -1.604552e+00 -1.521399e+00 -2.779593e+00 -4.520875e+00 -6.551810e+00  -8.499802e+00 -1.267265e+01 -1.578724e+01 -1.232115e+01
-1.075997e+01 -1.464838e+01 -1.176003e+01 -2.000000e+00 -3.301777e+00 -2.123840e+00 -2.028323e+00 -4.286995e+00 -3.883429e+00 -4.292252e+00 -1.051067e+00 -1.134641e+00 -2.542164e-01 -2.302912e+00 -1.540826e+00 -1.288407e+00 -1.709335e+00 -2.934830e+00 -4.327662e+00 -6.490720e+00  -7.623315e+00 -1.102797e+01 -1.314385e+01 -9.573252e+00
-1.053985e+01 -1.393925e+01 -1.154002e+01 -2.000000e+00 -3.311510e+00 -2.111292e+00 -2.507696e+00 -4.784790e+00 -4.277706e+00 -4.783388e+00 -9.837683e-01 -1.319716e+00 -2.517220e-01 -2.698481e+00 -1.599146e+00 -1.079229e+00 -1.756137e+00 -2.766565e+00 -4.063830e+00 -6.260672e+00  -7.237525e+00 -9.759442e+00 -1.113830e+01 -7.864080e+00
-1.031995e+01 -1.383615e+01 -1.132008e+01 -2.000000e+00 -3.462949e+00 -2.123678e+00 -2.947263e+00 -5.084023e+00 -4.546078e+00 -5.248093e+00 -9.546532e-01 -1.487932e+00 -2.713839e-01 -2.881048e+00 -1.710544e+00 -9.422371e-01 -1.591079e+00 -2.486771e+00 -3.536760e+00 -5.630993e+00  -6.532627e+00 -8.761739e+00 -9.737387e+00 -6.735800e+00
-1.009992e+01 -1.360012e+01 -1.110006e+01 -2.000000e+00 -3.594169e+00 -2.121193e+00 -3.198534e+00 -5.182051e+00 -4.658433e+00 -5.517572e+00 -9.349876e-01 -1.602917e+00 -3.098200e-01 -2.959811e+00 -1.841200e+00 -8.367708e-01 -1.431707e+00 -2.278182e+00 -3.100355e+00 -5.096510e+00  -5.890989e+00 -7.849192e+00 -8.564007e+00 -5.746868e+00
-9.879998e+00 -1.342698e+01 -1.088012e+01 -2.000000e+00 -3.680258e+00 -2.095075e+00 -3.355285e+00 -5.194953e+00 -4.719818e+00 -5.670019e+00 -9.119755e-01 -1.654140e+00 -3.736908e-01 -2.986661e+00 -1.946235e+00 -7.452549e-01 -1.301319e+00 -2.109260e+00 -2.793242e+00 -4.735475e+00  -5.436114e+00 -7.075491e+00 -7.517293e+00 -4.866037e+00
-9.659947e+00 -1.340292e+01 -1.066002e+01 -2.000000e+00 -3.744265e+00 -2.054636e+00 -3.499757e+00 -5.190145e+00 -4.790526e+00 -5.792383e+00 -8.840713e-01 -1.680899e+00 -4.786055e-01 -3.011582e+00 -2.000813e+00 -6.564739e-01 -1.176780e+00 -1.946165e+00 -2.545048e+00 -4.445077e+00  -5.074573e+00 -6.436471e+00 -6.624666e+00 -4.127726e+00
-9.439965e+00 -1.347308e+01 -1.044001e+01 -2.000000e+00 -3.805666e+00 -2.012388e+00 -3.691027e+00 -5.216307e+00 -4.916908e+00 -5.954452e+00 -8.559871e-01 -1.728172e+00 -6.471622e-01 -3.083159e+00 -2.049685e+00 -5.730164e-01 -1.059218e+00 -1.788728e+00 -2.311807e+00 -4.172324e+00  -4.749506e+00 -5.879133e+00 -5.883505e+00 -3.518942e+00
-9.219954e+00 -1.315409e+01 -1.022000e+01 -2.000000e+00 -3.860138e+00 -1.976170e+00 -3.947206e+00 -5.303237e+00 -5.130017e+00 -6.177168e+00 -8.317187e-01 -1.822358e+00 -9.057346e-01 -3.230635e+00 -2.111501e+00 -5.087506e-01 -9.660732e-01 -1.659077e+00 -2.114786e+00 -3.941712e+00  -4.476601e+00 -5.381927e+00 -5.267933e+00 -3.007208e+00
48846 timesteps.
Kernel has finished in 14.279525 seconds
species: 70
T9: 7.000000e+00
t_init: 1.000000e-20
t_max: 1.000000e-09
dt_init: 1.234568e-22
rho: 1.000000e+08
Y: 0: 1.266582e-04
1: 1.125885e-02
2: 3.863595e-02
3: 7.652671e-08
4: 8.754003e-04
5: 3.781298e-07
6: 9.746016e-06
7: 2.315704e-07
8: 3.387616e-03
9: 3.320078e-06
10: 2.176819e-07
11: 2.032844e-08
12: 1.796824e-05
13: 1.752930e-07
14: 1.347614e-08
15: 1.497489e-06
16: 5.337426e-08
17: 2.830276e-04
18: 9.787993e-06
19: 6.338127e-06
20: 2.027754e-07
21: 3.035936e-06
22: 1.049518e-04
23: 1.253031e-06
24: 1.194618e-02
25: 1.091682e-03
26: 8.845664e-04
27: 7.296094e-06
28: 5.802226e-05
29: 9.951420e-04
30: 2.788286e-05
31: 1.292729e-05
32: 3.158541e-06
33: 3.848222e-03
34: 9.479565e-04
35: 1.384137e-03
36: 2.198385e-06
37: 3.747757e-06
38: 6.844801e-04
39: 4.722694e-05
40: 8.430414e-07
41: 7.423640e-04
42: 2.226088e-04
43: 6.666064e-04
44: 6.270906e-06
45: 3.379834e-04
46: 2.617364e-04
47: 7.889231e-05
48: 6.506904e-05
49: 3.766572e-06
50: 7.256878e-06
51: 2.546290e-05
52: 1.711372e-06
53: 1.102448e-06
54: 4.500641e-06
55: 1.764371e-05
56: 2.227399e-05
57: 1.993845e-06
58: 5.815483e-06
59: 5.316650e-05
60: 2.138763e-07
61: 2.623052e-06
62: 4.898631e-05
63: 3.403126e-05
64: 5.416040e-06
65: 3.921838e-06
66: 1.862008e-05
67: 3.068749e-07
68: 1.010602e-06
69: 5.624805e-06
Application 5547422 resources: utime ~12s, stime ~2s, Rss ~84564, inblocks ~812, outblocks ~1318