# All quantities except Asy and RG_PE are log_10; dE/dt in erg/g/s
#   t      dt    |E|  |dE/dt|  Asy  RG_PE sumX   (2,2) (6,6) (8,8) (10,10) (12,12) 
-12.000 -13.118 10.725 22.725 0.000 0.000 1.000 -7.156 -0.301 -0.301 -9.223 -9.223
-11.900 -13.012 10.825 22.725 0.000 0.000 1.000 -7.056 -0.301 -0.301 -9.223 -9.223
-11.800 -12.905 10.925 22.725 0.000 0.000 1.000 -6.956 -0.301 -0.301 -9.223 -9.223
-11.700 -12.801 11.025 22.725 0.000 0.000 1.000 -6.856 -0.301 -0.301 -9.223 -9.223
-11.600 -12.701 11.125 22.725 0.000 0.000 1.000 -6.756 -0.301 -0.301 -9.223 -9.223
-11.500 -12.601 11.225 22.725 0.000 0.000 1.000 -6.656 -0.301 -0.301 -9.223 -9.223
-11.400 -12.501 11.325 22.725 0.000 0.000 1.000 -6.556 -0.301 -0.301 -9.223 -9.223
-11.300 -12.401 11.425 22.725 0.000 0.000 1.000 -6.456 -0.301 -0.301 -9.223 -9.223
-11.200 -12.301 11.525 22.725 0.000 0.000 1.000 -6.356 -0.301 -0.301 -9.223 -9.223
-11.100 -12.201 11.625 22.725 0.000 0.000 1.000 -6.256 -0.301 -0.301 -9.223 -9.223
-11.000 -12.101 11.725 22.725 0.000 0.000 1.000 -6.156 -0.301 -0.301 -9.223 -9.223
-10.900 -12.001 11.825 22.725 0.000 0.000 1.000 -6.056 -0.301 -0.301 -9.223 -9.223
-10.800 -11.901 11.925 22.725 0.000 0.000 1.000 -5.956 -0.301 -0.301 -9.223 -9.223
-10.700 -11.801 12.025 22.725 0.000 0.000 1.000 -5.856 -0.301 -0.301 -9.223 -9.223
-10.600 -11.701 12.125 22.724 0.000 0.000 1.000 -5.756 -0.301 -0.301 -9.223 -9.223
-10.500 -11.601 12.225 22.724 0.000 0.000 1.000 -5.656 -0.301 -0.301 -9.223 -9.223
-10.400 -11.501 12.325 22.724 0.000 0.000 1.000 -5.556 -0.301 -0.301 -9.223 -9.223
-10.300 -11.401 12.425 22.724 0.000 0.000 1.000 -5.456 -0.301 -0.301 -9.223 -9.223
-10.200 -11.301 12.524 22.724 0.000 0.000 1.000 -5.356 -0.301 -0.301 -9.223 -9.223
-10.100 -11.201 12.624 22.724 0.000 0.000 1.000 -5.256 -0.301 -0.301 -9.223 -9.223
-10.000 -11.101 12.724 22.724 0.000 0.000 1.000 -5.156 -0.301 -0.301 -9.223 -9.223
-9.900 -11.001 12.824 22.723 0.000 0.000 1.000 -5.056 -0.301 -0.301 -9.223 -9.223
-9.800 -10.901 12.924 22.723 0.000 0.000 1.000 -4.956 -0.301 -0.301 -9.223 -9.223
-9.700 -10.801 13.024 22.723 0.000 0.000 1.000 -4.856 -0.301 -0.301 -9.223 -9.223
-9.600 -10.701 13.124 22.722 0.000 0.000 1.000 -4.756 -0.301 -0.301 -9.223 -9.223
-9.500 -10.601 13.223 22.722 0.000 0.000 1.000 -4.656 -0.301 -0.301 -9.223 -9.223
-9.400 -10.501 13.323 22.721 0.000 0.000 1.000 -4.557 -0.301 -0.301 -9.223 -9.223
-9.300 -10.401 13.422 22.720 0.000 0.000 1.000 -4.457 -0.301 -0.301 -9.223 -9.223
-9.200 -10.301 13.522 22.718 0.000 0.000 1.000 -4.357 -0.301 -0.301 -9.223 -9.223
-9.100 -10.201 13.621 22.717 0.000 0.000 1.000 -4.258 -0.301 -0.301 -9.223 -9.223
-9.000 -10.101 13.720 22.714 0.000 0.000 1.000 -4.158 -0.301 -0.301 -9.223 -9.223
-8.900 -10.001 13.818 22.712 0.000 0.000 1.000 -4.059 -0.301 -0.301 -9.223 -9.223
-8.800 -9.901 13.917 22.708 0.000 0.000 1.000 -3.959 -0.301 -0.301 -9.223 -9.223
-8.700 -9.801 14.015 22.704 0.000 0.000 1.000 -3.860 -0.301 -0.301 -9.223 -9.223
-8.600 -9.701 14.112 22.699 0.000 0.000 1.000 -3.761 -0.301 -0.301 -9.223 -9.223
-8.500 -9.601 14.209 22.692 0.000 0.000 1.000 -3.663 -0.301 -0.301 -9.223 -9.223
-8.400 -9.501 14.305 22.683 0.000 0.000 1.000 -3.565 -0.301 -0.301 -9.223 -9.223
-8.300 -9.401 14.400 22.672 0.000 0.000 1.000 -3.467 -0.301 -0.301 -9.223 -9.223
-8.200 -9.301 14.493 22.657 0.000 0.000 1.000 -3.370 -0.301 -0.301 -9.223 -9.223
-8.100 -9.201 14.585 22.639 0.000 0.000 1.000 -3.273 -0.301 -0.301 -9.223 -9.223
-8.000 -9.101 14.674 22.615 0.000 0.000 1.000 -3.178 -0.301 -0.301 -9.223 -9.223
-7.900 -9.001 14.760 22.583 0.000 0.000 1.000 -3.083 -0.301 -0.301 -9.223 -9.223
-7.800 -8.901 14.843 22.541 0.000 0.000 1.000 -2.990 -0.302 -0.301 -9.223 -9.223
-7.700 -8.801 14.920 22.484 0.000 0.000 1.000 -2.899 -0.302 -0.301 -9.223 -9.223
-7.600 -8.701 14.991 22.404 0.000 0.000 1.000 -2.810 -0.302 -0.301 -9.223 -9.223
-7.500 -8.601 15.053 22.285 0.000 0.000 1.000 -2.724 -0.303 -0.301 -9.223 -9.223
-7.400 -8.501 15.102 22.087 0.000 0.000 1.000 -2.641 -0.303 -0.301 -9.223 -9.223
-7.300 -8.401 15.134 21.616 0.000 0.000 1.000 -2.562 -0.304 -0.300 -9.223 -9.223
-7.200 -8.301 15.137 21.685 0.000 0.000 1.000 -2.489 -0.305 -0.299 -9.223 -9.223
-7.100 -8.201 15.090 22.160 0.000 0.000 1.000 -2.421 -0.307 -0.298 -9.223 -9.223
-7.000 -8.101 14.932 22.385 0.000 0.000 1.000 -2.360 -0.310 -0.296 -9.223 -9.223
-6.900 -8.001 14.115 22.528 0.000 0.000 1.000 -2.308 -0.314 -0.293 -9.223 -9.223
-6.800 -7.901 15.033 22.625 0.000 0.000 1.000 -2.264 -0.319 -0.288 -9.223 -9.223
-6.700 -7.801 15.465 22.688 0.000 0.000 1.000 -2.229 -0.326 -0.282 -9.223 -9.223
-6.600 -7.701 15.743 22.725 0.000 0.000 1.000 -2.204 -0.336 -0.274 -9.223 -9.223
-6.500 -7.601 15.956 22.741 0.000 0.000 1.000 -2.185 -0.349 -0.263 -9.223 -9.223
-6.400 -7.501 16.132 22.739 0.000 0.000 1.000 -2.173 -0.365 -0.251 -9.223 -9.223
-6.300 -7.401 16.282 22.724 0.000 0.000 1.000 -2.163 -0.386 -0.235 -9.223 -9.223
-6.200 -7.326 16.413 22.702 0.000 0.000 1.000 -2.153 -0.412 -0.218 -9.223 -9.223
-6.100 -7.279 16.529 22.673 0.000 0.000 1.000 -2.141 -0.445 -0.198 -9.223 -9.223
-6.000 -7.234 16.632 22.621 0.000 0.000 1.000 -2.126 -0.487 -0.176 -9.223 -9.223
-5.900 -7.188 16.724 22.570 0.000 0.000 1.000 -2.106 -0.539 -0.153 -9.223 -9.223
-5.800 -7.117 16.806 22.485 0.000 0.000 1.000 -2.079 -0.604 -0.129 -9.223 -9.223
-5.700 -7.042 16.878 22.393 0.000 0.000 1.000 -2.043 -0.686 -0.105 -9.223 -9.223
-5.600 -6.948 16.938 22.266 0.000 0.000 1.000 -1.994 -0.786 -0.083 -9.223 -9.223
-5.500 -6.823 16.985 22.074 0.000 0.000 1.000 -1.929 -0.909 -0.063 -9.223 -9.223
-5.400 -6.702 17.018 21.840 0.000 0.000 1.000 -1.846 -1.052 -0.047 -9.223 -9.223
-5.300 -6.535 17.036 21.196 0.000 0.000 1.000 -1.745 -1.208 -0.036 -9.223 -9.223
-5.200 -6.407 17.038 20.870 0.000 0.000 1.000 -1.634 -1.356 -0.030 -9.223 -9.223
-5.100 -6.926 17.028 21.274 0.000 0.000 1.000 -1.528 -1.479 -0.028 -9.223 -9.223
-5.000 -6.560 17.011 21.334 0.000 0.000 1.000 -1.433 -1.583 -0.028 -9.223 -9.223
-4.900 -6.690 16.988 21.319 0.000 0.500 1.001 -1.349 -1.671 -0.029 -9.223 -9.223
-4.800 -6.638 16.959 21.283 0.333 0.500 1.001 -1.273 -1.751 -0.032 -9.223 -9.223
-4.700 -6.853 16.922 21.235 0.000 0.500 1.001 -1.202 -1.825 -0.035 -9.223 -9.223
-4.600 -7.382 16.877 21.173 0.000 0.500 1.002 -1.136 -1.894 -0.038 -9.223 -9.223
-4.500 -6.996 16.821 21.127 0.000 0.500 1.002 -1.073 -1.960 -0.043 -9.223 -9.223
-4.400 -7.009 16.748 21.068 0.000 0.500 1.002 -1.015 -2.024 -0.048 -9.223 -9.223
-4.300 -6.962 16.652 21.005 0.333 0.500 1.002 -0.958 -2.085 -0.054 -9.223 -9.223
-4.200 -7.346 16.516 20.937 0.000 0.500 1.002 -0.905 -2.144 -0.060 -9.223 -9.223
-4.100 -7.070 16.298 20.864 0.333 0.500 1.002 -0.855 -2.201 -0.067 -9.223 -9.223
-4.000 -7.479 15.799 20.778 0.000 0.500 1.002 -0.808 -2.255 -0.075 -9.223 -9.223
-3.900 -7.155 15.877 20.678 0.333 0.500 1.002 -0.765 -2.305 -0.083 -9.223 -9.223
-3.800 -7.188 16.322 20.546 0.000 0.500 1.002 -0.727 -2.350 -0.091 -9.223 -9.223
-3.700 -7.219 16.522 20.396 0.333 0.500 1.002 -0.695 -2.389 -0.099 -9.223 -9.223
-3.600 -7.451 16.639 20.193 0.000 0.500 1.002 -0.670 -2.420 -0.105 -9.223 -9.223
-3.500 -7.249 16.709 19.931 0.333 0.500 1.002 -0.652 -2.442 -0.110 -9.223 -9.223
-3.400 -7.162 16.748 19.590 0.333 0.500 1.002 -0.641 -2.456 -0.113 -9.223 -9.223
-3.300 -7.116 16.767 19.161 0.333 0.500 1.003 -0.635 -2.463 -0.115 -9.223 -9.223
-3.200 -6.841 16.775 18.615 0.333 1.000 1.003 -0.633 -2.466 -0.116 -9.223 -9.223
-3.100 -6.521 16.778 17.930 0.333 1.000 1.003 -0.632 -2.467 -0.116 -9.223 -9.223
-3.000 -6.063 16.778 17.064 0.333 1.000 1.003 -0.632 -2.467 -0.116 -9.223 -9.223
-2.900 -5.560 16.778 15.999 0.333 1.000 1.003 -0.632 -2.467 -0.116 -9.223 -9.223
-2.800 -5.195 16.778 15.635 0.333 1.000 1.003 -0.632 -2.467 -0.116 -9.223 -9.223
-2.700 -5.197 16.778 15.514 0.333 1.000 1.003 -0.632 -2.467 -0.116 -9.223 -9.223
-2.600 -5.179 16.778 15.854 0.333 1.000 1.003 -0.632 -2.467 -0.116 -9.223 -9.223
-2.500 -5.176 16.778 15.483 0.333 1.000 1.003 -0.632 -2.467 -0.116 -9.223 -9.223
-2.400 -5.198 16.778 15.392 0.333 1.000 1.003 -0.632 -2.467 -0.116 -9.223 -9.223
-2.300 -5.178 16.778 15.650 0.333 1.000 1.003 -0.632 -2.467 -0.116 -9.223 -9.223
-2.200 -5.205 16.778 15.380 0.333 1.000 1.003 -0.632 -2.467 -0.116 -9.223 -9.223
-2.100 -4.772 16.778 16.292 1.000 1.000 1.003 -0.632 -2.467 -0.116 -9.223 -9.223
-2.000 -4.322 16.778 16.104 1.000 1.000 1.003 -0.632 -2.467 -0.116 -9.223 -9.223
