# ASY method (with partition functions): 3858 integration steps in 1.3338e-02 seconds
# All quantities except Asy, RG_PE, and sumX are log10(x)
# Log of absolute values for E and dE/dt as they can be negative
# Units: t and dt in s; E in erg; dE/dt in erg/g/s; others dimensionless 
#
#    t     dt     |E|  |dE/dt| Asy  Equil  sumX  X(4He)     X(12C)     X(16O)     

-10.916 -11.846 14.837 25.752 0.000 0.000 1.000 -3.342e+00 -3.003e-01 -3.021e-01
-10.862 -11.792 14.891 25.752 0.000 0.000 1.000 -3.288e+00 -3.002e-01 -3.023e-01
-10.807 -11.738 14.945 25.752 0.000 0.000 1.000 -3.234e+00 -3.001e-01 -3.025e-01
-10.753 -11.683 14.999 25.752 0.000 0.000 1.000 -3.180e+00 -3.000e-01 -3.026e-01
-10.699 -11.629 15.054 25.751 0.000 0.000 1.000 -3.126e+00 -2.999e-01 -3.029e-01
-10.645 -11.575 15.108 25.751 0.000 0.000 1.000 -3.072e+00 -2.997e-01 -3.031e-01
-10.590 -11.521 15.162 25.750 0.000 0.000 1.000 -3.017e+00 -2.995e-01 -3.034e-01
-10.536 -11.467 15.216 25.750 0.000 0.000 1.000 -2.963e+00 -2.993e-01 -3.037e-01
-10.482 -11.412 15.270 25.750 0.000 0.000 1.000 -2.909e+00 -2.991e-01 -3.040e-01
-10.428 -11.358 15.324 25.749 0.000 0.000 1.000 -2.855e+00 -2.989e-01 -3.044e-01
-10.373 -11.304 15.377 25.748 0.000 0.000 1.000 -2.801e+00 -2.986e-01 -3.049e-01
-10.319 -11.250 15.431 25.748 0.000 0.000 1.000 -2.747e+00 -2.983e-01 -3.054e-01
-10.265 -11.195 15.485 25.747 0.000 0.000 1.000 -2.693e+00 -2.979e-01 -3.060e-01
-10.211 -11.141 15.539 25.746 0.000 0.000 1.000 -2.640e+00 -2.975e-01 -3.066e-01
-10.157 -11.087 15.592 25.745 0.000 0.000 1.000 -2.586e+00 -2.970e-01 -3.074e-01
-10.102 -11.033 15.646 25.744 0.000 0.000 1.000 -2.532e+00 -2.965e-01 -3.082e-01
-10.048 -10.978 15.700 25.742 0.000 0.000 1.000 -2.478e+00 -2.959e-01 -3.091e-01
-9.994 -10.924 15.753 25.741 0.000 0.000 1.000 -2.425e+00 -2.953e-01 -3.102e-01
-9.940 -10.870 15.806 25.739 0.000 0.000 1.000 -2.371e+00 -2.945e-01 -3.114e-01
-9.885 -10.816 15.860 25.737 0.000 0.000 1.000 -2.318e+00 -2.937e-01 -3.128e-01
-9.831 -10.762 15.913 25.735 0.000 0.000 1.000 -2.264e+00 -2.927e-01 -3.143e-01
-9.777 -10.707 15.965 25.732 0.000 0.000 1.000 -2.211e+00 -2.917e-01 -3.161e-01
-9.723 -10.653 16.018 25.729 0.000 0.000 1.000 -2.158e+00 -2.905e-01 -3.180e-01
-9.669 -10.599 16.071 25.726 0.000 0.000 1.000 -2.105e+00 -2.892e-01 -3.202e-01
-9.614 -10.545 16.123 25.722 0.000 0.000 1.000 -2.052e+00 -2.878e-01 -3.227e-01
-9.560 -10.490 16.175 25.718 0.000 0.000 1.000 -1.999e+00 -2.861e-01 -3.256e-01
-9.506 -10.436 16.227 25.713 0.000 0.000 1.000 -1.947e+00 -2.843e-01 -3.287e-01
-9.452 -10.382 16.278 25.708 0.000 0.000 1.000 -1.895e+00 -2.823e-01 -3.323e-01
-9.397 -10.328 16.329 25.701 0.000 0.000 1.000 -1.843e+00 -2.801e-01 -3.363e-01
-9.343 -10.274 16.380 25.694 0.000 0.000 1.000 -1.791e+00 -2.777e-01 -3.408e-01
-9.289 -10.219 16.430 25.686 0.000 0.000 1.000 -1.740e+00 -2.751e-01 -3.458e-01
-9.235 -10.165 16.479 25.677 0.000 0.000 1.000 -1.689e+00 -2.722e-01 -3.514e-01
-9.180 -10.111 16.528 25.666 0.000 0.000 1.000 -1.639e+00 -2.691e-01 -3.576e-01
-9.126 -10.057 16.576 25.654 0.000 0.000 1.000 -1.589e+00 -2.658e-01 -3.646e-01
-9.072 -10.002 16.624 25.640 0.000 0.000 1.000 -1.539e+00 -2.622e-01 -3.722e-01
-9.018 -9.948 16.670 25.624 0.000 0.000 1.000 -1.491e+00 -2.585e-01 -3.807e-01
-8.964 -9.894 16.715 25.605 0.000 0.000 1.000 -1.443e+00 -2.546e-01 -3.899e-01
-8.909 -9.840 16.759 25.584 0.000 0.000 1.000 -1.395e+00 -2.506e-01 -4.000e-01
-8.855 -9.785 16.802 25.559 0.000 0.000 1.000 -1.349e+00 -2.465e-01 -4.108e-01
-8.801 -9.731 16.843 25.531 0.000 0.000 1.000 -1.304e+00 -2.425e-01 -4.223e-01
-8.747 -9.677 16.883 25.499 0.000 0.000 1.000 -1.260e+00 -2.386e-01 -4.344e-01
-8.692 -9.623 16.920 25.461 0.000 0.000 1.000 -1.217e+00 -2.351e-01 -4.469e-01
-8.638 -9.569 16.956 25.418 0.000 0.000 1.000 -1.175e+00 -2.320e-01 -4.595e-01
-8.584 -9.514 16.989 25.368 0.000 0.000 1.000 -1.135e+00 -2.297e-01 -4.718e-01
-8.530 -9.460 17.019 25.310 0.000 0.000 1.000 -1.097e+00 -2.282e-01 -4.832e-01
-8.475 -9.406 17.047 25.243 0.000 0.000 1.000 -1.060e+00 -2.279e-01 -4.932e-01
-8.421 -9.352 17.072 25.166 0.000 0.000 1.000 -1.025e+00 -2.291e-01 -5.011e-01
-8.367 -9.297 17.093 25.077 0.000 0.000 1.000 -9.910e-01 -2.320e-01 -5.063e-01
-8.313 -9.243 17.112 24.977 0.000 0.000 1.000 -9.588e-01 -2.369e-01 -5.081e-01
-8.259 -9.189 17.127 24.865 0.000 0.000 1.000 -9.279e-01 -2.440e-01 -5.061e-01
-8.204 -9.135 17.140 24.744 0.000 0.000 1.000 -8.981e-01 -2.536e-01 -5.004e-01
-8.150 -9.080 17.151 24.621 0.000 0.000 1.000 -8.691e-01 -2.659e-01 -4.913e-01
-8.096 -9.026 17.160 24.511 0.000 0.000 1.000 -8.405e-01 -2.808e-01 -4.792e-01
-8.042 -8.972 17.169 24.432 0.000 0.000 1.000 -8.118e-01 -2.983e-01 -4.652e-01
-7.987 -8.918 17.178 24.400 0.000 0.000 1.000 -7.828e-01 -3.184e-01 -4.501e-01
-7.933 -8.864 17.188 24.412 0.000 0.000 1.000 -7.531e-01 -3.409e-01 -4.350e-01
-7.879 -8.809 17.200 24.449 0.000 0.000 1.000 -7.226e-01 -3.655e-01 -4.207e-01
-7.825 -8.755 17.215 24.495 0.000 0.000 1.000 -6.912e-01 -3.921e-01 -4.078e-01
-7.770 -8.701 17.233 24.537 0.000 0.000 1.000 -6.591e-01 -4.206e-01 -3.968e-01
-7.716 -8.647 17.253 24.570 0.000 0.000 1.000 -6.263e-01 -4.508e-01 -3.879e-01
-7.662 -8.592 17.277 24.594 0.000 0.000 1.000 -5.931e-01 -4.827e-01 -3.812e-01
-7.608 -8.538 17.303 24.609 0.000 0.000 1.000 -5.596e-01 -5.163e-01 -3.770e-01
-7.554 -8.484 17.332 24.616 0.000 0.000 1.000 -5.262e-01 -5.516e-01 -3.752e-01
-7.499 -8.430 17.362 24.617 0.000 0.000 1.000 -4.929e-01 -5.885e-01 -3.761e-01
-7.459 -8.511 17.385 24.611 0.000 0.000 1.000 -4.663e-01 -6.193e-01 -3.788e-01
-7.424 -8.530 17.405 24.597 0.000 0.000 1.000 -4.435e-01 -6.472e-01 -3.824e-01
-7.392 -8.549 17.424 24.589 0.000 0.000 1.000 -4.237e-01 -6.722e-01 -3.869e-01
-7.364 -8.567 17.440 24.575 0.000 0.000 1.000 -4.064e-01 -6.951e-01 -3.916e-01
-7.339 -8.586 17.455 24.565 0.000 0.000 1.000 -3.910e-01 -7.159e-01 -3.966e-01
-7.316 -8.605 17.468 24.552 0.000 0.000 1.000 -3.773e-01 -7.352e-01 -4.017e-01
-7.291 -8.551 17.482 24.542 0.000 0.000 1.000 -3.642e-01 -7.542e-01 -4.072e-01
-7.272 -8.632 17.493 24.530 0.000 0.000 1.000 -3.530e-01 -7.710e-01 -4.124e-01
-7.251 -8.578 17.505 24.519 0.000 0.000 1.000 -3.420e-01 -7.877e-01 -4.179e-01
-7.233 -8.628 17.516 24.509 0.000 0.000 1.000 -3.319e-01 -8.035e-01 -4.235e-01
-7.217 -8.647 17.525 24.498 0.000 0.000 1.000 -3.228e-01 -8.183e-01 -4.289e-01
-7.202 -8.666 17.533 24.488 0.000 0.000 1.000 -3.144e-01 -8.321e-01 -4.342e-01
-7.185 -8.611 17.543 24.478 0.000 0.000 1.000 -3.062e-01 -8.459e-01 -4.397e-01
-7.171 -8.662 17.551 24.468 0.000 0.000 1.000 -2.985e-01 -8.592e-01 -4.452e-01
-7.157 -8.680 17.558 24.459 0.000 0.000 1.000 -2.915e-01 -8.716e-01 -4.505e-01
-7.145 -8.699 17.565 24.449 0.000 0.000 1.000 -2.850e-01 -8.832e-01 -4.555e-01
-7.132 -8.645 17.572 24.441 0.000 0.000 1.000 -2.786e-01 -8.950e-01 -4.608e-01
-7.120 -8.695 17.578 24.432 0.000 0.000 1.000 -2.725e-01 -9.063e-01 -4.660e-01
-7.109 -8.714 17.584 24.423 0.000 0.000 1.000 -2.669e-01 -9.169e-01 -4.710e-01
-7.097 -8.659 17.590 24.415 0.000 0.000 1.000 -2.614e-01 -9.277e-01 -4.762e-01
-7.086 -8.710 17.596 24.406 0.000 0.000 1.000 -2.561e-01 -9.380e-01 -4.813e-01
-7.077 -8.728 17.601 24.398 0.000 0.000 1.000 -2.512e-01 -9.478e-01 -4.861e-01
-7.066 -8.674 17.607 24.390 0.000 0.000 1.000 -2.464e-01 -9.577e-01 -4.912e-01
-7.056 -8.724 17.612 24.382 0.000 0.000 1.000 -2.418e-01 -9.673e-01 -4.961e-01
-7.048 -8.743 17.616 24.374 0.000 0.000 1.000 -2.375e-01 -9.763e-01 -5.009e-01
-7.038 -8.689 17.621 24.367 0.000 0.000 1.000 -2.332e-01 -9.855e-01 -5.057e-01
-7.029 -8.739 17.625 24.360 0.000 0.000 1.000 -2.291e-01 -9.944e-01 -5.105e-01
-7.021 -8.758 17.629 24.352 0.000 0.000 1.000 -2.253e-01 -1.003e+00 -5.151e-01
-7.012 -8.703 17.634 24.345 0.000 0.000 1.000 -2.215e-01 -1.011e+00 -5.199e-01
-7.004 -8.753 17.638 24.338 0.000 0.000 1.000 -2.179e-01 -1.020e+00 -5.245e-01
-6.997 -8.772 17.641 24.331 0.000 0.000 1.000 -2.145e-01 -1.027e+00 -5.289e-01
-6.989 -8.718 17.645 24.324 0.000 0.000 1.000 -2.111e-01 -1.035e+00 -5.335e-01
-6.982 -8.768 17.649 24.318 0.000 0.000 1.000 -2.078e-01 -1.043e+00 -5.380e-01
-6.974 -8.714 17.653 24.311 0.000 0.000 1.000 -2.045e-01 -1.051e+00 -5.426e-01
-6.967 -8.764 17.656 24.304 0.000 0.000 1.000 -2.014e-01 -1.059e+00 -5.472e-01
-6.960 -8.783 17.659 24.298 0.000 0.000 1.000 -1.985e-01 -1.066e+00 -5.515e-01
-6.953 -8.729 17.663 24.291 0.000 0.000 1.000 -1.955e-01 -1.073e+00 -5.559e-01
-6.946 -8.779 17.666 24.285 0.000 0.000 1.000 -1.927e-01 -1.081e+00 -5.603e-01
-6.940 -8.797 17.668 24.279 0.000 0.000 1.000 -1.900e-01 -1.087e+00 -5.645e-01
-6.934 -8.743 17.672 24.273 0.000 0.000 1.000 -1.873e-01 -1.094e+00 -5.688e-01
-6.928 -8.793 17.674 24.266 0.000 0.000 1.000 -1.848e-01 -1.101e+00 -5.730e-01
-6.921 -8.739 17.677 24.260 0.000 0.000 1.000 -1.822e-01 -1.108e+00 -5.773e-01
-6.915 -8.789 17.680 24.254 0.000 0.000 1.000 -1.797e-01 -1.115e+00 -5.816e-01
-6.910 -8.808 17.682 24.248 0.000 0.000 1.000 -1.774e-01 -1.121e+00 -5.856e-01
-6.903 -8.754 17.685 24.243 0.000 0.000 1.000 -1.750e-01 -1.128e+00 -5.898e-01
-6.898 -8.804 17.688 24.237 0.000 0.000 1.000 -1.728e-01 -1.134e+00 -5.939e-01
-6.892 -8.750 17.690 24.231 0.000 0.000 1.000 -1.705e-01 -1.140e+00 -5.981e-01
-6.887 -8.800 17.693 24.226 0.000 0.000 1.000 -1.683e-01 -1.147e+00 -6.022e-01
-6.882 -8.819 17.695 24.220 0.000 0.000 1.000 -1.662e-01 -1.153e+00 -6.062e-01
-6.876 -8.764 17.697 24.214 0.000 0.000 1.000 -1.641e-01 -1.159e+00 -6.102e-01
-6.871 -8.815 17.700 24.209 0.000 0.000 1.000 -1.621e-01 -1.165e+00 -6.142e-01
-6.865 -8.760 17.702 24.203 0.000 0.000 1.000 -1.601e-01 -1.171e+00 -6.183e-01
-6.860 -8.811 17.704 24.198 0.000 0.000 1.000 -1.581e-01 -1.177e+00 -6.223e-01
-6.856 -8.829 17.706 24.193 0.000 0.000 1.000 -1.563e-01 -1.183e+00 -6.261e-01
-6.851 -8.775 17.708 24.187 0.000 0.000 1.000 -1.544e-01 -1.188e+00 -6.300e-01
-6.846 -8.825 17.710 24.182 0.000 0.000 1.000 -1.526e-01 -1.194e+00 -6.339e-01
-6.841 -8.771 17.712 24.177 0.000 0.000 1.000 -1.508e-01 -1.200e+00 -6.379e-01
-6.836 -8.821 17.714 24.172 0.000 0.000 1.000 -1.490e-01 -1.205e+00 -6.417e-01
-6.831 -8.767 17.716 24.167 0.000 0.000 1.000 -1.473e-01 -1.211e+00 -6.457e-01
-6.827 -8.817 17.718 24.161 0.000 0.000 1.000 -1.456e-01 -1.217e+00 -6.496e-01
-6.823 -8.836 17.720 24.156 0.000 0.000 1.000 -1.439e-01 -1.222e+00 -6.534e-01
-6.818 -8.782 17.722 24.151 0.000 0.000 1.000 -1.423e-01 -1.228e+00 -6.572e-01
-6.814 -8.832 17.724 24.146 0.000 0.000 1.000 -1.407e-01 -1.233e+00 -6.610e-01
-6.809 -8.778 17.725 24.141 0.000 0.000 1.000 -1.391e-01 -1.238e+00 -6.649e-01
-6.805 -8.828 17.727 24.136 0.000 0.000 1.000 -1.376e-01 -1.244e+00 -6.687e-01
-6.801 -8.846 17.729 24.131 0.000 0.000 1.000 -1.361e-01 -1.249e+00 -6.723e-01
-6.796 -8.792 17.730 24.126 0.000 0.000 1.000 -1.346e-01 -1.254e+00 -6.760e-01
-6.793 -8.842 17.732 24.122 0.000 0.000 1.000 -1.332e-01 -1.259e+00 -6.797e-01
-6.788 -8.788 17.734 24.117 0.000 0.000 1.000 -1.318e-01 -1.264e+00 -6.834e-01
-6.784 -8.838 17.735 24.112 0.000 0.000 1.000 -1.304e-01 -1.269e+00 -6.871e-01
-6.781 -8.857 17.737 24.107 0.000 0.000 1.000 -1.291e-01 -1.274e+00 -6.906e-01
-6.777 -8.803 17.738 24.103 0.000 0.000 1.000 -1.277e-01 -1.279e+00 -6.942e-01
-6.773 -8.853 17.740 24.098 0.000 0.000 1.000 -1.264e-01 -1.284e+00 -6.978e-01
-6.769 -8.799 17.741 24.094 0.000 0.000 1.000 -1.251e-01 -1.289e+00 -7.014e-01
-6.765 -8.849 17.742 24.089 0.000 0.000 1.000 -1.238e-01 -1.294e+00 -7.050e-01
-6.761 -8.795 17.744 24.084 0.000 0.000 1.000 -1.225e-01 -1.299e+00 -7.087e-01
-6.758 -8.845 17.745 24.080 0.000 0.000 1.000 -1.213e-01 -1.303e+00 -7.123e-01
-6.736 -8.801 17.753 24.053 0.000 0.000 1.000 -1.143e-01 -1.331e+00 -7.334e-01
-6.710 -8.858 17.763 24.019 0.000 0.000 1.000 -1.059e-01 -1.367e+00 -7.610e-01
-6.680 -8.879 17.773 23.978 0.000 0.000 1.000 -9.664e-02 -1.410e+00 -7.943e-01
-6.649 -8.878 17.783 23.934 0.000 0.000 1.000 -8.778e-02 -1.454e+00 -8.301e-01
-6.619 -8.895 17.792 23.889 0.000 0.000 1.000 -7.951e-02 -1.500e+00 -8.675e-01
-6.588 -8.858 17.801 23.843 0.000 0.000 1.000 -7.168e-02 -1.547e+00 -9.073e-01
-6.559 -8.903 17.809 23.794 0.000 0.000 1.000 -6.440e-02 -1.596e+00 -9.489e-01
-6.529 -8.862 17.817 23.744 0.000 0.000 1.000 -5.771e-02 -1.646e+00 -9.921e-01
-6.499 -8.921 17.824 23.689 0.000 0.000 1.000 -5.116e-02 -1.700e+00 -1.040e+00
-6.469 -8.926 17.831 23.632 0.000 0.000 1.000 -4.522e-02 -1.756e+00 -1.090e+00
-6.440 -8.877 17.837 23.575 0.000 0.000 1.000 -3.988e-02 -1.812e+00 -1.141e+00
-6.410 -8.928 17.843 23.512 0.000 0.000 1.000 -3.485e-02 -1.872e+00 -1.196e+00
-6.380 -8.944 17.848 23.446 0.000 0.000 1.000 -3.025e-02 -1.935e+00 -1.254e+00
-6.350 -8.956 17.852 23.375 0.000 0.000 1.000 -2.604e-02 -2.001e+00 -1.317e+00
-6.319 -8.890 17.857 23.301 0.000 0.000 1.000 -2.228e-02 -2.070e+00 -1.382e+00
-6.289 -8.894 17.860 23.222 0.000 0.000 1.000 -1.895e-02 -2.142e+00 -1.450e+00
-6.260 -8.966 17.864 23.139 0.000 0.000 1.000 -1.603e-02 -2.215e+00 -1.521e+00
-6.230 -8.908 17.867 23.051 0.000 0.000 1.000 -1.344e-02 -2.292e+00 -1.596e+00
-6.199 -8.968 17.869 22.955 0.000 0.000 1.000 -1.119e-02 -2.372e+00 -1.674e+00
-6.169 -8.920 17.871 22.855 0.000 0.000 1.000 -9.310e-03 -2.452e+00 -1.753e+00
-6.140 -8.918 17.873 22.748 0.000 0.000 1.000 -7.730e-03 -2.533e+00 -1.832e+00
-6.110 -8.962 17.874 22.635 0.000 0.000 1.000 -6.421e-03 -2.614e+00 -1.912e+00
-6.080 -8.967 17.876 22.512 0.000 0.000 1.000 -5.342e-03 -2.694e+00 -1.991e+00
-6.050 -8.913 17.877 22.383 0.000 0.000 1.000 -4.488e-03 -2.769e+00 -2.067e+00
-6.020 -8.925 17.877 22.244 0.000 0.000 1.000 -3.815e-03 -2.839e+00 -2.137e+00
-5.990 -8.959 17.878 22.095 0.000 0.000 1.000 -3.298e-03 -2.902e+00 -2.200e+00
-5.960 -8.973 17.878 21.935 0.000 0.000 1.000 -2.907e-03 -2.956e+00 -2.255e+00
-5.930 -8.979 17.879 21.765 0.000 0.000 1.000 -2.623e-03 -3.000e+00 -2.299e+00
-5.900 -8.922 17.879 21.583 0.000 0.000 1.000 -2.420e-03 -3.035e+00 -2.334e+00
-5.870 -8.927 17.879 21.386 0.000 0.000 1.000 -2.278e-03 -3.061e+00 -2.360e+00
-5.840 -8.973 17.879 21.178 0.000 0.000 1.000 -2.183e-03 -3.079e+00 -2.379e+00
-5.810 -8.976 17.879 20.954 0.000 0.000 1.000 -2.121e-03 -3.091e+00 -2.391e+00
-5.780 -8.922 17.879 20.714 0.000 0.000 1.000 -2.082e-03 -3.099e+00 -2.399e+00
-5.750 -8.970 17.879 20.456 0.000 0.000 1.000 -2.059e-03 -3.104e+00 -2.404e+00
-5.720 -8.919 17.879 20.181 0.000 0.000 1.000 -2.045e-03 -3.107e+00 -2.407e+00
-5.690 -8.979 17.879 19.887 0.000 0.000 1.000 -2.037e-03 -3.108e+00 -2.409e+00
-5.660 -8.868 17.879 19.617 0.000 0.000 1.000 -2.034e-03 -3.109e+00 -2.410e+00
-5.630 -8.965 17.879 19.389 0.000 0.000 1.000 -2.032e-03 -3.109e+00 -2.410e+00
-5.600 -8.477 17.879 19.193 0.000 0.000 1.000 -2.031e-03 -3.110e+00 -2.410e+00
-5.569 -8.409 17.879 19.009 0.000 0.000 1.000 -2.031e-03 -3.110e+00 -2.410e+00
-5.540 -8.593 17.879 18.811 0.000 0.000 1.000 -2.030e-03 -3.110e+00 -2.410e+00
-5.510 -8.473 17.879 18.600 0.000 0.000 1.000 -2.030e-03 -3.110e+00 -2.410e+00
-5.480 -8.710 17.879 18.386 0.000 0.000 1.000 -2.030e-03 -3.110e+00 -2.410e+00
-5.450 -8.100 17.879 18.207 0.000 0.000 1.000 -2.030e-03 -3.110e+00 -2.410e+00
-5.419 -8.157 17.879 18.036 0.000 0.000 1.000 -2.030e-03 -3.110e+00 -2.410e+00
-5.390 -8.201 17.879 17.891 0.000 0.000 1.000 -2.030e-03 -3.110e+00 -2.410e+00
-5.359 -7.936 17.879 17.769 0.000 0.000 1.000 -2.030e-03 -3.110e+00 -2.410e+00
-5.329 -7.874 17.879 17.651 0.000 0.000 1.000 -2.030e-03 -3.110e+00 -2.410e+00
-5.299 -8.087 17.879 17.536 0.000 0.000 1.000 -2.030e-03 -3.110e+00 -2.410e+00
-5.269 -7.626 17.879 17.448 0.000 0.000 1.000 -2.030e-03 -3.110e+00 -2.410e+00
-5.239 -7.445 17.879 17.369 0.000 0.000 1.000 -2.030e-03 -3.110e+00 -2.410e+00
-5.207 -7.327 17.879 17.291 0.000 0.000 1.000 -2.030e-03 -3.110e+00 -2.410e+00
-5.177 -7.272 17.879 17.212 0.000 0.000 1.000 -2.030e-03 -3.110e+00 -2.410e+00
-5.149 -7.280 17.879 17.134 0.000 0.000 1.000 -2.030e-03 -3.110e+00 -2.410e+00
-5.119 -7.328 17.879 17.053 0.000 0.000 1.000 -2.030e-03 -3.110e+00 -2.410e+00
-5.090 -7.494 17.879 16.975 0.000 0.000 1.000 -2.030e-03 -3.110e+00 -2.410e+00
-5.060 -8.762 17.879 16.940 0.000 0.000 1.000 -2.030e-03 -3.110e+00 -2.410e+00
-5.027 -7.080 17.879 16.864 0.000 0.000 1.000 -2.030e-03 -3.110e+00 -2.410e+00
-4.999 -7.435 17.879 16.786 0.000 0.000 1.000 -2.030e-03 -3.110e+00 -2.410e+00
-4.966 -6.893 17.879 16.762 0.000 0.000 1.000 -2.030e-03 -3.110e+00 -2.410e+00
-4.939 -7.179 17.879 16.676 0.000 0.000 1.000 -2.030e-03 -3.110e+00 -2.410e+00
-4.904 -6.745 17.879 16.656 0.000 0.000 1.000 -2.030e-03 -3.110e+00 -2.410e+00
-4.879 -7.189 17.879 16.570 0.000 0.000 1.000 -2.030e-03 -3.110e+00 -2.410e+00
-4.849 -6.756 17.879 16.551 0.000 0.000 1.000 -2.030e-03 -3.110e+00 -2.410e+00
-4.819 -7.403 17.879 16.470 0.000 0.000 1.000 -2.030e-03 -3.110e+00 -2.410e+00
-4.787 -6.752 17.879 16.441 0.000 0.000 1.000 -2.030e-03 -3.110e+00 -2.410e+00
-4.753 -6.481 17.879 16.428 0.000 0.000 1.000 -2.030e-03 -3.110e+00 -2.410e+00
-4.728 -6.897 17.879 16.333 0.000 0.000 1.000 -2.030e-03 -3.110e+00 -2.410e+00
-4.694 -6.517 17.879 16.316 0.000 0.000 1.000 -2.030e-03 -3.110e+00 -2.410e+00
-4.669 -6.355 17.879 16.308 0.000 0.000 1.000 -2.030e-03 -3.110e+00 -2.410e+00
-4.639 -6.734 17.879 16.205 0.000 0.000 1.000 -2.030e-03 -3.110e+00 -2.410e+00
-4.607 -6.409 17.879 16.191 0.000 0.000 1.000 -2.030e-03 -3.110e+00 -2.410e+00
-4.580 -7.999 17.879 16.137 0.000 0.000 1.000 -2.030e-03 -3.110e+00 -2.410e+00
-4.546 -6.589 17.879 16.073 0.000 0.000 1.000 -2.030e-03 -3.110e+00 -2.410e+00
-4.518 -6.318 17.879 16.061 0.000 0.000 1.000 -2.030e-03 -3.110e+00 -2.410e+00
-4.482 -6.101 17.879 16.051 0.000 0.000 1.000 -2.030e-03 -3.110e+00 -2.410e+00
-4.459 -6.679 17.879 15.946 0.000 0.000 1.000 -2.030e-03 -3.110e+00 -2.410e+00
-4.429 -6.299 17.879 15.929 0.000 0.000 1.000 -2.030e-03 -3.110e+00 -2.410e+00
-4.398 -6.082 17.879 15.919 0.000 0.000 1.000 -2.030e-03 -3.110e+00 -2.410e+00
-4.369 -7.057 17.879 15.826 0.000 0.000 1.000 -2.030e-03 -3.110e+00 -2.410e+00
-4.339 -6.352 17.879 15.794 0.000 0.000 1.000 -2.030e-03 -3.110e+00 -2.410e+00
-4.309 -6.081 17.879 15.781 0.000 0.000 1.000 -2.030e-03 -3.110e+00 -2.410e+00
-4.270 -5.864 17.879 15.772 0.000 0.000 1.000 -2.030e-03 -3.110e+00 -2.410e+00
-4.248 -6.477 17.879 15.656 0.000 0.000 1.000 -2.030e-03 -3.110e+00 -2.410e+00
-4.219 -6.097 17.879 15.639 0.000 0.000 1.000 -2.030e-03 -3.110e+00 -2.410e+00
-4.188 -5.880 17.879 15.629 0.000 0.000 1.000 -2.030e-03 -3.110e+00 -2.410e+00
-4.155 -5.718 17.879 15.622 0.000 0.000 1.000 -2.030e-03 -3.110e+00 -2.410e+00
-4.129 -6.294 17.879 15.500 0.000 0.000 1.000 -2.030e-03 -3.110e+00 -2.410e+00
-4.095 -5.914 17.879 15.482 0.000 0.000 1.000 -2.030e-03 -3.110e+00 -2.410e+00
-4.060 -5.697 17.879 15.473 0.000 0.000 1.000 -2.030e-03 -3.110e+00 -2.410e+00
-4.037 -5.589 17.879 15.468 0.000 0.000 1.000 -2.030e-03 -3.110e+00 -2.410e+00
-4.010 -6.463 17.879 15.350 0.000 0.000 1.000 -2.030e-03 -3.110e+00 -2.410e+00
-3.979 -5.920 17.879 15.326 0.000 0.000 1.000 -2.030e-03 -3.110e+00 -2.410e+00
-3.943 -5.649 17.879 15.313 0.000 0.000 1.000 -2.030e-03 -3.110e+00 -2.410e+00
-3.911 -5.486 17.879 15.306 0.000 0.000 1.000 -2.030e-03 -3.110e+00 -2.410e+00
-3.884 -5.378 17.879 15.301 0.000 0.000 1.000 -2.030e-03 -3.110e+00 -2.410e+00
-3.852 -5.269 17.879 15.296 0.000 0.000 1.000 -2.030e-03 -3.110e+00 -2.410e+00
-3.814 -5.161 17.879 15.291 0.000 0.000 1.000 -2.030e-03 -3.110e+00 -2.410e+00
-3.792 -5.107 17.879 15.289 0.000 0.000 1.000 -2.030e-03 -3.110e+00 -2.410e+00
-3.769 -5.053 17.879 15.286 0.000 0.000 1.000 -2.030e-03 -3.110e+00 -2.410e+00
-3.717 -4.944 17.879 15.281 0.000 0.000 1.000 -2.030e-03 -3.110e+00 -2.410e+00
-3.689 -4.890 17.879 15.279 0.000 0.000 1.000 -2.030e-03 -3.110e+00 -2.410e+00
-3.659 -4.836 17.879 15.276 0.000 0.000 1.000 -2.030e-03 -3.110e+00 -2.410e+00
-3.628 -4.781 17.879 15.274 0.000 0.000 1.000 -2.030e-03 -3.110e+00 -2.410e+00
-3.594 -4.727 17.879 15.272 0.000 0.000 1.000 -2.030e-03 -3.110e+00 -2.410e+00
-3.560 -4.673 17.879 15.269 0.000 0.000 1.000 -2.030e-03 -3.110e+00 -2.410e+00
-3.523 -4.619 17.879 15.267 0.000 0.000 1.000 -2.030e-03 -3.110e+00 -2.410e+00
-3.485 -4.564 17.879 15.264 0.000 0.000 1.000 -2.030e-03 -3.110e+00 -2.410e+00
-3.446 -4.510 17.879 15.262 0.000 0.000 1.000 -2.030e-03 -3.110e+00 -2.410e+00
-3.406 -4.456 17.879 15.259 0.000 0.000 1.000 -2.030e-03 -3.110e+00 -2.410e+00
-3.364 -4.402 17.879 15.257 0.000 0.000 1.000 -2.030e-03 -3.110e+00 -2.410e+00
-3.321 -4.348 17.879 15.254 0.000 0.000 1.000 -2.030e-03 -3.110e+00 -2.410e+00
-3.277 -4.293 17.879 15.252 0.000 0.000 1.000 -2.030e-03 -3.110e+00 -2.410e+00
-3.232 -4.239 17.879 15.250 0.000 0.000 1.000 -2.030e-03 -3.110e+00 -2.410e+00
-3.186 -4.185 17.879 15.247 0.000 0.000 1.000 -2.030e-03 -3.110e+00 -2.410e+00
-3.139 -4.131 17.879 15.245 0.000 0.000 1.000 -2.030e-03 -3.110e+00 -2.410e+00
-3.092 -4.076 17.879 15.242 0.000 0.000 1.000 -2.030e-03 -3.110e+00 -2.410e+00
-3.044 -4.022 17.879 15.240 0.000 0.000 1.000 -2.030e-03 -3.110e+00 -2.410e+00
-2.995 -3.968 17.879 15.237 0.000 0.000 1.000 -2.030e-03 -3.110e+00 -2.410e+00
-2.945 -3.914 17.879 15.235 0.000 0.000 1.000 -2.030e-03 -3.110e+00 -2.410e+00
-2.895 -3.860 17.879 15.232 0.000 0.000 1.000 -2.030e-03 -3.110e+00 -2.410e+00
-2.845 -3.805 17.879 15.230 0.000 0.000 1.000 -2.030e-03 -3.110e+00 -2.410e+00
-2.794 -3.751 17.879 15.227 0.000 0.000 1.000 -2.030e-03 -3.110e+00 -2.410e+00
-2.743 -3.697 17.879 15.225 0.000 0.000 1.000 -2.030e-03 -3.110e+00 -2.410e+00
-2.691 -3.643 17.879 15.223 0.000 0.000 1.000 -2.030e-03 -3.110e+00 -2.410e+00
-2.640 -3.588 17.879 15.220 0.000 0.000 1.000 -2.030e-03 -3.110e+00 -2.410e+00
-2.588 -3.534 17.879 15.218 0.000 0.000 1.000 -2.030e-03 -3.110e+00 -2.410e+00
-2.535 -3.480 17.879 15.215 0.000 0.000 1.000 -2.030e-03 -3.110e+00 -2.410e+00
-2.483 -3.426 17.879 15.213 0.000 0.000 1.000 -2.030e-03 -3.110e+00 -2.410e+00
-2.430 -3.371 17.879 15.210 0.000 0.000 1.000 -2.030e-03 -3.110e+00 -2.410e+00
-2.377 -3.317 17.879 15.208 0.000 0.000 1.000 -2.030e-03 -3.110e+00 -2.410e+00
-2.324 -3.263 17.879 15.205 0.000 0.000 1.000 -2.030e-03 -3.110e+00 -2.410e+00
-2.271 -3.209 17.879 15.203 0.000 0.000 1.000 -2.030e-03 -3.110e+00 -2.410e+00
-2.217 -3.155 17.879 15.200 0.000 0.000 1.000 -2.030e-03 -3.110e+00 -2.410e+00
-2.164 -3.100 17.879 15.198 0.000 0.000 1.000 -2.030e-03 -3.110e+00 -2.410e+00
-2.110 -3.046 17.879 15.196 0.000 0.000 1.000 -2.030e-03 -3.110e+00 -2.410e+00
-2.057 -2.992 17.879 15.193 0.000 0.000 1.000 -2.030e-03 -3.110e+00 -2.410e+00
-2.003 -2.938 17.879 15.191 0.000 0.000 1.000 -2.030e-03 -3.110e+00 -2.410e+00
-1.949 -2.883 17.879 15.188 0.000 0.000 1.000 -2.030e-03 -3.110e+00 -2.410e+00
+0.000 +0.000  0.000  0.000 0.000 0.000 0.000 -2.400e+01 -2.400e+01 -2.400e+01
+0.000 +0.000  0.000  0.000 0.000 0.000 0.000 -2.400e+01 -2.400e+01 -2.400e+01
+0.000 +0.000  0.000  0.000 0.000 0.000 0.000 -2.400e+01 -2.400e+01 -2.400e+01
+0.000 +0.000  0.000  0.000 0.000 0.000 0.000 -2.400e+01 -2.400e+01 -2.400e+01
+0.000 +0.000  0.000  0.000 0.000 0.000 0.000 -2.400e+01 -2.400e+01 -2.400e+01
+0.000 +0.000  0.000  0.000 0.000 0.000 0.000 -2.400e+01 -2.400e+01 -2.400e+01
+0.000 +0.000  0.000  0.000 0.000 0.000 0.000 -2.400e+01 -2.400e+01 -2.400e+01
+0.000 +0.000  0.000  0.000 0.000 0.000 0.000 -2.400e+01 -2.400e+01 -2.400e+01
+0.000 +0.000  0.000  0.000 0.000 0.000 0.000 -2.400e+01 -2.400e+01 -2.400e+01
+0.000 +0.000  0.000  0.000 0.000 0.000 0.000 -2.400e+01 -2.400e+01 -2.400e+01
+0.000 +0.000  0.000  0.000 0.000 0.000 0.000 -2.400e+01 -2.400e+01 -2.400e+01
+0.000 +0.000  0.000  0.000 0.000 0.000 0.000 -2.400e+01 -2.400e+01 -2.400e+01
+0.000 +0.000  0.000  0.000 0.000 0.000 0.000 -2.400e+01 -2.400e+01 -2.400e+01
+0.000 +0.000  0.000  0.000 0.000 0.000 0.000 -2.400e+01 -2.400e+01 -2.400e+01
+0.000 +0.000  0.000  0.000 0.000 0.000 0.000 -2.400e+01 -2.400e+01 -2.400e+01
+0.000 +0.000  0.000  0.000 0.000 0.000 0.000 -2.400e+01 -2.400e+01 -2.400e+01
+0.000 +0.000  0.000  0.000 0.000 0.000 0.000 -2.400e+01 -2.400e+01 -2.400e+01
+0.000 +0.000  0.000  0.000 0.000 0.000 0.000 -2.400e+01 -2.400e+01 -2.400e+01
+0.000 +0.000  0.000  0.000 0.000 0.000 0.000 -2.400e+01 -2.400e+01 -2.400e+01
+0.000 +0.000  0.000  0.000 0.000 0.000 0.000 -2.400e+01 -2.400e+01 -2.400e+01
