
#    t     dt   F+(4He)   F+(12C)   F+(16O)   F-(4He)   F-(12C)   F-(16O)   
-10.949 -12.153 7.901e+00 3.440e+00 5.015e+00 4.832e+00 8.197e+00 6.265e+00 7.901e+00 8.197e+00 6.240e+00
-10.921 -12.125 7.899e+00 3.440e+00 5.042e+00 4.871e+00 8.194e+00 6.265e+00 7.899e+00 8.194e+00 6.238e+00
-10.893 -12.097 7.897e+00 3.440e+00 5.068e+00 4.910e+00 8.192e+00 6.264e+00 7.896e+00 8.192e+00 6.235e+00
-10.865 -12.069 7.894e+00 3.441e+00 5.095e+00 4.950e+00 8.189e+00 6.263e+00 7.893e+00 8.189e+00 6.232e+00
-10.837 -12.041 7.891e+00 3.441e+00 5.121e+00 4.990e+00 8.186e+00 6.262e+00 7.890e+00 8.186e+00 6.229e+00
-10.809 -12.013 7.888e+00 3.441e+00 5.148e+00 5.030e+00 8.183e+00 6.261e+00 7.887e+00 8.183e+00 6.226e+00
-10.781 -11.985 7.885e+00 3.441e+00 5.174e+00 5.070e+00 8.180e+00 6.260e+00 7.884e+00 8.180e+00 6.223e+00
-10.753 -11.957 7.881e+00 3.441e+00 5.200e+00 5.111e+00 8.177e+00 6.259e+00 7.881e+00 8.177e+00 6.219e+00
-10.725 -11.929 7.878e+00 3.441e+00 5.226e+00 5.152e+00 8.173e+00 6.258e+00 7.877e+00 8.173e+00 6.215e+00
-10.697 -11.901 7.874e+00 3.441e+00 5.252e+00 5.193e+00 8.169e+00 6.256e+00 7.873e+00 8.169e+00 6.211e+00
-10.669 -11.873 7.870e+00 3.442e+00 5.278e+00 5.234e+00 8.165e+00 6.255e+00 7.869e+00 8.165e+00 6.207e+00
-10.612 -11.817 7.861e+00 3.442e+00 5.329e+00 5.318e+00 8.156e+00 6.252e+00 7.860e+00 8.156e+00 6.197e+00
-10.584 -11.789 7.856e+00 3.442e+00 5.355e+00 5.359e+00 8.151e+00 6.251e+00 7.855e+00 8.151e+00 6.192e+00
-10.556 -11.761 7.851e+00 3.443e+00 5.380e+00 5.401e+00 8.145e+00 6.249e+00 7.850e+00 8.145e+00 6.186e+00
-10.528 -11.732 7.846e+00 3.443e+00 5.405e+00 5.443e+00 8.140e+00 6.247e+00 7.844e+00 8.140e+00 6.180e+00
-10.500 -11.704 7.840e+00 3.443e+00 5.430e+00 5.485e+00 8.134e+00 6.245e+00 7.838e+00 8.134e+00 6.173e+00
-10.472 -11.676 7.834e+00 3.444e+00 5.454e+00 5.527e+00 8.128e+00 6.243e+00 7.832e+00 8.128e+00 6.167e+00
-10.444 -11.648 7.827e+00 3.444e+00 5.479e+00 5.569e+00 8.121e+00 6.241e+00 7.825e+00 8.121e+00 6.159e+00
-10.416 -11.620 7.820e+00 3.445e+00 5.503e+00 5.611e+00 8.114e+00 6.239e+00 7.818e+00 8.114e+00 6.151e+00
-10.388 -11.592 7.813e+00 3.446e+00 5.527e+00 5.653e+00 8.107e+00 6.237e+00 7.810e+00 8.107e+00 6.143e+00
-10.360 -11.564 7.805e+00 3.446e+00 5.551e+00 5.695e+00 8.099e+00 6.235e+00 7.802e+00 8.099e+00 6.134e+00
-10.332 -11.536 7.797e+00 3.447e+00 5.574e+00 5.736e+00 8.090e+00 6.232e+00 7.794e+00 8.090e+00 6.124e+00
-10.304 -11.508 7.789e+00 3.448e+00 5.597e+00 5.778e+00 8.082e+00 6.229e+00 7.785e+00 8.082e+00 6.114e+00
-10.276 -11.480 7.780e+00 3.449e+00 5.620e+00 5.819e+00 8.072e+00 6.227e+00 7.775e+00 8.072e+00 6.103e+00
-10.248 -11.452 7.770e+00 3.450e+00 5.643e+00 5.860e+00 8.063e+00 6.224e+00 7.765e+00 8.063e+00 6.091e+00
-10.192 -11.396 7.750e+00 3.453e+00 5.687e+00 5.941e+00 8.041e+00 6.217e+00 7.743e+00 8.041e+00 6.065e+00
-10.164 -11.368 7.738e+00 3.454e+00 5.709e+00 5.981e+00 8.030e+00 6.214e+00 7.731e+00 8.030e+00 6.051e+00
-10.136 -11.340 7.727e+00 3.456e+00 5.731e+00 6.021e+00 8.018e+00 6.210e+00 7.718e+00 8.018e+00 6.035e+00
-10.108 -11.312 7.714e+00 3.457e+00 5.752e+00 6.060e+00 8.005e+00 6.206e+00 7.705e+00 8.005e+00 6.019e+00
-10.080 -11.284 7.701e+00 3.459e+00 5.772e+00 6.099e+00 7.992e+00 6.202e+00 7.691e+00 7.992e+00 6.001e+00
-10.052 -11.256 7.688e+00 3.461e+00 5.792e+00 6.137e+00 7.977e+00 6.198e+00 7.676e+00 7.977e+00 5.982e+00
-10.024 -11.228 7.674e+00 3.463e+00 5.812e+00 6.175e+00 7.963e+00 6.194e+00 7.660e+00 7.963e+00 5.961e+00
-9.996 -11.200 7.659e+00 3.465e+00 5.832e+00 6.212e+00 7.947e+00 6.190e+00 7.643e+00 7.947e+00 5.939e+00
-9.968 -11.172 7.643e+00 3.468e+00 5.851e+00 6.249e+00 7.931e+00 6.185e+00 7.625e+00 7.931e+00 5.915e+00
-9.940 -11.144 7.627e+00 3.470e+00 5.869e+00 6.285e+00 7.914e+00 6.180e+00 7.607e+00 7.914e+00 5.889e+00
-9.912 -11.116 7.610e+00 3.473e+00 5.887e+00 6.320e+00 7.896e+00 6.175e+00 7.587e+00 7.896e+00 5.861e+00
-9.884 -11.088 7.592e+00 3.476e+00 5.905e+00 6.354e+00 7.877e+00 6.170e+00 7.566e+00 7.877e+00 5.830e+00
-9.856 -11.060 7.573e+00 3.479e+00 5.922e+00 6.388e+00 7.858e+00 6.165e+00 7.544e+00 7.858e+00 5.796e+00
-9.828 -11.032 7.554e+00 3.482e+00 5.938e+00 6.420e+00 7.838e+00 6.159e+00 7.521e+00 7.838e+00 5.759e+00
-9.800 -11.004 7.534e+00 3.485e+00 5.954e+00 6.452e+00 7.817e+00 6.153e+00 7.496e+00 7.817e+00 5.718e+00
-9.744 -10.948 7.491e+00 3.492e+00 5.985e+00 6.513e+00 7.772e+00 6.141e+00 7.443e+00 7.772e+00 5.622e+00
-9.716 -10.920 7.469e+00 3.496e+00 5.999e+00 6.542e+00 7.748e+00 6.135e+00 7.414e+00 7.748e+00 5.564e+00
-9.688 -10.892 7.446e+00 3.500e+00 6.012e+00 6.570e+00 7.723e+00 6.128e+00 7.384e+00 7.723e+00 5.498e+00
-9.659 -10.864 7.422e+00 3.504e+00 6.025e+00 6.597e+00 7.697e+00 6.122e+00 7.351e+00 7.697e+00 5.420e+00
-9.631 -10.836 7.397e+00 3.507e+00 6.038e+00 6.623e+00 7.671e+00 6.115e+00 7.317e+00 7.671e+00 5.325e+00
-9.603 -10.808 7.371e+00 3.511e+00 6.049e+00 6.648e+00 7.643e+00 6.108e+00 7.280e+00 7.643e+00 5.206e+00
-9.575 -10.780 7.345e+00 3.515e+00 6.060e+00 6.672e+00 7.615e+00 6.100e+00 7.242e+00 7.615e+00 5.045e+00
-9.547 -10.751 7.318e+00 3.519e+00 6.071e+00 6.694e+00 7.585e+00 6.093e+00 7.200e+00 7.585e+00 4.793e+00
-9.519 -10.723 7.290e+00 3.523e+00 6.080e+00 6.715e+00 7.555e+00 6.085e+00 7.156e+00 7.555e+00 4.161e+00
-9.491 -10.695 7.262e+00 3.526e+00 6.089e+00 6.735e+00 7.524e+00 6.077e+00 7.109e+00 7.524e+00 4.502e+00
-9.463 -10.667 7.233e+00 3.530e+00 6.097e+00 6.754e+00 7.492e+00 6.069e+00 7.058e+00 7.492e+00 4.883e+00
-9.435 -10.639 7.203e+00 3.533e+00 6.104e+00 6.771e+00 7.459e+00 6.061e+00 7.002e+00 7.458e+00 5.076e+00
-9.407 -10.611 7.173e+00 3.536e+00 6.110e+00 6.787e+00 7.425e+00 6.053e+00 6.942e+00 7.424e+00 5.204e+00
-9.379 -10.583 7.142e+00 3.539e+00 6.116e+00 6.802e+00 7.390e+00 6.044e+00 6.876e+00 7.390e+00 5.298e+00
-9.323 -10.527 7.078e+00 3.544e+00 6.124e+00 6.827e+00 7.317e+00 6.026e+00 6.722e+00 7.317e+00 5.430e+00
-9.295 -10.499 7.046e+00 3.546e+00 6.127e+00 6.837e+00 7.280e+00 6.017e+00 6.628e+00 7.280e+00 5.478e+00
-9.267 -10.471 7.013e+00 3.548e+00 6.129e+00 6.846e+00 7.241e+00 6.008e+00 6.518e+00 7.241e+00 5.517e+00
-9.239 -10.443 6.980e+00 3.549e+00 6.131e+00 6.853e+00 7.202e+00 5.998e+00 6.384e+00 7.202e+00 5.550e+00
-9.211 -10.415 6.946e+00 3.550e+00 6.131e+00 6.859e+00 7.162e+00 5.988e+00 6.209e+00 7.162e+00 5.577e+00
-9.183 -10.387 6.913e+00 3.551e+00 6.130e+00 6.863e+00 7.122e+00 5.978e+00 5.948e+00 7.122e+00 5.600e+00
-9.155 -10.359 6.879e+00 3.551e+00 6.128e+00 6.865e+00 7.080e+00 5.967e+00 5.356e+00 7.080e+00 5.618e+00
-9.127 -10.331 6.844e+00 3.550e+00 6.125e+00 6.866e+00 7.038e+00 5.957e+00 5.560e+00 7.038e+00 5.632e+00
-9.099 -10.303 6.810e+00 3.550e+00 6.121e+00 6.866e+00 6.995e+00 5.946e+00 5.947e+00 6.995e+00 5.643e+00
-9.071 -10.275 6.775e+00 3.549e+00 6.116e+00 6.863e+00 6.952e+00 5.934e+00 6.128e+00 6.952e+00 5.651e+00
-9.043 -10.247 6.740e+00 3.547e+00 6.110e+00 6.859e+00 6.908e+00 5.922e+00 6.239e+00 6.907e+00 5.656e+00
-9.015 -10.219 6.705e+00 3.545e+00 6.103e+00 6.854e+00 6.863e+00 5.910e+00 6.315e+00 6.863e+00 5.658e+00
-8.987 -10.191 6.670e+00 3.543e+00 6.095e+00 6.847e+00 6.817e+00 5.898e+00 6.370e+00 6.817e+00 5.657e+00
-8.959 -10.163 6.635e+00 3.541e+00 6.086e+00 6.838e+00 6.771e+00 5.885e+00 6.409e+00 6.771e+00 5.654e+00
-8.903 -10.107 6.565e+00 3.534e+00 6.064e+00 6.815e+00 6.678e+00 5.857e+00 6.456e+00 6.677e+00 5.641e+00
-8.875 -10.079 6.530e+00 3.531e+00 6.051e+00 6.801e+00 6.630e+00 5.843e+00 6.469e+00 6.630e+00 5.631e+00
-8.847 -10.051 6.494e+00 3.527e+00 6.037e+00 6.786e+00 6.582e+00 5.828e+00 6.476e+00 6.582e+00 5.619e+00
-8.819 -10.023 6.459e+00 3.524e+00 6.022e+00 6.769e+00 6.534e+00 5.813e+00 6.477e+00 6.533e+00 5.605e+00
-8.791 -9.995 6.424e+00 3.520e+00 6.006e+00 6.751e+00 6.485e+00 5.797e+00 6.475e+00 6.484e+00 5.589e+00
-8.763 -9.967 6.388e+00 3.516e+00 5.989e+00 6.731e+00 6.435e+00 5.781e+00 6.468e+00 6.435e+00 5.570e+00
-8.735 -9.939 6.352e+00 3.512e+00 5.971e+00 6.710e+00 6.386e+00 5.764e+00 6.458e+00 6.385e+00 5.550e+00
-8.707 -9.911 6.317e+00 3.508e+00 5.952e+00 6.687e+00 6.335e+00 5.747e+00 6.446e+00 6.335e+00 5.528e+00
-8.678 -9.883 6.281e+00 3.504e+00 5.932e+00 6.663e+00 6.285e+00 5.729e+00 6.430e+00 6.284e+00 5.504e+00
-8.650 -9.855 6.245e+00 3.500e+00 5.910e+00 6.637e+00 6.234e+00 5.710e+00 6.412e+00 6.233e+00 5.478e+00
-8.622 -9.827 6.209e+00 3.496e+00 5.888e+00 6.611e+00 6.183e+00 5.691e+00 6.391e+00 6.182e+00 5.450e+00
-8.594 -9.799 6.173e+00 3.492e+00 5.865e+00 6.583e+00 6.131e+00 5.671e+00 6.368e+00 6.130e+00 5.420e+00
-8.566 -9.770 6.137e+00 3.489e+00 5.841e+00 6.553e+00 6.080e+00 5.651e+00 6.343e+00 6.079e+00 5.389e+00
-8.538 -9.742 6.100e+00 3.486e+00 5.815e+00 6.523e+00 6.028e+00 5.630e+00 6.317e+00 6.026e+00 5.356e+00
-8.482 -9.686 6.027e+00 3.480e+00 5.763e+00 6.459e+00 5.923e+00 5.586e+00 6.258e+00 5.921e+00 5.286e+00
-8.454 -9.658 5.990e+00 3.477e+00 5.735e+00 6.425e+00 5.870e+00 5.563e+00 6.226e+00 5.868e+00 5.249e+00
-8.426 -9.630 5.953e+00 3.475e+00 5.707e+00 6.390e+00 5.817e+00 5.540e+00 6.193e+00 5.815e+00 5.210e+00
-8.398 -9.602 5.916e+00 3.473e+00 5.678e+00 6.355e+00 5.764e+00 5.516e+00 6.158e+00 5.762e+00 5.171e+00
-8.370 -9.574 5.879e+00 3.471e+00 5.648e+00 6.318e+00 5.711e+00 5.491e+00 6.121e+00 5.708e+00 5.130e+00
-8.342 -9.546 5.842e+00 3.469e+00 5.618e+00 6.280e+00 5.657e+00 5.466e+00 6.083e+00 5.654e+00 5.089e+00
-8.314 -9.518 5.804e+00 3.467e+00 5.587e+00 6.242e+00 5.604e+00 5.439e+00 6.044e+00 5.600e+00 5.047e+00
-8.286 -9.490 5.767e+00 3.466e+00 5.556e+00 6.202e+00 5.550e+00 5.412e+00 6.003e+00 5.546e+00 5.004e+00
-8.258 -9.462 5.730e+00 3.465e+00 5.524e+00 6.162e+00 5.496e+00 5.385e+00 5.961e+00 5.492e+00 4.961e+00
-8.230 -9.434 5.692e+00 3.464e+00 5.491e+00 6.120e+00 5.442e+00 5.357e+00 5.918e+00 5.437e+00 4.918e+00
-8.202 -9.406 5.655e+00 3.463e+00 5.459e+00 6.078e+00 5.387e+00 5.328e+00 5.872e+00 5.382e+00 4.874e+00
-8.174 -9.378 5.618e+00 3.462e+00 5.426e+00 6.035e+00 5.333e+00 5.298e+00 5.826e+00 5.327e+00 4.831e+00
-8.146 -9.350 5.580e+00 3.461e+00 5.392e+00 5.991e+00 5.278e+00 5.268e+00 5.778e+00 5.272e+00 4.788e+00
-8.118 -9.322 5.543e+00 3.461e+00 5.358e+00 5.946e+00 5.224e+00 5.237e+00 5.728e+00 5.216e+00 4.744e+00
-8.090 -9.294 5.506e+00 3.460e+00 5.324e+00 5.900e+00 5.169e+00 5.206e+00 5.676e+00 5.161e+00 4.701e+00
-8.034 -9.238 5.431e+00 3.460e+00 5.254e+00 5.806e+00 5.060e+00 5.141e+00 5.568e+00 5.048e+00 4.614e+00
-8.006 -9.210 5.394e+00 3.460e+00 5.219e+00 5.758e+00 5.005e+00 5.108e+00 5.512e+00 4.992e+00 4.570e+00
-7.978 -9.182 5.357e+00 3.460e+00 5.183e+00 5.709e+00 4.950e+00 5.075e+00 5.453e+00 4.935e+00 4.524e+00
-7.950 -9.154 5.319e+00 3.460e+00 5.146e+00 5.659e+00 4.895e+00 5.042e+00 5.393e+00 4.878e+00 4.476e+00
-7.922 -9.126 5.282e+00 3.460e+00 5.109e+00 5.608e+00 4.839e+00 5.008e+00 5.330e+00 4.821e+00 4.426e+00
-7.894 -9.098 5.245e+00 3.460e+00 5.071e+00 5.557e+00 4.784e+00 4.974e+00 5.266e+00 4.763e+00 4.372e+00
-7.866 -9.070 5.207e+00 3.460e+00 5.032e+00 5.505e+00 4.729e+00 4.940e+00 5.201e+00 4.705e+00 4.312e+00
-7.838 -9.042 5.169e+00 3.460e+00 4.992e+00 5.452e+00 4.674e+00 4.906e+00 5.133e+00 4.647e+00 4.246e+00
-7.810 -9.014 5.131e+00 3.460e+00 4.951e+00 5.400e+00 4.619e+00 4.872e+00 5.064e+00 4.588e+00 4.171e+00
-7.782 -8.986 5.092e+00 3.460e+00 4.909e+00 5.347e+00 4.564e+00 4.839e+00 4.993e+00 4.528e+00 4.082e+00
-7.754 -8.958 5.053e+00 3.460e+00 4.865e+00 5.293e+00 4.508e+00 4.806e+00 4.921e+00 4.468e+00 3.973e+00
-7.726 -8.930 5.014e+00 3.460e+00 4.821e+00 5.240e+00 4.453e+00 4.773e+00 4.848e+00 4.407e+00 3.833e+00
-7.697 -8.902 4.975e+00 3.460e+00 4.774e+00 5.187e+00 4.398e+00 4.742e+00 4.773e+00 4.345e+00 3.635e+00
-7.669 -8.874 4.935e+00 3.460e+00 4.726e+00 5.133e+00 4.343e+00 4.710e+00 4.698e+00 4.282e+00 3.280e+00
-7.613 -8.818 4.855e+00 3.460e+00 4.625e+00 5.028e+00 4.234e+00 4.651e+00 4.544e+00 4.154e+00 3.407e+00
-7.585 -8.789 4.815e+00 3.460e+00 4.572e+00 4.976e+00 4.180e+00 4.622e+00 4.466e+00 4.088e+00 3.660e+00
-7.557 -8.761 4.776e+00 3.460e+00 4.517e+00 4.924e+00 4.126e+00 4.595e+00 4.387e+00 4.021e+00 3.809e+00
-7.529 -8.733 4.736e+00 3.459e+00 4.461e+00 4.874e+00 4.073e+00 4.569e+00 4.306e+00 3.952e+00 3.911e+00
-7.501 -8.705 4.698e+00 3.459e+00 4.403e+00 4.824e+00 4.020e+00 4.544e+00 4.224e+00 3.881e+00 3.987e+00
-7.473 -8.677 4.661e+00 3.459e+00 4.344e+00 4.775e+00 3.969e+00 4.521e+00 4.140e+00 3.808e+00 4.044e+00
-7.445 -8.649 4.625e+00 3.459e+00 4.284e+00 4.728e+00 3.918e+00 4.498e+00 4.053e+00 3.733e+00 4.089e+00
-7.417 -8.621 4.590e+00 3.458e+00 4.224e+00 4.683e+00 3.869e+00 4.478e+00 3.964e+00 3.655e+00 4.124e+00
-7.389 -8.593 4.558e+00 3.458e+00 4.164e+00 4.639e+00 3.821e+00 4.459e+00 3.870e+00 3.575e+00 4.152e+00
-7.361 -8.565 4.528e+00 3.457e+00 4.104e+00 4.599e+00 3.776e+00 4.441e+00 3.773e+00 3.491e+00 4.173e+00
-7.333 -8.537 4.501e+00 3.457e+00 4.047e+00 4.561e+00 3.732e+00 4.425e+00 3.671e+00 3.404e+00 4.190e+00
-7.305 -8.509 4.477e+00 3.456e+00 3.992e+00 4.527e+00 3.691e+00 4.411e+00 3.564e+00 3.313e+00 4.203e+00
-7.277 -8.481 4.455e+00 3.456e+00 3.941e+00 4.496e+00 3.654e+00 4.399e+00 3.451e+00 3.217e+00 4.213e+00
-7.249 -8.453 4.436e+00 3.455e+00 3.894e+00 4.469e+00 3.619e+00 4.388e+00 3.332e+00 3.117e+00 4.220e+00
-7.193 -8.397 4.407e+00 3.453e+00 3.816e+00 4.427e+00 3.560e+00 4.370e+00 3.075e+00 2.898e+00 4.228e+00
-7.165 -8.369 4.396e+00 3.452e+00 3.785e+00 4.411e+00 3.536e+00 4.363e+00 2.937e+00 2.779e+00 4.229e+00
-7.137 -8.341 4.387e+00 3.451e+00 3.761e+00 4.398e+00 3.515e+00 4.357e+00 2.793e+00 2.653e+00 4.229e+00
-7.109 -8.313 4.380e+00 3.450e+00 3.741e+00 4.388e+00 3.498e+00 4.351e+00 2.643e+00 2.519e+00 4.229e+00
-7.081 -8.285 4.374e+00 3.449e+00 3.726e+00 4.380e+00 3.484e+00 4.347e+00 2.489e+00 2.375e+00 4.228e+00
-7.053 -8.257 4.370e+00 3.448e+00 3.714e+00 4.374e+00 3.473e+00 4.343e+00 2.334e+00 2.223e+00 4.226e+00
-7.025 -8.229 4.366e+00 3.447e+00 3.705e+00 4.371e+00 3.464e+00 4.339e+00 2.426e+00 2.060e+00 4.225e+00
-6.997 -8.201 4.363e+00 3.445e+00 3.699e+00 4.367e+00 3.457e+00 4.336e+00 2.376e+00 1.886e+00 4.222e+00
-6.969 -8.173 4.361e+00 3.444e+00 3.694e+00 4.364e+00 3.452e+00 4.333e+00 2.297e+00 1.702e+00 4.220e+00
-6.941 -8.145 4.358e+00 3.442e+00 3.690e+00 4.361e+00 3.447e+00 4.330e+00 2.214e+00 1.508e+00 4.217e+00
-6.913 -8.117 4.356e+00 3.441e+00 3.686e+00 4.359e+00 3.444e+00 4.327e+00 2.133e+00 1.308e+00 4.214e+00
-6.885 -8.089 4.354e+00 3.439e+00 3.682e+00 4.356e+00 3.441e+00 4.324e+00 2.058e+00 1.106e+00 4.211e+00
-6.857 -8.061 4.352e+00 3.437e+00 3.678e+00 4.354e+00 3.438e+00 4.320e+00 1.992e+00 9.137e-01 4.208e+00
-6.829 -8.033 4.351e+00 3.435e+00 3.676e+00 4.352e+00 3.436e+00 4.317e+00 1.830e+00 7.452e-01 4.204e+00
-6.773 -7.977 4.347e+00 3.431e+00 3.671e+00 4.348e+00 3.431e+00 4.310e+00 1.769e+00 5.286e-01 4.197e+00
-6.745 -7.949 4.345e+00 3.428e+00 3.667e+00 4.346e+00 3.429e+00 4.306e+00 1.752e+00 4.800e-01 4.193e+00
-6.716 -7.921 4.343e+00 3.426e+00 3.664e+00 4.345e+00 3.426e+00 4.302e+00 1.729e+00 4.566e-01 4.188e+00
-6.688 -7.893 4.342e+00 3.423e+00 3.660e+00 4.343e+00 3.424e+00 4.298e+00 1.699e+00 4.466e-01 4.184e+00
-6.660 -7.865 4.340e+00 3.420e+00 3.656e+00 4.341e+00 3.421e+00 4.293e+00 1.660e+00 4.430e-01 4.179e+00
-6.632 -7.837 4.338e+00 3.417e+00 3.652e+00 4.339e+00 3.418e+00 4.288e+00 1.611e+00 4.418e-01 4.174e+00
-6.604 -7.808 4.336e+00 3.414e+00 3.648e+00 4.336e+00 3.415e+00 4.283e+00 1.549e+00 4.414e-01 4.169e+00
-6.576 -7.780 4.334e+00 3.411e+00 3.644e+00 4.334e+00 3.411e+00 4.278e+00 1.466e+00 4.413e-01 4.163e+00
-6.548 -7.752 4.332e+00 3.407e+00 3.639e+00 4.332e+00 3.408e+00 4.272e+00 1.351e+00 4.413e-01 4.157e+00
-6.520 -7.724 4.330e+00 3.403e+00 3.634e+00 4.330e+00 3.404e+00 4.266e+00 1.176e+00 4.413e-01 4.150e+00
-6.492 -7.696 4.328e+00 3.399e+00 3.629e+00 4.328e+00 3.400e+00 4.260e+00 8.339e-01 4.413e-01 4.144e+00
-6.464 -7.668 4.327e+00 3.395e+00 3.624e+00 4.326e+00 3.396e+00 4.253e+00 3.115e-01 4.413e-01 4.136e+00
-6.436 -7.640 4.325e+00 3.390e+00 3.619e+00 4.325e+00 3.391e+00 4.246e+00 1.066e+00 4.413e-01 4.129e+00
-6.408 -7.612 4.323e+00 3.386e+00 3.613e+00 4.323e+00 3.386e+00 4.238e+00 1.370e+00 6.427e-01 4.121e+00
-6.352 -7.556 4.321e+00 3.375e+00 3.602e+00 4.320e+00 3.376e+00 4.222e+00 1.660e+00 7.512e-01 4.103e+00
-6.324 -7.528 4.319e+00 3.369e+00 3.595e+00 4.318e+00 3.371e+00 4.214e+00 1.765e+00 7.726e-01 4.094e+00
-6.296 -7.500 4.318e+00 3.363e+00 3.589e+00 4.317e+00 3.365e+00 4.204e+00 1.854e+00 7.887e-01 4.084e+00
-6.268 -7.472 4.318e+00 3.357e+00 3.583e+00 4.316e+00 3.358e+00 4.195e+00 1.932e+00 8.029e-01 4.073e+00
-6.240 -7.444 4.317e+00 3.350e+00 3.576e+00 4.315e+00 3.351e+00 4.185e+00 2.002e+00 8.164e-01 4.062e+00
-6.212 -7.416 4.317e+00 3.343e+00 3.569e+00 4.314e+00 3.344e+00 4.174e+00 2.065e+00 8.297e-01 4.050e+00
-6.184 -7.388 4.317e+00 3.336e+00 3.562e+00 4.314e+00 3.337e+00 4.163e+00 2.122e+00 8.429e-01 4.038e+00
-6.156 -7.360 4.317e+00 3.328e+00 3.554e+00 4.314e+00 3.329e+00 4.151e+00 2.175e+00 8.561e-01 4.025e+00
-6.128 -7.332 4.317e+00 3.319e+00 3.547e+00 4.314e+00 3.321e+00 4.139e+00 2.223e+00 8.693e-01 4.011e+00
-6.100 -7.304 4.318e+00 3.310e+00 3.539e+00 4.314e+00 3.312e+00 4.127e+00 2.269e+00 8.824e-01 3.997e+00
-6.072 -7.276 4.319e+00 3.301e+00 3.531e+00 4.315e+00 3.303e+00 4.113e+00 2.311e+00 8.954e-01 3.982e+00
-6.044 -7.248 4.321e+00 3.291e+00 3.523e+00 4.316e+00 3.293e+00 4.099e+00 2.350e+00 9.083e-01 3.966e+00
-6.016 -7.220 4.323e+00 3.281e+00 3.515e+00 4.317e+00 3.283e+00 4.085e+00 2.387e+00 9.211e-01 3.949e+00
-5.988 -7.192 4.325e+00 3.270e+00 3.506e+00 4.319e+00 3.272e+00 4.070e+00 2.422e+00 9.337e-01 3.932e+00
-5.936 -7.184 4.330e+00 3.247e+00 3.488e+00 4.324e+00 3.249e+00 4.039e+00 2.450e+00 9.397e-01 3.896e+00
-5.912 -7.171 4.333e+00 3.236e+00 3.480e+00 4.327e+00 3.238e+00 4.024e+00 2.473e+00 9.397e-01 3.878e+00
-5.888 -7.158 4.337e+00 3.225e+00 3.471e+00 4.331e+00 3.227e+00 4.009e+00 2.485e+00 9.408e-01 3.860e+00
-5.864 -7.145 4.340e+00 3.213e+00 3.463e+00 4.334e+00 3.215e+00 3.993e+00 2.498e+00 9.420e-01 3.841e+00
-5.819 -7.120 4.348e+00 3.189e+00 3.446e+00 4.342e+00 3.192e+00 3.962e+00 2.518e+00 9.440e-01 3.804e+00
-5.798 -7.107 4.353e+00 3.177e+00 3.438e+00 4.346e+00 3.180e+00 3.946e+00 2.526e+00 9.449e-01 3.785e+00
-5.776 -7.094 4.357e+00 3.165e+00 3.430e+00 4.350e+00 3.167e+00 3.931e+00 2.533e+00 9.456e-01 3.766e+00
-5.735 -7.068 4.366e+00 3.140e+00 3.413e+00 4.360e+00 3.142e+00 3.899e+00 2.542e+00 9.465e-01 3.727e+00
-5.714 -7.056 4.371e+00 3.127e+00 3.405e+00 4.364e+00 3.130e+00 3.883e+00 2.545e+00 9.466e-01 3.707e+00
-5.690 -8.532 5.020e+00 1.412e+00 3.177e+00 4.980e+00 3.476e+00 2.940e+00 3.969e+00 3.472e+00 2.801e+00
-5.659 -8.134 4.583e+00 1.392e+00 2.665e+00 4.536e+00 2.390e+00 2.876e+00 3.597e+00 2.344e+00 2.463e+00
-5.628 -7.929 -2.400e+01 -2.400e+01 -2.400e+01 -2.400e+01 -2.400e+01 -2.400e+01 -2.400e+01 -2.400e+01 -2.400e+01
-5.598 -7.775 -2.400e+01 -2.400e+01 -2.400e+01 -2.400e+01 -2.400e+01 -2.400e+01 -2.400e+01 -2.400e+01 -2.400e+01
-5.568 -7.659 -2.400e+01 -2.400e+01 -2.400e+01 -2.400e+01 -2.400e+01 -2.400e+01 -2.400e+01 -2.400e+01 -2.400e+01
-5.537 -7.556 -2.400e+01 -2.400e+01 -2.400e+01 -2.400e+01 -2.400e+01 -2.400e+01 -2.400e+01 -2.400e+01 -2.400e+01
-5.506 -7.467 -2.400e+01 -2.400e+01 -2.400e+01 -2.400e+01 -2.400e+01 -2.400e+01 -2.400e+01 -2.400e+01 -2.400e+01
-5.475 -7.390 -2.400e+01 -2.400e+01 -2.400e+01 -2.400e+01 -2.400e+01 -2.400e+01 -2.400e+01 -2.400e+01 -2.400e+01
-5.447 -7.325 -2.400e+01 -2.400e+01 -2.400e+01 -2.400e+01 -2.400e+01 -2.400e+01 -2.400e+01 -2.400e+01 -2.400e+01
-5.417 -7.261 -2.400e+01 -2.400e+01 -2.400e+01 -2.400e+01 -2.400e+01 -2.400e+01 -2.400e+01 -2.400e+01 -2.400e+01
-5.384 -7.197 -2.400e+01 -2.400e+01 -2.400e+01 -2.400e+01 -2.400e+01 -2.400e+01 -2.400e+01 -2.400e+01 -2.400e+01
-5.356 -7.146 -2.400e+01 -2.400e+01 -2.400e+01 -2.400e+01 -2.400e+01 -2.400e+01 -2.400e+01 -2.400e+01 -2.400e+01
-5.327 -7.094 -2.400e+01 -2.400e+01 -2.400e+01 -2.400e+01 -2.400e+01 -2.400e+01 -2.400e+01 -2.400e+01 -2.400e+01
-5.296 -7.043 -2.400e+01 -2.400e+01 -2.400e+01 -2.400e+01 -2.400e+01 -2.400e+01 -2.400e+01 -2.400e+01 -2.400e+01
-5.264 -6.992 -2.400e+01 -2.400e+01 -2.400e+01 -2.400e+01 -2.400e+01 -2.400e+01 -2.400e+01 -2.400e+01 -2.400e+01
-5.239 -6.953 -2.400e+01 -2.400e+01 -2.400e+01 -2.400e+01 -2.400e+01 -2.400e+01 -2.400e+01 -2.400e+01 -2.400e+01
-5.204 -6.902 -2.400e+01 -2.400e+01 -2.400e+01 -2.400e+01 -2.400e+01 -2.400e+01 -2.400e+01 -2.400e+01 -2.400e+01
-5.177 -6.863 -2.400e+01 -2.400e+01 -2.400e+01 -2.400e+01 -2.400e+01 -2.400e+01 -2.400e+01 -2.400e+01 -2.400e+01
-5.149 -6.825 -2.400e+01 -2.400e+01 -2.400e+01 -2.400e+01 -2.400e+01 -2.400e+01 -2.400e+01 -2.400e+01 -2.400e+01
-5.112 -6.773 -2.400e+01 -2.400e+01 -2.400e+01 -2.400e+01 -2.400e+01 -2.400e+01 -2.400e+01 -2.400e+01 -2.400e+01
-5.082 -6.735 -2.400e+01 -2.400e+01 -2.400e+01 -2.400e+01 -2.400e+01 -2.400e+01 -2.400e+01 -2.400e+01 -2.400e+01
-5.053 -6.696 -2.400e+01 -2.400e+01 -2.400e+01 -2.400e+01 -2.400e+01 -2.400e+01 -2.400e+01 -2.400e+01 -2.400e+01
-5.022 -6.658 -2.400e+01 -2.400e+01 -2.400e+01 -2.400e+01 -2.400e+01 -2.400e+01 -2.400e+01 -2.400e+01 -2.400e+01
-4.991 -6.619 -2.400e+01 -2.400e+01 -2.400e+01 -2.400e+01 -2.400e+01 -2.400e+01 -2.400e+01 -2.400e+01 -2.400e+01
-4.960 -6.581 -2.400e+01 -2.400e+01 -2.400e+01 -2.400e+01 -2.400e+01 -2.400e+01 -2.400e+01 -2.400e+01 -2.400e+01
-4.939 -6.555 -2.400e+01 -2.400e+01 -2.400e+01 -2.400e+01 -2.400e+01 -2.400e+01 -2.400e+01 -2.400e+01 -2.400e+01
-4.907 -6.517 -2.400e+01 -2.400e+01 -2.400e+01 -2.400e+01 -2.400e+01 -2.400e+01 -2.400e+01 -2.400e+01 -2.400e+01
-4.874 -6.478 -2.400e+01 -2.400e+01 -2.400e+01 -2.400e+01 -2.400e+01 -2.400e+01 -2.400e+01 -2.400e+01 -2.400e+01
-4.841 -6.440 -2.400e+01 -2.400e+01 -2.400e+01 -2.400e+01 -2.400e+01 -2.400e+01 -2.400e+01 -2.400e+01 -2.400e+01
-4.819 -6.414 -2.400e+01 -2.400e+01 -2.400e+01 -2.400e+01 -2.400e+01 -2.400e+01 -2.400e+01 -2.400e+01 -2.400e+01
-4.785 -6.375 -2.400e+01 -2.400e+01 -2.400e+01 -2.400e+01 -2.400e+01 -2.400e+01 -2.400e+01 -2.400e+01 -2.400e+01
-4.751 -6.337 -2.400e+01 -2.400e+01 -2.400e+01 -2.400e+01 -2.400e+01 -2.400e+01 -2.400e+01 -2.400e+01 -2.400e+01
-4.728 -6.311 -2.400e+01 -2.400e+01 -2.400e+01 -2.400e+01 -2.400e+01 -2.400e+01 -2.400e+01 -2.400e+01 -2.400e+01
-4.693 -6.273 -2.400e+01 -2.400e+01 -2.400e+01 -2.400e+01 -2.400e+01 -2.400e+01 -2.400e+01 -2.400e+01 -2.400e+01
-4.670 -6.247 -2.400e+01 -2.400e+01 -2.400e+01 -2.400e+01 -2.400e+01 -2.400e+01 -2.400e+01 -2.400e+01 -2.400e+01
-4.635 -6.209 -2.400e+01 -2.400e+01 -2.400e+01 -2.400e+01 -2.400e+01 -2.400e+01 -2.400e+01 -2.400e+01 -2.400e+01
-4.599 -6.170 -2.400e+01 -2.400e+01 -2.400e+01 -2.400e+01 -2.400e+01 -2.400e+01 -2.400e+01 -2.400e+01 -2.400e+01
-4.576 -6.144 -2.400e+01 -2.400e+01 -2.400e+01 -2.400e+01 -2.400e+01 -2.400e+01 -2.400e+01 -2.400e+01 -2.400e+01
-4.540 -6.106 -2.400e+01 -2.400e+01 -2.400e+01 -2.400e+01 -2.400e+01 -2.400e+01 -2.400e+01 -2.400e+01 -2.400e+01
-4.516 -6.080 -2.400e+01 -2.400e+01 -2.400e+01 -2.400e+01 -2.400e+01 -2.400e+01 -2.400e+01 -2.400e+01 -2.400e+01
-4.480 -6.042 -2.400e+01 -2.400e+01 -2.400e+01 -2.400e+01 -2.400e+01 -2.400e+01 -2.400e+01 -2.400e+01 -2.400e+01
-4.455 -6.016 -2.400e+01 -2.400e+01 -2.400e+01 -2.400e+01 -2.400e+01 -2.400e+01 -2.400e+01 -2.400e+01 -2.400e+01
-4.419 -5.977 -2.400e+01 -2.400e+01 -2.400e+01 -2.400e+01 -2.400e+01 -2.400e+01 -2.400e+01 -2.400e+01 -2.400e+01
-4.395 -5.952 -2.400e+01 -2.400e+01 -2.400e+01 -2.400e+01 -2.400e+01 -2.400e+01 -2.400e+01 -2.400e+01 -2.400e+01
-4.358 -5.913 -2.400e+01 -2.400e+01 -2.400e+01 -2.400e+01 -2.400e+01 -2.400e+01 -2.400e+01 -2.400e+01 -2.400e+01
-4.333 -5.888 -2.400e+01 -2.400e+01 -2.400e+01 -2.400e+01 -2.400e+01 -2.400e+01 -2.400e+01 -2.400e+01 -2.400e+01
-4.309 -5.862 -2.400e+01 -2.400e+01 -2.400e+01 -2.400e+01 -2.400e+01 -2.400e+01 -2.400e+01 -2.400e+01 -2.400e+01
-4.272 -5.823 -2.400e+01 -2.400e+01 -2.400e+01 -2.400e+01 -2.400e+01 -2.400e+01 -2.400e+01 -2.400e+01 -2.400e+01
-4.247 -5.798 -2.400e+01 -2.400e+01 -2.400e+01 -2.400e+01 -2.400e+01 -2.400e+01 -2.400e+01 -2.400e+01 -2.400e+01
-4.210 -5.759 -2.400e+01 -2.400e+01 -2.400e+01 -2.400e+01 -2.400e+01 -2.400e+01 -2.400e+01 -2.400e+01 -2.400e+01
-4.185 -5.734 -2.400e+01 -2.400e+01 -2.400e+01 -2.400e+01 -2.400e+01 -2.400e+01 -2.400e+01 -2.400e+01 -2.400e+01
-4.160 -5.708 -2.400e+01 -2.400e+01 -2.400e+01 -2.400e+01 -2.400e+01 -2.400e+01 -2.400e+01 -2.400e+01 -2.400e+01
-4.122 -5.669 -2.400e+01 -2.400e+01 -2.400e+01 -2.400e+01 -2.400e+01 -2.400e+01 -2.400e+01 -2.400e+01 -2.400e+01
-4.097 -5.644 -2.400e+01 -2.400e+01 -2.400e+01 -2.400e+01 -2.400e+01 -2.400e+01 -2.400e+01 -2.400e+01 -2.400e+01
-4.060 -5.605 -2.400e+01 -2.400e+01 -2.400e+01 -2.400e+01 -2.400e+01 -2.400e+01 -2.400e+01 -2.400e+01 -2.400e+01
-4.035 -5.580 -2.400e+01 -2.400e+01 -2.400e+01 -2.400e+01 -2.400e+01 -2.400e+01 -2.400e+01 -2.400e+01 -2.400e+01
-4.009 -5.554 -2.400e+01 -2.400e+01 -2.400e+01 -2.400e+01 -2.400e+01 -2.400e+01 -2.400e+01 -2.400e+01 -2.400e+01
-3.972 -5.515 -2.400e+01 -2.400e+01 -2.400e+01 -2.400e+01 -2.400e+01 -2.400e+01 -2.400e+01 -2.400e+01 -2.400e+01
-3.946 -5.490 -2.400e+01 -2.400e+01 -2.400e+01 -2.400e+01 -2.400e+01 -2.400e+01 -2.400e+01 -2.400e+01 -2.400e+01
-3.909 -5.451 -2.400e+01 -2.400e+01 -2.400e+01 -2.400e+01 -2.400e+01 -2.400e+01 -2.400e+01 -2.400e+01 -2.400e+01
-3.883 -5.425 -2.400e+01 -2.400e+01 -2.400e+01 -2.400e+01 -2.400e+01 -2.400e+01 -2.400e+01 -2.400e+01 -2.400e+01
-3.858 -5.400 -2.400e+01 -2.400e+01 -2.400e+01 -2.400e+01 -2.400e+01 -2.400e+01 -2.400e+01 -2.400e+01 -2.400e+01
-3.820 -5.361 -2.400e+01 -2.400e+01 -2.400e+01 -2.400e+01 -2.400e+01 -2.400e+01 -2.400e+01 -2.400e+01 -2.400e+01
-3.795 -5.336 -2.400e+01 -2.400e+01 -2.400e+01 -2.400e+01 -2.400e+01 -2.400e+01 -2.400e+01 -2.400e+01 -2.400e+01
-3.769 -5.310 -2.400e+01 -2.400e+01 -2.400e+01 -2.400e+01 -2.400e+01 -2.400e+01 -2.400e+01 -2.400e+01 -2.400e+01
-3.731 -5.271 -2.400e+01 -2.400e+01 -2.400e+01 -2.400e+01 -2.400e+01 -2.400e+01 -2.400e+01 -2.400e+01 -2.400e+01
-3.706 -5.246 -2.400e+01 -2.400e+01 -2.400e+01 -2.400e+01 -2.400e+01 -2.400e+01 -2.400e+01 -2.400e+01 -2.400e+01
-3.668 -5.207 -2.400e+01 -2.400e+01 -2.400e+01 -2.400e+01 -2.400e+01 -2.400e+01 -2.400e+01 -2.400e+01 -2.400e+01
-3.642 -5.182 -2.400e+01 -2.400e+01 -2.400e+01 -2.400e+01 -2.400e+01 -2.400e+01 -2.400e+01 -2.400e+01 -2.400e+01
-3.617 -5.156 -2.400e+01 -2.400e+01 -2.400e+01 -2.400e+01 -2.400e+01 -2.400e+01 -2.400e+01 -2.400e+01 -2.400e+01
-3.578 -5.117 -2.400e+01 -2.400e+01 -2.400e+01 -2.400e+01 -2.400e+01 -2.400e+01 -2.400e+01 -2.400e+01 -2.400e+01
-3.553 -5.092 -2.400e+01 -2.400e+01 -2.400e+01 -2.400e+01 -2.400e+01 -2.400e+01 -2.400e+01 -2.400e+01 -2.400e+01
-3.527 -5.066 -2.400e+01 -2.400e+01 -2.400e+01 -2.400e+01 -2.400e+01 -2.400e+01 -2.400e+01 -2.400e+01 -2.400e+01
-3.489 -5.028 -2.400e+01 -2.400e+01 -2.400e+01 -2.400e+01 -2.400e+01 -2.400e+01 -2.400e+01 -2.400e+01 -2.400e+01
-3.464 -5.002 -2.400e+01 -2.400e+01 -2.400e+01 -2.400e+01 -2.400e+01 -2.400e+01 -2.400e+01 -2.400e+01 -2.400e+01
-3.438 -4.976 -2.400e+01 -2.400e+01 -2.400e+01 -2.400e+01 -2.400e+01 -2.400e+01 -2.400e+01 -2.400e+01 -2.400e+01
-3.400 -4.938 -2.400e+01 -2.400e+01 -2.400e+01 -2.400e+01 -2.400e+01 -2.400e+01 -2.400e+01 -2.400e+01 -2.400e+01
-3.374 -4.912 -2.400e+01 -2.400e+01 -2.400e+01 -2.400e+01 -2.400e+01 -2.400e+01 -2.400e+01 -2.400e+01 -2.400e+01
-3.349 -4.886 -2.400e+01 -2.400e+01 -2.400e+01 -2.400e+01 -2.400e+01 -2.400e+01 -2.400e+01 -2.400e+01 -2.400e+01
-3.310 -4.848 -2.400e+01 -2.400e+01 -2.400e+01 -2.400e+01 -2.400e+01 -2.400e+01 -2.400e+01 -2.400e+01 -2.400e+01
-3.285 -4.822 -2.400e+01 -2.400e+01 -2.400e+01 -2.400e+01 -2.400e+01 -2.400e+01 -2.400e+01 -2.400e+01 -2.400e+01
-3.259 -4.796 -2.400e+01 -2.400e+01 -2.400e+01 -2.400e+01 -2.400e+01 -2.400e+01 -2.400e+01 -2.400e+01 -2.400e+01
-3.221 -4.758 -2.400e+01 -2.400e+01 -2.400e+01 -2.400e+01 -2.400e+01 -2.400e+01 -2.400e+01 -2.400e+01 -2.400e+01
-3.195 -4.732 -2.400e+01 -2.400e+01 -2.400e+01 -2.400e+01 -2.400e+01 -2.400e+01 -2.400e+01 -2.400e+01 -2.400e+01
-3.170 -4.707 -2.400e+01 -2.400e+01 -2.400e+01 -2.400e+01 -2.400e+01 -2.400e+01 -2.400e+01 -2.400e+01 -2.400e+01
-3.131 -4.668 -2.400e+01 -2.400e+01 -2.400e+01 -2.400e+01 -2.400e+01 -2.400e+01 -2.400e+01 -2.400e+01 -2.400e+01
-3.106 -4.642 -2.400e+01 -2.400e+01 -2.400e+01 -2.400e+01 -2.400e+01 -2.400e+01 -2.400e+01 -2.400e+01 -2.400e+01
-3.067 -4.604 -2.400e+01 -2.400e+01 -2.400e+01 -2.400e+01 -2.400e+01 -2.400e+01 -2.400e+01 -2.400e+01 -2.400e+01
-3.042 -4.578 -2.400e+01 -2.400e+01 -2.400e+01 -2.400e+01 -2.400e+01 -2.400e+01 -2.400e+01 -2.400e+01 -2.400e+01
-3.016 -4.553 -2.400e+01 -2.400e+01 -2.400e+01 -2.400e+01 -2.400e+01 -2.400e+01 -2.400e+01 -2.400e+01 -2.400e+01
-2.978 -4.514 -2.400e+01 -2.400e+01 -2.400e+01 -2.400e+01 -2.400e+01 -2.400e+01 -2.400e+01 -2.400e+01 -2.400e+01
-2.952 -4.488 -2.400e+01 -2.400e+01 -2.400e+01 -2.400e+01 -2.400e+01 -2.400e+01 -2.400e+01 -2.400e+01 -2.400e+01
-2.926 -4.463 -2.400e+01 -2.400e+01 -2.400e+01 -2.400e+01 -2.400e+01 -2.400e+01 -2.400e+01 -2.400e+01 -2.400e+01
-2.888 -4.424 -2.400e+01 -2.400e+01 -2.400e+01 -2.400e+01 -2.400e+01 -2.400e+01 -2.400e+01 -2.400e+01 -2.400e+01
-2.862 -4.399 -2.400e+01 -2.400e+01 -2.400e+01 -2.400e+01 -2.400e+01 -2.400e+01 -2.400e+01 -2.400e+01 -2.400e+01
-2.837 -4.373 -2.400e+01 -2.400e+01 -2.400e+01 -2.400e+01 -2.400e+01 -2.400e+01 -2.400e+01 -2.400e+01 -2.400e+01
-2.798 -4.334 -2.400e+01 -2.400e+01 -2.400e+01 -2.400e+01 -2.400e+01 -2.400e+01 -2.400e+01 -2.400e+01 -2.400e+01
-2.772 -4.309 -2.400e+01 -2.400e+01 -2.400e+01 -2.400e+01 -2.400e+01 -2.400e+01 -2.400e+01 -2.400e+01 -2.400e+01
-2.747 -4.283 -2.400e+01 -2.400e+01 -2.400e+01 -2.400e+01 -2.400e+01 -2.400e+01 -2.400e+01 -2.400e+01 -2.400e+01
-2.708 -4.244 -2.400e+01 -2.400e+01 -2.400e+01 -2.400e+01 -2.400e+01 -2.400e+01 -2.400e+01 -2.400e+01 -2.400e+01
-2.683 -4.219 -2.400e+01 -2.400e+01 -2.400e+01 -2.400e+01 -2.400e+01 -2.400e+01 -2.400e+01 -2.400e+01 -2.400e+01
-2.657 -4.193 -2.400e+01 -2.400e+01 -2.400e+01 -2.400e+01 -2.400e+01 -2.400e+01 -2.400e+01 -2.400e+01 -2.400e+01
-2.619 -4.155 -2.400e+01 -2.400e+01 -2.400e+01 -2.400e+01 -2.400e+01 -2.400e+01 -2.400e+01 -2.400e+01 -2.400e+01
-2.593 -4.129 -2.400e+01 -2.400e+01 -2.400e+01 -2.400e+01 -2.400e+01 -2.400e+01 -2.400e+01 -2.400e+01 -2.400e+01
-2.567 -4.103 -2.400e+01 -2.400e+01 -2.400e+01 -2.400e+01 -2.400e+01 -2.400e+01 -2.400e+01 -2.400e+01 -2.400e+01
-2.529 -4.065 -2.400e+01 -2.400e+01 -2.400e+01 -2.400e+01 -2.400e+01 -2.400e+01 -2.400e+01 -2.400e+01 -2.400e+01
-2.503 -4.039 -2.400e+01 -2.400e+01 -2.400e+01 -2.400e+01 -2.400e+01 -2.400e+01 -2.400e+01 -2.400e+01 -2.400e+01
-2.477 -4.013 -2.400e+01 -2.400e+01 -2.400e+01 -2.400e+01 -2.400e+01 -2.400e+01 -2.400e+01 -2.400e+01 -2.400e+01
-2.439 -3.975 -2.400e+01 -2.400e+01 -2.400e+01 -2.400e+01 -2.400e+01 -2.400e+01 -2.400e+01 -2.400e+01 -2.400e+01
-2.413 -3.949 -2.400e+01 -2.400e+01 -2.400e+01 -2.400e+01 -2.400e+01 -2.400e+01 -2.400e+01 -2.400e+01 -2.400e+01
-2.388 -3.924 -2.400e+01 -2.400e+01 -2.400e+01 -2.400e+01 -2.400e+01 -2.400e+01 -2.400e+01 -2.400e+01 -2.400e+01
-2.349 -3.885 -2.400e+01 -2.400e+01 -2.400e+01 -2.400e+01 -2.400e+01 -2.400e+01 -2.400e+01 -2.400e+01 -2.400e+01
-2.323 -3.859 -2.400e+01 -2.400e+01 -2.400e+01 -2.400e+01 -2.400e+01 -2.400e+01 -2.400e+01 -2.400e+01 -2.400e+01
-2.298 -3.834 -2.400e+01 -2.400e+01 -2.400e+01 -2.400e+01 -2.400e+01 -2.400e+01 -2.400e+01 -2.400e+01 -2.400e+01
-2.259 -3.795 -2.400e+01 -2.400e+01 -2.400e+01 -2.400e+01 -2.400e+01 -2.400e+01 -2.400e+01 -2.400e+01 -2.400e+01
-2.234 -3.769 -2.400e+01 -2.400e+01 -2.400e+01 -2.400e+01 -2.400e+01 -2.400e+01 -2.400e+01 -2.400e+01 -2.400e+01
-2.208 -3.744 -2.400e+01 -2.400e+01 -2.400e+01 -2.400e+01 -2.400e+01 -2.400e+01 -2.400e+01 -2.400e+01 -2.400e+01
-2.169 -3.705 -2.400e+01 -2.400e+01 -2.400e+01 -2.400e+01 -2.400e+01 -2.400e+01 -2.400e+01 -2.400e+01 -2.400e+01
-2.144 -3.680 -2.400e+01 -2.400e+01 -2.400e+01 -2.400e+01 -2.400e+01 -2.400e+01 -2.400e+01 -2.400e+01 -2.400e+01
-2.118 -3.654 -2.400e+01 -2.400e+01 -2.400e+01 -2.400e+01 -2.400e+01 -2.400e+01 -2.400e+01 -2.400e+01 -2.400e+01
-2.080 -3.615 -2.400e+01 -2.400e+01 -2.400e+01 -2.400e+01 -2.400e+01 -2.400e+01 -2.400e+01 -2.400e+01 -2.400e+01
-2.054 -3.590 -2.400e+01 -2.400e+01 -2.400e+01 -2.400e+01 -2.400e+01 -2.400e+01 -2.400e+01 -2.400e+01 -2.400e+01
-2.028 -3.564 -2.400e+01 -2.400e+01 -2.400e+01 -2.400e+01 -2.400e+01 -2.400e+01 -2.400e+01 -2.400e+01 -2.400e+01
-1.990 -3.526 -2.400e+01 -2.400e+01 -2.400e+01 -2.400e+01 -2.400e+01 -2.400e+01 -2.400e+01 -2.400e+01 -2.400e+01