-3.910 -5.238  0.454  4.364 0.000 73.476 1.000 -2.400e+01 -1.496e-01 -5.591e-01 -2.517e+00 -4.436e+00 -1.695e+01 -2.957e+00 -5.359e+00 -1.954e+01 -2.017e+00 -5.305e+00 -4.662e+00 -2.049e+01 -2.368e+01 -1.498e+01 -2.806e+00
-3.820 -4.820  0.544  4.364 0.000 73.476 1.000 -2.400e+01 -1.496e-01 -5.591e-01 -2.517e+00 -4.436e+00 -1.686e+01 -2.957e+00 -5.359e+00 -1.945e+01 -2.017e+00 -5.305e+00 -4.662e+00 -2.040e+01 -2.360e+01 -1.498e+01 -2.806e+00
-3.730 -5.212  0.634  4.364 0.000 73.476 1.000 -2.400e+01 -1.496e-01 -5.591e-01 -2.517e+00 -4.436e+00 -1.677e+01 -2.957e+00 -5.359e+00 -1.936e+01 -2.017e+00 -5.305e+00 -4.662e+00 -2.031e+01 -2.351e+01 -1.498e+01 -2.806e+00
-3.640 -5.096  0.724  4.364 0.000 73.476 1.000 -2.400e+01 -1.496e-01 -5.591e-01 -2.517e+00 -4.436e+00 -1.668e+01 -2.957e+00 -5.359e+00 -1.927e+01 -2.017e+00 -5.305e+00 -4.662e+00 -2.022e+01 -2.342e+01 -1.498e+01 -2.806e+00
-3.550 -5.170  0.814  4.364 0.000 73.476 1.000 -2.400e+01 -1.496e-01 -5.591e-01 -2.517e+00 -4.436e+00 -1.659e+01 -2.957e+00 -5.359e+00 -1.918e+01 -2.017e+00 -5.305e+00 -4.662e+00 -2.013e+01 -2.333e+01 -1.498e+01 -2.806e+00
-3.460 -4.460  0.904  4.364 0.000 73.476 1.000 -2.400e+01 -1.496e-01 -5.591e-01 -2.517e+00 -4.436e+00 -1.650e+01 -2.957e+00 -5.359e+00 -1.909e+01 -2.017e+00 -5.305e+00 -4.662e+00 -2.004e+01 -2.324e+01 -1.498e+01 -2.806e+00
-3.370 -4.852  0.994  4.364 0.000 73.476 1.000 -2.400e+01 -1.496e-01 -5.591e-01 -2.517e+00 -4.436e+00 -1.641e+01 -2.957e+00 -5.359e+00 -1.900e+01 -2.017e+00 -5.305e+00 -4.662e+00 -1.995e+01 -2.315e+01 -1.498e+01 -2.806e+00
-3.280 -4.736  1.084  4.364 0.000 73.476 1.000 -2.400e+01 -1.496e-01 -5.591e-01 -2.517e+00 -4.436e+00 -1.632e+01 -2.957e+00 -5.359e+00 -1.891e+01 -2.017e+00 -5.305e+00 -4.662e+00 -1.986e+01 -2.306e+01 -1.498e+01 -2.806e+00
-3.190 -4.810  1.174  4.364 0.000 73.476 1.000 -2.400e+01 -1.496e-01 -5.591e-01 -2.517e+00 -4.436e+00 -1.623e+01 -2.957e+00 -5.359e+00 -1.882e+01 -2.017e+00 -5.305e+00 -4.662e+00 -1.977e+01 -2.297e+01 -1.498e+01 -2.806e+00
-3.100 -4.100  1.264  4.364 0.000 73.476 1.000 -2.400e+01 -1.496e-01 -5.591e-01 -2.517e+00 -4.436e+00 -1.614e+01 -2.957e+00 -5.359e+00 -1.873e+01 -2.017e+00 -5.305e+00 -4.662e+00 -1.968e+01 -2.288e+01 -1.498e+01 -2.806e+00
-3.010 -4.492  1.354  4.364 0.000 73.476 1.000 -2.400e+01 -1.496e-01 -5.591e-01 -2.517e+00 -4.436e+00 -1.605e+01 -2.957e+00 -5.359e+00 -1.864e+01 -2.017e+00 -5.305e+00 -4.662e+00 -1.959e+01 -2.279e+01 -1.498e+01 -2.806e+00
-2.920 -4.376  1.444  4.364 0.000 73.476 1.000 -2.400e+01 -1.496e-01 -5.591e-01 -2.517e+00 -4.436e+00 -1.596e+01 -2.957e+00 -5.359e+00 -1.855e+01 -2.017e+00 -5.305e+00 -4.662e+00 -1.950e+01 -2.270e+01 -1.498e+01 -2.806e+00
-2.830 -4.450  1.534  4.364 0.000 73.476 1.000 -2.400e+01 -1.496e-01 -5.591e-01 -2.517e+00 -4.436e+00 -1.587e+01 -2.957e+00 -5.359e+00 -1.846e+01 -2.017e+00 -5.305e+00 -4.662e+00 -1.941e+01 -2.262e+01 -1.498e+01 -2.806e+00
-2.740 -3.740  1.624  4.364 0.000 73.476 1.000 -2.400e+01 -1.496e-01 -5.591e-01 -2.517e+00 -4.436e+00 -1.578e+01 -2.957e+00 -5.359e+00 -1.837e+01 -2.017e+00 -5.305e+00 -4.662e+00 -1.932e+01 -2.253e+01 -1.498e+01 -2.806e+00
-2.650 -4.132  1.714  4.364 0.000 73.476 1.000 -2.400e+01 -1.496e-01 -5.591e-01 -2.517e+00 -4.436e+00 -1.569e+01 -2.957e+00 -5.359e+00 -1.828e+01 -2.017e+00 -5.305e+00 -4.662e+00 -1.923e+01 -2.244e+01 -1.498e+01 -2.806e+00
-2.560 -4.016  1.804  4.364 0.000 73.476 1.000 -2.400e+01 -1.496e-01 -5.591e-01 -2.517e+00 -4.436e+00 -1.560e+01 -2.957e+00 -5.359e+00 -1.819e+01 -2.017e+00 -5.305e+00 -4.662e+00 -1.914e+01 -2.235e+01 -1.498e+01 -2.806e+00
-2.470 -4.090  1.894  4.364 0.000 73.476 1.000 -2.400e+01 -1.496e-01 -5.591e-01 -2.517e+00 -4.436e+00 -1.551e+01 -2.957e+00 -5.359e+00 -1.810e+01 -2.017e+00 -5.305e+00 -4.662e+00 -1.905e+01 -2.226e+01 -1.498e+01 -2.806e+00
-2.380 -3.380  1.984  4.364 0.000 73.476 1.000 -2.400e+01 -1.496e-01 -5.591e-01 -2.517e+00 -4.436e+00 -1.542e+01 -2.957e+00 -5.359e+00 -1.801e+01 -2.017e+00 -5.305e+00 -4.662e+00 -1.896e+01 -2.217e+01 -1.498e+01 -2.806e+00
-2.290 -3.772  2.074  4.364 0.000 73.476 1.000 -2.400e+01 -1.496e-01 -5.591e-01 -2.517e+00 -4.436e+00 -1.533e+01 -2.957e+00 -5.359e+00 -1.792e+01 -2.017e+00 -5.305e+00 -4.662e+00 -1.887e+01 -2.208e+01 -1.498e+01 -2.806e+00
-2.200 -3.656  2.164  4.364 0.000 73.476 1.000 -2.400e+01 -1.496e-01 -5.591e-01 -2.517e+00 -4.436e+00 -1.524e+01 -2.957e+00 -5.359e+00 -1.783e+01 -2.017e+00 -5.305e+00 -4.662e+00 -1.878e+01 -2.199e+01 -1.498e+01 -2.806e+00
-2.110 -3.730  2.254  4.364 0.000 73.476 1.000 -2.400e+01 -1.496e-01 -5.591e-01 -2.517e+00 -4.436e+00 -1.515e+01 -2.957e+00 -5.359e+00 -1.774e+01 -2.017e+00 -5.305e+00 -4.662e+00 -1.869e+01 -2.190e+01 -1.498e+01 -2.806e+00
-2.020 -3.020  2.344  4.364 0.000 73.476 1.000 -2.400e+01 -1.496e-01 -5.591e-01 -2.517e+00 -4.436e+00 -1.506e+01 -2.957e+00 -5.359e+00 -1.765e+01 -2.017e+00 -5.305e+00 -4.662e+00 -1.860e+01 -2.181e+01 -1.498e+01 -2.806e+00
-1.930 -3.412  2.434  4.364 0.000 73.476 1.000 -2.400e+01 -1.496e-01 -5.591e-01 -2.517e+00 -4.436e+00 -1.497e+01 -2.957e+00 -5.359e+00 -1.756e+01 -2.017e+00 -5.305e+00 -4.662e+00 -1.851e+01 -2.172e+01 -1.498e+01 -2.806e+00
-1.840 -3.296  2.524  4.364 0.000 73.476 1.000 -2.400e+01 -1.496e-01 -5.591e-01 -2.517e+00 -4.436e+00 -1.488e+01 -2.957e+00 -5.359e+00 -1.747e+01 -2.017e+00 -5.305e+00 -4.662e+00 -1.842e+01 -2.163e+01 -1.498e+01 -2.806e+00
-1.750 -3.370  2.614  4.365 0.000 73.476 1.000 -2.400e+01 -1.496e-01 -5.591e-01 -2.517e+00 -4.436e+00 -1.479e+01 -2.957e+00 -5.359e+00 -1.738e+01 -2.017e+00 -5.305e+00 -4.662e+00 -1.833e+01 -2.154e+01 -1.498e+01 -2.806e+00
-1.660 -2.660  2.704  4.365 0.000 73.476 1.000 -2.400e+01 -1.496e-01 -5.591e-01 -2.517e+00 -4.436e+00 -1.470e+01 -2.957e+00 -5.359e+00 -1.729e+01 -2.017e+00 -5.305e+00 -4.662e+00 -1.824e+01 -2.145e+01 -1.498e+01 -2.806e+00
-1.570 -3.052  2.794  4.365 0.000 73.476 1.000 -2.400e+01 -1.496e-01 -5.591e-01 -2.517e+00 -4.436e+00 -1.461e+01 -2.957e+00 -5.359e+00 -1.720e+01 -2.017e+00 -5.305e+00 -4.662e+00 -1.815e+01 -2.136e+01 -1.498e+01 -2.806e+00
-1.480 -2.936  2.884  4.365 0.000 73.476 1.000 -2.400e+01 -1.496e-01 -5.591e-01 -2.517e+00 -4.436e+00 -1.452e+01 -2.957e+00 -5.359e+00 -1.711e+01 -2.017e+00 -5.305e+00 -4.662e+00 -1.806e+01 -2.127e+01 -1.498e+01 -2.806e+00
-1.390 -3.010  2.975  4.365 0.000 73.476 1.000 -2.400e+01 -1.496e-01 -5.591e-01 -2.517e+00 -4.436e+00 -1.443e+01 -2.957e+00 -5.359e+00 -1.702e+01 -2.017e+00 -5.305e+00 -4.662e+00 -1.797e+01 -2.118e+01 -1.498e+01 -2.806e+00
-1.300 -2.300  3.065  4.365 0.000 73.476 1.000 -2.400e+01 -1.496e-01 -5.591e-01 -2.517e+00 -4.436e+00 -1.434e+01 -2.957e+00 -5.359e+00 -1.693e+01 -2.017e+00 -5.305e+00 -4.662e+00 -1.788e+01 -2.109e+01 -1.498e+01 -2.806e+00
-1.210 -2.692  3.155  4.365 0.000 73.476 1.000 -2.400e+01 -1.496e-01 -5.591e-01 -2.517e+00 -4.436e+00 -1.425e+01 -2.957e+00 -5.359e+00 -1.684e+01 -2.017e+00 -5.305e+00 -4.662e+00 -1.779e+01 -2.100e+01 -1.498e+01 -2.806e+00
-1.120 -2.576  3.245  4.365 0.000 73.476 1.000 -2.400e+01 -1.496e-01 -5.591e-01 -2.517e+00 -4.436e+00 -1.416e+01 -2.957e+00 -5.359e+00 -1.675e+01 -2.017e+00 -5.305e+00 -4.662e+00 -1.770e+01 -2.091e+01 -1.498e+01 -2.806e+00
-1.030 -2.650  3.335  4.365 0.000 73.476 1.000 -2.400e+01 -1.496e-01 -5.591e-01 -2.517e+00 -4.436e+00 -1.407e+01 -2.957e+00 -5.359e+00 -1.666e+01 -2.017e+00 -5.305e+00 -4.662e+00 -1.761e+01 -2.082e+01 -1.498e+01 -2.806e+00
-0.940 -1.940  3.425  4.365 0.000 73.476 1.000 -2.400e+01 -1.496e-01 -5.591e-01 -2.517e+00 -4.436e+00 -1.398e+01 -2.957e+00 -5.359e+00 -1.657e+01 -2.017e+00 -5.305e+00 -4.662e+00 -1.752e+01 -2.073e+01 -1.498e+01 -2.806e+00
-0.850 -2.332  3.515  4.365 0.000 73.476 1.000 -2.400e+01 -1.496e-01 -5.591e-01 -2.517e+00 -4.436e+00 -1.389e+01 -2.957e+00 -5.359e+00 -1.648e+01 -2.017e+00 -5.305e+00 -4.662e+00 -1.743e+01 -2.064e+01 -1.498e+01 -2.806e+00
-0.760 -2.216  3.605  4.365 0.000 73.476 1.000 -2.400e+01 -1.496e-01 -5.591e-01 -2.517e+00 -4.436e+00 -1.380e+01 -2.957e+00 -5.359e+00 -1.639e+01 -2.017e+00 -5.305e+00 -4.662e+00 -1.734e+01 -2.055e+01 -1.498e+01 -2.806e+00
-0.670 -2.290  3.695  4.365 0.000 73.476 1.000 -2.400e+01 -1.496e-01 -5.591e-01 -2.517e+00 -4.436e+00 -1.371e+01 -2.957e+00 -5.359e+00 -1.630e+01 -2.017e+00 -5.305e+00 -4.662e+00 -1.725e+01 -2.046e+01 -1.498e+01 -2.806e+00
-0.580 -1.580  3.785  4.365 0.000 73.476 1.000 -2.400e+01 -1.496e-01 -5.591e-01 -2.517e+00 -4.436e+00 -1.362e+01 -2.957e+00 -5.359e+00 -1.621e+01 -2.017e+00 -5.305e+00 -4.662e+00 -1.716e+01 -2.037e+01 -1.498e+01 -2.806e+00
-0.490 -1.972  3.875  4.365 0.000 73.476 1.000 -2.400e+01 -1.496e-01 -5.591e-01 -2.517e+00 -4.436e+00 -1.353e+01 -2.957e+00 -5.359e+00 -1.612e+01 -2.017e+00 -5.305e+00 -4.662e+00 -1.707e+01 -2.028e+01 -1.498e+01 -2.806e+00
-0.400 -1.856  3.965  4.365 0.000 73.476 1.000 -2.400e+01 -1.496e-01 -5.591e-01 -2.517e+00 -4.436e+00 -1.344e+01 -2.957e+00 -5.359e+00 -1.603e+01 -2.017e+00 -5.305e+00 -4.662e+00 -1.698e+01 -2.019e+01 -1.498e+01 -2.806e+00
-0.310 -1.930  4.055  4.365 0.000 73.476 1.000 -2.400e+01 -1.496e-01 -5.591e-01 -2.517e+00 -4.436e+00 -1.335e+01 -2.957e+00 -5.359e+00 -1.594e+01 -2.017e+00 -5.305e+00 -4.662e+00 -1.689e+01 -2.010e+01 -1.498e+01 -2.806e+00
-0.220 -1.220  4.145  4.365 0.000 73.476 1.000 -2.400e+01 -1.496e-01 -5.591e-01 -2.517e+00 -4.436e+00 -1.326e+01 -2.957e+00 -5.359e+00 -1.585e+01 -2.017e+00 -5.305e+00 -4.662e+00 -1.681e+01 -2.001e+01 -1.498e+01 -2.806e+00
-0.130 -1.612  4.235  4.365 0.000 73.476 1.000 -2.400e+01 -1.496e-01 -5.591e-01 -2.517e+00 -4.436e+00 -1.317e+01 -2.957e+00 -5.359e+00 -1.576e+01 -2.017e+00 -5.305e+00 -4.662e+00 -1.672e+01 -1.992e+01 -1.498e+01 -2.806e+00
-0.040 -1.496  4.325  4.365 0.000 73.476 1.000 -2.400e+01 -1.496e-01 -5.591e-01 -2.517e+00 -4.436e+00 -1.308e+01 -2.957e+00 -5.359e+00 -1.567e+01 -2.017e+00 -5.305e+00 -4.662e+00 -1.663e+01 -1.983e+01 -1.498e+01 -2.806e+00
+0.050 -1.570  4.415  4.365 0.000 73.500 1.000 -2.400e+01 -1.496e-01 -5.591e-01 -2.517e+00 -4.436e+00 -1.299e+01 -2.957e+00 -5.359e+00 -1.559e+01 -2.017e+00 -5.305e+00 -4.662e+00 -1.654e+01 -1.974e+01 -1.498e+01 -2.806e+00
+0.140 -0.860  4.505  4.365 0.000 73.500 1.000 -2.400e+01 -1.496e-01 -5.591e-01 -2.517e+00 -4.436e+00 -1.290e+01 -2.957e+00 -5.359e+00 -1.550e+01 -2.017e+00 -5.305e+00 -4.662e+00 -1.645e+01 -1.965e+01 -1.498e+01 -2.806e+00
+0.230 -1.252  4.595  4.365 0.000 73.500 1.000 -2.400e+01 -1.496e-01 -5.591e-01 -2.517e+00 -4.436e+00 -1.281e+01 -2.957e+00 -5.359e+00 -1.541e+01 -2.017e+00 -5.305e+00 -4.662e+00 -1.636e+01 -1.956e+01 -1.498e+01 -2.806e+00
+0.320 -1.136  4.685  4.365 0.000 73.524 1.000 -2.400e+01 -1.496e-01 -5.591e-01 -2.517e+00 -4.436e+00 -1.272e+01 -2.957e+00 -5.359e+00 -1.532e+01 -2.017e+00 -5.305e+00 -4.662e+00 -1.627e+01 -1.947e+01 -1.498e+01 -2.806e+00
+0.410 -1.210  4.775  4.365 0.000 73.524 1.000 -2.400e+01 -1.496e-01 -5.591e-01 -2.517e+00 -4.436e+00 -1.263e+01 -2.957e+00 -5.359e+00 -1.523e+01 -2.017e+00 -5.305e+00 -4.662e+00 -1.618e+01 -1.938e+01 -1.498e+01 -2.806e+00
+0.500 -0.500  4.865  4.366 0.000 73.524 1.000 -2.400e+01 -1.496e-01 -5.591e-01 -2.517e+00 -4.436e+00 -1.254e+01 -2.957e+00 -5.359e+00 -1.514e+01 -2.017e+00 -5.305e+00 -4.662e+00 -1.609e+01 -1.929e+01 -1.498e+01 -2.806e+00
+0.590 -0.892  4.955  4.366 0.000 73.524 1.000 -2.400e+01 -1.496e-01 -5.591e-01 -2.517e+00 -4.436e+00 -1.245e+01 -2.957e+00 -5.359e+00 -1.505e+01 -2.017e+00 -5.305e+00 -4.662e+00 -1.600e+01 -1.920e+01 -1.498e+01 -2.806e+00
+0.680 -0.776  5.045  4.366 0.000 73.524 1.000 -2.400e+01 -1.496e-01 -5.591e-01 -2.517e+00 -4.436e+00 -1.236e+01 -2.957e+00 -5.359e+00 -1.496e+01 -2.017e+00 -5.305e+00 -4.662e+00 -1.591e+01 -1.911e+01 -1.498e+01 -2.806e+00
+0.770 -0.850  5.135  4.366 0.000 73.524 1.000 -2.400e+01 -1.496e-01 -5.591e-01 -2.517e+00 -4.436e+00 -1.227e+01 -2.957e+00 -5.359e+00 -1.487e+01 -2.017e+00 -5.305e+00 -4.662e+00 -1.583e+01 -1.902e+01 -1.498e+01 -2.806e+00
+0.860 -0.140  5.226  4.367 0.000 73.524 1.000 -2.400e+01 -1.496e-01 -5.591e-01 -2.517e+00 -4.436e+00 -1.218e+01 -2.957e+00 -5.359e+00 -1.478e+01 -2.017e+00 -5.305e+00 -4.662e+00 -1.574e+01 -1.893e+01 -1.498e+01 -2.806e+00
+0.950 -0.532  5.316  4.367 0.000 73.524 1.000 -2.400e+01 -1.496e-01 -5.591e-01 -2.517e+00 -4.436e+00 -1.209e+01 -2.957e+00 -5.359e+00 -1.469e+01 -2.017e+00 -5.305e+00 -4.662e+00 -1.565e+01 -1.884e+01 -1.498e+01 -2.806e+00
+1.040 -0.416  5.406  4.368 0.000 73.524 1.000 -2.400e+01 -1.496e-01 -5.591e-01 -2.517e+00 -4.436e+00 -1.200e+01 -2.957e+00 -5.359e+00 -1.461e+01 -2.017e+00 -5.305e+00 -4.662e+00 -1.557e+01 -1.875e+01 -1.498e+01 -2.806e+00
+1.130 -0.490  5.497  4.369 0.000 73.524 1.000 -2.400e+01 -1.496e-01 -5.591e-01 -2.517e+00 -4.436e+00 -1.191e+01 -2.957e+00 -5.359e+00 -1.452e+01 -2.017e+00 -5.305e+00 -4.662e+00 -1.548e+01 -1.866e+01 -1.498e+01 -2.806e+00
+1.220 +0.220  5.587  4.370 0.000 73.524 1.000 -2.400e+01 -1.496e-01 -5.591e-01 -2.517e+00 -4.436e+00 -1.182e+01 -2.957e+00 -5.359e+00 -1.443e+01 -2.017e+00 -5.305e+00 -4.662e+00 -1.540e+01 -1.857e+01 -1.498e+01 -2.806e+00
+1.310 -0.172  5.678  4.371 0.000 73.524 1.000 -2.400e+01 -1.496e-01 -5.591e-01 -2.517e+00 -4.436e+00 -1.173e+01 -2.957e+00 -5.359e+00 -1.435e+01 -2.017e+00 -5.305e+00 -4.662e+00 -1.532e+01 -1.848e+01 -1.497e+01 -2.806e+00
+1.400 -0.056  5.769  4.373 0.000 73.524 1.000 -2.400e+01 -1.496e-01 -5.591e-01 -2.517e+00 -4.436e+00 -1.164e+01 -2.957e+00 -5.359e+00 -1.426e+01 -2.017e+00 -5.305e+00 -4.662e+00 -1.524e+01 -1.839e+01 -1.497e+01 -2.806e+00
+1.490 -0.130  5.859  4.374 0.000 73.524 1.000 -2.400e+01 -1.496e-01 -5.591e-01 -2.517e+00 -4.436e+00 -1.155e+01 -2.957e+00 -5.359e+00 -1.418e+01 -2.017e+00 -5.305e+00 -4.662e+00 -1.516e+01 -1.830e+01 -1.497e+01 -2.806e+00
+1.580 +0.580  5.951  4.376 0.000 73.524 1.000 -2.400e+01 -1.496e-01 -5.591e-01 -2.517e+00 -4.436e+00 -1.147e+01 -2.957e+00 -5.359e+00 -1.410e+01 -2.017e+00 -5.305e+00 -4.662e+00 -1.509e+01 -1.821e+01 -1.497e+01 -2.806e+00
+1.670 +0.188  6.042  4.379 0.000 73.524 1.000 -2.400e+01 -1.496e-01 -5.591e-01 -2.517e+00 -4.436e+00 -1.138e+01 -2.957e+00 -5.359e+00 -1.402e+01 -2.017e+00 -5.305e+00 -4.662e+00 -1.502e+01 -1.812e+01 -1.497e+01 -2.806e+00
+1.760 +0.304  6.134  4.382 0.000 73.524 1.000 -2.400e+01 -1.496e-01 -5.591e-01 -2.517e+00 -4.436e+00 -1.129e+01 -2.957e+00 -5.359e+00 -1.394e+01 -2.017e+00 -5.305e+00 -4.662e+00 -1.495e+01 -1.803e+01 -1.497e+01 -2.806e+00
+1.850 +0.230  6.226  4.386 0.000 73.524 1.000 -2.400e+01 -1.496e-01 -5.591e-01 -2.517e+00 -4.436e+00 -1.120e+01 -2.957e+00 -5.359e+00 -1.387e+01 -2.017e+00 -5.305e+00 -4.662e+00 -1.489e+01 -1.794e+01 -1.497e+01 -2.806e+00
+1.940 +0.940  6.318  4.390 0.000 73.524 1.000 -2.400e+01 -1.496e-01 -5.591e-01 -2.517e+00 -4.436e+00 -1.112e+01 -2.957e+00 -5.359e+00 -1.380e+01 -2.017e+00 -5.305e+00 -4.662e+00 -1.483e+01 -1.785e+01 -1.497e+01 -2.806e+00
+2.030 +0.548  6.411  4.396 0.000 73.524 1.000 -2.400e+01 -1.496e-01 -5.591e-01 -2.517e+00 -4.436e+00 -1.103e+01 -2.957e+00 -5.359e+00 -1.373e+01 -2.017e+00 -5.305e+00 -4.662e+00 -1.478e+01 -1.776e+01 -1.497e+01 -2.806e+00
+2.120 +0.664  6.504  4.403 0.000 73.524 1.000 -2.400e+01 -1.496e-01 -5.591e-01 -2.517e+00 -4.436e+00 -1.095e+01 -2.957e+00 -5.359e+00 -1.366e+01 -2.017e+00 -5.305e+00 -4.662e+00 -1.473e+01 -1.767e+01 -1.496e+01 -2.806e+00
+2.210 +0.590  6.599  4.411 0.000 73.548 1.000 -2.400e+01 -1.496e-01 -5.591e-01 -2.517e+00 -4.436e+00 -1.087e+01 -2.957e+00 -5.359e+00 -1.361e+01 -2.017e+00 -5.305e+00 -4.662e+00 -1.469e+01 -1.758e+01 -1.496e+01 -2.806e+00
+2.300 +1.300  6.694  4.418 0.000 73.548 1.000 -2.400e+01 -1.496e-01 -5.591e-01 -2.517e+00 -4.436e+00 -1.079e+01 -2.957e+00 -5.359e+00 -1.355e+01 -2.017e+00 -5.305e+00 -4.662e+00 -1.467e+01 -1.749e+01 -1.496e+01 -2.806e+00
+2.390 +0.908  6.789  4.429 0.000 73.548 1.000 -2.400e+01 -1.496e-01 -5.591e-01 -2.517e+00 -4.436e+00 -1.071e+01 -2.957e+00 -5.359e+00 -1.351e+01 -2.017e+00 -5.305e+00 -4.662e+00 -1.464e+01 -1.740e+01 -1.495e+01 -2.806e+00
+2.480 +1.024  6.886  4.441 0.000 73.548 1.000 -2.400e+01 -1.496e-01 -5.591e-01 -2.517e+00 -4.436e+00 -1.063e+01 -2.957e+00 -5.359e+00 -1.347e+01 -2.017e+00 -5.305e+00 -4.662e+00 -1.463e+01 -1.731e+01 -1.495e+01 -2.806e+00
+2.570 +0.950  6.984  4.454 0.000 73.548 1.000 -2.400e+01 -1.496e-01 -5.591e-01 -2.517e+00 -4.436e+00 -1.056e+01 -2.957e+00 -5.359e+00 -1.344e+01 -2.017e+00 -5.305e+00 -4.662e+00 -1.462e+01 -1.722e+01 -1.494e+01 -2.806e+00
+2.660 +1.660  7.083  4.466 0.000 73.548 1.000 -2.400e+01 -1.496e-01 -5.591e-01 -2.517e+00 -4.436e+00 -1.049e+01 -2.957e+00 -5.359e+00 -1.342e+01 -2.017e+00 -5.305e+00 -4.662e+00 -1.462e+01 -1.714e+01 -1.493e+01 -2.806e+00
+2.750 +1.268  7.183  4.482 0.000 73.548 1.000 -2.400e+01 -1.496e-01 -5.591e-01 -2.517e+00 -4.436e+00 -1.042e+01 -2.957e+00 -5.359e+00 -1.341e+01 -2.017e+00 -5.305e+00 -4.662e+00 -1.461e+01 -1.705e+01 -1.492e+01 -2.806e+00
+2.840 +1.384  7.284  4.498 0.000 73.548 1.000 -2.400e+01 -1.496e-01 -5.591e-01 -2.517e+00 -4.436e+00 -1.036e+01 -2.957e+00 -5.359e+00 -1.340e+01 -2.017e+00 -5.305e+00 -4.662e+00 -1.461e+01 -1.696e+01 -1.491e+01 -2.806e+00
+2.930 +1.310  7.387  4.514 0.000 73.548 1.000 -2.400e+01 -1.496e-01 -5.591e-01 -2.517e+00 -4.436e+00 -1.030e+01 -2.957e+00 -5.359e+00 -1.339e+01 -2.017e+00 -5.305e+00 -4.662e+00 -1.461e+01 -1.688e+01 -1.490e+01 -2.806e+00
+3.020 +2.020  7.489  4.526 0.000 73.548 1.000 -2.400e+01 -1.496e-01 -5.591e-01 -2.517e+00 -4.436e+00 -1.025e+01 -2.957e+00 -5.359e+00 -1.339e+01 -2.017e+00 -5.305e+00 -4.662e+00 -1.461e+01 -1.679e+01 -1.488e+01 -2.806e+00
+3.110 +1.628  7.592  4.542 0.000 73.548 1.000 -2.400e+01 -1.496e-01 -5.591e-01 -2.517e+00 -4.436e+00 -1.021e+01 -2.957e+00 -5.359e+00 -1.339e+01 -2.017e+00 -5.305e+00 -4.662e+00 -1.461e+01 -1.670e+01 -1.486e+01 -2.806e+00
+3.200 +1.744  7.696  4.555 0.000 73.548 1.000 -2.400e+01 -1.496e-01 -5.591e-01 -2.517e+00 -4.436e+00 -1.017e+01 -2.957e+00 -5.359e+00 -1.339e+01 -2.017e+00 -5.305e+00 -4.662e+00 -1.461e+01 -1.662e+01 -1.484e+01 -2.806e+00
+3.290 +1.670  7.798  4.565 0.000 73.548 1.000 -2.400e+01 -1.496e-01 -5.591e-01 -2.517e+00 -4.436e+00 -1.015e+01 -2.957e+00 -5.359e+00 -1.339e+01 -2.017e+00 -5.305e+00 -4.662e+00 -1.461e+01 -1.654e+01 -1.481e+01 -2.806e+00
+3.380 +2.380  7.900  4.571 0.000 73.548 1.000 -2.400e+01 -1.496e-01 -5.591e-01 -2.517e+00 -4.436e+00 -1.013e+01 -2.957e+00 -5.359e+00 -1.339e+01 -2.017e+00 -5.305e+00 -4.662e+00 -1.461e+01 -1.646e+01 -1.478e+01 -2.806e+00
+3.470 +1.988  8.001  4.577 0.000 73.548 1.000 -2.400e+01 -1.496e-01 -5.591e-01 -2.517e+00 -4.436e+00 -1.011e+01 -2.957e+00 -5.359e+00 -1.339e+01 -2.017e+00 -5.305e+00 -4.662e+00 -1.461e+01 -1.638e+01 -1.474e+01 -2.806e+00
+3.560 +2.104  8.100  4.580 0.000 73.548 1.000 -2.400e+01 -1.496e-01 -5.591e-01 -2.517e+00 -4.436e+00 -1.011e+01 -2.957e+00 -5.359e+00 -1.339e+01 -2.017e+00 -5.305e+00 -4.662e+00 -1.461e+01 -1.631e+01 -1.470e+01 -2.806e+00
+3.650 +2.030  8.198  4.582 0.000 73.548 1.000 -2.400e+01 -1.496e-01 -5.591e-01 -2.517e+00 -4.436e+00 -1.010e+01 -2.957e+00 -5.359e+00 -1.339e+01 -2.017e+00 -5.305e+00 -4.662e+00 -1.461e+01 -1.623e+01 -1.466e+01 -2.806e+00
+3.740 +2.740  8.295  4.582 0.062 73.548 1.000 -2.400e+01 -1.496e-01 -5.591e-01 -2.517e+00 -4.436e+00 -1.010e+01 -2.957e+00 -5.359e+00 -1.339e+01 -2.017e+00 -5.305e+00 -4.662e+00 -1.461e+01 -1.616e+01 -1.461e+01 -2.806e+00
+3.830 +2.348  8.390  4.582 0.000 73.548 1.000 -2.400e+01 -1.496e-01 -5.591e-01 -2.517e+00 -4.436e+00 -1.010e+01 -2.957e+00 -5.359e+00 -1.339e+01 -2.017e+00 -5.305e+00 -4.662e+00 -1.461e+01 -1.610e+01 -1.456e+01 -2.806e+00
+3.920 +2.464  8.484  4.582 0.000 73.548 1.000 -2.400e+01 -1.496e-01 -5.591e-01 -2.517e+00 -4.436e+00 -1.010e+01 -2.957e+00 -5.359e+00 -1.339e+01 -2.017e+00 -5.305e+00 -4.662e+00 -1.461e+01 -1.604e+01 -1.450e+01 -2.806e+00
+4.010 +2.390  8.578  4.582 0.000 73.548 1.000 -2.400e+01 -1.496e-01 -5.591e-01 -2.517e+00 -4.436e+00 -1.010e+01 -2.957e+00 -5.359e+00 -1.339e+01 -2.017e+00 -5.305e+00 -4.662e+00 -1.461e+01 -1.599e+01 -1.444e+01 -2.806e+00
+4.100 +3.100  8.670  4.582 0.125 73.548 1.000 -2.400e+01 -1.496e-01 -5.591e-01 -2.517e+00 -4.436e+00 -1.010e+01 -2.957e+00 -5.359e+00 -1.339e+01 -2.017e+00 -5.305e+00 -4.662e+00 -1.461e+01 -1.594e+01 -1.437e+01 -2.806e+00
+4.190 +2.708  8.763  4.582 0.062 73.548 1.000 -2.400e+01 -1.496e-01 -5.591e-01 -2.517e+00 -4.436e+00 -1.010e+01 -2.957e+00 -5.359e+00 -1.339e+01 -2.017e+00 -5.305e+00 -4.662e+00 -1.461e+01 -1.590e+01 -1.430e+01 -2.806e+00
+4.280 +2.824  8.855  4.582 0.062 73.548 1.000 -2.400e+01 -1.496e-01 -5.591e-01 -2.517e+00 -4.436e+00 -1.010e+01 -2.957e+00 -5.359e+00 -1.339e+01 -2.017e+00 -5.305e+00 -4.662e+00 -1.461e+01 -1.587e+01 -1.423e+01 -2.806e+00
+4.370 +2.750  8.946  4.582 0.062 73.548 1.000 -2.400e+01 -1.496e-01 -5.591e-01 -2.517e+00 -4.436e+00 -1.010e+01 -2.957e+00 -5.359e+00 -1.339e+01 -2.017e+00 -5.305e+00 -4.662e+00 -1.461e+01 -1.584e+01 -1.416e+01 -2.806e+00
+4.460 +3.460  9.037  4.582 0.125 73.548 1.000 -2.400e+01 -1.496e-01 -5.591e-01 -2.517e+00 -4.436e+00 -1.010e+01 -2.957e+00 -5.359e+00 -1.339e+01 -2.017e+00 -5.305e+00 -4.662e+00 -1.461e+01 -1.583e+01 -1.408e+01 -2.806e+00
+4.550 +3.068  9.128  4.582 0.125 73.548 1.000 -2.400e+01 -1.496e-01 -5.591e-01 -2.517e+00 -4.436e+00 -1.010e+01 -2.957e+00 -5.359e+00 -1.339e+01 -2.017e+00 -5.305e+00 -4.662e+00 -1.461e+01 -1.582e+01 -1.400e+01 -2.806e+00
+4.640 +3.184  9.219  4.582 0.125 73.548 1.000 -2.400e+01 -1.496e-01 -5.591e-01 -2.517e+00 -4.436e+00 -1.010e+01 -2.957e+00 -5.359e+00 -1.339e+01 -2.017e+00 -5.305e+00 -4.662e+00 -1.461e+01 -1.581e+01 -1.392e+01 -2.806e+00
+4.730 +3.110  9.310  4.582 0.125 73.548 1.000 -2.400e+01 -1.496e-01 -5.591e-01 -2.517e+00 -4.436e+00 -1.010e+01 -2.957e+00 -5.359e+00 -1.339e+01 -2.017e+00 -5.305e+00 -4.662e+00 -1.461e+01 -1.581e+01 -1.383e+01 -2.806e+00
+4.820 +3.820  9.400  4.582 0.188 73.548 1.000 -2.400e+01 -1.496e-01 -5.591e-01 -2.517e+00 -4.436e+00 -1.010e+01 -2.957e+00 -5.359e+00 -1.339e+01 -2.017e+00 -5.305e+00 -4.662e+00 -1.461e+01 -1.581e+01 -1.375e+01 -2.806e+00
+4.910 +3.428  9.490  4.582 0.125 73.548 1.000 -2.400e+01 -1.496e-01 -5.591e-01 -2.517e+00 -4.436e+00 -1.010e+01 -2.957e+00 -5.359e+00 -1.339e+01 -2.017e+00 -5.305e+00 -4.662e+00 -1.461e+01 -1.581e+01 -1.366e+01 -2.806e+00
+5.000 +3.544  9.581  4.582 0.188 73.548 1.000 -2.400e+01 -1.496e-01 -5.591e-01 -2.517e+00 -4.436e+00 -1.010e+01 -2.957e+00 -5.359e+00 -1.339e+01 -2.017e+00 -5.305e+00 -4.662e+00 -1.461e+01 -1.581e+01 -1.358e+01 -2.806e+00
+5.090 +3.470  9.671  4.582 0.125 73.548 1.000 -2.400e+01 -1.496e-01 -5.591e-01 -2.517e+00 -4.436e+00 -1.010e+01 -2.957e+00 -5.359e+00 -1.339e+01 -2.017e+00 -5.305e+00 -4.662e+00 -1.461e+01 -1.581e+01 -1.349e+01 -2.806e+00
+5.180 +4.180  9.761  4.582 0.188 73.548 1.000 -2.400e+01 -1.496e-01 -5.591e-01 -2.517e+00 -4.436e+00 -1.010e+01 -2.957e+00 -5.359e+00 -1.339e+01 -2.017e+00 -5.305e+00 -4.662e+00 -1.461e+01 -1.581e+01 -1.340e+01 -2.806e+00
+5.270 +3.788  9.852  4.582 0.188 73.548 1.000 -2.400e+01 -1.496e-01 -5.591e-01 -2.517e+00 -4.436e+00 -1.010e+01 -2.957e+00 -5.359e+00 -1.339e+01 -2.017e+00 -5.305e+00 -4.662e+00 -1.461e+01 -1.581e+01 -1.332e+01 -2.806e+00
+5.360 +3.904  9.942  4.582 0.188 73.548 1.000 -2.400e+01 -1.496e-01 -5.591e-01 -2.517e+00 -4.436e+00 -1.010e+01 -2.957e+00 -5.360e+00 -1.339e+01 -2.017e+00 -5.305e+00 -4.662e+00 -1.461e+01 -1.581e+01 -1.323e+01 -2.806e+00
+5.450 +3.830 10.032  4.582 0.188 73.548 1.000 -2.400e+01 -1.496e-01 -5.591e-01 -2.517e+00 -4.436e+00 -1.010e+01 -2.957e+00 -5.360e+00 -1.339e+01 -2.017e+00 -5.305e+00 -4.662e+00 -1.461e+01 -1.581e+01 -1.314e+01 -2.806e+00
+5.540 +4.540 10.122  4.582 0.188 73.548 1.000 -2.400e+01 -1.496e-01 -5.591e-01 -2.517e+00 -4.436e+00 -1.010e+01 -2.957e+00 -5.360e+00 -1.339e+01 -2.017e+00 -5.305e+00 -4.662e+00 -1.461e+01 -1.581e+01 -1.305e+01 -2.806e+00
+5.630 +4.148 10.212  4.582 0.188 73.548 1.000 -2.400e+01 -1.496e-01 -5.591e-01 -2.517e+00 -4.436e+00 -1.010e+01 -2.957e+00 -5.360e+00 -1.339e+01 -2.017e+00 -5.305e+00 -4.662e+00 -1.461e+01 -1.581e+01 -1.296e+01 -2.806e+00
+5.720 +4.264 10.302  4.582 0.188 73.548 1.000 -2.400e+01 -1.496e-01 -5.591e-01 -2.517e+00 -4.436e+00 -1.010e+01 -2.957e+00 -5.360e+00 -1.339e+01 -2.017e+00 -5.305e+00 -4.662e+00 -1.461e+01 -1.581e+01 -1.287e+01 -2.806e+00
+5.810 +4.190 10.392  4.582 0.188 73.548 1.000 -2.400e+01 -1.496e-01 -5.591e-01 -2.517e+00 -4.435e+00 -1.010e+01 -2.957e+00 -5.361e+00 -1.339e+01 -2.017e+00 -5.305e+00 -4.662e+00 -1.461e+01 -1.581e+01 -1.278e+01 -2.806e+00
+5.900 +4.900 10.482  4.582 0.312 73.548 1.000 -2.400e+01 -1.496e-01 -5.591e-01 -2.517e+00 -4.435e+00 -1.010e+01 -2.957e+00 -5.361e+00 -1.339e+01 -2.017e+00 -5.305e+00 -4.662e+00 -1.461e+01 -1.581e+01 -1.269e+01 -2.806e+00
+5.990 +4.508 10.572  4.582 0.188 73.548 1.000 -2.400e+01 -1.496e-01 -5.591e-01 -2.517e+00 -4.435e+00 -1.010e+01 -2.957e+00 -5.361e+00 -1.339e+01 -2.017e+00 -5.305e+00 -4.662e+00 -1.461e+01 -1.581e+01 -1.260e+01 -2.806e+00
+6.080 +4.624 10.662  4.582 0.250 73.548 1.000 -2.400e+01 -1.496e-01 -5.591e-01 -2.517e+00 -4.435e+00 -1.010e+01 -2.957e+00 -5.362e+00 -1.339e+01 -2.017e+00 -5.305e+00 -4.662e+00 -1.461e+01 -1.581e+01 -1.251e+01 -2.806e+00
+6.170 +4.550 10.752  4.582 0.188 73.548 1.000 -2.400e+01 -1.496e-01 -5.591e-01 -2.517e+00 -4.435e+00 -1.010e+01 -2.957e+00 -5.363e+00 -1.339e+01 -2.017e+00 -5.305e+00 -4.662e+00 -1.461e+01 -1.581e+01 -1.243e+01 -2.806e+00
+6.260 +5.260 10.842  4.582 0.312 73.548 1.000 -2.400e+01 -1.496e-01 -5.591e-01 -2.517e+00 -4.434e+00 -1.010e+01 -2.957e+00 -5.363e+00 -1.339e+01 -2.017e+00 -5.305e+00 -4.662e+00 -1.461e+01 -1.581e+01 -1.234e+01 -2.806e+00
+6.350 +4.868 10.932  4.581 0.312 73.548 1.000 -2.400e+01 -1.496e-01 -5.591e-01 -2.517e+00 -4.434e+00 -1.010e+01 -2.957e+00 -5.364e+00 -1.339e+01 -2.017e+00 -5.305e+00 -4.662e+00 -1.461e+01 -1.581e+01 -1.225e+01 -2.806e+00
+6.440 +4.984 11.022  4.581 0.312 73.548 1.000 -2.400e+01 -1.496e-01 -5.591e-01 -2.517e+00 -4.433e+00 -1.010e+01 -2.957e+00 -5.366e+00 -1.339e+01 -2.017e+00 -5.305e+00 -4.662e+00 -1.461e+01 -1.581e+01 -1.216e+01 -2.806e+00
+6.530 +4.910 11.112  4.581 0.312 73.548 1.000 -2.400e+01 -1.496e-01 -5.591e-01 -2.517e+00 -4.433e+00 -1.010e+01 -2.957e+00 -5.367e+00 -1.339e+01 -2.017e+00 -5.305e+00 -4.662e+00 -1.461e+01 -1.581e+01 -1.207e+01 -2.806e+00
+6.620 +5.620 11.201  4.581 0.312 73.548 1.000 -2.400e+01 -1.496e-01 -5.591e-01 -2.517e+00 -4.432e+00 -1.010e+01 -2.957e+00 -5.369e+00 -1.339e+01 -2.017e+00 -5.305e+00 -4.662e+00 -1.461e+01 -1.581e+01 -1.198e+01 -2.806e+00
+6.710 +5.228 11.291  4.580 0.312 73.548 1.000 -2.400e+01 -1.496e-01 -5.591e-01 -2.517e+00 -4.431e+00 -1.010e+01 -2.957e+00 -5.371e+00 -1.339e+01 -2.017e+00 -5.305e+00 -4.662e+00 -1.461e+01 -1.581e+01 -1.189e+01 -2.806e+00
+6.800 +5.344 11.381  4.580 0.312 73.548 1.000 -2.400e+01 -1.496e-01 -5.591e-01 -2.517e+00 -4.430e+00 -1.010e+01 -2.957e+00 -5.374e+00 -1.339e+01 -2.017e+00 -5.305e+00 -4.662e+00 -1.461e+01 -1.581e+01 -1.180e+01 -2.806e+00
+6.890 +5.270 11.471  4.579 0.312 73.548 1.000 -2.400e+01 -1.496e-01 -5.591e-01 -2.517e+00 -4.428e+00 -1.010e+01 -2.957e+00 -5.378e+00 -1.339e+01 -2.017e+00 -5.305e+00 -4.662e+00 -1.461e+01 -1.581e+01 -1.171e+01 -2.806e+00
+6.980 +5.980 11.560  4.578 0.312 73.548 1.000 -2.400e+01 -1.496e-01 -5.591e-01 -2.517e+00 -4.426e+00 -1.010e+01 -2.957e+00 -5.382e+00 -1.339e+01 -2.017e+00 -5.305e+00 -4.662e+00 -1.461e+01 -1.581e+01 -1.162e+01 -2.806e+00
+7.070 +5.588 11.650  4.577 0.312 73.548 1.000 -2.400e+01 -1.496e-01 -5.591e-01 -2.517e+00 -4.424e+00 -1.010e+01 -2.957e+00 -5.388e+00 -1.339e+01 -2.017e+00 -5.305e+00 -4.662e+00 -1.461e+01 -1.581e+01 -1.153e+01 -2.806e+00
+7.160 +5.704 11.739  4.576 0.312 73.548 1.000 -2.400e+01 -1.496e-01 -5.591e-01 -2.517e+00 -4.421e+00 -1.010e+01 -2.957e+00 -5.394e+00 -1.339e+01 -2.017e+00 -5.305e+00 -4.662e+00 -1.461e+01 -1.581e+01 -1.144e+01 -2.806e+00
+7.250 +5.630 11.828  4.575 0.312 73.548 1.000 -2.400e+01 -1.496e-01 -5.591e-01 -2.517e+00 -4.418e+00 -1.010e+01 -2.957e+00 -5.402e+00 -1.339e+01 -2.017e+00 -5.305e+00 -4.662e+00 -1.461e+01 -1.581e+01 -1.135e+01 -2.806e+00
+7.340 +6.340 11.918  4.573 0.312 73.548 1.000 -2.400e+01 -1.496e-01 -5.591e-01 -2.517e+00 -4.414e+00 -1.010e+01 -2.957e+00 -5.412e+00 -1.339e+01 -2.017e+00 -5.305e+00 -4.662e+00 -1.461e+01 -1.581e+01 -1.126e+01 -2.806e+00
+7.430 +5.948 12.007  4.571 0.312 73.548 1.000 -2.400e+01 -1.496e-01 -5.591e-01 -2.517e+00 -4.409e+00 -1.010e+01 -2.957e+00 -5.424e+00 -1.339e+01 -2.017e+00 -5.305e+00 -4.662e+00 -1.461e+01 -1.581e+01 -1.117e+01 -2.806e+00
+7.520 +6.064 12.095  4.569 0.312 73.548 1.000 -2.400e+01 -1.496e-01 -5.591e-01 -2.517e+00 -4.403e+00 -1.010e+01 -2.957e+00 -5.439e+00 -1.339e+01 -2.017e+00 -5.305e+00 -4.662e+00 -1.461e+01 -1.581e+01 -1.108e+01 -2.806e+00
+7.610 +5.990 12.184  4.566 0.312 73.548 1.000 -2.400e+01 -1.496e-01 -5.591e-01 -2.517e+00 -4.396e+00 -1.010e+01 -2.957e+00 -5.458e+00 -1.339e+01 -2.017e+00 -5.305e+00 -4.662e+00 -1.461e+01 -1.581e+01 -1.099e+01 -2.806e+00
+7.700 +6.700 12.272  4.563 0.312 73.548 1.000 -2.400e+01 -1.496e-01 -5.591e-01 -2.517e+00 -4.387e+00 -1.010e+01 -2.957e+00 -5.481e+00 -1.339e+01 -2.017e+00 -5.305e+00 -4.662e+00 -1.461e+01 -1.581e+01 -1.090e+01 -2.806e+00
+7.790 +6.308 12.360  4.559 0.312 73.548 1.000 -2.400e+01 -1.496e-01 -5.591e-01 -2.518e+00 -4.376e+00 -1.010e+01 -2.957e+00 -5.509e+00 -1.339e+01 -2.017e+00 -5.304e+00 -4.662e+00 -1.461e+01 -1.581e+01 -1.081e+01 -2.806e+00
+7.880 +6.424 12.447  4.554 0.312 73.548 1.000 -2.400e+01 -1.496e-01 -5.591e-01 -2.518e+00 -4.363e+00 -1.010e+01 -2.957e+00 -5.543e+00 -1.339e+01 -2.017e+00 -5.304e+00 -4.662e+00 -1.461e+01 -1.581e+01 -1.072e+01 -2.806e+00
+7.970 +6.350 12.535  4.549 0.312 73.548 1.000 -2.400e+01 -1.496e-01 -5.591e-01 -2.518e+00 -4.348e+00 -1.010e+01 -2.957e+00 -5.586e+00 -1.339e+01 -2.017e+00 -5.304e+00 -4.662e+00 -1.461e+01 -1.581e+01 -1.063e+01 -2.806e+00
+8.060 +7.060 12.621  4.545 0.312 73.548 1.000 -2.400e+01 -1.496e-01 -5.591e-01 -2.518e+00 -4.331e+00 -1.010e+01 -2.957e+00 -5.638e+00 -1.339e+01 -2.017e+00 -5.304e+00 -4.662e+00 -1.461e+01 -1.581e+01 -1.054e+01 -2.806e+00
+8.150 +6.668 12.708  4.538 0.312 73.548 1.000 -2.400e+01 -1.496e-01 -5.591e-01 -2.518e+00 -4.310e+00 -1.010e+01 -2.957e+00 -5.702e+00 -1.339e+01 -2.017e+00 -5.304e+00 -4.662e+00 -1.461e+01 -1.581e+01 -1.045e+01 -2.806e+00
+8.240 +6.784 12.793  4.532 0.312 73.548 1.000 -2.400e+01 -1.496e-01 -5.591e-01 -2.519e+00 -4.285e+00 -1.010e+01 -2.957e+00 -5.781e+00 -1.339e+01 -2.017e+00 -5.304e+00 -4.663e+00 -1.461e+01 -1.581e+01 -1.036e+01 -2.806e+00
+8.330 +6.710 12.879  4.526 0.312 73.548 1.000 -2.400e+01 -1.496e-01 -5.591e-01 -2.519e+00 -4.257e+00 -1.010e+01 -2.957e+00 -5.877e+00 -1.339e+01 -2.017e+00 -5.304e+00 -4.663e+00 -1.461e+01 -1.581e+01 -1.027e+01 -2.806e+00
+8.420 +7.420 12.964  4.522 0.312 73.548 1.000 -2.400e+01 -1.496e-01 -5.591e-01 -2.520e+00 -4.225e+00 -1.010e+01 -2.957e+00 -5.994e+00 -1.339e+01 -2.017e+00 -5.304e+00 -4.663e+00 -1.461e+01 -1.581e+01 -1.018e+01 -2.806e+00
+8.510 +7.028 13.050  4.518 0.312 73.548 1.000 -2.400e+01 -1.496e-01 -5.591e-01 -2.520e+00 -4.189e+00 -1.010e+01 -2.956e+00 -6.138e+00 -1.339e+01 -2.017e+00 -5.304e+00 -4.663e+00 -1.461e+01 -1.581e+01 -1.009e+01 -2.806e+00
+8.600 +7.144 13.136  4.516 0.312 73.548 1.000 -2.400e+01 -1.496e-01 -5.591e-01 -2.521e+00 -4.149e+00 -1.011e+01 -2.956e+00 -6.308e+00 -1.339e+01 -2.017e+00 -5.304e+00 -4.663e+00 -1.461e+01 -1.581e+01 -9.997e+00 -2.806e+00
+8.690 +7.070 13.222  4.516 0.312 73.548 1.000 -2.400e+01 -1.496e-01 -5.591e-01 -2.522e+00 -4.104e+00 -1.011e+01 -2.956e+00 -6.505e+00 -1.339e+01 -2.017e+00 -5.304e+00 -4.664e+00 -1.461e+01 -1.581e+01 -9.907e+00 -2.806e+00
+8.780 +7.780 13.309  4.518 0.312 73.548 1.000 -2.400e+01 -1.496e-01 -5.591e-01 -2.524e+00 -4.056e+00 -1.011e+01 -2.956e+00 -6.719e+00 -1.339e+01 -2.017e+00 -5.303e+00 -4.664e+00 -1.461e+01 -1.581e+01 -9.817e+00 -2.806e+00
+8.870 +7.388 13.397  4.523 0.312 73.548 1.000 -2.400e+01 -1.496e-01 -5.591e-01 -2.525e+00 -4.003e+00 -1.011e+01 -2.955e+00 -6.927e+00 -1.339e+01 -2.017e+00 -5.303e+00 -4.664e+00 -1.461e+01 -1.581e+01 -9.727e+00 -2.806e+00
+8.960 +7.504 13.487  4.530 0.312 73.548 1.000 -2.400e+01 -1.496e-01 -5.591e-01 -2.527e+00 -3.947e+00 -1.011e+01 -2.954e+00 -7.079e+00 -1.339e+01 -2.017e+00 -5.303e+00 -4.665e+00 -1.461e+01 -1.581e+01 -9.638e+00 -2.806e+00
+9.050 +7.430 13.578  4.539 0.312 73.548 1.000 -2.400e+01 -1.496e-01 -5.591e-01 -2.530e+00 -3.888e+00 -1.011e+01 -2.953e+00 -7.156e+00 -1.339e+01 -2.017e+00 -5.302e+00 -4.666e+00 -1.461e+01 -1.581e+01 -9.548e+00 -2.806e+00
+9.140 +8.140 13.671  4.547 0.312 73.548 1.000 -2.400e+01 -1.496e-01 -5.591e-01 -2.533e+00 -3.827e+00 -1.012e+01 -2.952e+00 -7.180e+00 -1.338e+01 -2.017e+00 -5.302e+00 -4.667e+00 -1.461e+01 -1.581e+01 -9.458e+00 -2.806e+00
+9.230 +7.748 13.766  4.561 0.312 73.548 1.000 -2.400e+01 -1.496e-01 -5.591e-01 -2.537e+00 -3.764e+00 -1.012e+01 -2.950e+00 -7.185e+00 -1.338e+01 -2.017e+00 -5.301e+00 -4.668e+00 -1.461e+01 -1.580e+01 -9.369e+00 -2.806e+00
+9.320 +7.864 13.862  4.574 0.312 73.548 1.000 -2.400e+01 -1.496e-01 -5.591e-01 -2.542e+00 -3.700e+00 -1.013e+01 -2.947e+00 -7.184e+00 -1.338e+01 -2.017e+00 -5.300e+00 -4.669e+00 -1.461e+01 -1.580e+01 -9.280e+00 -2.806e+00
+9.410 +7.790 13.960  4.590 0.312 73.548 1.000 -2.400e+01 -1.496e-01 -5.591e-01 -2.548e+00 -3.636e+00 -1.013e+01 -2.943e+00 -7.183e+00 -1.338e+01 -2.017e+00 -5.299e+00 -4.670e+00 -1.461e+01 -1.580e+01 -9.190e+00 -2.806e+00
+9.500 +8.500 14.059  4.604 0.312 73.548 1.000 -2.400e+01 -1.496e-01 -5.591e-01 -2.555e+00 -3.572e+00 -1.014e+01 -2.937e+00 -7.180e+00 -1.337e+01 -2.017e+00 -5.297e+00 -4.672e+00 -1.461e+01 -1.580e+01 -9.101e+00 -2.806e+00
+9.590 +8.108 14.160  4.624 0.312 73.548 1.000 -2.400e+01 -1.496e-01 -5.591e-01 -2.563e+00 -3.510e+00 -1.015e+01 -2.930e+00 -7.176e+00 -1.336e+01 -2.017e+00 -5.296e+00 -4.675e+00 -1.461e+01 -1.580e+01 -9.013e+00 -2.806e+00
+9.680 +8.224 14.263  4.642 0.312 73.548 1.000 -2.400e+01 -1.496e-01 -5.591e-01 -2.574e+00 -3.451e+00 -1.016e+01 -2.918e+00 -7.171e+00 -1.335e+01 -2.017e+00 -5.294e+00 -4.678e+00 -1.461e+01 -1.580e+01 -8.924e+00 -2.806e+00
+9.770 +8.150 14.366  4.661 0.312 73.548 1.000 -2.400e+01 -1.496e-01 -5.591e-01 -2.588e+00 -3.395e+00 -1.017e+01 -2.903e+00 -7.164e+00 -1.334e+01 -2.017e+00 -5.291e+00 -4.681e+00 -1.461e+01 -1.580e+01 -8.836e+00 -2.806e+00
+9.860 +8.860 14.471  4.675 0.375 73.548 1.000 -2.400e+01 -1.496e-01 -5.591e-01 -2.604e+00 -3.345e+00 -1.019e+01 -2.883e+00 -7.153e+00 -1.332e+01 -2.017e+00 -5.288e+00 -4.686e+00 -1.461e+01 -1.579e+01 -8.748e+00 -2.806e+00
+9.950 +8.468 14.576  4.691 0.312 73.548 1.000 -2.400e+01 -1.497e-01 -5.591e-01 -2.624e+00 -3.301e+00 -1.021e+01 -2.857e+00 -7.137e+00 -1.329e+01 -2.017e+00 -5.285e+00 -4.691e+00 -1.461e+01 -1.579e+01 -8.661e+00 -2.806e+00
+10.040 +8.584 14.680  4.701 0.312 73.548 1.000 -2.400e+01 -1.497e-01 -5.591e-01 -2.649e+00 -3.265e+00 -1.023e+01 -2.824e+00 -7.116e+00 -1.326e+01 -2.017e+00 -5.280e+00 -4.698e+00 -1.461e+01 -1.578e+01 -8.574e+00 -2.806e+00
+10.130 +8.510 14.782  4.705 0.312 73.548 1.000 -2.400e+01 -1.497e-01 -5.591e-01 -2.680e+00 -3.240e+00 -1.026e+01 -2.784e+00 -7.091e+00 -1.322e+01 -2.017e+00 -5.275e+00 -4.706e+00 -1.461e+01 -1.578e+01 -8.488e+00 -2.806e+00
+10.220 +9.220 14.882  4.701 0.375 73.548 1.000 -2.400e+01 -1.497e-01 -5.591e-01 -2.717e+00 -3.227e+00 -1.030e+01 -2.737e+00 -7.062e+00 -1.318e+01 -2.017e+00 -5.268e+00 -4.716e+00 -1.461e+01 -1.577e+01 -8.403e+00 -2.806e+00
+10.310 +8.828 14.978  4.684 0.312 73.548 1.000 -2.400e+01 -1.497e-01 -5.591e-01 -2.764e+00 -3.228e+00 -1.035e+01 -2.685e+00 -7.017e+00 -1.312e+01 -2.017e+00 -5.260e+00 -4.729e+00 -1.461e+01 -1.576e+01 -8.319e+00 -2.806e+00
+10.400 +8.944 15.069  4.654 0.375 73.548 1.000 -2.400e+01 -1.497e-01 -5.591e-01 -2.821e+00 -3.248e+00 -1.040e+01 -2.630e+00 -6.982e+00 -1.306e+01 -2.017e+00 -5.251e+00 -4.744e+00 -1.461e+01 -1.576e+01 -8.236e+00 -2.806e+00
+10.490 +8.870 15.152  4.607 0.375 73.548 1.000 -2.400e+01 -1.498e-01 -5.591e-01 -2.891e+00 -3.288e+00 -1.047e+01 -2.574e+00 -6.939e+00 -1.301e+01 -2.017e+00 -5.239e+00 -4.763e+00 -1.461e+01 -1.574e+01 -8.155e+00 -2.806e+00
+10.580 +9.580 15.227  4.551 0.375 73.548 1.000 -2.400e+01 -1.498e-01 -5.591e-01 -2.977e+00 -3.352e+00 -1.055e+01 -2.520e+00 -6.899e+00 -1.296e+01 -2.017e+00 -5.226e+00 -4.787e+00 -1.461e+01 -1.573e+01 -8.077e+00 -2.806e+00
+10.670 +9.188 15.294  4.453 0.375 73.548 1.000 -2.400e+01 -1.498e-01 -5.591e-01 -3.083e+00 -3.438e+00 -1.066e+01 -2.470e+00 -6.853e+00 -1.290e+01 -2.017e+00 -5.209e+00 -4.816e+00 -1.461e+01 -1.571e+01 -8.000e+00 -2.806e+00
+10.760 +9.304 15.350  4.338 0.375 73.548 1.000 -2.400e+01 -1.499e-01 -5.591e-01 -3.213e+00 -3.558e+00 -1.079e+01 -2.427e+00 -6.817e+00 -1.286e+01 -2.017e+00 -5.190e+00 -4.851e+00 -1.461e+01 -1.570e+01 -7.926e+00 -2.806e+00
+10.850 +9.230 15.395  4.193 0.375 73.548 1.000 -2.400e+01 -1.499e-01 -5.591e-01 -3.370e+00 -3.709e+00 -1.095e+01 -2.391e+00 -6.788e+00 -1.282e+01 -2.017e+00 -5.167e+00 -4.895e+00 -1.461e+01 -1.567e+01 -7.856e+00 -2.806e+00
+10.940 +9.940 15.431  4.049 0.375 73.548 1.000 -2.400e+01 -1.499e-01 -5.591e-01 -3.558e+00 -3.897e+00 -1.112e+01 -2.364e+00 -6.768e+00 -1.280e+01 -2.017e+00 -5.141e+00 -4.949e+00 -1.461e+01 -1.565e+01 -7.790e+00 -2.806e+00
+11.030 +9.548 15.458  3.836 0.375 73.548 1.000 -2.400e+01 -1.500e-01 -5.591e-01 -3.782e+00 -4.114e+00 -1.136e+01 -2.345e+00 -6.751e+00 -1.278e+01 -2.017e+00 -5.111e+00 -5.015e+00 -1.461e+01 -1.562e+01 -7.729e+00 -2.806e+00
+11.120 +9.664 15.478  3.637 0.375 73.595 1.000 -2.400e+01 -1.500e-01 -5.591e-01 -4.024e+00 -4.364e+00 -1.160e+01 -2.332e+00 -6.743e+00 -1.276e+01 -2.017e+00 -5.076e+00 -5.097e+00 -1.461e+01 -1.558e+01 -7.674e+00 -2.806e+00
+11.210 +9.590 15.493  3.451 0.375 73.595 1.000 -2.400e+01 -1.500e-01 -5.591e-01 -4.256e+00 -4.628e+00 -1.183e+01 -2.325e+00 -6.740e+00 -1.276e+01 -2.017e+00 -5.037e+00 -5.198e+00 -1.461e+01 -1.554e+01 -7.624e+00 -2.806e+00
+11.300 +10.300 15.505  3.339 0.375 73.595 1.000 -2.400e+01 -1.500e-01 -5.590e-01 -4.421e+00 -4.858e+00 -1.199e+01 -2.322e+00 -6.740e+00 -1.275e+01 -2.017e+00 -4.994e+00 -5.323e+00 -1.461e+01 -1.550e+01 -7.583e+00 -2.806e+00
+11.390 +9.908 15.517  3.271 0.375 73.595 1.000 -2.400e+01 -1.500e-01 -5.590e-01 -4.503e+00 -4.968e+00 -1.209e+01 -2.321e+00 -6.743e+00 -1.275e+01 -2.017e+00 -4.945e+00 -5.479e+00 -1.461e+01 -1.545e+01 -7.548e+00 -2.806e+00
+11.480 +10.024 15.531  3.247 0.375 73.595 1.000 -2.400e+01 -1.500e-01 -5.590e-01 -4.527e+00 -5.021e+00 -1.211e+01 -2.320e+00 -6.745e+00 -1.275e+01 -2.017e+00 -4.892e+00 -5.670e+00 -1.461e+01 -1.540e+01 -7.522e+00 -2.806e+00
+11.570 +9.950 15.546  3.241 0.375 73.595 1.000 -2.400e+01 -1.500e-01 -5.590e-01 -4.534e+00 -5.034e+00 -1.212e+01 -2.320e+00 -6.748e+00 -1.275e+01 -2.017e+00 -4.835e+00 -5.908e+00 -1.461e+01 -1.534e+01 -7.504e+00 -2.806e+00
+11.660 +10.660 15.564  3.239 0.438 73.595 1.000 -2.400e+01 -1.500e-01 -5.589e-01 -4.537e+00 -5.038e+00 -1.212e+01 -2.320e+00 -6.749e+00 -1.275e+01 -2.017e+00 -4.774e+00 -6.200e+00 -1.461e+01 -1.529e+01 -7.493e+00 -2.806e+00
+11.750 +10.268 15.585  3.238 0.375 73.595 1.000 -2.400e+01 -1.501e-01 -5.589e-01 -4.538e+00 -5.040e+00 -1.212e+01 -2.320e+00 -6.750e+00 -1.275e+01 -2.017e+00 -4.708e+00 -6.570e+00 -1.461e+01 -1.522e+01 -7.487e+00 -2.806e+00
+11.840 +10.384 15.609  3.237 0.375 73.595 1.000 -2.400e+01 -1.501e-01 -5.588e-01 -4.539e+00 -5.041e+00 -1.212e+01 -2.320e+00 -6.751e+00 -1.275e+01 -2.017e+00 -4.640e+00 -7.007e+00 -1.461e+01 -1.515e+01 -7.486e+00 -2.806e+00
+11.930 +10.310 15.638  3.237 0.375 73.595 1.000 -2.400e+01 -1.501e-01 -5.588e-01 -4.539e+00 -5.041e+00 -1.212e+01 -2.320e+00 -6.751e+00 -1.275e+01 -2.018e+00 -4.568e+00 -7.476e+00 -1.461e+01 -1.507e+01 -7.488e+00 -2.806e+00
+12.020 +11.020 15.670  3.236 0.438 73.595 1.000 -2.400e+01 -1.501e-01 -5.587e-01 -4.539e+00 -5.041e+00 -1.212e+01 -2.320e+00 -6.751e+00 -1.275e+01 -2.018e+00 -4.493e+00 -7.779e+00 -1.461e+01 -1.501e+01 -7.491e+00 -2.806e+00
+12.110 +10.628 15.707  3.236 0.438 73.595 1.000 -2.400e+01 -1.502e-01 -5.586e-01 -4.539e+00 -5.041e+00 -1.212e+01 -2.320e+00 -6.751e+00 -1.275e+01 -2.018e+00 -4.416e+00 -7.818e+00 -1.462e+01 -1.492e+01 -7.495e+00 -2.806e+00
+12.200 +10.744 15.749  3.236 0.438 73.595 1.000 -2.400e+01 -1.502e-01 -5.585e-01 -4.539e+00 -5.041e+00 -1.212e+01 -2.320e+00 -6.751e+00 -1.275e+01 -2.018e+00 -4.337e+00 -7.745e+00 -1.462e+01 -1.485e+01 -7.500e+00 -2.806e+00
+12.290 +10.670 15.795  3.236 0.438 73.595 1.000 -2.400e+01 -1.503e-01 -5.583e-01 -4.539e+00 -5.041e+00 -1.212e+01 -2.320e+00 -6.751e+00 -1.275e+01 -2.019e+00 -4.257e+00 -7.660e+00 -1.462e+01 -1.476e+01 -7.507e+00 -2.806e+00
+12.380 +11.380 15.846  3.236 0.500 73.595 1.000 -2.400e+01 -1.504e-01 -5.581e-01 -4.539e+00 -5.041e+00 -1.212e+01 -2.320e+00 -6.751e+00 -1.275e+01 -2.019e+00 -4.175e+00 -7.570e+00 -1.462e+01 -1.469e+01 -7.514e+00 -2.806e+00
+12.470 +10.988 15.901  3.236 0.438 73.595 1.000 -2.400e+01 -1.505e-01 -5.579e-01 -4.539e+00 -5.041e+00 -1.212e+01 -2.320e+00 -6.751e+00 -1.275e+01 -2.020e+00 -4.091e+00 -7.494e+00 -1.462e+01 -1.460e+01 -7.522e+00 -2.806e+00
+12.560 +11.104 15.961  3.236 0.438 73.595 1.000 -2.400e+01 -1.506e-01 -5.576e-01 -4.539e+00 -5.041e+00 -1.212e+01 -2.320e+00 -6.751e+00 -1.275e+01 -2.020e+00 -4.007e+00 -7.404e+00 -1.462e+01 -1.452e+01 -7.532e+00 -2.806e+00
+12.650 +11.030 16.024  3.236 0.438 73.595 1.000 -2.400e+01 -1.507e-01 -5.572e-01 -4.539e+00 -5.041e+00 -1.212e+01 -2.320e+00 -6.751e+00 -1.275e+01 -2.021e+00 -3.923e+00 -7.318e+00 -1.462e+01 -1.443e+01 -7.543e+00 -2.806e+00
+12.740 +11.740 16.091  3.236 0.562 73.595 1.000 -2.400e+01 -1.509e-01 -5.568e-01 -4.539e+00 -5.041e+00 -1.212e+01 -2.320e+00 -6.751e+00 -1.275e+01 -2.022e+00 -3.837e+00 -7.231e+00 -1.462e+01 -1.435e+01 -7.554e+00 -2.806e+00
+12.830 +11.348 16.162  3.236 0.500 73.595 1.000 -2.400e+01 -1.511e-01 -5.563e-01 -4.539e+00 -5.041e+00 -1.212e+01 -2.320e+00 -6.751e+00 -1.275e+01 -2.024e+00 -3.752e+00 -7.138e+00 -1.462e+01 -1.426e+01 -7.565e+00 -2.806e+00
+12.920 +11.464 16.235  3.235 0.500 73.595 1.000 -2.400e+01 -1.513e-01 -5.556e-01 -4.539e+00 -5.041e+00 -1.212e+01 -2.320e+00 -6.751e+00 -1.275e+01 -2.025e+00 -3.667e+00 -7.048e+00 -1.462e+01 -1.418e+01 -7.573e+00 -2.806e+00
+13.010 +11.390 16.311  3.235 0.500 73.595 1.000 -2.400e+01 -1.517e-01 -5.548e-01 -4.539e+00 -5.041e+00 -1.213e+01 -2.320e+00 -6.751e+00 -1.275e+01 -2.028e+00 -3.581e+00 -6.962e+00 -1.463e+01 -1.409e+01 -7.577e+00 -2.806e+00
+13.100 +12.100 16.390  3.235 0.562 73.595 1.000 -2.400e+01 -1.521e-01 -5.539e-01 -4.539e+00 -5.041e+00 -1.213e+01 -2.320e+00 -6.751e+00 -1.275e+01 -2.030e+00 -3.496e+00 -6.883e+00 -1.463e+01 -1.401e+01 -7.571e+00 -2.806e+00
+13.190 +11.708 16.470  3.234 0.500 73.595 1.000 -2.400e+01 -1.525e-01 -5.526e-01 -4.539e+00 -5.041e+00 -1.213e+01 -2.320e+00 -6.750e+00 -1.275e+01 -2.033e+00 -3.411e+00 -6.778e+00 -1.463e+01 -1.392e+01 -7.555e+00 -2.806e+00
+13.280 +11.824 16.552  3.234 0.562 73.595 1.000 -2.400e+01 -1.531e-01 -5.512e-01 -4.538e+00 -5.041e+00 -1.213e+01 -2.320e+00 -6.750e+00 -1.275e+01 -2.037e+00 -3.327e+00 -6.705e+00 -1.464e+01 -1.384e+01 -7.518e+00 -2.806e+00
+13.370 +11.750 16.635  3.234 0.562 73.595 1.000 -2.400e+01 -1.539e-01 -5.494e-01 -4.538e+00 -5.040e+00 -1.213e+01 -2.319e+00 -6.750e+00 -1.276e+01 -2.042e+00 -3.245e+00 -6.622e+00 -1.464e+01 -1.376e+01 -7.462e+00 -2.806e+00
+13.460 +12.460 16.719  3.233 0.562 73.595 1.000 -2.400e+01 -1.547e-01 -5.471e-01 -4.537e+00 -5.040e+00 -1.213e+01 -2.319e+00 -6.749e+00 -1.276e+01 -2.047e+00 -3.163e+00 -6.545e+00 -1.465e+01 -1.368e+01 -7.385e+00 -2.806e+00
+13.550 +12.068 16.805  3.233 0.562 73.595 1.000 -2.400e+01 -1.559e-01 -5.444e-01 -4.537e+00 -5.039e+00 -1.213e+01 -2.318e+00 -6.748e+00 -1.276e+01 -2.054e+00 -3.083e+00 -6.455e+00 -1.466e+01 -1.360e+01 -7.296e+00 -2.806e+00
+13.640 +12.184 16.891  3.233 0.562 73.595 1.000 -2.400e+01 -1.572e-01 -5.411e-01 -4.535e+00 -5.038e+00 -1.213e+01 -2.317e+00 -6.747e+00 -1.276e+01 -2.063e+00 -3.005e+00 -6.376e+00 -1.467e+01 -1.352e+01 -7.192e+00 -2.806e+00
+13.730 +12.110 16.977  3.233 0.562 73.595 1.000 -2.400e+01 -1.589e-01 -5.371e-01 -4.534e+00 -5.037e+00 -1.213e+01 -2.316e+00 -6.746e+00 -1.276e+01 -2.073e+00 -2.930e+00 -6.299e+00 -1.468e+01 -1.345e+01 -7.085e+00 -2.806e+00
+13.820 +12.820 17.065  3.233 0.562 73.595 1.000 -2.400e+01 -1.610e-01 -5.322e-01 -4.532e+00 -5.035e+00 -1.213e+01 -2.314e+00 -6.744e+00 -1.276e+01 -2.086e+00 -2.858e+00 -6.235e+00 -1.469e+01 -1.338e+01 -6.978e+00 -2.806e+00
+13.910 +12.428 17.152  3.232 0.562 73.595 1.000 -2.400e+01 -1.635e-01 -5.262e-01 -4.530e+00 -5.033e+00 -1.213e+01 -2.312e+00 -6.741e+00 -1.276e+01 -2.102e+00 -2.789e+00 -6.156e+00 -1.471e+01 -1.331e+01 -6.884e+00 -2.806e+00
+14.000 +12.544 17.240  3.232 0.562 73.595 1.000 -2.400e+01 -1.667e-01 -5.189e-01 -4.526e+00 -5.030e+00 -1.213e+01 -2.309e+00 -6.738e+00 -1.276e+01 -2.121e+00 -2.725e+00 -6.091e+00 -1.473e+01 -1.325e+01 -6.789e+00 -2.806e+00