-3.910 -5.238  0.454  4.364 0.000 34.095 1.000 -2.400e+01 -1.496e-01 -5.591e-01 -2.517e+00 -4.436e+00 -1.695e+01 -2.957e+00 -5.359e+00 -1.954e+01 -2.017e+00 -5.305e+00 -4.662e+00 -2.049e+01 -2.352e+01 -2.249e+01 -2.806e+00
-3.820 -4.820  0.544  4.364 0.000 34.095 1.000 -2.400e+01 -1.496e-01 -5.591e-01 -2.517e+00 -4.436e+00 -1.686e+01 -2.957e+00 -5.359e+00 -1.945e+01 -2.017e+00 -5.305e+00 -4.662e+00 -2.040e+01 -2.346e+01 -2.241e+01 -2.806e+00
-3.730 -5.212  0.634  4.364 0.000 34.095 1.000 -2.400e+01 -1.496e-01 -5.591e-01 -2.517e+00 -4.436e+00 -1.677e+01 -2.957e+00 -5.359e+00 -1.936e+01 -2.017e+00 -5.305e+00 -4.662e+00 -2.031e+01 -2.339e+01 -2.232e+01 -2.806e+00
-3.640 -5.096  0.724  4.364 0.000 34.095 1.000 -2.400e+01 -1.496e-01 -5.591e-01 -2.517e+00 -4.436e+00 -1.668e+01 -2.957e+00 -5.359e+00 -1.927e+01 -2.017e+00 -5.305e+00 -4.662e+00 -2.022e+01 -2.332e+01 -2.223e+01 -2.806e+00
-3.550 -5.170  0.814  4.364 0.000 34.095 1.000 -2.400e+01 -1.496e-01 -5.591e-01 -2.517e+00 -4.436e+00 -1.659e+01 -2.957e+00 -5.359e+00 -1.918e+01 -2.017e+00 -5.305e+00 -4.662e+00 -2.013e+01 -2.325e+01 -2.214e+01 -2.806e+00
-3.460 -4.460  0.904  4.364 0.000 34.095 1.000 -2.400e+01 -1.496e-01 -5.591e-01 -2.517e+00 -4.436e+00 -1.650e+01 -2.957e+00 -5.359e+00 -1.909e+01 -2.017e+00 -5.305e+00 -4.662e+00 -2.004e+01 -2.318e+01 -2.205e+01 -2.806e+00
-3.370 -4.852  0.994  4.364 0.000 34.095 1.000 -2.400e+01 -1.496e-01 -5.591e-01 -2.517e+00 -4.436e+00 -1.641e+01 -2.957e+00 -5.359e+00 -1.900e+01 -2.017e+00 -5.305e+00 -4.662e+00 -1.995e+01 -2.310e+01 -2.196e+01 -2.806e+00
-3.280 -4.736  1.084  4.364 0.000 34.095 1.000 -2.400e+01 -1.496e-01 -5.591e-01 -2.517e+00 -4.436e+00 -1.632e+01 -2.957e+00 -5.359e+00 -1.891e+01 -2.017e+00 -5.305e+00 -4.662e+00 -1.986e+01 -2.302e+01 -2.187e+01 -2.806e+00
-3.190 -4.810  1.174  4.364 0.000 34.095 1.000 -2.400e+01 -1.496e-01 -5.591e-01 -2.517e+00 -4.436e+00 -1.623e+01 -2.957e+00 -5.359e+00 -1.882e+01 -2.017e+00 -5.305e+00 -4.662e+00 -1.977e+01 -2.294e+01 -2.178e+01 -2.806e+00
-3.100 -4.100  1.264  4.364 0.000 34.095 1.000 -2.400e+01 -1.496e-01 -5.591e-01 -2.517e+00 -4.436e+00 -1.614e+01 -2.957e+00 -5.359e+00 -1.873e+01 -2.017e+00 -5.305e+00 -4.662e+00 -1.968e+01 -2.285e+01 -2.169e+01 -2.806e+00
-3.010 -4.492  1.354  4.364 0.000 34.095 1.000 -2.400e+01 -1.496e-01 -5.591e-01 -2.517e+00 -4.436e+00 -1.605e+01 -2.957e+00 -5.359e+00 -1.864e+01 -2.017e+00 -5.305e+00 -4.662e+00 -1.959e+01 -2.277e+01 -2.160e+01 -2.806e+00
-2.920 -4.376  1.444  4.364 0.000 34.095 1.000 -2.400e+01 -1.496e-01 -5.591e-01 -2.517e+00 -4.436e+00 -1.596e+01 -2.957e+00 -5.359e+00 -1.855e+01 -2.017e+00 -5.305e+00 -4.662e+00 -1.950e+01 -2.268e+01 -2.151e+01 -2.806e+00
-2.830 -4.450  1.534  4.364 0.000 34.095 1.000 -2.400e+01 -1.496e-01 -5.591e-01 -2.517e+00 -4.436e+00 -1.587e+01 -2.957e+00 -5.359e+00 -1.846e+01 -2.017e+00 -5.305e+00 -4.662e+00 -1.941e+01 -2.260e+01 -2.143e+01 -2.806e+00
-2.740 -3.740  1.624  4.364 0.000 34.095 1.000 -2.400e+01 -1.496e-01 -5.591e-01 -2.517e+00 -4.436e+00 -1.578e+01 -2.957e+00 -5.359e+00 -1.837e+01 -2.017e+00 -5.305e+00 -4.662e+00 -1.932e+01 -2.251e+01 -2.134e+01 -2.806e+00
-2.650 -4.132  1.714  4.364 0.000 34.095 1.000 -2.400e+01 -1.496e-01 -5.591e-01 -2.517e+00 -4.436e+00 -1.569e+01 -2.957e+00 -5.359e+00 -1.828e+01 -2.017e+00 -5.305e+00 -4.662e+00 -1.923e+01 -2.242e+01 -2.125e+01 -2.806e+00
-2.560 -4.016  1.804  4.364 0.000 34.095 1.000 -2.400e+01 -1.496e-01 -5.591e-01 -2.517e+00 -4.436e+00 -1.560e+01 -2.957e+00 -5.359e+00 -1.819e+01 -2.017e+00 -5.305e+00 -4.662e+00 -1.914e+01 -2.234e+01 -2.116e+01 -2.806e+00
-2.470 -4.090  1.894  4.364 0.000 34.095 1.000 -2.400e+01 -1.496e-01 -5.591e-01 -2.517e+00 -4.436e+00 -1.551e+01 -2.957e+00 -5.359e+00 -1.810e+01 -2.017e+00 -5.305e+00 -4.662e+00 -1.905e+01 -2.225e+01 -2.107e+01 -2.806e+00
-2.380 -3.380  1.984  4.364 0.000 34.095 1.000 -2.400e+01 -1.496e-01 -5.591e-01 -2.517e+00 -4.436e+00 -1.542e+01 -2.957e+00 -5.359e+00 -1.801e+01 -2.017e+00 -5.305e+00 -4.662e+00 -1.896e+01 -2.216e+01 -2.098e+01 -2.806e+00
-2.290 -3.772  2.074  4.364 0.000 34.095 1.000 -2.400e+01 -1.496e-01 -5.591e-01 -2.517e+00 -4.436e+00 -1.533e+01 -2.957e+00 -5.359e+00 -1.792e+01 -2.017e+00 -5.305e+00 -4.662e+00 -1.887e+01 -2.207e+01 -2.089e+01 -2.806e+00
-2.200 -3.656  2.164  4.364 0.000 34.095 1.000 -2.400e+01 -1.496e-01 -5.591e-01 -2.517e+00 -4.436e+00 -1.524e+01 -2.957e+00 -5.359e+00 -1.783e+01 -2.017e+00 -5.305e+00 -4.662e+00 -1.878e+01 -2.198e+01 -2.080e+01 -2.806e+00
-2.110 -3.730  2.254  4.364 0.000 34.095 1.000 -2.400e+01 -1.496e-01 -5.591e-01 -2.517e+00 -4.436e+00 -1.515e+01 -2.957e+00 -5.359e+00 -1.774e+01 -2.017e+00 -5.305e+00 -4.662e+00 -1.869e+01 -2.189e+01 -2.071e+01 -2.806e+00
-2.020 -3.020  2.344  4.364 0.000 34.095 1.000 -2.400e+01 -1.496e-01 -5.591e-01 -2.517e+00 -4.436e+00 -1.506e+01 -2.957e+00 -5.359e+00 -1.765e+01 -2.017e+00 -5.305e+00 -4.662e+00 -1.860e+01 -2.180e+01 -2.062e+01 -2.806e+00
-1.930 -3.412  2.434  4.364 0.000 34.095 1.000 -2.400e+01 -1.496e-01 -5.591e-01 -2.517e+00 -4.436e+00 -1.497e+01 -2.957e+00 -5.359e+00 -1.756e+01 -2.017e+00 -5.305e+00 -4.662e+00 -1.851e+01 -2.171e+01 -2.053e+01 -2.806e+00
-1.840 -3.296  2.524  4.364 0.000 34.095 1.000 -2.400e+01 -1.496e-01 -5.591e-01 -2.517e+00 -4.436e+00 -1.488e+01 -2.957e+00 -5.359e+00 -1.747e+01 -2.017e+00 -5.305e+00 -4.662e+00 -1.842e+01 -2.162e+01 -2.044e+01 -2.806e+00
-1.750 -3.370  2.614  4.365 0.000 34.095 1.000 -2.400e+01 -1.496e-01 -5.591e-01 -2.517e+00 -4.436e+00 -1.479e+01 -2.957e+00 -5.359e+00 -1.738e+01 -2.017e+00 -5.305e+00 -4.662e+00 -1.833e+01 -2.153e+01 -2.035e+01 -2.806e+00
-1.660 -2.660  2.704  4.365 0.000 34.095 1.000 -2.400e+01 -1.496e-01 -5.591e-01 -2.517e+00 -4.436e+00 -1.470e+01 -2.957e+00 -5.359e+00 -1.729e+01 -2.017e+00 -5.305e+00 -4.662e+00 -1.824e+01 -2.144e+01 -2.026e+01 -2.806e+00
-1.570 -3.052  2.794  4.365 0.000 34.095 1.000 -2.400e+01 -1.496e-01 -5.591e-01 -2.517e+00 -4.436e+00 -1.461e+01 -2.957e+00 -5.359e+00 -1.720e+01 -2.017e+00 -5.305e+00 -4.662e+00 -1.815e+01 -2.136e+01 -2.017e+01 -2.806e+00
-1.480 -2.936  2.884  4.365 0.000 34.095 1.000 -2.400e+01 -1.496e-01 -5.591e-01 -2.517e+00 -4.436e+00 -1.452e+01 -2.957e+00 -5.359e+00 -1.711e+01 -2.017e+00 -5.305e+00 -4.662e+00 -1.806e+01 -2.127e+01 -2.008e+01 -2.806e+00
-1.390 -3.010  2.975  4.365 0.000 34.095 1.000 -2.400e+01 -1.496e-01 -5.591e-01 -2.517e+00 -4.436e+00 -1.443e+01 -2.957e+00 -5.359e+00 -1.702e+01 -2.017e+00 -5.305e+00 -4.662e+00 -1.797e+01 -2.118e+01 -1.999e+01 -2.806e+00
-1.300 -2.300  3.065  4.365 0.000 34.095 1.000 -2.400e+01 -1.496e-01 -5.591e-01 -2.517e+00 -4.436e+00 -1.434e+01 -2.957e+00 -5.359e+00 -1.693e+01 -2.017e+00 -5.305e+00 -4.662e+00 -1.788e+01 -2.109e+01 -1.990e+01 -2.806e+00
-1.210 -2.692  3.155  4.365 0.000 34.095 1.000 -2.400e+01 -1.496e-01 -5.591e-01 -2.517e+00 -4.436e+00 -1.425e+01 -2.957e+00 -5.359e+00 -1.684e+01 -2.017e+00 -5.305e+00 -4.662e+00 -1.779e+01 -2.100e+01 -1.981e+01 -2.806e+00
-1.120 -2.576  3.245  4.365 0.000 34.095 1.000 -2.400e+01 -1.496e-01 -5.591e-01 -2.517e+00 -4.436e+00 -1.416e+01 -2.957e+00 -5.359e+00 -1.675e+01 -2.017e+00 -5.305e+00 -4.662e+00 -1.770e+01 -2.091e+01 -1.972e+01 -2.806e+00
-1.030 -2.650  3.335  4.365 0.000 34.095 1.000 -2.400e+01 -1.496e-01 -5.591e-01 -2.517e+00 -4.436e+00 -1.407e+01 -2.957e+00 -5.359e+00 -1.666e+01 -2.017e+00 -5.305e+00 -4.662e+00 -1.761e+01 -2.082e+01 -1.963e+01 -2.806e+00
-0.940 -1.940  3.425  4.365 0.000 34.095 1.000 -2.400e+01 -1.496e-01 -5.591e-01 -2.517e+00 -4.436e+00 -1.398e+01 -2.957e+00 -5.359e+00 -1.657e+01 -2.017e+00 -5.305e+00 -4.662e+00 -1.752e+01 -2.073e+01 -1.954e+01 -2.806e+00
-0.850 -2.332  3.515  4.365 0.062 34.095 1.000 -2.400e+01 -1.496e-01 -5.591e-01 -2.517e+00 -4.436e+00 -1.389e+01 -2.957e+00 -5.359e+00 -1.648e+01 -2.017e+00 -5.305e+00 -4.662e+00 -1.743e+01 -2.064e+01 -1.945e+01 -2.806e+00
-0.760 -2.216  3.605  4.365 0.062 34.095 1.000 -2.400e+01 -1.496e-01 -5.591e-01 -2.517e+00 -4.436e+00 -1.380e+01 -2.957e+00 -5.359e+00 -1.639e+01 -2.017e+00 -5.305e+00 -4.662e+00 -1.734e+01 -2.055e+01 -1.936e+01 -2.806e+00
-0.670 -2.290  3.695  4.365 0.062 34.095 1.000 -2.400e+01 -1.496e-01 -5.591e-01 -2.517e+00 -4.436e+00 -1.371e+01 -2.957e+00 -5.359e+00 -1.630e+01 -2.017e+00 -5.305e+00 -4.662e+00 -1.725e+01 -2.046e+01 -1.927e+01 -2.806e+00
-0.580 -1.580  3.785  4.365 0.062 34.095 1.000 -2.400e+01 -1.496e-01 -5.591e-01 -2.517e+00 -4.436e+00 -1.362e+01 -2.957e+00 -5.359e+00 -1.621e+01 -2.017e+00 -5.305e+00 -4.662e+00 -1.716e+01 -2.037e+01 -1.918e+01 -2.806e+00
-0.490 -1.972  3.875  4.365 0.000 34.095 1.000 -2.400e+01 -1.496e-01 -5.591e-01 -2.517e+00 -4.436e+00 -1.353e+01 -2.957e+00 -5.359e+00 -1.612e+01 -2.017e+00 -5.305e+00 -4.662e+00 -1.707e+01 -2.028e+01 -1.909e+01 -2.806e+00
-0.400 -1.856  3.965  4.365 0.000 34.095 1.000 -2.400e+01 -1.496e-01 -5.591e-01 -2.517e+00 -4.436e+00 -1.344e+01 -2.957e+00 -5.359e+00 -1.603e+01 -2.017e+00 -5.305e+00 -4.662e+00 -1.698e+01 -2.019e+01 -1.900e+01 -2.806e+00
-0.310 -1.930  4.055  4.365 0.000 34.095 1.000 -2.400e+01 -1.496e-01 -5.591e-01 -2.517e+00 -4.436e+00 -1.335e+01 -2.957e+00 -5.359e+00 -1.594e+01 -2.017e+00 -5.305e+00 -4.662e+00 -1.689e+01 -2.010e+01 -1.891e+01 -2.806e+00
-0.220 -1.220  4.145  4.365 0.000 34.095 1.000 -2.400e+01 -1.496e-01 -5.591e-01 -2.517e+00 -4.436e+00 -1.326e+01 -2.957e+00 -5.359e+00 -1.585e+01 -2.017e+00 -5.305e+00 -4.662e+00 -1.681e+01 -2.001e+01 -1.882e+01 -2.806e+00
-0.130 -1.612  4.235  4.365 0.062 34.095 1.000 -2.400e+01 -1.496e-01 -5.591e-01 -2.517e+00 -4.436e+00 -1.317e+01 -2.957e+00 -5.359e+00 -1.576e+01 -2.017e+00 -5.305e+00 -4.662e+00 -1.672e+01 -1.992e+01 -1.873e+01 -2.806e+00
-0.040 -1.496  4.325  4.365 0.062 34.095 1.000 -2.400e+01 -1.496e-01 -5.591e-01 -2.517e+00 -4.436e+00 -1.308e+01 -2.957e+00 -5.359e+00 -1.567e+01 -2.017e+00 -5.305e+00 -4.662e+00 -1.663e+01 -1.983e+01 -1.864e+01 -2.806e+00
+0.050 -1.570  4.415  4.365 0.062 34.095 1.000 -2.400e+01 -1.496e-01 -5.591e-01 -2.517e+00 -4.436e+00 -1.299e+01 -2.957e+00 -5.359e+00 -1.559e+01 -2.017e+00 -5.305e+00 -4.662e+00 -1.654e+01 -1.974e+01 -1.855e+01 -2.806e+00
+0.140 -0.860  4.505  4.365 0.062 34.095 1.000 -2.400e+01 -1.496e-01 -5.591e-01 -2.517e+00 -4.436e+00 -1.290e+01 -2.957e+00 -5.359e+00 -1.550e+01 -2.017e+00 -5.305e+00 -4.662e+00 -1.645e+01 -1.965e+01 -1.846e+01 -2.806e+00
+0.230 -1.252  4.595  4.365 0.000 34.095 1.000 -2.400e+01 -1.496e-01 -5.591e-01 -2.517e+00 -4.436e+00 -1.281e+01 -2.957e+00 -5.359e+00 -1.541e+01 -2.017e+00 -5.305e+00 -4.662e+00 -1.636e+01 -1.956e+01 -1.837e+01 -2.806e+00
+0.320 -1.136  4.685  4.365 0.000 34.095 1.000 -2.400e+01 -1.496e-01 -5.591e-01 -2.517e+00 -4.436e+00 -1.272e+01 -2.957e+00 -5.359e+00 -1.532e+01 -2.017e+00 -5.305e+00 -4.662e+00 -1.627e+01 -1.947e+01 -1.828e+01 -2.806e+00
+0.410 -1.210  4.775  4.365 0.000 34.095 1.000 -2.400e+01 -1.496e-01 -5.591e-01 -2.517e+00 -4.436e+00 -1.263e+01 -2.957e+00 -5.359e+00 -1.523e+01 -2.017e+00 -5.305e+00 -4.662e+00 -1.618e+01 -1.938e+01 -1.819e+01 -2.806e+00
+0.500 -0.500  4.865  4.366 0.000 34.095 1.000 -2.400e+01 -1.496e-01 -5.591e-01 -2.517e+00 -4.436e+00 -1.254e+01 -2.957e+00 -5.359e+00 -1.514e+01 -2.017e+00 -5.305e+00 -4.662e+00 -1.609e+01 -1.929e+01 -1.810e+01 -2.806e+00
+0.590 -0.892  4.955  4.366 0.062 34.095 1.000 -2.400e+01 -1.496e-01 -5.591e-01 -2.517e+00 -4.436e+00 -1.245e+01 -2.957e+00 -5.359e+00 -1.505e+01 -2.017e+00 -5.305e+00 -4.662e+00 -1.600e+01 -1.920e+01 -1.801e+01 -2.806e+00
+0.680 -0.776  5.045  4.366 0.062 34.095 1.000 -2.400e+01 -1.496e-01 -5.591e-01 -2.517e+00 -4.436e+00 -1.236e+01 -2.957e+00 -5.359e+00 -1.496e+01 -2.017e+00 -5.305e+00 -4.662e+00 -1.591e+01 -1.911e+01 -1.792e+01 -2.806e+00
+0.770 -0.850  5.135  4.366 0.062 34.095 1.000 -2.400e+01 -1.496e-01 -5.591e-01 -2.517e+00 -4.436e+00 -1.227e+01 -2.957e+00 -5.359e+00 -1.487e+01 -2.017e+00 -5.305e+00 -4.662e+00 -1.583e+01 -1.902e+01 -1.783e+01 -2.806e+00
+0.860 -0.140  5.226  4.367 0.062 34.119 1.000 -2.400e+01 -1.496e-01 -5.591e-01 -2.517e+00 -4.436e+00 -1.218e+01 -2.957e+00 -5.359e+00 -1.478e+01 -2.017e+00 -5.305e+00 -4.662e+00 -1.574e+01 -1.893e+01 -1.774e+01 -2.806e+00
+0.950 -0.532  5.316  4.367 0.000 34.119 1.000 -2.400e+01 -1.496e-01 -5.591e-01 -2.517e+00 -4.436e+00 -1.209e+01 -2.957e+00 -5.359e+00 -1.469e+01 -2.017e+00 -5.305e+00 -4.662e+00 -1.565e+01 -1.884e+01 -1.765e+01 -2.806e+00
+1.040 -0.416  5.406  4.368 0.000 34.119 1.000 -2.400e+01 -1.496e-01 -5.591e-01 -2.517e+00 -4.436e+00 -1.200e+01 -2.957e+00 -5.359e+00 -1.461e+01 -2.017e+00 -5.305e+00 -4.662e+00 -1.557e+01 -1.875e+01 -1.756e+01 -2.806e+00
+1.130 -0.490  5.497  4.369 0.000 34.119 1.000 -2.400e+01 -1.496e-01 -5.591e-01 -2.517e+00 -4.436e+00 -1.191e+01 -2.957e+00 -5.359e+00 -1.452e+01 -2.017e+00 -5.305e+00 -4.662e+00 -1.548e+01 -1.866e+01 -1.747e+01 -2.806e+00
+1.220 +0.220  5.587  4.370 0.000 34.119 1.000 -2.400e+01 -1.496e-01 -5.591e-01 -2.517e+00 -4.436e+00 -1.182e+01 -2.957e+00 -5.359e+00 -1.443e+01 -2.017e+00 -5.305e+00 -4.662e+00 -1.540e+01 -1.857e+01 -1.738e+01 -2.806e+00
+1.310 -0.172  5.678  4.371 0.062 34.119 1.000 -2.400e+01 -1.496e-01 -5.591e-01 -2.517e+00 -4.436e+00 -1.173e+01 -2.957e+00 -5.359e+00 -1.435e+01 -2.017e+00 -5.305e+00 -4.662e+00 -1.532e+01 -1.848e+01 -1.729e+01 -2.806e+00
+1.400 -0.056  5.769  4.373 0.062 34.119 1.000 -2.400e+01 -1.496e-01 -5.591e-01 -2.517e+00 -4.436e+00 -1.164e+01 -2.957e+00 -5.359e+00 -1.426e+01 -2.017e+00 -5.305e+00 -4.662e+00 -1.524e+01 -1.839e+01 -1.720e+01 -2.806e+00
+1.490 -0.130  5.859  4.374 0.062 34.119 1.000 -2.400e+01 -1.496e-01 -5.591e-01 -2.517e+00 -4.436e+00 -1.155e+01 -2.957e+00 -5.359e+00 -1.418e+01 -2.017e+00 -5.305e+00 -4.662e+00 -1.516e+01 -1.830e+01 -1.711e+01 -2.806e+00
+1.580 +0.580  5.951  4.376 0.062 34.119 1.000 -2.400e+01 -1.496e-01 -5.591e-01 -2.517e+00 -4.436e+00 -1.147e+01 -2.957e+00 -5.359e+00 -1.410e+01 -2.017e+00 -5.305e+00 -4.662e+00 -1.509e+01 -1.821e+01 -1.702e+01 -2.806e+00
+1.670 +0.188  6.042  4.379 0.000 34.119 1.000 -2.400e+01 -1.496e-01 -5.591e-01 -2.517e+00 -4.436e+00 -1.138e+01 -2.957e+00 -5.359e+00 -1.402e+01 -2.017e+00 -5.305e+00 -4.662e+00 -1.502e+01 -1.812e+01 -1.693e+01 -2.806e+00
+1.760 +0.304  6.134  4.382 0.000 34.119 1.000 -2.400e+01 -1.496e-01 -5.591e-01 -2.517e+00 -4.436e+00 -1.129e+01 -2.957e+00 -5.359e+00 -1.394e+01 -2.017e+00 -5.305e+00 -4.662e+00 -1.495e+01 -1.803e+01 -1.684e+01 -2.806e+00
+1.850 +0.230  6.226  4.386 0.000 34.119 1.000 -2.400e+01 -1.496e-01 -5.591e-01 -2.517e+00 -4.436e+00 -1.120e+01 -2.957e+00 -5.359e+00 -1.387e+01 -2.017e+00 -5.305e+00 -4.662e+00 -1.489e+01 -1.794e+01 -1.675e+01 -2.806e+00
+1.940 +0.940  6.318  4.390 0.000 34.119 1.000 -2.400e+01 -1.496e-01 -5.591e-01 -2.517e+00 -4.436e+00 -1.112e+01 -2.957e+00 -5.359e+00 -1.380e+01 -2.017e+00 -5.305e+00 -4.662e+00 -1.483e+01 -1.785e+01 -1.666e+01 -2.806e+00
+2.030 +0.548  6.411  4.396 0.062 34.119 1.000 -2.400e+01 -1.496e-01 -5.591e-01 -2.517e+00 -4.436e+00 -1.103e+01 -2.957e+00 -5.359e+00 -1.373e+01 -2.017e+00 -5.305e+00 -4.662e+00 -1.478e+01 -1.776e+01 -1.657e+01 -2.806e+00
+2.120 +0.664  6.504  4.403 0.062 34.119 1.000 -2.400e+01 -1.496e-01 -5.591e-01 -2.517e+00 -4.436e+00 -1.095e+01 -2.957e+00 -5.359e+00 -1.366e+01 -2.017e+00 -5.305e+00 -4.662e+00 -1.473e+01 -1.767e+01 -1.648e+01 -2.806e+00
+2.210 +0.590  6.599  4.411 0.062 34.143 1.000 -2.400e+01 -1.496e-01 -5.591e-01 -2.517e+00 -4.436e+00 -1.087e+01 -2.957e+00 -5.359e+00 -1.361e+01 -2.017e+00 -5.305e+00 -4.662e+00 -1.469e+01 -1.758e+01 -1.639e+01 -2.806e+00
+2.300 +1.300  6.694  4.418 0.062 34.143 1.000 -2.400e+01 -1.496e-01 -5.591e-01 -2.517e+00 -4.436e+00 -1.079e+01 -2.957e+00 -5.359e+00 -1.355e+01 -2.017e+00 -5.305e+00 -4.662e+00 -1.467e+01 -1.749e+01 -1.630e+01 -2.806e+00
+2.390 +0.908  6.789  4.429 0.000 34.143 1.000 -2.400e+01 -1.496e-01 -5.591e-01 -2.517e+00 -4.436e+00 -1.071e+01 -2.957e+00 -5.359e+00 -1.351e+01 -2.017e+00 -5.305e+00 -4.662e+00 -1.464e+01 -1.740e+01 -1.621e+01 -2.806e+00
+2.480 +1.024  6.886  4.441 0.000 34.143 1.000 -2.400e+01 -1.496e-01 -5.591e-01 -2.517e+00 -4.436e+00 -1.063e+01 -2.957e+00 -5.359e+00 -1.347e+01 -2.017e+00 -5.305e+00 -4.662e+00 -1.463e+01 -1.731e+01 -1.612e+01 -2.806e+00
+2.570 +0.950  6.984  4.454 0.000 34.143 1.000 -2.400e+01 -1.496e-01 -5.591e-01 -2.517e+00 -4.436e+00 -1.056e+01 -2.957e+00 -5.359e+00 -1.344e+01 -2.017e+00 -5.305e+00 -4.662e+00 -1.462e+01 -1.722e+01 -1.603e+01 -2.806e+00
+2.660 +1.660  7.083  4.466 0.000 34.143 1.000 -2.400e+01 -1.496e-01 -5.591e-01 -2.517e+00 -4.436e+00 -1.049e+01 -2.957e+00 -5.359e+00 -1.342e+01 -2.017e+00 -5.305e+00 -4.662e+00 -1.462e+01 -1.714e+01 -1.594e+01 -2.806e+00
+2.750 +1.268  7.183  4.482 0.062 34.143 1.000 -2.400e+01 -1.496e-01 -5.591e-01 -2.517e+00 -4.436e+00 -1.042e+01 -2.957e+00 -5.359e+00 -1.341e+01 -2.017e+00 -5.305e+00 -4.662e+00 -1.461e+01 -1.705e+01 -1.585e+01 -2.806e+00
+2.840 +1.384  7.284  4.498 0.062 34.143 1.000 -2.400e+01 -1.496e-01 -5.591e-01 -2.517e+00 -4.436e+00 -1.036e+01 -2.957e+00 -5.359e+00 -1.340e+01 -2.017e+00 -5.305e+00 -4.662e+00 -1.461e+01 -1.696e+01 -1.576e+01 -2.806e+00
+2.930 +1.310  7.387  4.514 0.062 34.143 1.000 -2.400e+01 -1.496e-01 -5.591e-01 -2.517e+00 -4.436e+00 -1.030e+01 -2.957e+00 -5.359e+00 -1.339e+01 -2.017e+00 -5.305e+00 -4.662e+00 -1.461e+01 -1.688e+01 -1.567e+01 -2.806e+00
+3.020 +2.020  7.489  4.526 0.062 34.143 1.000 -2.400e+01 -1.496e-01 -5.591e-01 -2.517e+00 -4.436e+00 -1.025e+01 -2.957e+00 -5.359e+00 -1.339e+01 -2.017e+00 -5.305e+00 -4.662e+00 -1.461e+01 -1.679e+01 -1.558e+01 -2.806e+00
+3.110 +1.628  7.592  4.542 0.000 34.143 1.000 -2.400e+01 -1.496e-01 -5.591e-01 -2.517e+00 -4.436e+00 -1.021e+01 -2.957e+00 -5.359e+00 -1.339e+01 -2.017e+00 -5.305e+00 -4.662e+00 -1.461e+01 -1.670e+01 -1.549e+01 -2.806e+00
+3.200 +1.744  7.696  4.555 0.000 34.143 1.000 -2.400e+01 -1.496e-01 -5.591e-01 -2.517e+00 -4.436e+00 -1.017e+01 -2.957e+00 -5.359e+00 -1.339e+01 -2.017e+00 -5.305e+00 -4.662e+00 -1.461e+01 -1.662e+01 -1.540e+01 -2.806e+00
+3.290 +1.670  7.798  4.565 0.000 34.143 1.000 -2.400e+01 -1.496e-01 -5.591e-01 -2.517e+00 -4.436e+00 -1.015e+01 -2.957e+00 -5.359e+00 -1.339e+01 -2.017e+00 -5.305e+00 -4.662e+00 -1.461e+01 -1.654e+01 -1.531e+01 -2.806e+00
+3.380 +2.380  7.900  4.571 0.000 34.143 1.000 -2.400e+01 -1.496e-01 -5.591e-01 -2.517e+00 -4.436e+00 -1.013e+01 -2.957e+00 -5.359e+00 -1.339e+01 -2.017e+00 -5.305e+00 -4.662e+00 -1.461e+01 -1.646e+01 -1.522e+01 -2.806e+00
+3.470 +1.988  8.001  4.577 0.062 34.143 1.000 -2.400e+01 -1.496e-01 -5.591e-01 -2.517e+00 -4.436e+00 -1.011e+01 -2.957e+00 -5.359e+00 -1.339e+01 -2.017e+00 -5.305e+00 -4.662e+00 -1.461e+01 -1.638e+01 -1.513e+01 -2.806e+00
+3.560 +2.104  8.100  4.580 0.062 34.143 1.000 -2.400e+01 -1.496e-01 -5.591e-01 -2.517e+00 -4.436e+00 -1.011e+01 -2.957e+00 -5.359e+00 -1.339e+01 -2.017e+00 -5.305e+00 -4.662e+00 -1.461e+01 -1.631e+01 -1.504e+01 -2.806e+00
+3.650 +2.030  8.198  4.582 0.062 34.143 1.000 -2.400e+01 -1.496e-01 -5.591e-01 -2.517e+00 -4.436e+00 -1.010e+01 -2.957e+00 -5.359e+00 -1.339e+01 -2.017e+00 -5.305e+00 -4.662e+00 -1.461e+01 -1.623e+01 -1.495e+01 -2.806e+00
+3.740 +2.740  8.295  4.582 0.125 34.143 1.000 -2.400e+01 -1.496e-01 -5.591e-01 -2.517e+00 -4.436e+00 -1.010e+01 -2.957e+00 -5.359e+00 -1.339e+01 -2.017e+00 -5.305e+00 -4.662e+00 -1.461e+01 -1.616e+01 -1.486e+01 -2.806e+00
+3.830 +2.348  8.390  4.582 0.000 34.143 1.000 -2.400e+01 -1.496e-01 -5.591e-01 -2.517e+00 -4.436e+00 -1.010e+01 -2.957e+00 -5.359e+00 -1.339e+01 -2.017e+00 -5.305e+00 -4.662e+00 -1.461e+01 -1.610e+01 -1.477e+01 -2.806e+00
+3.920 +2.464  8.484  4.582 0.000 34.143 1.000 -2.400e+01 -1.496e-01 -5.591e-01 -2.517e+00 -4.436e+00 -1.010e+01 -2.957e+00 -5.359e+00 -1.339e+01 -2.017e+00 -5.305e+00 -4.662e+00 -1.461e+01 -1.604e+01 -1.468e+01 -2.806e+00
+4.010 +2.390  8.578  4.582 0.000 34.143 1.000 -2.400e+01 -1.496e-01 -5.591e-01 -2.517e+00 -4.436e+00 -1.010e+01 -2.957e+00 -5.359e+00 -1.339e+01 -2.017e+00 -5.305e+00 -4.662e+00 -1.461e+01 -1.599e+01 -1.459e+01 -2.806e+00
+4.100 +3.100  8.670  4.582 0.125 34.143 1.000 -2.400e+01 -1.496e-01 -5.591e-01 -2.517e+00 -4.436e+00 -1.010e+01 -2.957e+00 -5.359e+00 -1.339e+01 -2.017e+00 -5.305e+00 -4.662e+00 -1.461e+01 -1.594e+01 -1.450e+01 -2.806e+00
+4.190 +2.708  8.763  4.582 0.125 34.143 1.000 -2.400e+01 -1.496e-01 -5.591e-01 -2.517e+00 -4.436e+00 -1.010e+01 -2.957e+00 -5.359e+00 -1.339e+01 -2.017e+00 -5.305e+00 -4.662e+00 -1.461e+01 -1.590e+01 -1.441e+01 -2.806e+00
+4.280 +2.824  8.855  4.582 0.125 34.143 1.000 -2.400e+01 -1.496e-01 -5.591e-01 -2.517e+00 -4.436e+00 -1.010e+01 -2.957e+00 -5.359e+00 -1.339e+01 -2.017e+00 -5.305e+00 -4.662e+00 -1.461e+01 -1.587e+01 -1.432e+01 -2.806e+00
+4.370 +2.750  8.946  4.582 0.125 34.143 1.000 -2.400e+01 -1.496e-01 -5.591e-01 -2.517e+00 -4.436e+00 -1.010e+01 -2.957e+00 -5.359e+00 -1.339e+01 -2.017e+00 -5.305e+00 -4.662e+00 -1.461e+01 -1.584e+01 -1.423e+01 -2.806e+00
+4.460 +3.460  9.037  4.582 0.188 34.143 1.000 -2.400e+01 -1.496e-01 -5.591e-01 -2.517e+00 -4.436e+00 -1.010e+01 -2.957e+00 -5.359e+00 -1.339e+01 -2.017e+00 -5.305e+00 -4.662e+00 -1.461e+01 -1.583e+01 -1.414e+01 -2.806e+00
+4.550 +3.068  9.128  4.582 0.125 34.143 1.000 -2.400e+01 -1.496e-01 -5.591e-01 -2.517e+00 -4.436e+00 -1.010e+01 -2.957e+00 -5.359e+00 -1.339e+01 -2.017e+00 -5.305e+00 -4.662e+00 -1.461e+01 -1.582e+01 -1.405e+01 -2.806e+00
+4.640 +3.184  9.219  4.582 0.125 34.143 1.000 -2.400e+01 -1.496e-01 -5.591e-01 -2.517e+00 -4.436e+00 -1.010e+01 -2.957e+00 -5.359e+00 -1.339e+01 -2.017e+00 -5.305e+00 -4.662e+00 -1.461e+01 -1.581e+01 -1.396e+01 -2.806e+00
+4.730 +3.110  9.310  4.582 0.125 34.143 1.000 -2.400e+01 -1.496e-01 -5.591e-01 -2.517e+00 -4.436e+00 -1.010e+01 -2.957e+00 -5.359e+00 -1.339e+01 -2.017e+00 -5.305e+00 -4.662e+00 -1.461e+01 -1.581e+01 -1.387e+01 -2.806e+00
+4.820 +3.820  9.400  4.582 0.188 34.143 1.000 -2.400e+01 -1.496e-01 -5.591e-01 -2.517e+00 -4.436e+00 -1.010e+01 -2.957e+00 -5.359e+00 -1.339e+01 -2.017e+00 -5.305e+00 -4.662e+00 -1.461e+01 -1.581e+01 -1.378e+01 -2.806e+00
+4.910 +3.428  9.490  4.582 0.188 34.143 1.000 -2.400e+01 -1.496e-01 -5.591e-01 -2.517e+00 -4.436e+00 -1.010e+01 -2.957e+00 -5.359e+00 -1.339e+01 -2.017e+00 -5.305e+00 -4.662e+00 -1.461e+01 -1.581e+01 -1.369e+01 -2.806e+00
+5.000 +3.544  9.581  4.582 0.250 34.143 1.000 -2.400e+01 -1.496e-01 -5.591e-01 -2.517e+00 -4.436e+00 -1.010e+01 -2.957e+00 -5.359e+00 -1.339e+01 -2.017e+00 -5.305e+00 -4.662e+00 -1.461e+01 -1.581e+01 -1.360e+01 -2.806e+00
+5.090 +3.470  9.671  4.582 0.188 34.143 1.000 -2.400e+01 -1.496e-01 -5.591e-01 -2.517e+00 -4.436e+00 -1.010e+01 -2.957e+00 -5.359e+00 -1.339e+01 -2.017e+00 -5.305e+00 -4.662e+00 -1.461e+01 -1.581e+01 -1.351e+01 -2.806e+00
+5.180 +4.180  9.761  4.582 0.250 34.143 1.000 -2.400e+01 -1.496e-01 -5.591e-01 -2.517e+00 -4.436e+00 -1.010e+01 -2.957e+00 -5.359e+00 -1.339e+01 -2.017e+00 -5.305e+00 -4.662e+00 -1.461e+01 -1.581e+01 -1.342e+01 -2.806e+00
+5.270 +3.788  9.852  4.582 0.188 34.143 1.000 -2.400e+01 -1.496e-01 -5.591e-01 -2.517e+00 -4.436e+00 -1.010e+01 -2.957e+00 -5.359e+00 -1.339e+01 -2.017e+00 -5.305e+00 -4.662e+00 -1.461e+01 -1.581e+01 -1.333e+01 -2.806e+00
+5.360 +3.904  9.942  4.582 0.188 34.143 1.000 -2.400e+01 -1.496e-01 -5.591e-01 -2.517e+00 -4.436e+00 -1.010e+01 -2.957e+00 -5.360e+00 -1.339e+01 -2.017e+00 -5.305e+00 -4.662e+00 -1.461e+01 -1.581e+01 -1.324e+01 -2.806e+00
+5.450 +3.830 10.032  4.582 0.188 34.143 1.000 -2.400e+01 -1.496e-01 -5.591e-01 -2.517e+00 -4.436e+00 -1.010e+01 -2.957e+00 -5.360e+00 -1.339e+01 -2.017e+00 -5.305e+00 -4.662e+00 -1.461e+01 -1.581e+01 -1.315e+01 -2.806e+00
+5.540 +4.540 10.122  4.582 0.188 34.143 1.000 -2.400e+01 -1.496e-01 -5.591e-01 -2.517e+00 -4.436e+00 -1.010e+01 -2.957e+00 -5.360e+00 -1.339e+01 -2.017e+00 -5.305e+00 -4.662e+00 -1.461e+01 -1.581e+01 -1.306e+01 -2.806e+00
+5.630 +4.148 10.212  4.582 0.250 34.143 1.000 -2.400e+01 -1.496e-01 -5.591e-01 -2.517e+00 -4.436e+00 -1.010e+01 -2.957e+00 -5.360e+00 -1.339e+01 -2.017e+00 -5.305e+00 -4.662e+00 -1.461e+01 -1.581e+01 -1.297e+01 -2.806e+00
+5.720 +4.264 10.302  4.582 0.250 34.143 1.000 -2.400e+01 -1.496e-01 -5.591e-01 -2.517e+00 -4.436e+00 -1.010e+01 -2.957e+00 -5.360e+00 -1.339e+01 -2.017e+00 -5.305e+00 -4.662e+00 -1.461e+01 -1.581e+01 -1.288e+01 -2.806e+00
+5.810 +4.190 10.392  4.582 0.250 34.143 1.000 -2.400e+01 -1.496e-01 -5.591e-01 -2.517e+00 -4.435e+00 -1.010e+01 -2.957e+00 -5.361e+00 -1.339e+01 -2.017e+00 -5.305e+00 -4.662e+00 -1.461e+01 -1.581e+01 -1.279e+01 -2.806e+00
+5.900 +4.900 10.482  4.582 0.312 34.143 1.000 -2.400e+01 -1.496e-01 -5.591e-01 -2.517e+00 -4.435e+00 -1.010e+01 -2.957e+00 -5.361e+00 -1.339e+01 -2.017e+00 -5.305e+00 -4.662e+00 -1.461e+01 -1.581e+01 -1.270e+01 -2.806e+00
+5.990 +4.508 10.572  4.582 0.188 34.143 1.000 -2.400e+01 -1.496e-01 -5.591e-01 -2.517e+00 -4.435e+00 -1.010e+01 -2.957e+00 -5.361e+00 -1.339e+01 -2.017e+00 -5.305e+00 -4.662e+00 -1.461e+01 -1.581e+01 -1.261e+01 -2.806e+00
+6.080 +4.624 10.662  4.582 0.250 34.143 1.000 -2.400e+01 -1.496e-01 -5.591e-01 -2.517e+00 -4.435e+00 -1.010e+01 -2.957e+00 -5.362e+00 -1.339e+01 -2.017e+00 -5.305e+00 -4.662e+00 -1.461e+01 -1.581e+01 -1.252e+01 -2.806e+00
+6.170 +4.550 10.752  4.582 0.188 34.143 1.000 -2.400e+01 -1.496e-01 -5.591e-01 -2.517e+00 -4.435e+00 -1.010e+01 -2.957e+00 -5.363e+00 -1.339e+01 -2.017e+00 -5.305e+00 -4.662e+00 -1.461e+01 -1.581e+01 -1.243e+01 -2.806e+00
+6.260 +5.260 10.842  4.582 0.250 34.143 1.000 -2.400e+01 -1.496e-01 -5.591e-01 -2.517e+00 -4.434e+00 -1.010e+01 -2.957e+00 -5.363e+00 -1.339e+01 -2.017e+00 -5.305e+00 -4.662e+00 -1.461e+01 -1.581e+01 -1.234e+01 -2.806e+00
+6.350 +4.868 10.932  4.581 0.312 34.143 1.000 -2.400e+01 -1.496e-01 -5.591e-01 -2.517e+00 -4.434e+00 -1.010e+01 -2.957e+00 -5.364e+00 -1.339e+01 -2.017e+00 -5.305e+00 -4.662e+00 -1.461e+01 -1.581e+01 -1.225e+01 -2.806e+00
+6.440 +4.984 11.022  4.581 0.312 34.143 1.000 -2.400e+01 -1.496e-01 -5.591e-01 -2.517e+00 -4.433e+00 -1.010e+01 -2.957e+00 -5.366e+00 -1.339e+01 -2.017e+00 -5.305e+00 -4.662e+00 -1.461e+01 -1.581e+01 -1.216e+01 -2.806e+00
+6.530 +4.910 11.112  4.581 0.312 34.143 1.000 -2.400e+01 -1.496e-01 -5.591e-01 -2.517e+00 -4.433e+00 -1.010e+01 -2.957e+00 -5.367e+00 -1.339e+01 -2.017e+00 -5.305e+00 -4.662e+00 -1.461e+01 -1.581e+01 -1.207e+01 -2.806e+00
+6.620 +5.620 11.201  4.581 0.312 34.143 1.000 -2.400e+01 -1.496e-01 -5.591e-01 -2.517e+00 -4.432e+00 -1.010e+01 -2.957e+00 -5.369e+00 -1.339e+01 -2.017e+00 -5.305e+00 -4.662e+00 -1.461e+01 -1.581e+01 -1.198e+01 -2.806e+00
+6.710 +3.879 11.291  4.580 0.250 34.143 1.000 -2.400e+01 -1.496e-01 -5.591e-01 -2.517e+00 -4.431e+00 -1.010e+01 -2.957e+00 -5.371e+00 -1.339e+01 -2.017e+00 -5.305e+00 -4.662e+00 -1.461e+01 -1.581e+01 -1.189e+01 -2.806e+00
+6.800 +5.164 11.381  4.580 0.250 34.143 1.000 -2.400e+01 -1.496e-01 -5.591e-01 -2.517e+00 -4.430e+00 -1.010e+01 -2.957e+00 -5.374e+00 -1.339e+01 -2.017e+00 -5.305e+00 -4.662e+00 -1.461e+01 -1.581e+01 -1.180e+01 -2.806e+00
+6.890 +5.546 11.471  4.579 0.250 34.143 1.000 -2.400e+01 -1.496e-01 -5.591e-01 -2.517e+00 -4.428e+00 -1.010e+01 -2.957e+00 -5.378e+00 -1.339e+01 -2.017e+00 -5.305e+00 -4.662e+00 -1.461e+01 -1.581e+01 -1.171e+01 -2.806e+00
+6.980 +5.189 11.560  4.578 0.312 34.143 1.000 -2.400e+01 -1.496e-01 -5.591e-01 -2.517e+00 -4.426e+00 -1.010e+01 -2.957e+00 -5.382e+00 -1.339e+01 -2.017e+00 -5.305e+00 -4.662e+00 -1.461e+01 -1.581e+01 -1.162e+01 -2.806e+00
+7.070 +4.247 11.650  4.577 0.188 34.143 1.000 -2.400e+01 -1.496e-01 -5.591e-01 -2.517e+00 -4.424e+00 -1.010e+01 -2.957e+00 -5.388e+00 -1.339e+01 -2.017e+00 -5.305e+00 -4.662e+00 -1.461e+01 -1.581e+01 -1.153e+01 -2.806e+00
+7.160 +5.350 11.739  4.576 0.312 34.143 1.000 -2.400e+01 -1.496e-01 -5.591e-01 -2.517e+00 -4.421e+00 -1.010e+01 -2.957e+00 -5.394e+00 -1.339e+01 -2.017e+00 -5.305e+00 -4.662e+00 -1.461e+01 -1.581e+01 -1.144e+01 -2.806e+00
+7.250 +5.680 11.828  4.575 0.312 34.143 1.000 -2.400e+01 -1.496e-01 -5.591e-01 -2.517e+00 -4.418e+00 -1.010e+01 -2.957e+00 -5.402e+00 -1.339e+01 -2.017e+00 -5.305e+00 -4.662e+00 -1.461e+01 -1.581e+01 -1.135e+01 -2.806e+00
+7.340 +5.471 11.918  4.573 0.312 34.143 1.000 -2.400e+01 -1.496e-01 -5.591e-01 -2.517e+00 -4.414e+00 -1.010e+01 -2.957e+00 -5.412e+00 -1.339e+01 -2.017e+00 -5.305e+00 -4.662e+00 -1.461e+01 -1.581e+01 -1.126e+01 -2.806e+00
+7.430 +5.449 12.007  4.571 0.312 34.143 1.000 -2.400e+01 -1.496e-01 -5.591e-01 -2.517e+00 -4.409e+00 -1.010e+01 -2.957e+00 -5.424e+00 -1.339e+01 -2.017e+00 -5.305e+00 -4.662e+00 -1.461e+01 -1.581e+01 -1.117e+01 -2.806e+00
+7.520 +5.672 12.095  4.569 0.312 34.143 1.000 -2.400e+01 -1.496e-01 -5.591e-01 -2.517e+00 -4.403e+00 -1.010e+01 -2.957e+00 -5.439e+00 -1.339e+01 -2.017e+00 -5.305e+00 -4.662e+00 -1.461e+01 -1.581e+01 -1.108e+01 -2.806e+00
+7.610 +5.595 12.184  4.566 0.312 34.143 1.000 -2.400e+01 -1.496e-01 -5.591e-01 -2.517e+00 -4.396e+00 -1.010e+01 -2.957e+00 -5.458e+00 -1.339e+01 -2.017e+00 -5.305e+00 -4.662e+00 -1.461e+01 -1.581e+01 -1.099e+01 -2.806e+00
+7.700 +5.614 12.272  4.562 0.250 34.143 1.000 -2.400e+01 -1.496e-01 -5.591e-01 -2.517e+00 -4.387e+00 -1.010e+01 -2.957e+00 -5.481e+00 -1.339e+01 -2.017e+00 -5.305e+00 -4.662e+00 -1.461e+01 -1.581e+01 -1.090e+01 -2.806e+00
+7.790 +5.054 12.360  4.558 0.312 34.143 1.000 -2.400e+01 -1.496e-01 -5.591e-01 -2.518e+00 -4.376e+00 -1.010e+01 -2.957e+00 -5.508e+00 -1.339e+01 -2.017e+00 -5.304e+00 -4.662e+00 -1.461e+01 -1.581e+01 -1.081e+01 -2.806e+00
+7.880 +5.697 12.447  4.554 0.250 34.143 1.000 -2.400e+01 -1.496e-01 -5.591e-01 -2.518e+00 -4.363e+00 -1.010e+01 -2.957e+00 -5.543e+00 -1.339e+01 -2.017e+00 -5.304e+00 -4.662e+00 -1.461e+01 -1.581e+01 -1.072e+01 -2.806e+00
+7.970 +5.440 12.534  4.549 0.250 34.143 1.000 -2.400e+01 -1.496e-01 -5.591e-01 -2.518e+00 -4.348e+00 -1.010e+01 -2.957e+00 -5.585e+00 -1.339e+01 -2.017e+00 -5.304e+00 -4.662e+00 -1.461e+01 -1.581e+01 -1.063e+01 -2.806e+00
+8.060 +5.708 12.621  4.544 0.250 34.143 1.000 -2.400e+01 -1.496e-01 -5.591e-01 -2.518e+00 -4.331e+00 -1.010e+01 -2.957e+00 -5.636e+00 -1.339e+01 -2.017e+00 -5.304e+00 -4.662e+00 -1.461e+01 -1.581e+01 -1.054e+01 -2.806e+00
+8.150 +5.384 12.707  4.538 0.312 34.143 1.000 -2.400e+01 -1.496e-01 -5.591e-01 -2.518e+00 -4.310e+00 -1.010e+01 -2.957e+00 -5.700e+00 -1.339e+01 -2.017e+00 -5.304e+00 -4.662e+00 -1.461e+01 -1.581e+01 -1.045e+01 -2.806e+00
+8.240 +5.644 12.793  4.532 0.250 34.143 1.000 -2.400e+01 -1.496e-01 -5.591e-01 -2.519e+00 -4.285e+00 -1.010e+01 -2.957e+00 -5.777e+00 -1.339e+01 -2.017e+00 -5.304e+00 -4.663e+00 -1.461e+01 -1.581e+01 -1.036e+01 -2.806e+00
+8.330 +5.307 12.879  4.526 0.312 34.143 1.000 -2.400e+01 -1.496e-01 -5.591e-01 -2.519e+00 -4.257e+00 -1.010e+01 -2.957e+00 -5.872e+00 -1.339e+01 -2.017e+00 -5.304e+00 -4.663e+00 -1.461e+01 -1.581e+01 -1.027e+01 -2.806e+00
+8.420 +5.626 12.964  4.522 0.312 34.143 1.000 -2.400e+01 -1.496e-01 -5.591e-01 -2.520e+00 -4.225e+00 -1.010e+01 -2.957e+00 -5.986e+00 -1.339e+01 -2.017e+00 -5.304e+00 -4.663e+00 -1.461e+01 -1.581e+01 -1.018e+01 -2.806e+00
+8.510 +4.981 13.050  4.518 0.312 34.143 1.000 -2.400e+01 -1.496e-01 -5.591e-01 -2.520e+00 -4.189e+00 -1.010e+01 -2.956e+00 -6.125e+00 -1.339e+01 -2.017e+00 -5.304e+00 -4.663e+00 -1.461e+01 -1.581e+01 -1.009e+01 -2.806e+00
+8.600 +5.498 13.136  4.516 0.312 34.143 1.000 -2.400e+01 -1.496e-01 -5.591e-01 -2.521e+00 -4.149e+00 -1.011e+01 -2.956e+00 -6.289e+00 -1.339e+01 -2.017e+00 -5.304e+00 -4.663e+00 -1.461e+01 -1.581e+01 -9.997e+00 -2.806e+00
+8.690 +5.574 13.222  4.516 0.250 34.143 1.000 -2.400e+01 -1.496e-01 -5.591e-01 -2.522e+00 -4.104e+00 -1.011e+01 -2.956e+00 -6.479e+00 -1.339e+01 -2.017e+00 -5.304e+00 -4.664e+00 -1.461e+01 -1.581e+01 -9.907e+00 -2.806e+00
+8.780 +5.571 13.309  4.519 0.312 34.143 1.000 -2.400e+01 -1.496e-01 -5.591e-01 -2.524e+00 -4.056e+00 -1.011e+01 -2.956e+00 -6.687e+00 -1.339e+01 -2.017e+00 -5.303e+00 -4.664e+00 -1.461e+01 -1.581e+01 -9.817e+00 -2.806e+00
+8.870 +5.600 13.398  4.523 0.250 34.143 1.000 -2.400e+01 -1.496e-01 -5.591e-01 -2.525e+00 -4.003e+00 -1.011e+01 -2.955e+00 -6.890e+00 -1.339e+01 -2.017e+00 -5.303e+00 -4.664e+00 -1.461e+01 -1.581e+01 -9.727e+00 -2.806e+00
+8.960 +5.447 13.488  4.530 0.250 34.143 1.000 -2.400e+01 -1.496e-01 -5.591e-01 -2.527e+00 -3.948e+00 -1.011e+01 -2.954e+00 -7.049e+00 -1.339e+01 -2.017e+00 -5.303e+00 -4.665e+00 -1.461e+01 -1.581e+01 -9.638e+00 -2.806e+00
+9.050 +5.537 13.579  4.539 0.250 34.143 1.000 -2.400e+01 -1.496e-01 -5.591e-01 -2.530e+00 -3.889e+00 -1.011e+01 -2.953e+00 -7.140e+00 -1.339e+01 -2.017e+00 -5.302e+00 -4.666e+00 -1.461e+01 -1.581e+01 -9.548e+00 -2.806e+00
+9.140 +5.574 13.672  4.549 0.312 34.143 1.000 -2.400e+01 -1.496e-01 -5.591e-01 -2.533e+00 -3.828e+00 -1.012e+01 -2.952e+00 -7.175e+00 -1.338e+01 -2.017e+00 -5.302e+00 -4.667e+00 -1.461e+01 -1.581e+01 -9.459e+00 -2.806e+00
+9.230 +5.374 13.766  4.561 0.250 34.143 1.000 -2.400e+01 -1.496e-01 -5.591e-01 -2.537e+00 -3.765e+00 -1.012e+01 -2.950e+00 -7.183e+00 -1.338e+01 -2.017e+00 -5.301e+00 -4.668e+00 -1.461e+01 -1.580e+01 -9.369e+00 -2.806e+00
+9.320 +5.471 13.862  4.575 0.250 34.143 1.000 -2.400e+01 -1.496e-01 -5.591e-01 -2.542e+00 -3.701e+00 -1.013e+01 -2.947e+00 -7.184e+00 -1.338e+01 -2.017e+00 -5.300e+00 -4.669e+00 -1.461e+01 -1.580e+01 -9.280e+00 -2.806e+00
+9.410 +4.578 13.960  4.590 0.188 34.143 1.000 -2.400e+01 -1.496e-01 -5.591e-01 -2.547e+00 -3.637e+00 -1.013e+01 -2.943e+00 -7.182e+00 -1.337e+01 -2.017e+00 -5.299e+00 -4.670e+00 -1.461e+01 -1.580e+01 -9.190e+00 -2.806e+00
+9.500 +4.988 14.060  4.606 0.250 34.143 1.000 -2.400e+01 -1.496e-01 -5.591e-01 -2.555e+00 -3.574e+00 -1.014e+01 -2.937e+00 -7.179e+00 -1.337e+01 -2.017e+00 -5.297e+00 -4.672e+00 -1.461e+01 -1.580e+01 -9.101e+00 -2.806e+00
+9.590 +5.667 14.161  4.624 0.312 34.143 1.000 -2.400e+01 -1.496e-01 -5.591e-01 -2.563e+00 -3.513e+00 -1.015e+01 -2.929e+00 -7.175e+00 -1.336e+01 -2.017e+00 -5.296e+00 -4.675e+00 -1.461e+01 -1.580e+01 -9.013e+00 -2.806e+00
+9.680 +5.667 14.263  4.642 0.250 34.143 1.000 -2.400e+01 -1.496e-01 -5.591e-01 -2.574e+00 -3.454e+00 -1.016e+01 -2.918e+00 -7.169e+00 -1.335e+01 -2.017e+00 -5.294e+00 -4.678e+00 -1.461e+01 -1.580e+01 -8.924e+00 -2.806e+00
+9.770 +5.664 14.367  4.659 0.312 34.143 1.000 -2.400e+01 -1.496e-01 -5.591e-01 -2.588e+00 -3.399e+00 -1.017e+01 -2.903e+00 -7.160e+00 -1.333e+01 -2.017e+00 -5.291e+00 -4.681e+00 -1.461e+01 -1.580e+01 -8.836e+00 -2.806e+00
+9.860 +5.189 14.471  4.675 0.312 34.143 1.000 -2.400e+01 -1.496e-01 -5.591e-01 -2.604e+00 -3.349e+00 -1.019e+01 -2.883e+00 -7.149e+00 -1.331e+01 -2.017e+00 -5.288e+00 -4.686e+00 -1.461e+01 -1.579e+01 -8.748e+00 -2.806e+00
+9.950 +5.489 14.575  4.689 0.250 34.143 1.000 -2.400e+01 -1.497e-01 -5.591e-01 -2.624e+00 -3.305e+00 -1.021e+01 -2.857e+00 -7.132e+00 -1.329e+01 -2.017e+00 -5.285e+00 -4.691e+00 -1.461e+01 -1.579e+01 -8.661e+00 -2.806e+00
+10.040 +5.384 14.679  4.698 0.250 34.143 1.000 -2.400e+01 -1.497e-01 -5.591e-01 -2.649e+00 -3.271e+00 -1.023e+01 -2.824e+00 -7.111e+00 -1.326e+01 -2.017e+00 -5.280e+00 -4.698e+00 -1.461e+01 -1.578e+01 -8.574e+00 -2.806e+00
+10.130 +5.661 14.781  4.700 0.250 34.143 1.000 -2.400e+01 -1.497e-01 -5.591e-01 -2.679e+00 -3.246e+00 -1.026e+01 -2.784e+00 -7.085e+00 -1.322e+01 -2.017e+00 -5.275e+00 -4.706e+00 -1.461e+01 -1.578e+01 -8.488e+00 -2.806e+00
+10.220 +5.662 14.880  4.694 0.250 34.143 1.000 -2.400e+01 -1.497e-01 -5.591e-01 -2.716e+00 -3.234e+00 -1.030e+01 -2.738e+00 -7.053e+00 -1.317e+01 -2.017e+00 -5.268e+00 -4.716e+00 -1.461e+01 -1.577e+01 -8.403e+00 -2.806e+00
+10.310 +5.888 14.975  4.677 0.250 34.143 1.000 -2.400e+01 -1.497e-01 -5.591e-01 -2.762e+00 -3.237e+00 -1.035e+01 -2.687e+00 -7.015e+00 -1.312e+01 -2.017e+00 -5.260e+00 -4.729e+00 -1.461e+01 -1.576e+01 -8.319e+00 -2.806e+00
+10.400 +5.085 15.064  4.645 0.312 34.143 1.000 -2.400e+01 -1.497e-01 -5.591e-01 -2.819e+00 -3.257e+00 -1.040e+01 -2.632e+00 -6.975e+00 -1.306e+01 -2.017e+00 -5.251e+00 -4.744e+00 -1.461e+01 -1.575e+01 -8.237e+00 -2.806e+00
+10.490 +5.417 15.147  4.597 0.312 34.143 1.000 -2.400e+01 -1.498e-01 -5.591e-01 -2.888e+00 -3.297e+00 -1.047e+01 -2.578e+00 -6.933e+00 -1.301e+01 -2.017e+00 -5.239e+00 -4.763e+00 -1.461e+01 -1.574e+01 -8.156e+00 -2.806e+00
+10.580 +5.476 15.221  4.529 0.250 34.143 1.000 -2.400e+01 -1.498e-01 -5.591e-01 -2.972e+00 -3.361e+00 -1.056e+01 -2.525e+00 -6.891e+00 -1.296e+01 -2.017e+00 -5.226e+00 -4.786e+00 -1.461e+01 -1.573e+01 -8.077e+00 -2.806e+00
+10.670 +5.519 15.286  4.439 0.250 34.143 1.000 -2.400e+01 -1.498e-01 -5.591e-01 -3.076e+00 -3.450e+00 -1.066e+01 -2.476e+00 -6.852e+00 -1.291e+01 -2.017e+00 -5.209e+00 -4.815e+00 -1.461e+01 -1.571e+01 -8.001e+00 -2.806e+00
+10.760 +5.900 15.340  4.323 0.312 34.143 1.000 -2.400e+01 -1.498e-01 -5.591e-01 -3.202e+00 -3.568e+00 -1.079e+01 -2.434e+00 -6.819e+00 -1.287e+01 -2.017e+00 -5.190e+00 -4.850e+00 -1.461e+01 -1.569e+01 -7.928e+00 -2.806e+00
+10.850 +5.737 15.385  4.181 0.250 34.143 1.000 -2.400e+01 -1.499e-01 -5.591e-01 -3.355e+00 -3.718e+00 -1.094e+01 -2.400e+00 -6.792e+00 -1.283e+01 -2.017e+00 -5.167e+00 -4.894e+00 -1.461e+01 -1.567e+01 -7.858e+00 -2.806e+00
+10.940 +6.225 15.420  4.011 0.312 34.143 1.000 -2.400e+01 -1.499e-01 -5.590e-01 -3.537e+00 -3.903e+00 -1.112e+01 -2.374e+00 -6.771e+00 -1.281e+01 -2.017e+00 -5.141e+00 -4.947e+00 -1.461e+01 -1.565e+01 -7.792e+00 -2.806e+00
+11.030 +6.494 15.447  3.820 0.312 34.143 1.000 -2.400e+01 -1.499e-01 -5.590e-01 -3.749e+00 -4.123e+00 -1.133e+01 -2.355e+00 -6.758e+00 -1.279e+01 -2.017e+00 -5.111e+00 -5.012e+00 -1.461e+01 -1.562e+01 -7.731e+00 -2.806e+00
+11.120 +6.485 15.466  3.620 0.250 147.524 1.000 -2.400e+01 -1.499e-01 -5.590e-01 -3.984e+00 -4.373e+00 -1.157e+01 -2.343e+00 -6.751e+00 -1.278e+01 -2.017e+00 -5.076e+00 -5.093e+00 -1.461e+01 -1.558e+01 -7.676e+00 -2.806e+00
+11.210 +5.988 15.481  3.443 0.312 147.524 1.000 -2.400e+01 -1.499e-01 -5.590e-01 -4.214e+00 -4.632e+00 -1.180e+01 -2.336e+00 -6.748e+00 -1.277e+01 -2.017e+00 -5.037e+00 -5.192e+00 -1.461e+01 -1.554e+01 -7.627e+00 -2.806e+00
+11.300 +6.756 15.494  3.320 0.250 147.524 1.000 -2.400e+01 -1.499e-01 -5.590e-01 -4.394e+00 -4.849e+00 -1.198e+01 -2.333e+00 -6.750e+00 -1.277e+01 -2.017e+00 -4.993e+00 -5.314e+00 -1.461e+01 -1.550e+01 -7.585e+00 -2.806e+00
+11.390 +7.159 15.506  3.261 0.312 147.524 1.000 -2.400e+01 -1.500e-01 -5.590e-01 -4.493e+00 -4.978e+00 -1.208e+01 -2.332e+00 -6.751e+00 -1.276e+01 -2.017e+00 -4.945e+00 -5.464e+00 -1.461e+01 -1.545e+01 -7.551e+00 -2.806e+00
+11.480 +6.609 15.519  3.240 0.312 147.524 1.000 -2.400e+01 -1.500e-01 -5.590e-01 -4.529e+00 -5.027e+00 -1.211e+01 -2.331e+00 -6.750e+00 -1.276e+01 -2.017e+00 -4.892e+00 -5.649e+00 -1.461e+01 -1.540e+01 -7.524e+00 -2.806e+00
+11.570 +6.901 15.535  3.234 0.250 147.524 1.000 -2.400e+01 -1.500e-01 -5.589e-01 -4.538e+00 -5.039e+00 -1.212e+01 -2.331e+00 -6.751e+00 -1.276e+01 -2.017e+00 -4.835e+00 -5.875e+00 -1.461e+01 -1.534e+01 -7.506e+00 -2.806e+00
+11.660 +7.110 15.553  3.238 0.312 150.000 1.000 -2.400e+01 -1.500e-01 -5.589e-01 -4.538e+00 -5.040e+00 -1.212e+01 -2.331e+00 -6.750e+00 -1.276e+01 -2.017e+00 -4.773e+00 -6.153e+00 -1.461e+01 -1.528e+01 -7.494e+00 -2.806e+00
+11.750 +4.579 15.575  3.232 0.250 150.000 1.000 -2.400e+01 -1.500e-01 -5.588e-01 -4.540e+00 -5.042e+00 -1.213e+01 -2.331e+00 -6.752e+00 -1.276e+01 -2.017e+00 -4.708e+00 -6.491e+00 -1.461e+01 -1.521e+01 -7.488e+00 -2.806e+00
+11.840 +7.146 15.600  3.231 0.312 150.000 1.000 -2.400e+01 -1.500e-01 -5.588e-01 -4.543e+00 -5.045e+00 -1.213e+01 -2.331e+00 -6.755e+00 -1.276e+01 -2.017e+00 -4.639e+00 -6.894e+00 -1.461e+01 -1.514e+01 -7.487e+00 -2.806e+00
+11.930 +6.480 15.629  3.232 0.250 151.548 1.000 -2.400e+01 -1.501e-01 -5.587e-01 -4.541e+00 -5.043e+00 -1.213e+01 -2.331e+00 -6.751e+00 -1.276e+01 -2.017e+00 -4.567e+00 -7.334e+00 -1.461e+01 -1.507e+01 -7.488e+00 -2.806e+00
+12.020 +7.041 15.662  3.232 0.312 152.167 1.000 -2.400e+01 -1.501e-01 -5.586e-01 -4.543e+00 -5.046e+00 -1.213e+01 -2.331e+00 -6.755e+00 -1.276e+01 -2.018e+00 -4.492e+00 -7.680e+00 -1.461e+01 -1.500e+01 -7.491e+00 -2.806e+00
+12.110 +7.303 15.699  3.230 0.250 152.238 1.000 -2.400e+01 -1.501e-01 -5.585e-01 -4.543e+00 -5.045e+00 -1.213e+01 -2.331e+00 -6.754e+00 -1.276e+01 -2.018e+00 -4.415e+00 -7.775e+00 -1.462e+01 -1.492e+01 -7.495e+00 -2.806e+00
+12.200 +6.892 15.741  3.230 0.312 152.310 1.000 -2.400e+01 -1.502e-01 -5.584e-01 -4.543e+00 -5.046e+00 -1.213e+01 -2.331e+00 -6.755e+00 -1.276e+01 -2.018e+00 -4.336e+00 -7.722e+00 -1.462e+01 -1.484e+01 -7.500e+00 -2.806e+00
+12.290 +7.170 15.787  3.230 0.312 152.310 1.000 -2.400e+01 -1.502e-01 -5.583e-01 -4.545e+00 -5.047e+00 -1.213e+01 -2.331e+00 -6.757e+00 -1.276e+01 -2.019e+00 -4.255e+00 -7.639e+00 -1.462e+01 -1.476e+01 -7.506e+00 -2.806e+00
+12.380 +6.945 15.839  3.235 0.312 191.667 1.000 -2.400e+01 -1.503e-01 -5.581e-01 -4.540e+00 -5.042e+00 -1.213e+01 -2.331e+00 -6.752e+00 -1.276e+01 -2.019e+00 -4.173e+00 -7.550e+00 -1.462e+01 -1.468e+01 -7.514e+00 -2.806e+00
+12.470 +6.959 15.894  3.230 0.312 191.667 1.000 -2.400e+01 -1.504e-01 -5.578e-01 -4.544e+00 -5.046e+00 -1.213e+01 -2.331e+00 -6.756e+00 -1.276e+01 -2.020e+00 -4.090e+00 -7.465e+00 -1.462e+01 -1.459e+01 -7.522e+00 -2.806e+00
+12.560 +7.113 15.954  3.230 0.312 191.667 1.000 -2.400e+01 -1.505e-01 -5.576e-01 -4.544e+00 -5.046e+00 -1.213e+01 -2.331e+00 -6.756e+00 -1.276e+01 -2.020e+00 -4.006e+00 -7.377e+00 -1.462e+01 -1.451e+01 -7.531e+00 -2.806e+00
+12.650 +6.908 16.018  3.233 0.312 191.667 1.000 -2.400e+01 -1.506e-01 -5.572e-01 -4.541e+00 -5.044e+00 -1.213e+01 -2.331e+00 -6.753e+00 -1.276e+01 -2.021e+00 -3.921e+00 -7.288e+00 -1.462e+01 -1.443e+01 -7.541e+00 -2.806e+00
+12.740 +7.064 16.086  3.230 0.312 191.667 1.000 -2.400e+01 -1.508e-01 -5.568e-01 -4.545e+00 -5.047e+00 -1.213e+01 -2.331e+00 -6.756e+00 -1.276e+01 -2.022e+00 -3.836e+00 -7.202e+00 -1.462e+01 -1.434e+01 -7.551e+00 -2.806e+00
+12.830 +7.037 16.157  3.234 0.312 191.667 1.000 -2.400e+01 -1.510e-01 -5.563e-01 -4.542e+00 -5.045e+00 -1.213e+01 -2.331e+00 -6.753e+00 -1.276e+01 -2.024e+00 -3.751e+00 -7.114e+00 -1.462e+01 -1.426e+01 -7.561e+00 -2.806e+00
+12.920 +6.888 16.230  3.232 0.312 191.667 1.000 -2.400e+01 -1.513e-01 -5.556e-01 -4.543e+00 -5.045e+00 -1.213e+01 -2.331e+00 -6.754e+00 -1.276e+01 -2.025e+00 -3.665e+00 -7.027e+00 -1.462e+01 -1.417e+01 -7.568e+00 -2.806e+00
+13.010 +6.312 16.306  3.227 0.250 191.667 1.000 -2.400e+01 -1.516e-01 -5.548e-01 -4.545e+00 -5.047e+00 -1.213e+01 -2.331e+00 -6.756e+00 -1.276e+01 -2.028e+00 -3.580e+00 -6.942e+00 -1.463e+01 -1.409e+01 -7.569e+00 -2.806e+00
+13.100 +7.171 16.385  3.231 0.312 191.667 1.000 -2.400e+01 -1.520e-01 -5.538e-01 -4.541e+00 -5.043e+00 -1.213e+01 -2.331e+00 -6.752e+00 -1.277e+01 -2.030e+00 -3.495e+00 -6.854e+00 -1.463e+01 -1.400e+01 -7.561e+00 -2.806e+00
+13.190 +7.160 16.466  3.230 0.250 191.667 1.000 -2.400e+01 -1.524e-01 -5.526e-01 -4.540e+00 -5.042e+00 -1.213e+01 -2.331e+00 -6.751e+00 -1.277e+01 -2.033e+00 -3.410e+00 -6.768e+00 -1.463e+01 -1.392e+01 -7.539e+00 -2.806e+00
+13.280 +7.053 16.548  3.229 0.312 191.667 1.000 -2.400e+01 -1.530e-01 -5.512e-01 -4.544e+00 -5.046e+00 -1.213e+01 -2.331e+00 -6.756e+00 -1.277e+01 -2.037e+00 -3.327e+00 -6.686e+00 -1.464e+01 -1.383e+01 -7.499e+00 -2.806e+00
+13.370 +6.995 16.631  3.228 0.250 191.667 1.000 -2.400e+01 -1.538e-01 -5.494e-01 -4.541e+00 -5.043e+00 -1.213e+01 -2.330e+00 -6.752e+00 -1.277e+01 -2.042e+00 -3.244e+00 -6.601e+00 -1.464e+01 -1.375e+01 -7.439e+00 -2.806e+00
+13.460 +7.043 16.716  3.229 0.312 191.667 1.000 -2.400e+01 -1.546e-01 -5.472e-01 -4.540e+00 -5.043e+00 -1.213e+01 -2.330e+00 -6.752e+00 -1.277e+01 -2.047e+00 -3.163e+00 -6.520e+00 -1.465e+01 -1.367e+01 -7.360e+00 -2.806e+00
+13.550 +7.040 16.801  3.230 0.312 191.667 1.000 -2.400e+01 -1.557e-01 -5.445e-01 -4.539e+00 -5.041e+00 -1.213e+01 -2.328e+00 -6.751e+00 -1.277e+01 -2.054e+00 -3.083e+00 -6.440e+00 -1.466e+01 -1.359e+01 -7.266e+00 -2.806e+00
+13.640 +6.582 16.888  3.229 0.250 191.667 1.000 -2.400e+01 -1.571e-01 -5.412e-01 -4.537e+00 -5.039e+00 -1.213e+01 -2.327e+00 -6.748e+00 -1.277e+01 -2.063e+00 -3.005e+00 -6.362e+00 -1.467e+01 -1.352e+01 -7.163e+00 -2.806e+00
+13.730 +7.034 16.974  3.230 0.312 191.667 1.000 -2.400e+01 -1.587e-01 -5.372e-01 -4.537e+00 -5.039e+00 -1.213e+01 -2.324e+00 -6.748e+00 -1.277e+01 -2.073e+00 -2.931e+00 -6.288e+00 -1.468e+01 -1.344e+01 -7.058e+00 -2.806e+00
+13.820 +6.925 17.062  3.236 0.312 191.667 1.000 -2.400e+01 -1.608e-01 -5.323e-01 -4.530e+00 -5.032e+00 -1.213e+01 -2.320e+00 -6.741e+00 -1.276e+01 -2.086e+00 -2.859e+00 -6.215e+00 -1.469e+01 -1.337e+01 -6.955e+00 -2.806e+00
+13.910 +6.918 17.151  3.238 0.312 191.667 1.000 -2.400e+01 -1.634e-01 -5.263e-01 -4.526e+00 -5.028e+00 -1.212e+01 -2.315e+00 -6.737e+00 -1.276e+01 -2.102e+00 -2.791e+00 -6.148e+00 -1.471e+01 -1.331e+01 -6.858e+00 -2.806e+00
+14.000 +7.122 17.241  3.241 0.312 10612.143 1.000 -2.400e+01 -1.666e-01 -5.189e-01 -4.517e+00 -5.020e+00 -1.212e+01 -2.307e+00 -6.729e+00 -1.276e+01 -2.121e+00 -2.728e+00 -6.085e+00 -1.473e+01 -1.325e+01 -6.769e+00 -2.806e+00