-3.900 -4.939  0.473  4.373 0.000 0.000 1.000 -1.447e-01 -5.542e-01 -2.512e+00 -4.431e+00 -1.693e+01 -2.952e+00 -5.354e+00 -1.952e+01
-3.800 -4.833  0.573  4.373 0.000 0.000 1.000 -1.447e-01 -5.542e-01 -2.512e+00 -4.431e+00 -1.683e+01 -2.952e+00 -5.354e+00 -1.942e+01
-3.700 -4.743  0.673  4.373 0.000 0.000 1.000 -1.447e-01 -5.542e-01 -2.512e+00 -4.431e+00 -1.673e+01 -2.952e+00 -5.354e+00 -1.932e+01
-3.600 -4.626  0.773  4.373 0.000 0.000 1.000 -1.447e-01 -5.542e-01 -2.512e+00 -4.431e+00 -1.663e+01 -2.952e+00 -5.354e+00 -1.922e+01
-3.500 -4.555  0.873  4.373 0.000 0.000 1.000 -1.447e-01 -5.542e-01 -2.512e+00 -4.431e+00 -1.653e+01 -2.952e+00 -5.354e+00 -1.912e+01
-3.400 -4.406  0.973  4.373 0.000 0.000 1.000 -1.447e-01 -5.542e-01 -2.512e+00 -4.431e+00 -1.643e+01 -2.952e+00 -5.354e+00 -1.902e+01
-3.300 -4.396  1.073  4.373 0.000 0.000 1.000 -1.447e-01 -5.542e-01 -2.512e+00 -4.431e+00 -1.633e+01 -2.952e+00 -5.354e+00 -1.892e+01
-3.200 -4.200  1.173  4.373 0.000 0.000 1.000 -1.447e-01 -5.542e-01 -2.512e+00 -4.431e+00 -1.623e+01 -2.952e+00 -5.354e+00 -1.882e+01
-3.100 -4.209  1.273  4.373 0.000 0.000 1.000 -1.447e-01 -5.542e-01 -2.512e+00 -4.431e+00 -1.613e+01 -2.952e+00 -5.354e+00 -1.872e+01
-3.000 -4.000  1.373  4.373 0.000 0.000 1.000 -1.447e-01 -5.542e-01 -2.512e+00 -4.431e+00 -1.603e+01 -2.952e+00 -5.354e+00 -1.862e+01
-2.900 -4.009  1.473  4.373 0.000 0.000 1.000 -1.447e-01 -5.542e-01 -2.512e+00 -4.431e+00 -1.593e+01 -2.952e+00 -5.354e+00 -1.852e+01
-2.800 -3.800  1.573  4.373 0.000 0.000 1.000 -1.447e-01 -5.542e-01 -2.512e+00 -4.431e+00 -1.583e+01 -2.952e+00 -5.354e+00 -1.842e+01
-2.700 -3.809  1.673  4.373 0.000 0.000 1.000 -1.447e-01 -5.542e-01 -2.512e+00 -4.431e+00 -1.573e+01 -2.952e+00 -5.354e+00 -1.832e+01
-2.600 -3.600  1.773  4.373 0.000 0.000 1.000 -1.447e-01 -5.542e-01 -2.512e+00 -4.431e+00 -1.563e+01 -2.952e+00 -5.354e+00 -1.822e+01
-2.500 -3.609  1.873  4.373 0.000 0.000 1.000 -1.447e-01 -5.542e-01 -2.512e+00 -4.431e+00 -1.553e+01 -2.952e+00 -5.354e+00 -1.812e+01
-2.400 -3.400  1.973  4.373 0.000 0.000 1.000 -1.447e-01 -5.542e-01 -2.512e+00 -4.431e+00 -1.543e+01 -2.952e+00 -5.354e+00 -1.802e+01
-2.300 -3.409  2.073  4.373 0.000 0.000 1.000 -1.447e-01 -5.542e-01 -2.512e+00 -4.431e+00 -1.533e+01 -2.952e+00 -5.354e+00 -1.792e+01
-2.200 -3.200  2.173  4.373 0.000 0.000 1.000 -1.447e-01 -5.542e-01 -2.512e+00 -4.431e+00 -1.523e+01 -2.952e+00 -5.354e+00 -1.782e+01
-2.100 -3.209  2.273  4.373 0.000 0.000 1.000 -1.447e-01 -5.542e-01 -2.512e+00 -4.431e+00 -1.513e+01 -2.952e+00 -5.354e+00 -1.772e+01
-2.000 -3.000  2.373  4.373 0.000 0.000 1.000 -1.447e-01 -5.542e-01 -2.512e+00 -4.431e+00 -1.503e+01 -2.952e+00 -5.354e+00 -1.762e+01
-1.900 -3.009  2.473  4.373 0.000 0.000 1.000 -1.447e-01 -5.542e-01 -2.512e+00 -4.431e+00 -1.493e+01 -2.952e+00 -5.354e+00 -1.752e+01
-1.800 -2.800  2.573  4.373 0.000 0.000 1.000 -1.447e-01 -5.542e-01 -2.512e+00 -4.431e+00 -1.483e+01 -2.952e+00 -5.354e+00 -1.742e+01
-1.700 -2.809  2.673  4.373 0.000 0.000 1.000 -1.447e-01 -5.542e-01 -2.512e+00 -4.431e+00 -1.473e+01 -2.952e+00 -5.354e+00 -1.732e+01
-1.600 -2.600  2.773  4.373 0.000 0.000 1.000 -1.447e-01 -5.542e-01 -2.512e+00 -4.431e+00 -1.463e+01 -2.952e+00 -5.354e+00 -1.722e+01
-1.500 -2.609  2.873  4.373 0.000 0.000 1.000 -1.447e-01 -5.542e-01 -2.512e+00 -4.431e+00 -1.453e+01 -2.952e+00 -5.354e+00 -1.712e+01
-1.400 -2.400  2.973  4.373 0.000 0.000 1.000 -1.447e-01 -5.542e-01 -2.512e+00 -4.431e+00 -1.443e+01 -2.952e+00 -5.354e+00 -1.702e+01
-1.300 -2.409  3.073  4.373 0.000 0.000 1.000 -1.447e-01 -5.542e-01 -2.512e+00 -4.431e+00 -1.433e+01 -2.952e+00 -5.354e+00 -1.692e+01
-1.200 -2.200  3.173  4.373 0.000 0.000 1.000 -1.447e-01 -5.542e-01 -2.512e+00 -4.431e+00 -1.423e+01 -2.952e+00 -5.354e+00 -1.682e+01
-1.100 -2.209  3.273  4.373 0.000 0.000 1.000 -1.447e-01 -5.542e-01 -2.512e+00 -4.431e+00 -1.413e+01 -2.952e+00 -5.354e+00 -1.672e+01
-1.000 -2.000  3.373  4.373 0.000 0.000 1.000 -1.447e-01 -5.542e-01 -2.512e+00 -4.431e+00 -1.403e+01 -2.952e+00 -5.354e+00 -1.662e+01
-0.900 -2.009  3.473  4.373 0.000 0.000 1.000 -1.447e-01 -5.542e-01 -2.512e+00 -4.431e+00 -1.393e+01 -2.952e+00 -5.354e+00 -1.652e+01
-0.800 -1.800  3.573  4.373 0.000 0.000 1.000 -1.447e-01 -5.542e-01 -2.512e+00 -4.431e+00 -1.383e+01 -2.952e+00 -5.354e+00 -1.642e+01
-0.700 -1.809  3.673  4.373 0.000 0.000 1.000 -1.447e-01 -5.542e-01 -2.512e+00 -4.431e+00 -1.373e+01 -2.952e+00 -5.354e+00 -1.632e+01
-0.600 -1.600  3.773  4.373 0.000 0.000 1.000 -1.447e-01 -5.542e-01 -2.512e+00 -4.431e+00 -1.363e+01 -2.952e+00 -5.354e+00 -1.622e+01
-0.500 -1.609  3.873  4.373 0.000 0.000 1.000 -1.447e-01 -5.542e-01 -2.512e+00 -4.431e+00 -1.353e+01 -2.952e+00 -5.354e+00 -1.612e+01
-0.400 -1.400  3.973  4.373 0.000 0.000 1.000 -1.447e-01 -5.542e-01 -2.512e+00 -4.431e+00 -1.343e+01 -2.952e+00 -5.354e+00 -1.602e+01
-0.300 -1.409  4.073  4.374 0.000 0.000 1.000 -1.447e-01 -5.542e-01 -2.512e+00 -4.431e+00 -1.333e+01 -2.952e+00 -5.354e+00 -1.592e+01
-0.200 -1.200  4.173  4.374 0.000 0.000 1.000 -1.447e-01 -5.542e-01 -2.512e+00 -4.431e+00 -1.323e+01 -2.952e+00 -5.354e+00 -1.582e+01
-0.100 -1.209  4.273  4.374 0.000 0.000 1.000 -1.447e-01 -5.542e-01 -2.512e+00 -4.431e+00 -1.313e+01 -2.952e+00 -5.354e+00 -1.572e+01
+0.000 -1.000  4.374  4.374 0.000 0.000 1.000 -1.447e-01 -5.542e-01 -2.512e+00 -4.431e+00 -1.303e+01 -2.952e+00 -5.354e+00 -1.563e+01
+0.100 -1.009  4.474  4.374 0.000 0.000 1.000 -1.447e-01 -5.542e-01 -2.512e+00 -4.431e+00 -1.293e+01 -2.952e+00 -5.354e+00 -1.553e+01
+0.200 -0.800  4.574  4.374 0.000 0.000 1.000 -1.447e-01 -5.542e-01 -2.512e+00 -4.431e+00 -1.283e+01 -2.952e+00 -5.354e+00 -1.543e+01
+0.300 -0.809  4.674  4.374 0.000 0.000 1.000 -1.447e-01 -5.542e-01 -2.512e+00 -4.431e+00 -1.273e+01 -2.952e+00 -5.354e+00 -1.533e+01
+0.400 -0.600  4.774  4.374 0.000 0.000 1.000 -1.447e-01 -5.542e-01 -2.512e+00 -4.431e+00 -1.263e+01 -2.952e+00 -5.354e+00 -1.523e+01
+0.500 -0.609  4.874  4.374 0.000 0.000 1.000 -1.447e-01 -5.542e-01 -2.512e+00 -4.431e+00 -1.253e+01 -2.952e+00 -5.354e+00 -1.513e+01
+0.600 -0.400  4.974  4.375 0.000 0.000 1.000 -1.447e-01 -5.542e-01 -2.512e+00 -4.431e+00 -1.243e+01 -2.952e+00 -5.354e+00 -1.503e+01
+0.700 -0.409  5.074  4.375 0.000 0.000 1.000 -1.447e-01 -5.542e-01 -2.512e+00 -4.431e+00 -1.233e+01 -2.952e+00 -5.354e+00 -1.493e+01
+0.800 -0.200  5.174  4.375 0.000 0.000 1.000 -1.447e-01 -5.542e-01 -2.512e+00 -4.431e+00 -1.223e+01 -2.952e+00 -5.354e+00 -1.483e+01
+0.900 -0.209  5.275  4.376 0.000 0.000 1.000 -1.447e-01 -5.542e-01 -2.512e+00 -4.431e+00 -1.213e+01 -2.952e+00 -5.354e+00 -1.473e+01
+1.000 +0.000  5.375  4.376 0.000 0.000 1.000 -1.447e-01 -5.542e-01 -2.512e+00 -4.431e+00 -1.203e+01 -2.952e+00 -5.354e+00 -1.464e+01
+1.100 -0.009  5.475  4.377 0.000 0.000 1.000 -1.447e-01 -5.542e-01 -2.512e+00 -4.431e+00 -1.193e+01 -2.952e+00 -5.354e+00 -1.454e+01
+1.200 +0.200  5.576  4.378 0.000 0.000 1.000 -1.447e-01 -5.542e-01 -2.512e+00 -4.431e+00 -1.183e+01 -2.952e+00 -5.354e+00 -1.444e+01
+1.300 +0.191  5.677  4.380 0.000 0.000 1.000 -1.447e-01 -5.542e-01 -2.512e+00 -4.431e+00 -1.173e+01 -2.952e+00 -5.354e+00 -1.435e+01
+1.400 +0.400  5.777  4.381 0.000 0.000 1.000 -1.447e-01 -5.542e-01 -2.512e+00 -4.431e+00 -1.163e+01 -2.952e+00 -5.354e+00 -1.425e+01
+1.500 +0.391  5.878  4.383 0.000 0.000 1.000 -1.447e-01 -5.542e-01 -2.512e+00 -4.431e+00 -1.153e+01 -2.952e+00 -5.354e+00 -1.416e+01
+1.600 +0.600  5.980  4.386 0.000 0.000 1.000 -1.447e-01 -5.542e-01 -2.512e+00 -4.431e+00 -1.144e+01 -2.952e+00 -5.354e+00 -1.407e+01
+1.700 +0.591  6.081  4.389 0.000 0.000 1.000 -1.447e-01 -5.542e-01 -2.512e+00 -4.431e+00 -1.134e+01 -2.952e+00 -5.354e+00 -1.398e+01
+1.800 +0.800  6.183  4.392 0.000 0.000 1.000 -1.447e-01 -5.542e-01 -2.512e+00 -4.431e+00 -1.124e+01 -2.952e+00 -5.354e+00 -1.390e+01
+1.900 +0.791  6.286  4.397 0.000 0.000 1.000 -1.447e-01 -5.542e-01 -2.512e+00 -4.431e+00 -1.115e+01 -2.952e+00 -5.354e+00 -1.382e+01
+2.000 +1.000  6.389  4.402 0.000 0.000 1.000 -1.447e-01 -5.542e-01 -2.512e+00 -4.431e+00 -1.105e+01 -2.952e+00 -5.354e+00 -1.374e+01
+2.100 +0.991  6.492  4.410 0.000 0.000 1.000 -1.447e-01 -5.542e-01 -2.512e+00 -4.431e+00 -1.096e+01 -2.952e+00 -5.354e+00 -1.367e+01
+2.200 +1.200  6.597  4.417 0.000 0.000 1.000 -1.447e-01 -5.542e-01 -2.512e+00 -4.431e+00 -1.087e+01 -2.952e+00 -5.354e+00 -1.360e+01
+2.300 +1.191  6.702  4.427 0.000 0.000 1.000 -1.447e-01 -5.542e-01 -2.512e+00 -4.431e+00 -1.078e+01 -2.952e+00 -5.354e+00 -1.354e+01
+2.400 +1.400  6.809  4.438 0.000 0.000 1.000 -1.447e-01 -5.542e-01 -2.512e+00 -4.431e+00 -1.069e+01 -2.952e+00 -5.354e+00 -1.350e+01
+2.500 +1.391  6.917  4.451 0.000 0.000 1.000 -1.447e-01 -5.542e-01 -2.512e+00 -4.431e+00 -1.060e+01 -2.952e+00 -5.354e+00 -1.345e+01
+2.600 +1.600  7.026  4.465 0.000 0.000 1.000 -1.447e-01 -5.542e-01 -2.512e+00 -4.431e+00 -1.052e+01 -2.952e+00 -5.354e+00 -1.342e+01
+2.700 +1.591  7.136  4.482 0.000 0.000 1.000 -1.447e-01 -5.542e-01 -2.512e+00 -4.431e+00 -1.045e+01 -2.952e+00 -5.354e+00 -1.340e+01
+2.800 +1.800  7.248  4.497 0.000 0.000 1.000 -1.447e-01 -5.542e-01 -2.512e+00 -4.431e+00 -1.037e+01 -2.952e+00 -5.354e+00 -1.339e+01
+2.900 +1.791  7.361  4.516 0.000 0.000 1.000 -1.447e-01 -5.542e-01 -2.512e+00 -4.431e+00 -1.031e+01 -2.952e+00 -5.354e+00 -1.338e+01
+3.000 +2.000  7.475  4.532 0.000 0.000 1.000 -1.447e-01 -5.542e-01 -2.512e+00 -4.431e+00 -1.025e+01 -2.952e+00 -5.354e+00 -1.338e+01
+3.100 +1.991  7.590  4.549 0.000 0.000 1.000 -1.447e-01 -5.542e-01 -2.512e+00 -4.431e+00 -1.020e+01 -2.952e+00 -5.354e+00 -1.338e+01
+3.200 +2.200  7.705  4.562 0.000 0.000 1.000 -1.447e-01 -5.542e-01 -2.512e+00 -4.431e+00 -1.016e+01 -2.952e+00 -5.354e+00 -1.338e+01
+3.300 +2.191  7.819  4.574 0.000 0.000 1.000 -1.447e-01 -5.542e-01 -2.512e+00 -4.431e+00 -1.013e+01 -2.952e+00 -5.354e+00 -1.338e+01
+3.400 +2.400  7.932  4.582 0.000 0.000 1.000 -1.447e-01 -5.542e-01 -2.512e+00 -4.431e+00 -1.011e+01 -2.952e+00 -5.354e+00 -1.338e+01
+3.500 +2.391  8.043  4.587 0.000 0.000 1.000 -1.447e-01 -5.542e-01 -2.512e+00 -4.431e+00 -1.010e+01 -2.952e+00 -5.354e+00 -1.338e+01
+3.600 +2.600  8.153  4.590 0.000 0.000 1.000 -1.447e-01 -5.542e-01 -2.512e+00 -4.431e+00 -1.009e+01 -2.952e+00 -5.354e+00 -1.338e+01
+3.700 +2.591  8.261  4.591 0.000 0.000 1.000 -1.447e-01 -5.542e-01 -2.512e+00 -4.431e+00 -1.009e+01 -2.952e+00 -5.354e+00 -1.338e+01
+3.800 +2.800  8.367  4.591 0.125 0.000 1.000 -1.447e-01 -5.542e-01 -2.512e+00 -4.431e+00 -1.009e+01 -2.952e+00 -5.354e+00 -1.338e+01
+3.900 +2.791  8.473  4.591 0.000 0.000 1.000 -1.447e-01 -5.542e-01 -2.512e+00 -4.431e+00 -1.009e+01 -2.952e+00 -5.354e+00 -1.338e+01
+4.000 +3.000  8.576  4.592 0.125 0.000 1.000 -1.447e-01 -5.542e-01 -2.512e+00 -4.431e+00 -1.009e+01 -2.952e+00 -5.354e+00 -1.338e+01
+4.100 +2.991  8.680  4.592 0.125 0.000 1.000 -1.447e-01 -5.542e-01 -2.512e+00 -4.431e+00 -1.009e+01 -2.952e+00 -5.354e+00 -1.338e+01
+4.200 +3.200  8.782  4.592 0.125 0.000 1.000 -1.447e-01 -5.542e-01 -2.512e+00 -4.431e+00 -1.009e+01 -2.952e+00 -5.354e+00 -1.338e+01
+4.300 +3.191  8.884  4.592 0.125 0.000 1.000 -1.447e-01 -5.542e-01 -2.512e+00 -4.431e+00 -1.009e+01 -2.952e+00 -5.354e+00 -1.338e+01
+4.400 +3.400  8.986  4.591 0.125 0.000 1.000 -1.447e-01 -5.542e-01 -2.512e+00 -4.431e+00 -1.009e+01 -2.952e+00 -5.354e+00 -1.338e+01
+4.500 +3.391  9.087  4.591 0.125 0.000 1.000 -1.447e-01 -5.542e-01 -2.512e+00 -4.431e+00 -1.009e+01 -2.952e+00 -5.354e+00 -1.338e+01
+4.600 +3.600  9.188  4.591 0.250 0.000 1.000 -1.447e-01 -5.542e-01 -2.512e+00 -4.431e+00 -1.009e+01 -2.952e+00 -5.354e+00 -1.338e+01
+4.700 +3.591  9.289  4.591 0.250 0.000 1.000 -1.447e-01 -5.542e-01 -2.512e+00 -4.431e+00 -1.009e+01 -2.952e+00 -5.354e+00 -1.338e+01
+4.800 +3.800  9.389  4.591 0.250 0.000 1.000 -1.447e-01 -5.542e-01 -2.512e+00 -4.431e+00 -1.009e+01 -2.952e+00 -5.354e+00 -1.338e+01
+4.900 +3.791  9.490  4.591 0.250 0.000 1.000 -1.447e-01 -5.542e-01 -2.512e+00 -4.431e+00 -1.009e+01 -2.952e+00 -5.354e+00 -1.338e+01
+5.000 +4.000  9.590  4.591 0.250 0.000 1.000 -1.447e-01 -5.542e-01 -2.512e+00 -4.431e+00 -1.009e+01 -2.952e+00 -5.354e+00 -1.338e+01
+5.100 +3.991  9.690  4.591 0.250 0.000 1.000 -1.447e-01 -5.542e-01 -2.512e+00 -4.431e+00 -1.009e+01 -2.952e+00 -5.354e+00 -1.338e+01
+5.200 +4.200  9.791  4.591 0.250 0.000 1.000 -1.447e-01 -5.542e-01 -2.512e+00 -4.431e+00 -1.009e+01 -2.952e+00 -5.354e+00 -1.338e+01
+5.300 +4.191  9.891  4.591 0.250 0.000 1.000 -1.447e-01 -5.542e-01 -2.512e+00 -4.431e+00 -1.009e+01 -2.952e+00 -5.355e+00 -1.338e+01
+5.400 +4.400  9.991  4.591 0.250 0.000 1.000 -1.447e-01 -5.542e-01 -2.512e+00 -4.431e+00 -1.009e+01 -2.952e+00 -5.355e+00 -1.338e+01
+5.500 +4.391 10.091  4.591 0.250 0.000 1.000 -1.447e-01 -5.542e-01 -2.512e+00 -4.431e+00 -1.009e+01 -2.952e+00 -5.355e+00 -1.338e+01
+5.600 +4.600 10.191  4.591 0.250 0.000 1.000 -1.447e-01 -5.542e-01 -2.512e+00 -4.431e+00 -1.009e+01 -2.952e+00 -5.355e+00 -1.338e+01
+5.700 +4.591 10.291  4.591 0.250 0.000 1.000 -1.447e-01 -5.542e-01 -2.512e+00 -4.431e+00 -1.009e+01 -2.952e+00 -5.355e+00 -1.338e+01
+5.800 +4.800 10.391  4.591 0.250 0.000 1.000 -1.447e-01 -5.542e-01 -2.512e+00 -4.431e+00 -1.009e+01 -2.952e+00 -5.356e+00 -1.338e+01
+5.900 +4.791 10.491  4.591 0.250 0.000 1.000 -1.447e-01 -5.542e-01 -2.512e+00 -4.430e+00 -1.009e+01 -2.952e+00 -5.356e+00 -1.338e+01
+6.000 +5.000 10.591  4.591 0.250 0.000 1.000 -1.447e-01 -5.542e-01 -2.512e+00 -4.430e+00 -1.009e+01 -2.952e+00 -5.357e+00 -1.338e+01
+6.100 +4.991 10.691  4.591 0.250 0.000 1.000 -1.447e-01 -5.542e-01 -2.512e+00 -4.430e+00 -1.009e+01 -2.952e+00 -5.357e+00 -1.338e+01
+6.200 +5.200 10.791  4.591 0.250 0.000 1.000 -1.447e-01 -5.542e-01 -2.512e+00 -4.430e+00 -1.009e+01 -2.952e+00 -5.358e+00 -1.338e+01
+6.300 +5.191 10.891  4.591 0.250 0.000 1.000 -1.447e-01 -5.542e-01 -2.512e+00 -4.429e+00 -1.009e+01 -2.952e+00 -5.359e+00 -1.338e+01
+6.400 +5.400 10.991  4.590 0.250 0.000 1.000 -1.447e-01 -5.542e-01 -2.512e+00 -4.429e+00 -1.009e+01 -2.952e+00 -5.360e+00 -1.338e+01
+6.500 +5.391 11.091  4.590 0.250 0.000 1.000 -1.447e-01 -5.542e-01 -2.512e+00 -4.428e+00 -1.009e+01 -2.952e+00 -5.362e+00 -1.338e+01
+6.600 +5.600 11.191  4.590 0.250 0.000 1.000 -1.447e-01 -5.542e-01 -2.512e+00 -4.427e+00 -1.009e+01 -2.952e+00 -5.364e+00 -1.338e+01
+6.700 +5.591 11.290  4.589 0.250 0.000 1.000 -1.447e-01 -5.542e-01 -2.512e+00 -4.426e+00 -1.009e+01 -2.952e+00 -5.366e+00 -1.338e+01
+6.800 +5.800 11.390  4.589 0.250 0.000 1.000 -1.447e-01 -5.542e-01 -2.512e+00 -4.425e+00 -1.009e+01 -2.952e+00 -5.370e+00 -1.338e+01
+6.900 +5.791 11.490  4.588 0.250 0.000 1.000 -1.447e-01 -5.542e-01 -2.512e+00 -4.423e+00 -1.009e+01 -2.952e+00 -5.374e+00 -1.338e+01
+7.000 +6.000 11.589  4.587 0.250 0.000 1.000 -1.447e-01 -5.542e-01 -2.512e+00 -4.421e+00 -1.009e+01 -2.952e+00 -5.379e+00 -1.338e+01
+7.100 +5.991 11.689  4.586 0.250 0.000 1.000 -1.447e-01 -5.542e-01 -2.512e+00 -4.418e+00 -1.009e+01 -2.952e+00 -5.385e+00 -1.338e+01
+7.200 +6.200 11.788  4.585 0.250 0.000 1.000 -1.447e-01 -5.542e-01 -2.512e+00 -4.415e+00 -1.009e+01 -2.952e+00 -5.393e+00 -1.338e+01
+7.300 +6.191 11.887  4.583 0.250 0.000 1.000 -1.447e-01 -5.542e-01 -2.512e+00 -4.411e+00 -1.009e+01 -2.952e+00 -5.403e+00 -1.338e+01
+7.400 +6.400 11.986  4.581 0.250 0.000 1.000 -1.447e-01 -5.542e-01 -2.512e+00 -4.405e+00 -1.009e+01 -2.952e+00 -5.416e+00 -1.338e+01
+7.500 +6.391 12.085  4.578 0.250 0.000 1.000 -1.447e-01 -5.542e-01 -2.512e+00 -4.399e+00 -1.009e+01 -2.952e+00 -5.432e+00 -1.338e+01
+7.600 +6.600 12.183  4.576 0.250 0.000 1.000 -1.447e-01 -5.542e-01 -2.512e+00 -4.391e+00 -1.009e+01 -2.952e+00 -5.453e+00 -1.338e+01
+7.700 +6.591 12.281  4.572 0.250 0.000 1.000 -1.447e-01 -5.542e-01 -2.513e+00 -4.381e+00 -1.009e+01 -2.952e+00 -5.478e+00 -1.338e+01
+7.800 +6.800 12.379  4.568 0.250 0.000 1.000 -1.447e-01 -5.542e-01 -2.513e+00 -4.369e+00 -1.009e+01 -2.952e+00 -5.510e+00 -1.338e+01
+7.900 +6.791 12.476  4.562 0.250 0.000 1.000 -1.447e-01 -5.542e-01 -2.513e+00 -4.355e+00 -1.009e+01 -2.952e+00 -5.551e+00 -1.338e+01
+8.000 +7.000 12.572  4.557 0.250 0.000 1.000 -1.447e-01 -5.542e-01 -2.513e+00 -4.337e+00 -1.009e+01 -2.952e+00 -5.602e+00 -1.338e+01
+8.100 +6.991 12.669  4.550 0.250 0.000 1.000 -1.447e-01 -5.542e-01 -2.513e+00 -4.316e+00 -1.009e+01 -2.952e+00 -5.666e+00 -1.338e+01
+8.200 +7.200 12.764  4.544 0.250 0.000 1.000 -1.447e-01 -5.542e-01 -2.514e+00 -4.290e+00 -1.009e+01 -2.952e+00 -5.747e+00 -1.338e+01
+8.300 +7.191 12.859  4.537 0.250 0.000 1.000 -1.447e-01 -5.542e-01 -2.514e+00 -4.261e+00 -1.009e+01 -2.952e+00 -5.849e+00 -1.338e+01
+8.400 +7.400 12.954  4.532 0.250 0.000 1.000 -1.447e-01 -5.542e-01 -2.515e+00 -4.226e+00 -1.009e+01 -2.952e+00 -5.976e+00 -1.338e+01
+8.500 +7.391 13.049  4.527 0.250 0.000 1.000 -1.447e-01 -5.542e-01 -2.516e+00 -4.186e+00 -1.009e+01 -2.951e+00 -6.136e+00 -1.338e+01
+8.600 +7.600 13.144  4.525 0.250 0.000 1.000 -1.447e-01 -5.542e-01 -2.516e+00 -4.142e+00 -1.010e+01 -2.951e+00 -6.334e+00 -1.338e+01
+8.700 +7.591 13.240  4.525 0.250 0.000 1.000 -1.447e-01 -5.542e-01 -2.518e+00 -4.091e+00 -1.010e+01 -2.951e+00 -6.573e+00 -1.338e+01
+8.800 +7.800 13.337  4.527 0.250 0.000 1.000 -1.447e-01 -5.542e-01 -2.519e+00 -4.036e+00 -1.010e+01 -2.951e+00 -6.844e+00 -1.338e+01
+8.900 +7.791 13.436  4.533 0.250 0.000 1.000 -1.447e-01 -5.542e-01 -2.521e+00 -3.977e+00 -1.010e+01 -2.950e+00 -7.109e+00 -1.338e+01
+9.000 +8.000 13.536  4.541 0.250 0.000 1.000 -1.447e-01 -5.542e-01 -2.524e+00 -3.913e+00 -1.010e+01 -2.949e+00 -7.290e+00 -1.338e+01
+9.100 +7.991 13.639  4.552 0.250 0.000 1.000 -1.447e-01 -5.542e-01 -2.527e+00 -3.846e+00 -1.011e+01 -2.948e+00 -7.362e+00 -1.337e+01
+9.200 +8.200 13.743  4.564 0.250 0.000 1.000 -1.447e-01 -5.542e-01 -2.531e+00 -3.777e+00 -1.011e+01 -2.946e+00 -7.376e+00 -1.337e+01
+9.300 +8.191 13.849  4.580 0.250 0.000 1.000 -1.447e-01 -5.542e-01 -2.536e+00 -3.706e+00 -1.011e+01 -2.943e+00 -7.375e+00 -1.337e+01
+9.400 +8.400 13.958  4.595 0.250 0.000 1.000 -1.447e-01 -5.542e-01 -2.542e+00 -3.634e+00 -1.012e+01 -2.938e+00 -7.371e+00 -1.337e+01
+9.500 +8.391 14.068  4.615 0.250 0.000 1.000 -1.447e-01 -5.542e-01 -2.550e+00 -3.564e+00 -1.013e+01 -2.932e+00 -7.366e+00 -1.336e+01
+9.600 +8.600 14.181  4.633 0.250 0.000 1.000 -1.447e-01 -5.542e-01 -2.560e+00 -3.495e+00 -1.014e+01 -2.923e+00 -7.357e+00 -1.335e+01
+9.700 +8.591 14.295  4.655 0.250 0.000 1.000 -1.447e-01 -5.542e-01 -2.573e+00 -3.430e+00 -1.015e+01 -2.910e+00 -7.346e+00 -1.334e+01
+9.800 +8.800 14.411  4.674 0.375 0.000 1.000 -1.447e-01 -5.542e-01 -2.589e+00 -3.370e+00 -1.017e+01 -2.891e+00 -7.331e+00 -1.332e+01
+9.900 +8.791 14.527  4.693 0.250 0.000 1.000 -1.447e-01 -5.542e-01 -2.609e+00 -3.316e+00 -1.019e+01 -2.866e+00 -7.303e+00 -1.330e+01
+10.000 +9.000 14.643  4.706 0.375 0.000 1.000 -1.448e-01 -5.542e-01 -2.634e+00 -3.272e+00 -1.021e+01 -2.833e+00 -7.277e+00 -1.326e+01
+10.100 +9.100 14.758  4.713 0.375 0.000 1.000 -1.448e-01 -5.542e-01 -2.666e+00 -3.240e+00 -1.024e+01 -2.791e+00 -7.238e+00 -1.322e+01
+10.200 +9.200 14.870  4.713 0.375 0.000 1.000 -1.448e-01 -5.542e-01 -2.706e+00 -3.222e+00 -1.028e+01 -2.741e+00 -7.193e+00 -1.318e+01
+10.300 +9.300 14.977  4.697 0.375 0.000 1.000 -1.448e-01 -5.542e-01 -2.756e+00 -3.223e+00 -1.033e+01 -2.683e+00 -7.130e+00 -1.312e+01
+10.400 +9.146 15.077  4.661 0.375 0.000 1.000 -1.448e-01 -5.542e-01 -2.819e+00 -3.246e+00 -1.039e+01 -2.622e+00 -7.063e+00 -1.305e+01
+10.500 +8.965 15.169  4.604 0.375 0.000 1.000 -1.449e-01 -5.542e-01 -2.899e+00 -3.295e+00 -1.048e+01 -2.560e+00 -6.999e+00 -1.299e+01
+10.600 +9.511 15.249  4.532 0.375 0.000 1.000 -1.449e-01 -5.542e-01 -2.999e+00 -3.372e+00 -1.057e+01 -2.502e+00 -6.943e+00 -1.293e+01
+10.700 +9.536 15.318  4.422 0.375 0.000 1.000 -1.449e-01 -5.542e-01 -3.123e+00 -3.484e+00 -1.069e+01 -2.450e+00 -6.888e+00 -1.288e+01
+10.800 +9.033 15.374  4.269 0.375 0.000 1.000 -1.450e-01 -5.542e-01 -3.278e+00 -3.632e+00 -1.085e+01 -2.406e+00 -6.840e+00 -1.283e+01
+10.900 +9.561 15.417  4.103 0.375 0.000 1.000 -1.450e-01 -5.542e-01 -3.470e+00 -3.822e+00 -1.104e+01 -2.373e+00 -6.807e+00 -1.280e+01
+11.000 +9.840 15.450  3.904 0.375 0.000 1.000 -1.450e-01 -5.542e-01 -3.701e+00 -4.056e+00 -1.126e+01 -2.349e+00 -6.783e+00 -1.278e+01
+11.100 +9.696 15.473  3.668 0.375 0.000 1.000 -1.450e-01 -5.541e-01 -3.964e+00 -4.332e+00 -1.153e+01 -2.334e+00 -6.766e+00 -1.276e+01
+11.200 +9.844 15.490  3.462 0.375 0.000 1.000 -1.450e-01 -5.541e-01 -4.229e+00 -4.625e+00 -1.180e+01 -2.326e+00 -6.757e+00 -1.275e+01
+11.300 +10.120 15.504  3.325 0.375 0.000 1.000 -1.450e-01 -5.541e-01 -4.426e+00 -4.872e+00 -1.199e+01 -2.323e+00 -6.754e+00 -1.275e+01
+11.400 +10.157 15.517  3.259 0.375 0.000 1.000 -1.451e-01 -5.541e-01 -4.515e+00 -4.999e+00 -1.209e+01 -2.321e+00 -6.752e+00 -1.275e+01
+11.500 +10.500 15.532  3.245 0.500 0.000 1.000 -1.451e-01 -5.541e-01 -4.537e+00 -5.032e+00 -1.212e+01 -2.321e+00 -6.752e+00 -1.275e+01
+11.600 +10.491 15.550  3.239 0.375 0.000 1.000 -1.451e-01 -5.540e-01 -4.540e+00 -5.042e+00 -1.212e+01 -2.321e+00 -6.752e+00 -1.275e+01
+11.700 +10.700 15.571  3.239 0.500 0.000 1.000 -1.451e-01 -5.540e-01 -4.540e+00 -5.042e+00 -1.212e+01 -2.321e+00 -6.752e+00 -1.275e+01
+11.800 +10.691 15.596  3.239 0.500 0.000 1.000 -1.451e-01 -5.539e-01 -4.540e+00 -5.042e+00 -1.212e+01 -2.321e+00 -6.752e+00 -1.275e+01
+11.900 +10.900 15.627  3.239 0.500 0.000 1.000 -1.451e-01 -5.539e-01 -4.540e+00 -5.042e+00 -1.212e+01 -2.321e+00 -6.752e+00 -1.275e+01
+12.000 +10.891 15.662  3.239 0.500 0.000 1.000 -1.452e-01 -5.538e-01 -4.540e+00 -5.042e+00 -1.212e+01 -2.321e+00 -6.752e+00 -1.275e+01
+12.100 +11.100 15.702  3.239 0.625 0.000 1.000 -1.452e-01 -5.537e-01 -4.540e+00 -5.042e+00 -1.212e+01 -2.321e+00 -6.752e+00 -1.275e+01
+12.200 +11.091 15.748  3.239 0.500 0.000 1.000 -1.453e-01 -5.535e-01 -4.540e+00 -5.042e+00 -1.212e+01 -2.321e+00 -6.752e+00 -1.275e+01
+12.300 +11.300 15.800  3.239 0.625 0.000 1.000 -1.453e-01 -5.534e-01 -4.540e+00 -5.042e+00 -1.212e+01 -2.321e+00 -6.752e+00 -1.275e+01
+12.400 +11.291 15.858  3.239 0.625 0.000 1.000 -1.454e-01 -5.531e-01 -4.540e+00 -5.042e+00 -1.212e+01 -2.321e+00 -6.752e+00 -1.275e+01
+12.500 +11.500 15.921  3.239 0.625 0.000 1.000 -1.455e-01 -5.529e-01 -4.540e+00 -5.042e+00 -1.212e+01 -2.321e+00 -6.752e+00 -1.275e+01
+12.600 +11.491 15.989  3.239 0.625 0.000 1.000 -1.457e-01 -5.525e-01 -4.540e+00 -5.042e+00 -1.212e+01 -2.321e+00 -6.752e+00 -1.275e+01
+12.700 +11.700 16.062  3.238 0.625 0.000 1.000 -1.458e-01 -5.521e-01 -4.540e+00 -5.042e+00 -1.212e+01 -2.321e+00 -6.752e+00 -1.275e+01
+12.800 +11.691 16.139  3.238 0.625 0.000 1.000 -1.460e-01 -5.515e-01 -4.540e+00 -5.042e+00 -1.212e+01 -2.321e+00 -6.752e+00 -1.275e+01
+12.900 +11.900 16.220  3.238 0.625 0.000 1.000 -1.463e-01 -5.509e-01 -4.540e+00 -5.042e+00 -1.212e+01 -2.321e+00 -6.752e+00 -1.275e+01
+13.000 +11.891 16.305  3.238 0.625 0.000 1.000 -1.467e-01 -5.500e-01 -4.540e+00 -5.042e+00 -1.212e+01 -2.321e+00 -6.752e+00 -1.275e+01
+13.100 +12.100 16.392  3.237 0.625 0.000 1.000 -1.471e-01 -5.489e-01 -4.540e+00 -5.042e+00 -1.212e+01 -2.321e+00 -6.751e+00 -1.275e+01
+13.200 +12.091 16.481  3.237 0.625 0.000 1.000 -1.476e-01 -5.476e-01 -4.540e+00 -5.042e+00 -1.212e+01 -2.321e+00 -6.751e+00 -1.275e+01
+13.300 +12.300 16.572  3.236 0.625 0.000 1.000 -1.483e-01 -5.459e-01 -4.540e+00 -5.042e+00 -1.212e+01 -2.321e+00 -6.751e+00 -1.275e+01
+13.400 +12.400 16.665  3.236 0.625 0.000 1.000 -1.491e-01 -5.438e-01 -4.539e+00 -5.042e+00 -1.212e+01 -2.321e+00 -6.751e+00 -1.275e+01
+13.500 +12.500 16.759  3.235 0.625 0.000 1.000 -1.502e-01 -5.411e-01 -4.539e+00 -5.041e+00 -1.212e+01 -2.320e+00 -6.751e+00 -1.275e+01
+13.600 +11.712 16.854  3.234 0.625 0.000 1.000 -1.516e-01 -5.378e-01 -4.539e+00 -5.041e+00 -1.213e+01 -2.320e+00 -6.751e+00 -1.275e+01
+13.700 +12.580 16.950  3.232 0.625 0.000 1.000 -1.533e-01 -5.337e-01 -4.539e+00 -5.041e+00 -1.213e+01 -2.320e+00 -6.750e+00 -1.276e+01
+13.800 +12.608 17.046  3.231 0.625 0.000 1.000 -1.554e-01 -5.286e-01 -4.538e+00 -5.040e+00 -1.213e+01 -2.319e+00 -6.750e+00 -1.276e+01
+13.900 +11.700 17.143  3.228 0.625 0.000 1.000 -1.581e-01 -5.223e-01 -4.538e+00 -5.040e+00 -1.213e+01 -2.319e+00 -6.750e+00 -1.276e+01
+14.000 +11.950 17.240  3.226 0.625 0.000 1.000 -1.615e-01 -5.146e-01 -4.537e+00 -5.039e+00 -1.213e+01 -2.318e+00 -6.749e+00 -1.276e+01
+14.100 +11.891 17.336  3.222 0.625 0.000 1.000 -1.658e-01 -5.050e-01 -4.536e+00 -5.039e+00 -1.214e+01 -2.317e+00 -6.748e+00 -1.277e+01
+14.200 +11.869 17.433  3.218 0.625 0.000 1.000 -1.712e-01 -4.935e-01 -4.535e+00 -5.038e+00 -1.214e+01 -2.316e+00 -6.747e+00 -1.277e+01
+14.300 +11.638 17.529  3.212 0.625 0.000 1.000 -1.780e-01 -4.795e-01 -4.534e+00 -5.036e+00 -1.215e+01 -2.315e+00 -6.746e+00 -1.278e+01
+14.400 +12.615 17.625  3.205 0.625 0.000 1.000 -1.866e-01 -4.627e-01 -4.532e+00 -5.035e+00 -1.215e+01 -2.314e+00 -6.744e+00 -1.278e+01
+14.500 +12.520 17.720  3.196 0.625 0.000 1.000 -1.975e-01 -4.428e-01 -4.531e+00 -5.033e+00 -1.216e+01 -2.312e+00 -6.742e+00 -1.279e+01
+14.600 +12.549 17.814  3.185 0.625 0.000 1.000 -2.113e-01 -4.196e-01 -4.528e+00 -5.030e+00 -1.217e+01 -2.309e+00 -6.740e+00 -1.280e+01
+14.700 +12.237 17.907  3.171 0.625 0.000 1.000 -2.288e-01 -3.927e-01 -4.525e+00 -5.027e+00 -1.219e+01 -2.306e+00 -6.737e+00 -1.282e+01
+14.800 +12.315 17.998  3.152 0.625 0.000 1.000 -2.510e-01 -3.623e-01 -4.521e+00 -5.023e+00 -1.221e+01 -2.302e+00 -6.733e+00 -1.284e+01
+14.900 +12.687 18.087  3.129 0.625 0.000 1.000 -2.792e-01 -3.284e-01 -4.516e+00 -5.018e+00 -1.223e+01 -2.297e+00 -6.728e+00 -1.286e+01
+15.000 +12.340 18.173  3.099 0.625 0.000 1.000 -3.152e-01 -2.913e-01 -4.510e+00 -5.013e+00 -1.226e+01 -2.291e+00 -6.722e+00 -1.289e+01
+15.100 +12.572 18.255  3.060 0.625 0.000 1.000 -3.611e-01 -2.519e-01 -4.503e+00 -5.005e+00 -1.230e+01 -2.284e+00 -6.715e+00 -1.293e+01
+15.200 +10.962 18.333  3.010 0.500 0.000 1.001 -4.201e-01 -2.110e-01 -4.494e+00 -4.997e+00 -1.235e+01 -2.275e+00 -6.706e+00 -1.298e+01
+15.300 +12.460 18.405  2.945 0.625 0.000 1.001 -4.959e-01 -1.700e-01 -4.484e+00 -4.986e+00 -1.241e+01 -2.265e+00 -6.696e+00 -1.304e+01
+15.400 +12.066 18.471  2.859 0.625 0.000 1.001 -5.940e-01 -1.304e-01 -4.471e+00 -4.974e+00 -1.250e+01 -2.253e+00 -6.683e+00 -1.313e+01
+15.500 +12.408 18.528  2.746 0.625 0.000 1.001 -7.213e-01 -9.406e-02 -4.457e+00 -4.960e+00 -1.261e+01 -2.238e+00 -6.669e+00 -1.324e+01
+15.600 +12.777 18.575  2.596 0.625 0.000 1.001 -8.872e-01 -6.268e-02 -4.441e+00 -4.943e+00 -1.276e+01 -2.223e+00 -6.653e+00 -1.339e+01
+15.700 +12.657 18.611  2.396 0.625 0.000 1.002 -1.104e+00 -3.783e-02 -4.425e+00 -4.927e+00 -1.296e+01 -2.206e+00 -6.637e+00 -1.359e+01
+15.800 +12.759 18.636  2.129 0.625 0.000 1.002 -1.388e+00 -2.030e-02 -4.408e+00 -4.910e+00 -1.323e+01 -2.190e+00 -6.620e+00 -1.386e+01
+15.900 +12.980 18.651  1.773 0.625 0.000 1.002 -1.759e+00 -9.732e-03 -4.393e+00 -4.895e+00 -1.359e+01 -2.175e+00 -6.605e+00 -1.422e+01
+16.000 +11.870 18.658  1.303 0.375 0.000 1.002 -2.241e+00 -4.574e-03 -4.381e+00 -4.881e+00 -1.406e+01 -2.163e+00 -6.594e+00 -1.469e+01