
#    t     dt   F+(4He)   F+(12C)   F+(16O)   F-(4He)   F-(12C)   F-(16O)   
-10.949 -12.153 4.242e+00 3.440e+00 3.186e-01 3.186e-01 3.691e+00 3.440e+00 4.242e+00 3.333e+00 3.440e+00
-10.921 -12.125 4.242e+00 3.440e+00 3.466e-01 3.466e-01 3.691e+00 3.440e+00 4.242e+00 3.333e+00 3.440e+00
-10.893 -12.097 4.242e+00 3.440e+00 3.747e-01 3.747e-01 3.691e+00 3.440e+00 4.242e+00 3.333e+00 3.440e+00
-10.865 -12.069 4.242e+00 3.440e+00 4.027e-01 4.027e-01 3.691e+00 3.440e+00 4.242e+00 3.333e+00 3.440e+00
-10.837 -12.041 4.242e+00 3.440e+00 4.307e-01 4.307e-01 3.691e+00 3.440e+00 4.242e+00 3.333e+00 3.440e+00
-10.809 -12.013 4.242e+00 3.440e+00 4.587e-01 4.587e-01 3.691e+00 3.440e+00 4.242e+00 3.333e+00 3.440e+00
-10.781 -11.985 4.242e+00 3.440e+00 4.868e-01 4.868e-01 3.691e+00 3.440e+00 4.242e+00 3.333e+00 3.439e+00
-10.753 -11.957 4.242e+00 3.440e+00 5.148e-01 5.148e-01 3.691e+00 3.440e+00 4.242e+00 3.333e+00 3.439e+00
-10.725 -11.929 4.242e+00 3.440e+00 5.428e-01 5.428e-01 3.691e+00 3.440e+00 4.242e+00 3.333e+00 3.439e+00
-10.697 -11.901 4.242e+00 3.440e+00 5.708e-01 5.708e-01 3.691e+00 3.440e+00 4.242e+00 3.333e+00 3.439e+00
-10.669 -11.873 4.242e+00 3.440e+00 5.989e-01 5.989e-01 3.691e+00 3.440e+00 4.242e+00 3.333e+00 3.439e+00
-10.612 -11.817 4.242e+00 3.440e+00 6.549e-01 6.549e-01 3.691e+00 3.440e+00 4.242e+00 3.333e+00 3.439e+00
-10.584 -11.789 4.242e+00 3.440e+00 6.829e-01 6.829e-01 3.691e+00 3.440e+00 4.242e+00 3.333e+00 3.439e+00
-10.556 -11.761 4.242e+00 3.440e+00 7.110e-01 7.110e-01 3.691e+00 3.440e+00 4.242e+00 3.333e+00 3.439e+00
-10.528 -11.732 4.242e+00 3.440e+00 7.390e-01 7.390e-01 3.691e+00 3.440e+00 4.242e+00 3.333e+00 3.439e+00
-10.500 -11.704 4.242e+00 3.440e+00 7.670e-01 7.670e-01 3.691e+00 3.440e+00 4.242e+00 3.334e+00 3.439e+00
-10.472 -11.676 4.242e+00 3.440e+00 7.950e-01 7.950e-01 3.691e+00 3.440e+00 4.242e+00 3.334e+00 3.439e+00
-10.444 -11.648 4.242e+00 3.440e+00 8.231e-01 8.231e-01 3.691e+00 3.440e+00 4.242e+00 3.334e+00 3.439e+00
-10.416 -11.620 4.242e+00 3.440e+00 8.511e-01 8.511e-01 3.691e+00 3.440e+00 4.242e+00 3.334e+00 3.439e+00
-10.388 -11.592 4.242e+00 3.440e+00 8.791e-01 8.791e-01 3.691e+00 3.440e+00 4.242e+00 3.334e+00 3.439e+00
-10.360 -11.564 4.242e+00 3.440e+00 9.071e-01 9.071e-01 3.691e+00 3.440e+00 4.242e+00 3.334e+00 3.439e+00
-10.332 -11.536 4.242e+00 3.440e+00 9.351e-01 9.351e-01 3.691e+00 3.440e+00 4.242e+00 3.334e+00 3.439e+00
-10.304 -11.508 4.242e+00 3.440e+00 9.632e-01 9.632e-01 3.691e+00 3.440e+00 4.242e+00 3.334e+00 3.439e+00
-10.276 -11.480 4.242e+00 3.440e+00 9.912e-01 9.912e-01 3.691e+00 3.440e+00 4.242e+00 3.334e+00 3.438e+00
-10.248 -11.452 4.242e+00 3.440e+00 1.019e+00 1.019e+00 3.691e+00 3.440e+00 4.242e+00 3.334e+00 3.438e+00
-10.192 -11.396 4.242e+00 3.440e+00 1.075e+00 1.075e+00 3.692e+00 3.440e+00 4.242e+00 3.335e+00 3.438e+00
-10.164 -11.368 4.242e+00 3.440e+00 1.103e+00 1.103e+00 3.692e+00 3.440e+00 4.242e+00 3.335e+00 3.438e+00
-10.136 -11.340 4.242e+00 3.440e+00 1.131e+00 1.131e+00 3.692e+00 3.440e+00 4.242e+00 3.335e+00 3.438e+00
-10.108 -11.312 4.242e+00 3.440e+00 1.159e+00 1.159e+00 3.692e+00 3.440e+00 4.242e+00 3.335e+00 3.438e+00
-10.080 -11.284 4.242e+00 3.440e+00 1.187e+00 1.187e+00 3.692e+00 3.440e+00 4.242e+00 3.335e+00 3.438e+00
-10.052 -11.256 4.242e+00 3.440e+00 1.215e+00 1.215e+00 3.692e+00 3.440e+00 4.242e+00 3.336e+00 3.437e+00
-10.024 -11.228 4.242e+00 3.440e+00 1.243e+00 1.243e+00 3.692e+00 3.440e+00 4.242e+00 3.336e+00 3.437e+00
-9.996 -11.200 4.242e+00 3.440e+00 1.271e+00 1.271e+00 3.692e+00 3.440e+00 4.242e+00 3.336e+00 3.437e+00
-9.968 -11.172 4.242e+00 3.440e+00 1.299e+00 1.299e+00 3.692e+00 3.440e+00 4.242e+00 3.336e+00 3.437e+00
-9.940 -11.144 4.242e+00 3.440e+00 1.327e+00 1.327e+00 3.692e+00 3.440e+00 4.242e+00 3.337e+00 3.437e+00
-9.912 -11.116 4.242e+00 3.440e+00 1.355e+00 1.355e+00 3.693e+00 3.440e+00 4.242e+00 3.337e+00 3.436e+00
-9.884 -11.088 4.242e+00 3.440e+00 1.383e+00 1.383e+00 3.693e+00 3.440e+00 4.242e+00 3.337e+00 3.436e+00
-9.856 -11.060 4.242e+00 3.440e+00 1.411e+00 1.411e+00 3.693e+00 3.440e+00 4.242e+00 3.338e+00 3.436e+00
-9.828 -11.032 4.242e+00 3.440e+00 1.439e+00 1.439e+00 3.693e+00 3.440e+00 4.241e+00 3.338e+00 3.436e+00
-9.800 -11.004 4.242e+00 3.440e+00 1.467e+00 1.467e+00 3.693e+00 3.440e+00 4.241e+00 3.338e+00 3.435e+00
-9.744 -10.948 4.242e+00 3.440e+00 1.523e+00 1.523e+00 3.693e+00 3.440e+00 4.241e+00 3.339e+00 3.435e+00
-9.716 -10.920 4.242e+00 3.440e+00 1.551e+00 1.551e+00 3.694e+00 3.440e+00 4.241e+00 3.339e+00 3.434e+00
-9.688 -10.892 4.242e+00 3.440e+00 1.579e+00 1.579e+00 3.694e+00 3.440e+00 4.241e+00 3.340e+00 3.434e+00
-9.659 -10.864 4.242e+00 3.440e+00 1.607e+00 1.607e+00 3.694e+00 3.440e+00 4.241e+00 3.340e+00 3.434e+00
-9.631 -10.836 4.242e+00 3.440e+00 1.635e+00 1.635e+00 3.694e+00 3.440e+00 4.241e+00 3.341e+00 3.433e+00
-9.603 -10.808 4.242e+00 3.440e+00 1.663e+00 1.663e+00 3.695e+00 3.440e+00 4.241e+00 3.342e+00 3.433e+00
-9.575 -10.780 4.242e+00 3.440e+00 1.691e+00 1.691e+00 3.695e+00 3.440e+00 4.241e+00 3.342e+00 3.432e+00
-9.547 -10.751 4.242e+00 3.440e+00 1.719e+00 1.719e+00 3.695e+00 3.440e+00 4.241e+00 3.343e+00 3.432e+00
-9.519 -10.723 4.242e+00 3.440e+00 1.747e+00 1.747e+00 3.695e+00 3.440e+00 4.241e+00 3.344e+00 3.431e+00
-9.491 -10.695 4.242e+00 3.440e+00 1.775e+00 1.775e+00 3.696e+00 3.440e+00 4.241e+00 3.344e+00 3.430e+00
-9.463 -10.667 4.242e+00 3.440e+00 1.803e+00 1.803e+00 3.696e+00 3.440e+00 4.241e+00 3.345e+00 3.430e+00
-9.435 -10.639 4.242e+00 3.440e+00 1.831e+00 1.831e+00 3.696e+00 3.440e+00 4.240e+00 3.346e+00 3.429e+00
-9.407 -10.611 4.242e+00 3.440e+00 1.859e+00 1.859e+00 3.697e+00 3.440e+00 4.240e+00 3.347e+00 3.428e+00
-9.379 -10.583 4.242e+00 3.440e+00 1.887e+00 1.887e+00 3.697e+00 3.440e+00 4.240e+00 3.348e+00 3.428e+00
-9.323 -10.527 4.242e+00 3.440e+00 1.943e+00 1.943e+00 3.698e+00 3.440e+00 4.240e+00 3.350e+00 3.426e+00
-9.295 -10.499 4.242e+00 3.440e+00 1.971e+00 1.971e+00 3.699e+00 3.440e+00 4.240e+00 3.351e+00 3.425e+00
-9.267 -10.471 4.242e+00 3.440e+00 1.999e+00 1.999e+00 3.699e+00 3.440e+00 4.240e+00 3.352e+00 3.424e+00
-9.239 -10.443 4.242e+00 3.440e+00 2.027e+00 2.027e+00 3.700e+00 3.440e+00 4.240e+00 3.353e+00 3.423e+00
-9.211 -10.415 4.242e+00 3.440e+00 2.055e+00 2.055e+00 3.700e+00 3.440e+00 4.239e+00 3.355e+00 3.422e+00
-9.183 -10.387 4.242e+00 3.440e+00 2.083e+00 2.083e+00 3.701e+00 3.440e+00 4.239e+00 3.356e+00 3.420e+00
-9.155 -10.359 4.242e+00 3.440e+00 2.111e+00 2.111e+00 3.702e+00 3.440e+00 4.239e+00 3.358e+00 3.419e+00
-9.127 -10.331 4.242e+00 3.440e+00 2.139e+00 2.139e+00 3.703e+00 3.440e+00 4.239e+00 3.359e+00 3.418e+00
-9.099 -10.303 4.242e+00 3.440e+00 2.167e+00 2.167e+00 3.703e+00 3.440e+00 4.238e+00 3.361e+00 3.416e+00
-9.071 -10.275 4.242e+00 3.440e+00 2.194e+00 2.194e+00 3.704e+00 3.440e+00 4.238e+00 3.363e+00 3.415e+00
-9.043 -10.247 4.242e+00 3.440e+00 2.222e+00 2.222e+00 3.705e+00 3.440e+00 4.238e+00 3.365e+00 3.413e+00
-9.015 -10.219 4.242e+00 3.440e+00 2.250e+00 2.250e+00 3.706e+00 3.440e+00 4.238e+00 3.367e+00 3.411e+00
-8.987 -10.191 4.242e+00 3.440e+00 2.278e+00 2.278e+00 3.707e+00 3.440e+00 4.237e+00 3.369e+00 3.409e+00
-8.959 -10.163 4.242e+00 3.440e+00 2.306e+00 2.306e+00 3.708e+00 3.440e+00 4.237e+00 3.371e+00 3.407e+00
-8.903 -10.107 4.242e+00 3.440e+00 2.362e+00 2.362e+00 3.710e+00 3.440e+00 4.236e+00 3.376e+00 3.402e+00
-8.875 -10.079 4.242e+00 3.440e+00 2.389e+00 2.389e+00 3.712e+00 3.440e+00 4.236e+00 3.379e+00 3.399e+00
-8.847 -10.051 4.242e+00 3.440e+00 2.417e+00 2.417e+00 3.713e+00 3.440e+00 4.236e+00 3.382e+00 3.397e+00
-8.819 -10.023 4.242e+00 3.440e+00 2.445e+00 2.445e+00 3.714e+00 3.440e+00 4.235e+00 3.385e+00 3.394e+00
-8.791 -9.995 4.242e+00 3.440e+00 2.473e+00 2.473e+00 3.716e+00 3.440e+00 4.235e+00 3.389e+00 3.390e+00
-8.763 -9.967 4.242e+00 3.440e+00 2.501e+00 2.501e+00 3.718e+00 3.440e+00 4.234e+00 3.392e+00 3.387e+00
-8.735 -9.939 4.242e+00 3.440e+00 2.528e+00 2.528e+00 3.719e+00 3.440e+00 4.234e+00 3.396e+00 3.383e+00
-8.707 -9.911 4.242e+00 3.440e+00 2.556e+00 2.556e+00 3.721e+00 3.440e+00 4.233e+00 3.400e+00 3.379e+00
-8.678 -9.883 4.242e+00 3.440e+00 2.584e+00 2.584e+00 3.723e+00 3.440e+00 4.232e+00 3.404e+00 3.375e+00
-8.650 -9.855 4.242e+00 3.440e+00 2.611e+00 2.611e+00 3.725e+00 3.440e+00 4.232e+00 3.408e+00 3.370e+00
-8.622 -9.827 4.242e+00 3.440e+00 2.639e+00 2.639e+00 3.727e+00 3.440e+00 4.231e+00 3.412e+00 3.365e+00
-8.594 -9.799 4.242e+00 3.440e+00 2.667e+00 2.667e+00 3.730e+00 3.440e+00 4.230e+00 3.417e+00 3.360e+00
-8.566 -9.770 4.242e+00 3.440e+00 2.694e+00 2.694e+00 3.732e+00 3.440e+00 4.230e+00 3.422e+00 3.354e+00
-8.538 -9.742 4.242e+00 3.440e+00 2.722e+00 2.722e+00 3.735e+00 3.440e+00 4.229e+00 3.428e+00 3.348e+00
-8.482 -9.686 4.242e+00 3.440e+00 2.777e+00 2.777e+00 3.740e+00 3.440e+00 4.227e+00 3.439e+00 3.333e+00
-8.454 -9.658 4.242e+00 3.440e+00 2.804e+00 2.804e+00 3.744e+00 3.440e+00 4.226e+00 3.445e+00 3.325e+00
-8.426 -9.630 4.242e+00 3.440e+00 2.832e+00 2.832e+00 3.747e+00 3.440e+00 4.225e+00 3.452e+00 3.317e+00
-8.398 -9.602 4.242e+00 3.440e+00 2.859e+00 2.859e+00 3.750e+00 3.440e+00 4.224e+00 3.458e+00 3.307e+00
-8.370 -9.574 4.242e+00 3.440e+00 2.887e+00 2.887e+00 3.754e+00 3.440e+00 4.222e+00 3.465e+00 3.297e+00
-8.342 -9.546 4.242e+00 3.440e+00 2.914e+00 2.914e+00 3.758e+00 3.440e+00 4.221e+00 3.473e+00 3.286e+00
-8.314 -9.518 4.242e+00 3.440e+00 2.941e+00 2.941e+00 3.762e+00 3.440e+00 4.220e+00 3.480e+00 3.274e+00
-8.286 -9.490 4.242e+00 3.440e+00 2.969e+00 2.969e+00 3.766e+00 3.440e+00 4.218e+00 3.488e+00 3.261e+00
-8.258 -9.462 4.242e+00 3.440e+00 2.996e+00 2.996e+00 3.770e+00 3.440e+00 4.217e+00 3.497e+00 3.246e+00
-8.230 -9.434 4.242e+00 3.440e+00 3.023e+00 3.023e+00 3.775e+00 3.440e+00 4.215e+00 3.506e+00 3.230e+00
-8.202 -9.406 4.242e+00 3.440e+00 3.050e+00 3.050e+00 3.780e+00 3.440e+00 4.213e+00 3.515e+00 3.212e+00
-8.174 -9.378 4.242e+00 3.440e+00 3.077e+00 3.077e+00 3.785e+00 3.440e+00 4.211e+00 3.524e+00 3.193e+00
-8.146 -9.350 4.242e+00 3.440e+00 3.104e+00 3.104e+00 3.790e+00 3.440e+00 4.209e+00 3.534e+00 3.171e+00
-8.118 -9.322 4.242e+00 3.440e+00 3.131e+00 3.131e+00 3.796e+00 3.440e+00 4.207e+00 3.544e+00 3.147e+00
-8.090 -9.294 4.242e+00 3.440e+00 3.157e+00 3.157e+00 3.802e+00 3.440e+00 4.205e+00 3.555e+00 3.119e+00
-8.034 -9.238 4.242e+00 3.440e+00 3.211e+00 3.211e+00 3.815e+00 3.440e+00 4.199e+00 3.577e+00 3.052e+00
-8.006 -9.210 4.242e+00 3.440e+00 3.237e+00 3.237e+00 3.821e+00 3.440e+00 4.197e+00 3.588e+00 3.011e+00
-7.978 -9.182 4.242e+00 3.440e+00 3.264e+00 3.264e+00 3.828e+00 3.440e+00 4.194e+00 3.600e+00 2.962e+00
-7.950 -9.154 4.242e+00 3.440e+00 3.290e+00 3.290e+00 3.836e+00 3.440e+00 4.190e+00 3.612e+00 2.904e+00
-7.922 -9.126 4.242e+00 3.440e+00 3.316e+00 3.316e+00 3.843e+00 3.440e+00 4.187e+00 3.625e+00 2.833e+00
-7.894 -9.098 4.242e+00 3.440e+00 3.342e+00 3.342e+00 3.851e+00 3.440e+00 4.183e+00 3.638e+00 2.742e+00
-7.866 -9.070 4.242e+00 3.440e+00 3.368e+00 3.368e+00 3.859e+00 3.440e+00 4.179e+00 3.651e+00 2.620e+00
-7.838 -9.042 4.242e+00 3.440e+00 3.394e+00 3.394e+00 3.868e+00 3.440e+00 4.175e+00 3.665e+00 2.438e+00
-7.810 -9.014 4.242e+00 3.440e+00 3.420e+00 3.420e+00 3.877e+00 3.440e+00 4.171e+00 3.679e+00 2.091e+00
-7.782 -8.986 4.242e+00 3.440e+00 3.445e+00 3.445e+00 3.886e+00 3.440e+00 4.166e+00 3.693e+00 1.556e+00
-7.754 -8.958 4.242e+00 3.440e+00 3.471e+00 3.471e+00 3.895e+00 3.440e+00 4.161e+00 3.708e+00 2.309e+00
-7.726 -8.930 4.241e+00 3.440e+00 3.496e+00 3.496e+00 3.905e+00 3.440e+00 4.156e+00 3.722e+00 2.580e+00
-7.697 -8.902 4.241e+00 3.440e+00 3.521e+00 3.521e+00 3.914e+00 3.440e+00 4.150e+00 3.737e+00 2.753e+00
-7.669 -8.874 4.241e+00 3.440e+00 3.546e+00 3.546e+00 3.925e+00 3.440e+00 4.144e+00 3.752e+00 2.881e+00
-7.613 -8.818 4.241e+00 3.440e+00 3.595e+00 3.595e+00 3.946e+00 3.440e+00 4.130e+00 3.783e+00 3.072e+00
-7.585 -8.789 4.241e+00 3.440e+00 3.619e+00 3.619e+00 3.957e+00 3.440e+00 4.123e+00 3.799e+00 3.147e+00
-7.557 -8.761 4.241e+00 3.440e+00 3.643e+00 3.643e+00 3.968e+00 3.440e+00 4.115e+00 3.815e+00 3.215e+00
-7.529 -8.733 4.241e+00 3.440e+00 3.666e+00 3.666e+00 3.979e+00 3.440e+00 4.106e+00 3.831e+00 3.275e+00
-7.501 -8.705 4.241e+00 3.440e+00 3.690e+00 3.690e+00 3.990e+00 3.440e+00 4.097e+00 3.847e+00 3.331e+00
-7.473 -8.677 4.241e+00 3.440e+00 3.713e+00 3.713e+00 4.002e+00 3.440e+00 4.088e+00 3.863e+00 3.382e+00
-7.445 -8.649 4.241e+00 3.440e+00 3.736e+00 3.736e+00 4.014e+00 3.440e+00 4.078e+00 3.879e+00 3.429e+00
-7.417 -8.621 4.240e+00 3.440e+00 3.758e+00 3.758e+00 4.026e+00 3.440e+00 4.067e+00 3.895e+00 3.473e+00
-7.389 -8.593 4.240e+00 3.440e+00 3.780e+00 3.780e+00 4.038e+00 3.440e+00 4.055e+00 3.911e+00 3.515e+00
-7.361 -8.565 4.240e+00 3.440e+00 3.802e+00 3.802e+00 4.050e+00 3.440e+00 4.043e+00 3.927e+00 3.554e+00
-7.333 -8.537 4.240e+00 3.441e+00 3.823e+00 3.823e+00 4.062e+00 3.441e+00 4.030e+00 3.943e+00 3.591e+00
-7.305 -8.509 4.240e+00 3.441e+00 3.844e+00 3.844e+00 4.074e+00 3.441e+00 4.016e+00 3.959e+00 3.626e+00
-7.277 -8.481 4.239e+00 3.441e+00 3.865e+00 3.865e+00 4.086e+00 3.441e+00 4.002e+00 3.974e+00 3.659e+00
-7.249 -8.453 4.239e+00 3.441e+00 3.885e+00 3.885e+00 4.098e+00 3.441e+00 3.986e+00 3.990e+00 3.691e+00
-7.193 -8.397 4.239e+00 3.442e+00 3.923e+00 3.923e+00 4.122e+00 3.442e+00 3.951e+00 4.020e+00 3.749e+00
-7.165 -8.369 4.238e+00 3.442e+00 3.942e+00 3.942e+00 4.133e+00 3.442e+00 3.933e+00 4.034e+00 3.776e+00
-7.137 -8.341 4.238e+00 3.443e+00 3.960e+00 3.960e+00 4.145e+00 3.443e+00 3.913e+00 4.049e+00 3.802e+00
-7.109 -8.313 4.237e+00 3.443e+00 3.977e+00 3.977e+00 4.156e+00 3.443e+00 3.891e+00 4.063e+00 3.827e+00
-7.081 -8.285 4.237e+00 3.444e+00 3.994e+00 3.994e+00 4.167e+00 3.444e+00 3.869e+00 4.076e+00 3.850e+00
-7.053 -8.257 4.236e+00 3.444e+00 4.010e+00 4.010e+00 4.178e+00 3.444e+00 3.845e+00 4.089e+00 3.873e+00
-7.025 -8.229 4.236e+00 3.445e+00 4.026e+00 4.026e+00 4.188e+00 3.445e+00 3.819e+00 4.102e+00 3.894e+00
-6.997 -8.201 4.235e+00 3.445e+00 4.041e+00 4.041e+00 4.198e+00 3.445e+00 3.793e+00 4.114e+00 3.914e+00
-6.969 -8.173 4.235e+00 3.446e+00 4.055e+00 4.055e+00 4.208e+00 3.446e+00 3.764e+00 4.125e+00 3.932e+00
-6.941 -8.145 4.234e+00 3.447e+00 4.069e+00 4.069e+00 4.217e+00 3.447e+00 3.734e+00 4.136e+00 3.950e+00
-6.913 -8.117 4.233e+00 3.448e+00 4.081e+00 4.081e+00 4.226e+00 3.448e+00 3.702e+00 4.147e+00 3.966e+00
-6.885 -8.089 4.232e+00 3.449e+00 4.093e+00 4.093e+00 4.234e+00 3.449e+00 3.669e+00 4.157e+00 3.982e+00
-6.857 -8.061 4.231e+00 3.450e+00 4.105e+00 4.105e+00 4.242e+00 3.450e+00 3.634e+00 4.166e+00 3.996e+00
-6.829 -8.033 4.230e+00 3.452e+00 4.115e+00 4.115e+00 4.249e+00 3.452e+00 3.596e+00 4.174e+00 4.009e+00
-6.773 -7.977 4.228e+00 3.455e+00 4.134e+00 4.134e+00 4.262e+00 3.455e+00 3.516e+00 4.189e+00 4.032e+00
-6.745 -7.949 4.227e+00 3.456e+00 4.142e+00 4.142e+00 4.268e+00 3.456e+00 3.473e+00 4.195e+00 4.042e+00
-6.716 -7.921 4.225e+00 3.458e+00 4.149e+00 4.149e+00 4.273e+00 3.458e+00 3.428e+00 4.201e+00 4.051e+00
-6.688 -7.893 4.224e+00 3.460e+00 4.156e+00 4.156e+00 4.277e+00 3.460e+00 3.382e+00 4.206e+00 4.058e+00
-6.660 -7.865 4.222e+00 3.462e+00 4.162e+00 4.162e+00 4.281e+00 3.462e+00 3.333e+00 4.210e+00 4.065e+00
-6.632 -7.837 4.220e+00 3.464e+00 4.167e+00 4.167e+00 4.284e+00 3.464e+00 3.283e+00 4.213e+00 4.071e+00
-6.604 -7.808 4.218e+00 3.467e+00 4.171e+00 4.171e+00 4.287e+00 3.467e+00 3.231e+00 4.216e+00 4.075e+00
-6.576 -7.780 4.216e+00 3.469e+00 4.174e+00 4.174e+00 4.289e+00 3.469e+00 3.177e+00 4.217e+00 4.079e+00
-6.548 -7.752 4.214e+00 3.472e+00 4.177e+00 4.177e+00 4.290e+00 3.472e+00 3.123e+00 4.218e+00 4.082e+00
-6.520 -7.724 4.211e+00 3.475e+00 4.179e+00 4.179e+00 4.291e+00 3.475e+00 3.068e+00 4.219e+00 4.083e+00
-6.492 -7.696 4.209e+00 3.478e+00 4.180e+00 4.180e+00 4.291e+00 3.478e+00 3.012e+00 4.218e+00 4.084e+00
-6.464 -7.668 4.206e+00 3.481e+00 4.181e+00 4.181e+00 4.290e+00 3.481e+00 2.957e+00 4.217e+00 4.084e+00
-6.436 -7.640 4.203e+00 3.485e+00 4.181e+00 4.181e+00 4.289e+00 3.485e+00 2.903e+00 4.215e+00 4.083e+00
-6.408 -7.612 4.200e+00 3.489e+00 4.180e+00 4.180e+00 4.288e+00 3.489e+00 2.851e+00 4.213e+00 4.082e+00
-6.352 -7.556 4.193e+00 3.497e+00 4.177e+00 4.177e+00 4.283e+00 3.497e+00 2.754e+00 4.206e+00 4.076e+00
-6.324 -7.528 4.190e+00 3.501e+00 4.175e+00 4.175e+00 4.280e+00 3.501e+00 2.711e+00 4.201e+00 4.072e+00
-6.296 -7.500 4.186e+00 3.505e+00 4.172e+00 4.172e+00 4.277e+00 3.505e+00 2.674e+00 4.196e+00 4.067e+00
-6.268 -7.472 4.181e+00 3.510e+00 4.169e+00 4.169e+00 4.272e+00 3.510e+00 2.641e+00 4.190e+00 4.061e+00
-6.240 -7.444 4.177e+00 3.515e+00 4.165e+00 4.165e+00 4.268e+00 3.515e+00 2.614e+00 4.184e+00 4.055e+00
-6.212 -7.416 4.172e+00 3.520e+00 4.160e+00 4.160e+00 4.263e+00 3.520e+00 2.593e+00 4.176e+00 4.048e+00
-6.184 -7.388 4.167e+00 3.525e+00 4.156e+00 4.156e+00 4.258e+00 3.525e+00 2.577e+00 4.169e+00 4.040e+00
-6.156 -7.360 4.162e+00 3.530e+00 4.151e+00 4.151e+00 4.252e+00 3.530e+00 2.566e+00 4.160e+00 4.032e+00
-6.128 -7.332 4.156e+00 3.536e+00 4.145e+00 4.145e+00 4.245e+00 3.536e+00 2.560e+00 4.151e+00 4.022e+00
-6.100 -7.304 4.150e+00 3.541e+00 4.139e+00 4.139e+00 4.239e+00 3.541e+00 2.558e+00 4.141e+00 4.013e+00
-6.075 -7.322 4.144e+00 3.547e+00 4.133e+00 4.133e+00 4.232e+00 3.547e+00 2.560e+00 4.131e+00 4.003e+00
-6.026 -7.276 4.133e+00 3.557e+00 4.121e+00 4.121e+00 4.218e+00 3.557e+00 2.567e+00 4.111e+00 3.982e+00
-6.002 -7.276 4.126e+00 3.562e+00 4.114e+00 4.114e+00 4.211e+00 3.562e+00 2.576e+00 4.100e+00 3.971e+00
-5.979 -7.276 4.120e+00 3.567e+00 4.108e+00 4.108e+00 4.203e+00 3.567e+00 2.584e+00 4.089e+00 3.960e+00
-5.958 -7.276 4.114e+00 3.572e+00 4.101e+00 4.101e+00 4.196e+00 3.572e+00 2.591e+00 4.078e+00 3.949e+00
-5.918 -7.276 4.102e+00 3.582e+00 4.088e+00 4.088e+00 4.182e+00 3.582e+00 2.606e+00 4.057e+00 3.926e+00
-5.899 -7.276 4.097e+00 3.586e+00 4.082e+00 4.082e+00 4.175e+00 3.586e+00 2.612e+00 4.046e+00 3.915e+00
-5.864 -7.276 4.085e+00 3.594e+00 4.070e+00 4.070e+00 4.161e+00 3.594e+00 2.626e+00 4.024e+00 3.893e+00
-5.832 -7.276 4.074e+00 3.602e+00 4.058e+00 4.058e+00 4.148e+00 3.602e+00 2.640e+00 4.002e+00 3.871e+00
-5.800 -7.230 4.063e+00 3.610e+00 4.046e+00 4.046e+00 4.134e+00 3.610e+00 2.650e+00 3.979e+00 3.847e+00
-5.769 -7.230 4.051e+00 3.617e+00 4.033e+00 4.033e+00 4.119e+00 3.617e+00 2.670e+00 3.954e+00 3.822e+00
-5.740 -7.230 4.040e+00 3.624e+00 4.020e+00 4.020e+00 4.105e+00 3.624e+00 2.686e+00 3.930e+00 3.797e+00
-5.713 -7.230 4.029e+00 3.631e+00 4.008e+00 4.008e+00 4.090e+00 3.631e+00 2.701e+00 3.906e+00 3.771e+00
-5.687 -7.230 4.018e+00 3.637e+00 3.996e+00 3.996e+00 4.077e+00 3.637e+00 2.716e+00 3.881e+00 3.746e+00
-5.650 -7.184 4.002e+00 3.645e+00 3.978e+00 3.978e+00 4.056e+00 3.645e+00 2.733e+00 3.843e+00 3.707e+00
-5.625 -7.184 3.991e+00 3.651e+00 3.965e+00 3.965e+00 4.042e+00 3.651e+00 2.754e+00 3.815e+00 3.678e+00
-5.591 -7.184 3.976e+00 3.658e+00 3.947e+00 3.947e+00 4.021e+00 3.658e+00 2.777e+00 3.774e+00 3.634e+00
-5.569 -7.184 3.966e+00 3.663e+00 3.936e+00 3.936e+00 4.008e+00 3.663e+00 2.791e+00 3.746e+00 3.605e+00
-5.538 -7.139 3.952e+00 3.669e+00 3.919e+00 3.919e+00 3.988e+00 3.669e+00 2.809e+00 3.704e+00 3.561e+00
-5.506 -7.139 3.937e+00 3.675e+00 3.901e+00 3.901e+00 3.967e+00 3.675e+00 2.835e+00 3.657e+00 3.510e+00
-5.477 -7.139 3.924e+00 3.680e+00 3.885e+00 3.885e+00 3.948e+00 3.680e+00 2.856e+00 3.611e+00 3.459e+00
-5.448 -7.093 3.911e+00 3.685e+00 3.869e+00 3.869e+00 3.930e+00 3.685e+00 2.871e+00 3.563e+00 3.408e+00
-5.420 -7.093 3.898e+00 3.690e+00 3.853e+00 3.853e+00 3.910e+00 3.690e+00 2.895e+00 3.510e+00 3.349e+00
-5.384 -7.093 3.883e+00 3.695e+00 3.833e+00 3.833e+00 3.887e+00 3.695e+00 2.917e+00 3.440e+00 3.270e+00
-5.358 -7.047 3.872e+00 3.698e+00 3.819e+00 3.819e+00 3.870e+00 3.698e+00 2.933e+00 3.385e+00 3.206e+00
-5.324 -7.047 3.859e+00 3.702e+00 3.802e+00 3.802e+00 3.849e+00 3.702e+00 2.951e+00 3.308e+00 3.114e+00
-5.298 -7.001 3.850e+00 3.705e+00 3.790e+00 3.790e+00 3.835e+00 3.705e+00 2.962e+00 3.247e+00 3.039e+00
-5.265 -7.001 3.839e+00 3.708e+00 3.775e+00 3.775e+00 3.817e+00 3.708e+00 2.974e+00 3.163e+00 2.933e+00
-5.240 -6.956 3.831e+00 3.710e+00 3.765e+00 3.765e+00 3.805e+00 3.710e+00 2.979e+00 3.098e+00 2.846e+00
-5.208 -6.956 3.822e+00 3.712e+00 3.754e+00 3.754e+00 3.791e+00 3.712e+00 2.984e+00 3.011e+00 2.722e+00
-5.175 -6.910 3.814e+00 3.713e+00 3.744e+00 3.744e+00 3.778e+00 3.713e+00 2.983e+00 2.919e+00 2.582e+00
-5.142 -6.864 3.806e+00 3.715e+00 3.737e+00 3.737e+00 3.768e+00 3.715e+00 2.979e+00 2.830e+00 2.430e+00
-5.118 -6.864 3.802e+00 3.715e+00 3.732e+00 3.732e+00 3.761e+00 3.715e+00 2.973e+00 2.764e+00 2.301e+00
-5.085 -6.818 3.795e+00 3.716e+00 3.726e+00 3.726e+00 3.754e+00 3.716e+00 2.962e+00 2.675e+00 2.101e+00
-5.052 -6.773 3.790e+00 3.716e+00 3.722e+00 3.722e+00 3.748e+00 3.716e+00 2.948e+00 2.592e+00 1.855e+00
-5.028 -6.773 3.786e+00 3.717e+00 3.720e+00 3.720e+00 3.744e+00 3.717e+00 2.937e+00 2.532e+00 1.590e+00
-4.996 -6.727 3.782e+00 3.717e+00 3.717e+00 3.717e+00 3.740e+00 3.717e+00 2.920e+00 2.458e+00 8.497e-01
-4.965 -6.727 3.778e+00 3.717e+00 3.715e+00 3.715e+00 3.737e+00 3.717e+00 2.903e+00 2.385e+00 1.254e+00
-4.934 -6.681 3.774e+00 3.717e+00 3.714e+00 3.714e+00 3.734e+00 3.717e+00 2.884e+00 2.320e+00 1.541e+00
-4.904 -6.681 3.770e+00 3.716e+00 3.712e+00 3.712e+00 3.731e+00 3.716e+00 2.867e+00 2.256e+00 1.687e+00
-4.874 -6.635 3.767e+00 3.716e+00 3.711e+00 3.711e+00 3.729e+00 3.716e+00 2.848e+00 2.202e+00 1.755e+00
-4.845 -6.635 3.764e+00 3.716e+00 3.710e+00 3.710e+00 3.727e+00 3.716e+00 2.831e+00 2.145e+00 1.810e+00
-4.818 -6.635 3.761e+00 3.715e+00 3.709e+00 3.709e+00 3.725e+00 3.715e+00 2.814e+00 2.092e+00 1.847e+00
-4.789 -6.590 3.759e+00 3.715e+00 3.709e+00 3.709e+00 3.724e+00 3.715e+00 2.796e+00 2.050e+00 1.857e+00
-4.756 -6.590 3.756e+00 3.714e+00 3.708e+00 3.708e+00 3.722e+00 3.714e+00 2.776e+00 1.991e+00 1.879e+00
-4.724 -6.544 3.753e+00 3.713e+00 3.707e+00 3.707e+00 3.721e+00 3.713e+00 2.754e+00 1.948e+00 1.878e+00
-4.699 -6.544 3.751e+00 3.713e+00 3.706e+00 3.706e+00 3.719e+00 3.713e+00 2.739e+00 1.906e+00 1.884e+00
-4.669 -6.544 3.748e+00 3.712e+00 3.705e+00 3.705e+00 3.718e+00 3.712e+00 2.721e+00 1.857e+00 1.889e+00
-4.639 -6.498 3.746e+00 3.711e+00 3.704e+00 3.705e+00 3.717e+00 3.711e+00 2.701e+00 1.827e+00 1.876e+00
-4.605 -6.498 3.743e+00 3.710e+00 3.703e+00 3.704e+00 3.715e+00 3.710e+00 2.680e+00 1.775e+00 1.875e+00
-4.578 -6.498 3.741e+00 3.709e+00 3.703e+00 3.703e+00 3.714e+00 3.709e+00 2.664e+00 1.734e+00 1.873e+00
-4.546 -6.452 3.738e+00 3.708e+00 3.702e+00 3.702e+00 3.712e+00 3.708e+00 2.642e+00 1.710e+00 1.853e+00
-4.515 -6.452 3.736e+00 3.707e+00 3.701e+00 3.701e+00 3.711e+00 3.707e+00 2.624e+00 1.666e+00 1.847e+00
-4.486 -6.452 3.734e+00 3.706e+00 3.700e+00 3.700e+00 3.709e+00 3.706e+00 2.606e+00 1.625e+00 1.840e+00
-4.458 -6.407 3.732e+00 3.705e+00 3.699e+00 3.699e+00 3.708e+00 3.705e+00 2.586e+00 1.614e+00 1.817e+00
-4.430 -6.407 3.729e+00 3.704e+00 3.698e+00 3.698e+00 3.707e+00 3.703e+00 2.569e+00 1.576e+00 1.809e+00
-4.399 -6.407 3.727e+00 3.702e+00 3.697e+00 3.697e+00 3.705e+00 3.702e+00 2.550e+00 1.535e+00 1.799e+00
-4.366 -6.407 3.725e+00 3.701e+00 3.695e+00 3.696e+00 3.704e+00 3.701e+00 2.530e+00 1.493e+00 1.788e+00
-4.337 -6.361 3.722e+00 3.700e+00 3.694e+00 3.695e+00 3.702e+00 3.699e+00 2.509e+00 1.488e+00 1.761e+00
-4.309 -6.361 3.720e+00 3.698e+00 3.693e+00 3.694e+00 3.701e+00 3.698e+00 2.491e+00 1.453e+00 1.750e+00
-4.280 -6.361 3.718e+00 3.697e+00 3.692e+00 3.693e+00 3.699e+00 3.697e+00 2.472e+00 1.416e+00 1.737e+00
-4.247 -6.315 3.716e+00 3.695e+00 3.690e+00 3.691e+00 3.697e+00 3.695e+00 2.448e+00 1.411e+00 1.706e+00
-4.218 -6.315 3.713e+00 3.694e+00 3.689e+00 3.690e+00 3.696e+00 3.693e+00 2.429e+00 1.376e+00 1.693e+00
-4.188 -6.315 3.711e+00 3.692e+00 3.688e+00 3.689e+00 3.694e+00 3.692e+00 2.409e+00 1.340e+00 1.679e+00
-4.160 -6.315 3.709e+00 3.691e+00 3.686e+00 3.687e+00 3.692e+00 3.690e+00 2.389e+00 1.305e+00 1.664e+00
-4.127 -6.269 3.706e+00 3.689e+00 3.685e+00 3.686e+00 3.691e+00 3.688e+00 2.364e+00 1.304e+00 1.630e+00
-4.097 -6.269 3.704e+00 3.687e+00 3.683e+00 3.685e+00 3.689e+00 3.687e+00 2.341e+00 1.267e+00 1.613e+00
-4.069 -6.269 3.702e+00 3.686e+00 3.681e+00 3.683e+00 3.687e+00 3.685e+00 2.320e+00 1.232e+00 1.596e+00
-4.040 -6.224 3.699e+00 3.684e+00 3.680e+00 3.682e+00 3.685e+00 3.683e+00 2.294e+00 1.236e+00 1.560e+00
-4.010 -6.224 3.697e+00 3.682e+00 3.678e+00 3.681e+00 3.684e+00 3.681e+00 2.270e+00 1.198e+00 1.540e+00
-3.979 -6.178 3.695e+00 3.680e+00 3.676e+00 3.679e+00 3.682e+00 3.679e+00 2.243e+00 1.162e+00 1.516e+00
-3.949 -6.178 3.692e+00 3.679e+00 3.675e+00 3.678e+00 3.680e+00 3.678e+00 2.214e+00 1.160e+00 1.479e+00
-3.920 -6.178 3.690e+00 3.677e+00 3.673e+00 3.676e+00 3.678e+00 3.676e+00 2.186e+00 1.120e+00 1.455e+00
-3.888 -6.132 3.688e+00 3.675e+00 3.671e+00 3.675e+00 3.676e+00 3.674e+00 2.151e+00 1.116e+00 1.409e+00
-3.859 -6.132 3.686e+00 3.673e+00 3.670e+00 3.674e+00 3.674e+00 3.672e+00 2.121e+00 1.075e+00 1.383e+00
-3.829 -6.086 3.683e+00 3.672e+00 3.668e+00 3.672e+00 3.673e+00 3.670e+00 2.085e+00 1.070e+00 1.334e+00
-3.799 -6.086 3.681e+00 3.670e+00 3.666e+00 3.671e+00 3.671e+00 3.668e+00 2.049e+00 1.024e+00 1.302e+00
-3.768 -6.040 3.679e+00 3.668e+00 3.665e+00 3.670e+00 3.669e+00 3.667e+00 2.006e+00 1.013e+00 1.246e+00
-3.739 -6.040 3.677e+00 3.667e+00 3.663e+00 3.669e+00 3.667e+00 3.665e+00 1.967e+00 9.656e-01 1.210e+00
-3.708 -5.995 3.675e+00 3.665e+00 3.662e+00 3.668e+00 3.666e+00 3.663e+00 1.919e+00 9.507e-01 1.148e+00
-3.678 -5.995 3.673e+00 3.664e+00 3.660e+00 3.666e+00 3.664e+00 3.662e+00 1.872e+00 8.955e-01 1.104e+00
-3.649 -5.949 3.672e+00 3.662e+00 3.659e+00 3.666e+00 3.663e+00 3.660e+00 1.820e+00 8.788e-01 1.036e+00
-3.619 -5.903 3.670e+00 3.661e+00 3.658e+00 3.665e+00 3.662e+00 3.659e+00 1.762e+00 8.538e-01 9.590e-01
-3.589 -5.903 3.669e+00 3.660e+00 3.657e+00 3.664e+00 3.661e+00 3.658e+00 1.704e+00 7.900e-01 9.038e-01
-3.559 -5.857 3.668e+00 3.659e+00 3.656e+00 3.663e+00 3.660e+00 3.657e+00 1.640e+00 7.617e-01 8.179e-01
-3.530 -5.812 3.666e+00 3.658e+00 3.655e+00 3.663e+00 3.659e+00 3.656e+00 1.571e+00 7.282e-01 7.238e-01
-3.500 -5.766 3.665e+00 3.657e+00 3.654e+00 3.662e+00 3.658e+00 3.655e+00 1.496e+00 6.887e-01 6.210e-01
-3.469 -5.720 3.665e+00 3.657e+00 3.654e+00 3.662e+00 3.657e+00 3.654e+00 1.415e+00 6.424e-01 5.058e-01
-3.439 -5.674 3.664e+00 3.656e+00 3.653e+00 3.662e+00 3.657e+00 3.653e+00 1.332e+00 5.946e-01 3.830e-01
-3.408 -5.629 3.663e+00 3.656e+00 3.653e+00 3.662e+00 3.656e+00 3.653e+00 1.241e+00 5.387e-01 2.453e-01
-3.378 -5.583 3.663e+00 3.656e+00 3.652e+00 3.662e+00 3.656e+00 3.653e+00 1.149e+00 4.819e-01 9.522e-02
-3.350 -5.537 3.663e+00 3.655e+00 3.652e+00 3.662e+00 3.656e+00 3.652e+00 1.056e+00 4.240e-01 -6.846e-02
-3.319 -5.446 3.662e+00 3.655e+00 3.652e+00 3.662e+00 3.656e+00 3.652e+00 9.499e-01 3.701e-01 -3.287e-01
-3.289 -5.400 3.662e+00 3.655e+00 3.652e+00 3.662e+00 3.655e+00 3.652e+00 8.476e-01 3.026e-01 -5.936e-01
-3.257 -5.308 3.662e+00 3.655e+00 3.652e+00 3.662e+00 3.655e+00 3.652e+00 7.278e-01 2.429e-01 -1.624e+00
-3.229 -5.263 3.662e+00 3.655e+00 3.652e+00 3.662e+00 3.655e+00 3.652e+00 6.311e-01 1.676e-01 -1.470e+00
-3.198 -5.171 3.662e+00 3.655e+00 3.652e+00 3.662e+00 3.655e+00 3.652e+00 5.092e-01 1.233e-01 -7.240e-01
-3.168 -5.080 3.662e+00 3.655e+00 3.652e+00 3.662e+00 3.655e+00 3.652e+00 3.537e-01 1.462e-01 -3.135e-01
-3.134 -4.988 3.662e+00 3.655e+00 3.652e+00 3.662e+00 3.656e+00 3.652e+00 7.760e-03 2.619e-01 4.781e-02
-3.105 -4.988 3.662e+00 3.655e+00 3.653e+00 3.662e+00 3.656e+00 3.652e+00 6.558e-01 8.253e-01 7.887e-01
-3.079 -5.039 3.664e+00 3.657e+00 3.649e+00 3.659e+00 3.652e+00 3.654e+00 1.718e+00 1.696e+00 1.702e+00
-3.049 -5.285 3.661e+00 3.654e+00 3.654e+00 3.664e+00 3.658e+00 3.651e+00 1.591e+00 1.595e+00 1.594e+00
-3.020 -5.285 3.660e+00 3.653e+00 3.652e+00 3.662e+00 3.655e+00 3.650e+00 1.243e+00 1.199e+00 1.210e+00
-2.989 -5.193 3.660e+00 3.653e+00 3.651e+00 3.661e+00 3.654e+00 3.650e+00 1.209e+00 1.156e+00 1.170e+00
-2.958 -5.056 3.661e+00 3.655e+00 3.647e+00 3.657e+00 3.650e+00 3.651e+00 1.681e+00 1.681e+00 1.681e+00
-2.930 -5.315 3.659e+00 3.653e+00 3.651e+00 3.661e+00 3.655e+00 3.649e+00 1.347e+00 1.327e+00 1.332e+00
-2.898 -5.040 3.659e+00 3.652e+00 3.650e+00 3.660e+00 3.654e+00 3.649e+00 1.210e+00 1.172e+00 1.182e+00
-2.869 -5.308 3.658e+00 3.652e+00 3.653e+00 3.663e+00 3.656e+00 3.648e+00 1.650e+00 1.650e+00 1.650e+00
-2.840 -5.262 3.658e+00 3.652e+00 3.646e+00 3.657e+00 3.650e+00 3.648e+00 1.249e+00 1.294e+00 1.283e+00
-2.810 -5.252 3.656e+00 3.649e+00 3.655e+00 3.665e+00 3.658e+00 3.646e+00 1.979e+00 1.976e+00 1.977e+00
-2.780 -5.252 3.652e+00 3.645e+00 3.647e+00 3.657e+00 3.650e+00 3.641e+00 1.772e+00 1.706e+00 1.723e+00
-2.750 -5.252 3.649e+00 3.643e+00 3.642e+00 3.652e+00 3.645e+00 3.639e+00 1.518e+00 1.385e+00 1.422e+00
-2.720 -5.252 3.648e+00 3.641e+00 3.639e+00 3.649e+00 3.642e+00 3.638e+00 1.229e+00 1.025e+00 1.085e+00
-2.689 -5.252 3.647e+00 3.641e+00 3.638e+00 3.648e+00 3.641e+00 3.637e+00 9.156e-01 6.373e-01 7.252e-01
-2.659 -5.115 3.649e+00 3.643e+00 3.634e+00 3.644e+00 3.637e+00 3.639e+00 1.732e+00 1.730e+00 1.731e+00
-2.629 -5.292 3.646e+00 3.640e+00 3.637e+00 3.647e+00 3.640e+00 3.636e+00 9.211e-01 8.002e-01 8.338e-01
-2.599 -5.250 3.645e+00 3.638e+00 3.640e+00 3.650e+00 3.644e+00 3.635e+00 1.760e+00 1.746e+00 1.750e+00
-2.569 -5.250 3.641e+00 3.635e+00 3.633e+00 3.644e+00 3.636e+00 3.631e+00 1.388e+00 1.273e+00 1.305e+00
-2.540 -5.250 3.640e+00 3.633e+00 3.630e+00 3.641e+00 3.634e+00 3.630e+00 9.657e-01 7.452e-01 8.116e-01
-2.510 -5.273 3.640e+00 3.633e+00 3.634e+00 3.644e+00 3.638e+00 3.629e+00 1.675e+00 1.673e+00 1.673e+00
-2.480 -5.045 3.639e+00 3.632e+00 3.627e+00 3.637e+00 3.630e+00 3.628e+00 1.129e+00 1.185e+00 1.172e+00
-2.450 -4.986 3.638e+00 3.631e+00 3.625e+00 3.635e+00 3.628e+00 3.628e+00 1.459e+00 1.471e+00 1.468e+00
-2.420 -5.127 3.630e+00 3.623e+00 3.647e+00 3.658e+00 3.651e+00 3.619e+00 2.449e+00 2.448e+00 2.448e+00
-2.389 -4.997 3.631e+00 3.624e+00 3.621e+00 3.631e+00 3.624e+00 3.621e+00 -3.262e-01 4.371e-01 2.865e-01
-2.360 -5.366 3.637e+00 3.630e+00 3.626e+00 3.636e+00 3.630e+00 3.626e+00 7.896e-01 -3.992e-01 2.646e-01
-2.330 -5.303 3.635e+00 3.629e+00 3.626e+00 3.636e+00 3.630e+00 3.625e+00 1.051e+00 1.037e+00 1.040e+00
-2.299 -5.063 3.632e+00 3.625e+00 3.621e+00 3.632e+00 3.625e+00 3.621e+00 -8.510e-02 4.442e-01 2.742e-01
-2.270 -5.125 3.637e+00 3.630e+00 3.626e+00 3.636e+00 3.630e+00 3.626e+00 1.033e-01 4.737e-01 2.822e-01
-2.240 -5.303 3.634e+00 3.627e+00 3.628e+00 3.638e+00 3.631e+00 3.624e+00 1.568e+00 1.563e+00 1.564e+00
-2.210 -5.182 3.639e+00 3.632e+00 3.619e+00 3.630e+00 3.623e+00 3.629e+00 1.959e+00 1.944e+00 1.948e+00
-2.180 -5.245 3.635e+00 3.628e+00 3.621e+00 3.631e+00 3.624e+00 3.625e+00 1.626e+00 1.602e+00 1.608e+00
-2.150 -5.108 3.639e+00 3.632e+00 3.630e+00 3.640e+00 3.634e+00 3.629e+00 1.007e+00 1.093e+00 1.073e+00
-2.119 -4.936 3.631e+00 3.624e+00 3.620e+00 3.631e+00 3.624e+00 3.620e+00 -1.940e-01 3.025e-01 1.288e-01
-2.090 -4.962 3.637e+00 3.630e+00 3.627e+00 3.638e+00 3.631e+00 3.627e+00 3.023e-01 6.171e-01 5.572e-01
-2.060 -5.239 3.626e+00 3.619e+00 3.617e+00 3.628e+00 3.620e+00 3.616e+00 1.201e+00 1.032e+00 1.081e+00
-2.030 -5.334 3.638e+00 3.631e+00 3.628e+00 3.637e+00 3.631e+00 3.628e+00 7.594e-01 2.432e-01 -9.076e-01
-2.000 -5.042 3.632e+00 3.625e+00 3.620e+00 3.630e+00 3.624e+00 3.622e+00 1.096e+00 1.179e+00 1.160e+00