-3.900 -4.939  0.473  4.373 0.000 0.000 1.000 -1.447e-01 -5.542e-01 -2.512e+00 -4.431e+00 -1.693e+01 -2.952e+00 -5.354e+00 -1.952e+01
-3.800 -4.833  0.573  4.373 0.000 0.000 1.000 -1.447e-01 -5.542e-01 -2.512e+00 -4.431e+00 -1.683e+01 -2.952e+00 -5.354e+00 -1.942e+01
-3.700 -4.743  0.673  4.373 0.000 0.000 1.000 -1.447e-01 -5.542e-01 -2.512e+00 -4.431e+00 -1.673e+01 -2.952e+00 -5.354e+00 -1.932e+01
-3.600 -4.626  0.773  4.373 0.000 0.000 1.000 -1.447e-01 -5.542e-01 -2.512e+00 -4.431e+00 -1.663e+01 -2.952e+00 -5.354e+00 -1.922e+01
-3.500 -4.555  0.873  4.373 0.000 0.000 1.000 -1.447e-01 -5.542e-01 -2.512e+00 -4.431e+00 -1.653e+01 -2.952e+00 -5.354e+00 -1.912e+01
-3.400 -4.406  0.973  4.373 0.000 0.000 1.000 -1.447e-01 -5.542e-01 -2.512e+00 -4.431e+00 -1.643e+01 -2.952e+00 -5.354e+00 -1.902e+01
-3.300 -4.396  1.073  4.373 0.000 0.000 1.000 -1.447e-01 -5.542e-01 -2.512e+00 -4.431e+00 -1.633e+01 -2.952e+00 -5.354e+00 -1.892e+01
-3.200 -4.200  1.173  4.373 0.000 0.000 1.000 -1.447e-01 -5.542e-01 -2.512e+00 -4.431e+00 -1.623e+01 -2.952e+00 -5.354e+00 -1.882e+01
-3.100 -4.209  1.273  4.373 0.000 0.000 1.000 -1.447e-01 -5.542e-01 -2.512e+00 -4.431e+00 -1.613e+01 -2.952e+00 -5.354e+00 -1.872e+01
-3.000 -4.000  1.373  4.373 0.000 0.000 1.000 -1.447e-01 -5.542e-01 -2.512e+00 -4.431e+00 -1.603e+01 -2.952e+00 -5.354e+00 -1.862e+01
-2.900 -4.009  1.473  4.373 0.000 0.000 1.000 -1.447e-01 -5.542e-01 -2.512e+00 -4.431e+00 -1.593e+01 -2.952e+00 -5.354e+00 -1.852e+01
-2.800 -3.800  1.573  4.373 0.000 0.000 1.000 -1.447e-01 -5.542e-01 -2.512e+00 -4.431e+00 -1.583e+01 -2.952e+00 -5.354e+00 -1.842e+01
-2.700 -3.809  1.673  4.373 0.000 0.000 1.000 -1.447e-01 -5.542e-01 -2.512e+00 -4.431e+00 -1.573e+01 -2.952e+00 -5.354e+00 -1.832e+01
-2.600 -3.600  1.773  4.373 0.000 0.000 1.000 -1.447e-01 -5.542e-01 -2.512e+00 -4.431e+00 -1.563e+01 -2.952e+00 -5.354e+00 -1.822e+01
-2.500 -3.609  1.873  4.373 0.000 0.000 1.000 -1.447e-01 -5.542e-01 -2.512e+00 -4.431e+00 -1.553e+01 -2.952e+00 -5.354e+00 -1.812e+01
-2.400 -3.400  1.973  4.373 0.000 0.000 1.000 -1.447e-01 -5.542e-01 -2.512e+00 -4.431e+00 -1.543e+01 -2.952e+00 -5.354e+00 -1.802e+01
-2.300 -3.409  2.073  4.373 0.000 0.000 1.000 -1.447e-01 -5.542e-01 -2.512e+00 -4.431e+00 -1.533e+01 -2.952e+00 -5.354e+00 -1.792e+01
-2.200 -3.200  2.173  4.373 0.000 0.000 1.000 -1.447e-01 -5.542e-01 -2.512e+00 -4.431e+00 -1.523e+01 -2.952e+00 -5.354e+00 -1.782e+01
-2.100 -3.209  2.273  4.373 0.000 0.000 1.000 -1.447e-01 -5.542e-01 -2.512e+00 -4.431e+00 -1.513e+01 -2.952e+00 -5.354e+00 -1.772e+01
-2.000 -3.000  2.373  4.373 0.000 0.000 1.000 -1.447e-01 -5.542e-01 -2.512e+00 -4.431e+00 -1.503e+01 -2.952e+00 -5.354e+00 -1.762e+01
-1.900 -3.009  2.473  4.373 0.000 0.000 1.000 -1.447e-01 -5.542e-01 -2.512e+00 -4.431e+00 -1.493e+01 -2.952e+00 -5.354e+00 -1.752e+01
-1.800 -2.800  2.573  4.373 0.000 0.000 1.000 -1.447e-01 -5.542e-01 -2.512e+00 -4.431e+00 -1.483e+01 -2.952e+00 -5.354e+00 -1.742e+01
-1.700 -2.809  2.673  4.373 0.000 0.000 1.000 -1.447e-01 -5.542e-01 -2.512e+00 -4.431e+00 -1.473e+01 -2.952e+00 -5.354e+00 -1.732e+01
-1.600 -2.600  2.773  4.373 0.000 0.000 1.000 -1.447e-01 -5.542e-01 -2.512e+00 -4.431e+00 -1.463e+01 -2.952e+00 -5.354e+00 -1.722e+01
-1.500 -2.609  2.873  4.373 0.000 0.000 1.000 -1.447e-01 -5.542e-01 -2.512e+00 -4.431e+00 -1.453e+01 -2.952e+00 -5.354e+00 -1.712e+01
-1.400 -2.400  2.973  4.373 0.000 0.000 1.000 -1.447e-01 -5.542e-01 -2.512e+00 -4.431e+00 -1.443e+01 -2.952e+00 -5.354e+00 -1.702e+01
-1.300 -2.409  3.073  4.373 0.000 0.000 1.000 -1.447e-01 -5.542e-01 -2.512e+00 -4.431e+00 -1.433e+01 -2.952e+00 -5.354e+00 -1.692e+01
-1.200 -2.200  3.173  4.373 0.000 0.000 1.000 -1.447e-01 -5.542e-01 -2.512e+00 -4.431e+00 -1.423e+01 -2.952e+00 -5.354e+00 -1.682e+01
-1.100 -2.209  3.273  4.373 0.000 0.000 1.000 -1.447e-01 -5.542e-01 -2.512e+00 -4.431e+00 -1.413e+01 -2.952e+00 -5.354e+00 -1.672e+01
-1.000 -2.000  3.373  4.373 0.000 0.000 1.000 -1.447e-01 -5.542e-01 -2.512e+00 -4.431e+00 -1.403e+01 -2.952e+00 -5.354e+00 -1.662e+01
-0.900 -2.009  3.473  4.373 0.000 0.000 1.000 -1.447e-01 -5.542e-01 -2.512e+00 -4.431e+00 -1.393e+01 -2.952e+00 -5.354e+00 -1.652e+01
-0.800 -1.800  3.573  4.373 0.000 0.000 1.000 -1.447e-01 -5.542e-01 -2.512e+00 -4.431e+00 -1.383e+01 -2.952e+00 -5.354e+00 -1.642e+01
-0.700 -1.809  3.673  4.373 0.000 0.000 1.000 -1.447e-01 -5.542e-01 -2.512e+00 -4.431e+00 -1.373e+01 -2.952e+00 -5.354e+00 -1.632e+01
-0.600 -1.600  3.773  4.373 0.000 0.000 1.000 -1.447e-01 -5.542e-01 -2.512e+00 -4.431e+00 -1.363e+01 -2.952e+00 -5.354e+00 -1.622e+01
-0.500 -1.609  3.873  4.373 0.000 0.000 1.000 -1.447e-01 -5.542e-01 -2.512e+00 -4.431e+00 -1.353e+01 -2.952e+00 -5.354e+00 -1.612e+01
-0.400 -1.400  3.973  4.373 0.000 0.000 1.000 -1.447e-01 -5.542e-01 -2.512e+00 -4.431e+00 -1.343e+01 -2.952e+00 -5.354e+00 -1.602e+01
-0.300 -1.409  4.073  4.374 0.000 0.000 1.000 -1.447e-01 -5.542e-01 -2.512e+00 -4.431e+00 -1.333e+01 -2.952e+00 -5.354e+00 -1.592e+01
-0.200 -1.200  4.173  4.374 0.000 0.000 1.000 -1.447e-01 -5.542e-01 -2.512e+00 -4.431e+00 -1.323e+01 -2.952e+00 -5.354e+00 -1.582e+01
-0.100 -1.209  4.273  4.374 0.000 0.000 1.000 -1.447e-01 -5.542e-01 -2.512e+00 -4.431e+00 -1.313e+01 -2.952e+00 -5.354e+00 -1.572e+01
+0.000 -1.000  4.374  4.374 0.000 0.000 1.000 -1.447e-01 -5.542e-01 -2.512e+00 -4.431e+00 -1.303e+01 -2.952e+00 -5.354e+00 -1.563e+01
+0.100 -1.009  4.474  4.374 0.000 0.000 1.000 -1.447e-01 -5.542e-01 -2.512e+00 -4.431e+00 -1.293e+01 -2.952e+00 -5.354e+00 -1.553e+01
+0.200 -0.800  4.574  4.374 0.000 0.000 1.000 -1.447e-01 -5.542e-01 -2.512e+00 -4.431e+00 -1.283e+01 -2.952e+00 -5.354e+00 -1.543e+01
+0.300 -0.809  4.674  4.374 0.000 0.000 1.000 -1.447e-01 -5.542e-01 -2.512e+00 -4.431e+00 -1.273e+01 -2.952e+00 -5.354e+00 -1.533e+01
+0.400 -0.600  4.774  4.374 0.000 0.000 1.000 -1.447e-01 -5.542e-01 -2.512e+00 -4.431e+00 -1.263e+01 -2.952e+00 -5.354e+00 -1.523e+01
+0.500 -0.609  4.874  4.374 0.000 0.000 1.000 -1.447e-01 -5.542e-01 -2.512e+00 -4.431e+00 -1.253e+01 -2.952e+00 -5.354e+00 -1.513e+01
+0.600 -0.400  4.974  4.375 0.000 0.000 1.000 -1.447e-01 -5.542e-01 -2.512e+00 -4.431e+00 -1.243e+01 -2.952e+00 -5.354e+00 -1.503e+01
+0.700 -0.409  5.074  4.375 0.000 0.000 1.000 -1.447e-01 -5.542e-01 -2.512e+00 -4.431e+00 -1.233e+01 -2.952e+00 -5.354e+00 -1.493e+01
+0.800 -0.200  5.174  4.375 0.000 0.000 1.000 -1.447e-01 -5.542e-01 -2.512e+00 -4.431e+00 -1.223e+01 -2.952e+00 -5.354e+00 -1.483e+01
+0.900 -0.209  5.275  4.376 0.000 0.000 1.000 -1.447e-01 -5.542e-01 -2.512e+00 -4.431e+00 -1.213e+01 -2.952e+00 -5.354e+00 -1.473e+01
+1.000 +0.000  5.375  4.376 0.000 0.000 1.000 -1.447e-01 -5.542e-01 -2.512e+00 -4.431e+00 -1.203e+01 -2.952e+00 -5.354e+00 -1.464e+01
+1.100 -0.009  5.475  4.377 0.000 0.000 1.000 -1.447e-01 -5.542e-01 -2.512e+00 -4.431e+00 -1.193e+01 -2.952e+00 -5.354e+00 -1.454e+01
+1.200 +0.200  5.576  4.378 0.000 0.000 1.000 -1.447e-01 -5.542e-01 -2.512e+00 -4.431e+00 -1.183e+01 -2.952e+00 -5.354e+00 -1.444e+01
+1.300 +0.191  5.677  4.380 0.000 0.000 1.000 -1.447e-01 -5.542e-01 -2.512e+00 -4.431e+00 -1.173e+01 -2.952e+00 -5.354e+00 -1.435e+01
+1.400 +0.400  5.777  4.381 0.000 0.000 1.000 -1.447e-01 -5.542e-01 -2.512e+00 -4.431e+00 -1.163e+01 -2.952e+00 -5.354e+00 -1.425e+01
+1.500 +0.391  5.878  4.383 0.000 0.000 1.000 -1.447e-01 -5.542e-01 -2.512e+00 -4.431e+00 -1.153e+01 -2.952e+00 -5.354e+00 -1.416e+01
+1.600 +0.600  5.980  4.386 0.000 0.000 1.000 -1.447e-01 -5.542e-01 -2.512e+00 -4.431e+00 -1.144e+01 -2.952e+00 -5.354e+00 -1.407e+01
+1.700 +0.591  6.081  4.389 0.000 0.000 1.000 -1.447e-01 -5.542e-01 -2.512e+00 -4.431e+00 -1.134e+01 -2.952e+00 -5.354e+00 -1.398e+01
+1.800 +0.800  6.183  4.392 0.000 0.000 1.000 -1.447e-01 -5.542e-01 -2.512e+00 -4.431e+00 -1.124e+01 -2.952e+00 -5.354e+00 -1.390e+01
+1.900 +0.791  6.286  4.397 0.000 0.000 1.000 -1.447e-01 -5.542e-01 -2.512e+00 -4.431e+00 -1.115e+01 -2.952e+00 -5.354e+00 -1.382e+01
+2.000 +1.000  6.389  4.402 0.000 0.000 1.000 -1.447e-01 -5.542e-01 -2.512e+00 -4.431e+00 -1.105e+01 -2.952e+00 -5.354e+00 -1.374e+01
+2.100 +0.991  6.492  4.410 0.000 0.000 1.000 -1.447e-01 -5.542e-01 -2.512e+00 -4.431e+00 -1.096e+01 -2.952e+00 -5.354e+00 -1.367e+01
+2.200 +1.200  6.597  4.417 0.000 0.000 1.000 -1.447e-01 -5.542e-01 -2.512e+00 -4.431e+00 -1.087e+01 -2.952e+00 -5.354e+00 -1.360e+01
+2.300 +1.191  6.702  4.427 0.000 0.000 1.000 -1.447e-01 -5.542e-01 -2.512e+00 -4.431e+00 -1.078e+01 -2.952e+00 -5.354e+00 -1.354e+01
+2.400 +1.400  6.809  4.438 0.000 0.000 1.000 -1.447e-01 -5.542e-01 -2.512e+00 -4.431e+00 -1.069e+01 -2.952e+00 -5.354e+00 -1.350e+01
+2.500 +1.391  6.917  4.451 0.000 0.000 1.000 -1.447e-01 -5.542e-01 -2.512e+00 -4.431e+00 -1.060e+01 -2.952e+00 -5.354e+00 -1.345e+01
+2.600 +1.600  7.026  4.465 0.000 0.000 1.000 -1.447e-01 -5.542e-01 -2.512e+00 -4.431e+00 -1.052e+01 -2.952e+00 -5.354e+00 -1.342e+01
+2.700 +1.591  7.136  4.482 0.000 0.000 1.000 -1.447e-01 -5.542e-01 -2.512e+00 -4.431e+00 -1.045e+01 -2.952e+00 -5.354e+00 -1.340e+01
+2.800 +1.800  7.248  4.497 0.000 0.000 1.000 -1.447e-01 -5.542e-01 -2.512e+00 -4.431e+00 -1.037e+01 -2.952e+00 -5.354e+00 -1.339e+01
+2.900 +1.791  7.361  4.516 0.000 0.000 1.000 -1.447e-01 -5.542e-01 -2.512e+00 -4.431e+00 -1.031e+01 -2.952e+00 -5.354e+00 -1.338e+01
+3.000 +2.000  7.475  4.532 0.000 0.000 1.000 -1.447e-01 -5.542e-01 -2.512e+00 -4.431e+00 -1.025e+01 -2.952e+00 -5.354e+00 -1.338e+01
+3.100 +1.991  7.590  4.549 0.000 0.000 1.000 -1.447e-01 -5.542e-01 -2.512e+00 -4.431e+00 -1.020e+01 -2.952e+00 -5.354e+00 -1.338e+01
+3.200 +2.200  7.705  4.562 0.000 0.000 1.000 -1.447e-01 -5.542e-01 -2.512e+00 -4.431e+00 -1.016e+01 -2.952e+00 -5.354e+00 -1.338e+01
+3.300 +2.191  7.819  4.574 0.000 0.000 1.000 -1.447e-01 -5.542e-01 -2.512e+00 -4.431e+00 -1.013e+01 -2.952e+00 -5.354e+00 -1.338e+01
+3.400 +2.400  7.932  4.582 0.000 0.000 1.000 -1.447e-01 -5.542e-01 -2.512e+00 -4.431e+00 -1.011e+01 -2.952e+00 -5.354e+00 -1.338e+01
+3.500 +2.391  8.043  4.587 0.000 0.000 1.000 -1.447e-01 -5.542e-01 -2.512e+00 -4.431e+00 -1.010e+01 -2.952e+00 -5.354e+00 -1.338e+01
+3.600 +2.600  8.153  4.590 0.000 0.000 1.000 -1.447e-01 -5.542e-01 -2.512e+00 -4.431e+00 -1.009e+01 -2.952e+00 -5.354e+00 -1.338e+01
+3.700 +2.591  8.261  4.591 0.000 0.000 1.000 -1.447e-01 -5.542e-01 -2.512e+00 -4.431e+00 -1.009e+01 -2.952e+00 -5.354e+00 -1.338e+01
+3.800 +2.800  8.367  4.591 0.125 0.000 1.000 -1.447e-01 -5.542e-01 -2.512e+00 -4.431e+00 -1.009e+01 -2.952e+00 -5.354e+00 -1.338e+01
+3.900 +2.791  8.473  4.591 0.000 0.000 1.000 -1.447e-01 -5.542e-01 -2.512e+00 -4.431e+00 -1.009e+01 -2.952e+00 -5.354e+00 -1.338e+01
+4.000 +3.000  8.576  4.592 0.125 0.000 1.000 -1.447e-01 -5.542e-01 -2.512e+00 -4.431e+00 -1.009e+01 -2.952e+00 -5.354e+00 -1.338e+01
+4.100 +2.991  8.680  4.592 0.125 0.000 1.000 -1.447e-01 -5.542e-01 -2.512e+00 -4.431e+00 -1.009e+01 -2.952e+00 -5.354e+00 -1.338e+01
+4.200 +3.200  8.782  4.592 0.125 0.000 1.000 -1.447e-01 -5.542e-01 -2.512e+00 -4.431e+00 -1.009e+01 -2.952e+00 -5.354e+00 -1.338e+01
+4.300 +3.191  8.884  4.592 0.125 0.000 1.000 -1.447e-01 -5.542e-01 -2.512e+00 -4.431e+00 -1.009e+01 -2.952e+00 -5.354e+00 -1.338e+01
+4.400 +3.400  8.986  4.591 0.125 0.000 1.000 -1.447e-01 -5.542e-01 -2.512e+00 -4.431e+00 -1.009e+01 -2.952e+00 -5.354e+00 -1.338e+01
+4.500 +3.391  9.087  4.591 0.125 0.000 1.000 -1.447e-01 -5.542e-01 -2.512e+00 -4.431e+00 -1.009e+01 -2.952e+00 -5.354e+00 -1.338e+01
+4.600 +3.600  9.188  4.591 0.250 0.000 1.000 -1.447e-01 -5.542e-01 -2.512e+00 -4.431e+00 -1.009e+01 -2.952e+00 -5.354e+00 -1.338e+01
+4.700 +3.591  9.289  4.591 0.250 0.000 1.000 -1.447e-01 -5.542e-01 -2.512e+00 -4.431e+00 -1.009e+01 -2.952e+00 -5.354e+00 -1.338e+01
+4.800 +3.800  9.389  4.591 0.250 0.000 1.000 -1.447e-01 -5.542e-01 -2.512e+00 -4.431e+00 -1.009e+01 -2.952e+00 -5.354e+00 -1.338e+01
+4.900 +3.791  9.490  4.591 0.250 0.000 1.000 -1.447e-01 -5.542e-01 -2.512e+00 -4.431e+00 -1.009e+01 -2.952e+00 -5.354e+00 -1.338e+01
+5.000 +4.000  9.590  4.591 0.250 0.000 1.000 -1.447e-01 -5.542e-01 -2.512e+00 -4.431e+00 -1.009e+01 -2.952e+00 -5.354e+00 -1.338e+01
+5.100 +3.991  9.690  4.591 0.250 0.000 1.000 -1.447e-01 -5.542e-01 -2.512e+00 -4.431e+00 -1.009e+01 -2.952e+00 -5.354e+00 -1.338e+01
+5.200 +4.200  9.791  4.591 0.250 0.000 1.000 -1.447e-01 -5.542e-01 -2.512e+00 -4.431e+00 -1.009e+01 -2.952e+00 -5.354e+00 -1.338e+01
+5.300 +4.191  9.891  4.591 0.250 0.000 1.000 -1.447e-01 -5.542e-01 -2.512e+00 -4.431e+00 -1.009e+01 -2.952e+00 -5.355e+00 -1.338e+01
+5.400 +4.400  9.991  4.591 0.250 0.000 1.000 -1.447e-01 -5.542e-01 -2.512e+00 -4.431e+00 -1.009e+01 -2.952e+00 -5.355e+00 -1.338e+01
+5.500 +4.391 10.091  4.591 0.250 0.000 1.000 -1.447e-01 -5.542e-01 -2.512e+00 -4.431e+00 -1.009e+01 -2.952e+00 -5.355e+00 -1.338e+01
+5.600 +4.600 10.191  4.591 0.250 0.000 1.000 -1.447e-01 -5.542e-01 -2.512e+00 -4.431e+00 -1.009e+01 -2.952e+00 -5.355e+00 -1.338e+01
+5.700 +4.591 10.291  4.591 0.250 0.000 1.000 -1.447e-01 -5.542e-01 -2.512e+00 -4.431e+00 -1.009e+01 -2.952e+00 -5.355e+00 -1.338e+01
+5.800 +4.800 10.391  4.591 0.250 0.000 1.000 -1.447e-01 -5.542e-01 -2.512e+00 -4.431e+00 -1.009e+01 -2.952e+00 -5.356e+00 -1.338e+01
+5.900 +4.791 10.491  4.591 0.250 0.000 1.000 -1.447e-01 -5.542e-01 -2.512e+00 -4.430e+00 -1.009e+01 -2.952e+00 -5.356e+00 -1.338e+01
+6.000 +5.000 10.591  4.591 0.250 0.000 1.000 -1.447e-01 -5.542e-01 -2.512e+00 -4.430e+00 -1.009e+01 -2.952e+00 -5.357e+00 -1.338e+01
+6.100 +4.991 10.691  4.591 0.250 0.000 1.000 -1.447e-01 -5.542e-01 -2.512e+00 -4.430e+00 -1.009e+01 -2.952e+00 -5.357e+00 -1.338e+01
+6.200 +5.200 10.791  4.591 0.250 0.000 1.000 -1.447e-01 -5.542e-01 -2.512e+00 -4.430e+00 -1.009e+01 -2.952e+00 -5.358e+00 -1.338e+01
+6.300 +5.191 10.891  4.591 0.250 0.000 1.000 -1.447e-01 -5.542e-01 -2.512e+00 -4.429e+00 -1.009e+01 -2.952e+00 -5.359e+00 -1.338e+01
+6.400 +5.400 10.991  4.590 0.250 0.000 1.000 -1.447e-01 -5.542e-01 -2.512e+00 -4.429e+00 -1.009e+01 -2.952e+00 -5.360e+00 -1.338e+01
+6.500 +5.391 11.091  4.590 0.250 0.000 1.000 -1.447e-01 -5.542e-01 -2.512e+00 -4.428e+00 -1.009e+01 -2.952e+00 -5.362e+00 -1.338e+01
+6.600 +5.600 11.191  4.590 0.250 0.000 1.000 -1.447e-01 -5.542e-01 -2.512e+00 -4.427e+00 -1.009e+01 -2.952e+00 -5.364e+00 -1.338e+01
+6.700 +5.591 11.290  4.589 0.250 0.000 1.000 -1.447e-01 -5.542e-01 -2.512e+00 -4.426e+00 -1.009e+01 -2.952e+00 -5.366e+00 -1.338e+01
+6.800 +5.800 11.390  4.589 0.250 0.000 1.000 -1.447e-01 -5.542e-01 -2.512e+00 -4.425e+00 -1.009e+01 -2.952e+00 -5.370e+00 -1.338e+01
+6.900 +5.791 11.490  4.588 0.250 0.000 1.000 -1.447e-01 -5.542e-01 -2.512e+00 -4.423e+00 -1.009e+01 -2.952e+00 -5.374e+00 -1.338e+01
+7.000 +6.000 11.589  4.587 0.250 0.000 1.000 -1.447e-01 -5.542e-01 -2.512e+00 -4.421e+00 -1.009e+01 -2.952e+00 -5.379e+00 -1.338e+01
+7.100 +5.991 11.689  4.586 0.250 0.000 1.000 -1.447e-01 -5.542e-01 -2.512e+00 -4.418e+00 -1.009e+01 -2.952e+00 -5.385e+00 -1.338e+01
+7.200 +6.200 11.788  4.585 0.250 0.000 1.000 -1.447e-01 -5.542e-01 -2.512e+00 -4.415e+00 -1.009e+01 -2.952e+00 -5.393e+00 -1.338e+01
+7.300 +6.191 11.887  4.583 0.250 0.000 1.000 -1.447e-01 -5.542e-01 -2.512e+00 -4.411e+00 -1.009e+01 -2.952e+00 -5.403e+00 -1.338e+01
+7.400 +6.400 11.986  4.581 0.250 0.000 1.000 -1.447e-01 -5.542e-01 -2.512e+00 -4.405e+00 -1.009e+01 -2.952e+00 -5.416e+00 -1.338e+01
+7.500 +6.391 12.085  4.578 0.250 0.000 1.000 -1.447e-01 -5.542e-01 -2.512e+00 -4.399e+00 -1.009e+01 -2.952e+00 -5.432e+00 -1.338e+01
+7.600 +6.600 12.183  4.576 0.250 0.000 1.000 -1.447e-01 -5.542e-01 -2.512e+00 -4.391e+00 -1.009e+01 -2.952e+00 -5.453e+00 -1.338e+01
+7.700 +6.591 12.281  4.572 0.250 0.000 1.000 -1.447e-01 -5.542e-01 -2.513e+00 -4.381e+00 -1.009e+01 -2.952e+00 -5.478e+00 -1.338e+01
+7.800 +6.800 12.379  4.568 0.250 0.000 1.000 -1.447e-01 -5.542e-01 -2.513e+00 -4.369e+00 -1.009e+01 -2.952e+00 -5.510e+00 -1.338e+01
+7.900 +6.791 12.476  4.562 0.250 0.000 1.000 -1.447e-01 -5.542e-01 -2.513e+00 -4.355e+00 -1.009e+01 -2.952e+00 -5.551e+00 -1.338e+01
+8.000 +7.000 12.572  4.557 0.250 0.000 1.000 -1.447e-01 -5.542e-01 -2.513e+00 -4.337e+00 -1.009e+01 -2.952e+00 -5.602e+00 -1.338e+01
+8.100 +6.991 12.669  4.550 0.250 0.000 1.000 -1.447e-01 -5.542e-01 -2.513e+00 -4.316e+00 -1.009e+01 -2.952e+00 -5.666e+00 -1.338e+01
+8.200 +7.200 12.764  4.544 0.250 0.000 1.000 -1.447e-01 -5.542e-01 -2.514e+00 -4.290e+00 -1.009e+01 -2.952e+00 -5.747e+00 -1.338e+01
+8.300 +7.191 12.859  4.537 0.250 0.000 1.000 -1.447e-01 -5.542e-01 -2.514e+00 -4.261e+00 -1.009e+01 -2.952e+00 -5.849e+00 -1.338e+01
+8.400 +7.400 12.954  4.532 0.250 0.000 1.000 -1.447e-01 -5.542e-01 -2.515e+00 -4.226e+00 -1.009e+01 -2.952e+00 -5.976e+00 -1.338e+01
+8.500 +7.391 13.049  4.527 0.250 0.000 1.000 -1.447e-01 -5.542e-01 -2.516e+00 -4.186e+00 -1.009e+01 -2.951e+00 -6.136e+00 -1.338e+01
+8.600 +7.600 13.144  4.525 0.250 0.000 1.000 -1.447e-01 -5.542e-01 -2.516e+00 -4.142e+00 -1.010e+01 -2.951e+00 -6.334e+00 -1.338e+01
+8.700 +7.591 13.240  4.525 0.250 0.000 1.000 -1.447e-01 -5.542e-01 -2.518e+00 -4.091e+00 -1.010e+01 -2.951e+00 -6.573e+00 -1.338e+01
+8.800 +7.800 13.337  4.527 0.250 0.000 1.000 -1.447e-01 -5.542e-01 -2.519e+00 -4.036e+00 -1.010e+01 -2.951e+00 -6.844e+00 -1.338e+01
+8.900 +7.791 13.436  4.533 0.250 0.000 1.000 -1.447e-01 -5.542e-01 -2.521e+00 -3.977e+00 -1.010e+01 -2.950e+00 -7.109e+00 -1.338e+01
+9.000 +8.000 13.536  4.541 0.250 0.000 1.000 -1.447e-01 -5.542e-01 -2.524e+00 -3.913e+00 -1.010e+01 -2.949e+00 -7.290e+00 -1.338e+01
+9.100 +7.991 13.639  4.552 0.250 0.000 1.000 -1.447e-01 -5.542e-01 -2.527e+00 -3.846e+00 -1.011e+01 -2.948e+00 -7.362e+00 -1.337e+01
+9.200 +8.200 13.743  4.564 0.250 0.000 1.000 -1.447e-01 -5.542e-01 -2.531e+00 -3.777e+00 -1.011e+01 -2.946e+00 -7.376e+00 -1.337e+01
+9.300 +8.191 13.849  4.580 0.250 0.000 1.000 -1.447e-01 -5.542e-01 -2.536e+00 -3.706e+00 -1.011e+01 -2.943e+00 -7.375e+00 -1.337e+01
+9.400 +8.400 13.958  4.595 0.250 0.000 1.000 -1.447e-01 -5.542e-01 -2.542e+00 -3.634e+00 -1.012e+01 -2.938e+00 -7.371e+00 -1.337e+01
+9.500 +8.500 14.068  4.612 0.250 0.000 1.000 -1.447e-01 -5.542e-01 -2.550e+00 -3.564e+00 -1.013e+01 -2.932e+00 -7.366e+00 -1.336e+01
+9.600 +7.796 14.181  4.636 0.250 0.000 1.000 -1.447e-01 -5.542e-01 -2.560e+00 -3.495e+00 -1.014e+01 -2.923e+00 -7.357e+00 -1.335e+01
+9.700 +8.222 14.295  4.656 0.250 0.000 1.000 -1.447e-01 -5.542e-01 -2.573e+00 -3.431e+00 -1.015e+01 -2.910e+00 -7.344e+00 -1.334e+01
+9.800 +8.461 14.411  4.675 0.250 0.000 1.000 -1.447e-01 -5.542e-01 -2.589e+00 -3.371e+00 -1.017e+01 -2.891e+00 -7.326e+00 -1.332e+01
+9.900 +8.461 14.527  4.692 0.250 0.000 1.000 -1.447e-01 -5.542e-01 -2.609e+00 -3.319e+00 -1.019e+01 -2.866e+00 -7.301e+00 -1.329e+01
+10.000 +8.259 14.643  4.705 0.250 0.000 1.000 -1.448e-01 -5.542e-01 -2.634e+00 -3.276e+00 -1.021e+01 -2.833e+00 -7.268e+00 -1.326e+01
+10.100 +8.680 14.757  4.711 0.250 0.000 1.000 -1.448e-01 -5.542e-01 -2.665e+00 -3.244e+00 -1.024e+01 -2.791e+00 -7.227e+00 -1.322e+01
+10.200 +8.222 14.869  4.706 0.250 0.000 1.000 -1.448e-01 -5.542e-01 -2.705e+00 -3.228e+00 -1.028e+01 -2.741e+00 -7.176e+00 -1.317e+01
+10.300 +8.340 14.975  4.689 0.250 0.000 1.000 -1.448e-01 -5.542e-01 -2.755e+00 -3.229e+00 -1.033e+01 -2.684e+00 -7.119e+00 -1.311e+01
+10.400 +7.565 15.074  4.653 0.250 0.000 1.000 -1.448e-01 -5.542e-01 -2.818e+00 -3.252e+00 -1.040e+01 -2.624e+00 -7.058e+00 -1.305e+01
+10.500 +8.710 15.165  4.599 0.250 0.000 1.000 -1.449e-01 -5.542e-01 -2.897e+00 -3.300e+00 -1.048e+01 -2.563e+00 -6.996e+00 -1.299e+01
+10.600 +7.937 15.245  4.516 0.250 0.000 1.000 -1.449e-01 -5.542e-01 -2.996e+00 -3.377e+00 -1.058e+01 -2.505e+00 -6.938e+00 -1.293e+01
+10.700 +7.942 15.313  4.406 0.250 0.000 1.000 -1.449e-01 -5.542e-01 -3.120e+00 -3.487e+00 -1.070e+01 -2.453e+00 -6.886e+00 -1.288e+01
+10.800 +8.607 15.369  4.265 0.250 0.000 1.000 -1.450e-01 -5.542e-01 -3.273e+00 -3.635e+00 -1.085e+01 -2.410e+00 -6.842e+00 -1.284e+01
+10.900 +8.793 15.413  4.089 0.250 0.000 1.000 -1.450e-01 -5.542e-01 -3.462e+00 -3.824e+00 -1.104e+01 -2.377e+00 -6.808e+00 -1.280e+01
+11.000 +9.260 15.445  3.885 0.375 0.000 1.000 -1.450e-01 -5.542e-01 -3.690e+00 -4.057e+00 -1.126e+01 -2.354e+00 -6.785e+00 -1.278e+01
+11.100 +8.338 15.468  3.655 0.250 0.000 1.000 -1.450e-01 -5.541e-01 -3.951e+00 -4.331e+00 -1.153e+01 -2.339e+00 -6.770e+00 -1.277e+01
+11.200 +8.550 15.485  3.450 0.250 0.000 1.000 -1.450e-01 -5.541e-01 -4.213e+00 -4.623e+00 -1.179e+01 -2.331e+00 -6.762e+00 -1.276e+01
+11.300 +9.447 15.499  3.315 0.375 0.000 1.000 -1.450e-01 -5.541e-01 -4.415e+00 -4.868e+00 -1.199e+01 -2.327e+00 -6.758e+00 -1.275e+01
+11.400 +9.938 15.512  3.255 0.375 0.000 1.000 -1.451e-01 -5.541e-01 -4.513e+00 -4.999e+00 -1.209e+01 -2.326e+00 -6.757e+00 -1.275e+01
+11.500 +10.317 15.527  3.238 0.375 0.000 1.000 -1.451e-01 -5.541e-01 -4.540e+00 -5.040e+00 -1.212e+01 -2.326e+00 -6.757e+00 -1.275e+01
+11.600 +10.600 15.545  3.235 0.500 0.000 1.000 -1.451e-01 -5.540e-01 -4.544e+00 -5.046e+00 -1.212e+01 -2.326e+00 -6.756e+00 -1.275e+01
+11.700 +10.700 15.566  3.234 0.500 0.000 1.000 -1.451e-01 -5.540e-01 -4.545e+00 -5.047e+00 -1.212e+01 -2.326e+00 -6.756e+00 -1.275e+01
+11.800 +10.691 15.591  3.234 0.500 0.000 1.000 -1.451e-01 -5.539e-01 -4.545e+00 -5.047e+00 -1.212e+01 -2.326e+00 -6.756e+00 -1.275e+01
+11.900 +10.900 15.622  3.234 0.500 0.000 1.000 -1.451e-01 -5.539e-01 -4.545e+00 -5.047e+00 -1.212e+01 -2.326e+00 -6.756e+00 -1.275e+01
+12.000 +10.891 15.657  3.234 0.500 0.000 1.000 -1.452e-01 -5.538e-01 -4.545e+00 -5.047e+00 -1.212e+01 -2.326e+00 -6.756e+00 -1.275e+01
+12.100 +11.100 15.697  3.234 0.625 0.000 1.000 -1.452e-01 -5.537e-01 -4.545e+00 -5.047e+00 -1.212e+01 -2.326e+00 -6.756e+00 -1.275e+01
+12.200 +11.091 15.743  3.234 0.500 0.000 1.000 -1.453e-01 -5.535e-01 -4.545e+00 -5.047e+00 -1.212e+01 -2.326e+00 -6.756e+00 -1.275e+01
+12.300 +11.300 15.795  3.234 0.625 0.000 1.000 -1.453e-01 -5.534e-01 -4.545e+00 -5.047e+00 -1.212e+01 -2.326e+00 -6.756e+00 -1.275e+01
+12.400 +11.291 15.853  3.234 0.625 0.000 1.000 -1.454e-01 -5.531e-01 -4.545e+00 -5.047e+00 -1.212e+01 -2.326e+00 -6.756e+00 -1.275e+01
+12.500 +11.500 15.916  3.234 0.625 0.000 1.000 -1.455e-01 -5.529e-01 -4.545e+00 -5.047e+00 -1.212e+01 -2.326e+00 -6.756e+00 -1.275e+01
+12.600 +11.491 15.984  3.234 0.625 0.000 1.000 -1.457e-01 -5.525e-01 -4.545e+00 -5.047e+00 -1.212e+01 -2.326e+00 -6.756e+00 -1.275e+01
+12.700 +11.700 16.057  3.234 0.625 0.000 1.000 -1.458e-01 -5.521e-01 -4.545e+00 -5.047e+00 -1.213e+01 -2.326e+00 -6.756e+00 -1.275e+01
+12.800 +11.800 16.135  3.233 0.625 0.000 1.000 -1.460e-01 -5.516e-01 -4.545e+00 -5.047e+00 -1.213e+01 -2.326e+00 -6.756e+00 -1.275e+01
+12.900 +11.900 16.216  3.233 0.625 0.000 1.000 -1.463e-01 -5.509e-01 -4.545e+00 -5.047e+00 -1.213e+01 -2.326e+00 -6.756e+00 -1.275e+01
+13.000 +11.326 16.300  3.233 0.625 0.000 1.000 -1.466e-01 -5.501e-01 -4.545e+00 -5.047e+00 -1.213e+01 -2.326e+00 -6.756e+00 -1.275e+01
+13.100 +11.200 16.387  3.232 0.625 0.000 1.000 -1.471e-01 -5.490e-01 -4.545e+00 -5.047e+00 -1.213e+01 -2.326e+00 -6.756e+00 -1.275e+01
+13.200 +11.716 16.476  3.232 0.625 0.000 1.000 -1.476e-01 -5.477e-01 -4.545e+00 -5.047e+00 -1.213e+01 -2.326e+00 -6.756e+00 -1.276e+01
+13.300 +11.631 16.567  3.231 0.625 0.000 1.000 -1.483e-01 -5.460e-01 -4.545e+00 -5.047e+00 -1.213e+01 -2.326e+00 -6.756e+00 -1.276e+01
+13.400 +11.611 16.660  3.231 0.625 0.000 1.000 -1.491e-01 -5.439e-01 -4.544e+00 -5.047e+00 -1.213e+01 -2.326e+00 -6.756e+00 -1.276e+01
+13.500 +11.866 16.754  3.230 0.625 0.000 1.000 -1.502e-01 -5.413e-01 -4.544e+00 -5.047e+00 -1.213e+01 -2.325e+00 -6.756e+00 -1.276e+01
+13.600 +11.051 16.849  3.228 0.500 0.000 1.000 -1.515e-01 -5.380e-01 -4.544e+00 -5.047e+00 -1.213e+01 -2.325e+00 -6.756e+00 -1.276e+01
+13.700 +11.164 16.945  3.227 0.625 0.000 1.000 -1.532e-01 -5.340e-01 -4.544e+00 -5.047e+00 -1.213e+01 -2.325e+00 -6.756e+00 -1.276e+01
+13.800 +11.770 17.041  3.225 0.625 0.000 1.000 -1.553e-01 -5.289e-01 -4.544e+00 -5.046e+00 -1.213e+01 -2.325e+00 -6.756e+00 -1.276e+01
+13.900 +11.554 17.137  3.222 0.625 0.000 1.000 -1.579e-01 -5.227e-01 -4.544e+00 -5.046e+00 -1.214e+01 -2.325e+00 -6.756e+00 -1.277e+01
+14.000 +11.875 17.234  3.219 0.625 0.000 1.000 -1.613e-01 -5.150e-01 -4.544e+00 -5.046e+00 -1.214e+01 -2.325e+00 -6.755e+00 -1.277e+01
+14.100 +10.972 17.331  3.215 0.500 0.000 1.000 -1.655e-01 -5.057e-01 -4.543e+00 -5.046e+00 -1.214e+01 -2.325e+00 -6.755e+00 -1.277e+01
+14.200 +11.678 17.427  3.210 0.625 0.000 1.000 -1.708e-01 -4.942e-01 -4.543e+00 -5.046e+00 -1.215e+01 -2.324e+00 -6.755e+00 -1.278e+01
+14.300 +11.685 17.523  3.204 0.625 0.000 1.000 -1.775e-01 -4.805e-01 -4.543e+00 -5.045e+00 -1.215e+01 -2.324e+00 -6.755e+00 -1.278e+01
+14.400 +11.588 17.618  3.196 0.625 0.000 1.000 -1.860e-01 -4.640e-01 -4.542e+00 -5.045e+00 -1.216e+01 -2.323e+00 -6.754e+00 -1.279e+01
+14.500 +11.756 17.713  3.186 0.625 0.000 1.000 -1.966e-01 -4.445e-01 -4.542e+00 -5.044e+00 -1.217e+01 -2.323e+00 -6.753e+00 -1.280e+01
+14.600 +11.311 17.806  3.173 0.625 0.000 1.000 -2.100e-01 -4.217e-01 -4.541e+00 -5.043e+00 -1.219e+01 -2.322e+00 -6.753e+00 -1.281e+01
+14.700 +11.023 17.898  3.157 0.500 0.000 1.000 -2.269e-01 -3.955e-01 -4.540e+00 -5.042e+00 -1.220e+01 -2.321e+00 -6.752e+00 -1.283e+01
+14.800 +9.742 17.988  3.137 0.375 0.000 1.000 -2.483e-01 -3.659e-01 -4.539e+00 -5.041e+00 -1.222e+01 -2.320e+00 -6.751e+00 -1.285e+01
+14.900 +11.930 18.076  3.111 0.625 0.000 1.000 -2.752e-01 -3.329e-01 -4.537e+00 -5.040e+00 -1.225e+01 -2.319e+00 -6.749e+00 -1.288e+01
+15.000 +11.928 18.160  3.079 0.625 0.000 1.000 -3.093e-01 -2.970e-01 -4.536e+00 -5.038e+00 -1.228e+01 -2.317e+00 -6.747e+00 -1.291e+01
+15.100 +11.383 18.241  3.038 0.625 0.000 1.000 -3.524e-01 -2.588e-01 -4.534e+00 -5.036e+00 -1.232e+01 -2.315e+00 -6.745e+00 -1.295e+01
+15.200 +10.763 18.318  2.986 0.375 0.000 1.000 -4.069e-01 -2.194e-01 -4.531e+00 -5.033e+00 -1.237e+01 -2.312e+00 -6.743e+00 -1.300e+01
+15.300 +11.844 18.389  2.920 0.625 0.000 1.000 -4.759e-01 -1.798e-01 -4.528e+00 -5.030e+00 -1.244e+01 -2.309e+00 -6.740e+00 -1.307e+01
+15.400 +11.802 18.453  2.836 0.625 0.000 1.000 -5.635e-01 -1.414e-01 -4.525e+00 -5.027e+00 -1.252e+01 -2.306e+00 -6.736e+00 -1.315e+01
+15.500 +10.783 18.510  2.729 0.375 0.000 1.000 -6.748e-01 -1.058e-01 -4.521e+00 -5.023e+00 -1.263e+01 -2.302e+00 -6.733e+00 -1.326e+01
+15.600 +12.040 18.557  2.592 0.625 0.000 1.000 -8.161e-01 -7.441e-02 -4.516e+00 -5.019e+00 -1.277e+01 -2.298e+00 -6.728e+00 -1.340e+01
+15.700 +11.255 18.596  2.416 0.375 0.000 1.000 -9.959e-01 -4.852e-02 -4.512e+00 -5.014e+00 -1.294e+01 -2.293e+00 -6.724e+00 -1.357e+01
+15.800 +11.575 18.624  2.192 0.375 0.000 1.000 -1.225e+00 -2.889e-02 -4.507e+00 -5.010e+00 -1.317e+01 -2.288e+00 -6.719e+00 -1.380e+01
+15.900 +12.273 18.643  1.906 0.500 0.000 1.000 -1.516e+00 -1.559e-02 -4.503e+00 -5.005e+00 -1.345e+01 -2.284e+00 -6.715e+00 -1.408e+01
+16.000 +12.600 18.654  1.540 0.500 0.000 1.001 -1.885e+00 -7.784e-03 -4.499e+00 -5.001e+00 -1.382e+01 -2.280e+00 -6.711e+00 -1.445e+01