# ASY+PE method (no partition functions): 2244 integration steps in 1.0532e+00 seconds
# All double quantities are log10(x); rates in units of s^-1
#
#      t       dt  2/Rmin   Reaction_Rmin    1/Rmax   Reaction_Rmax     dt_FE   dt_EA   trial_dt
-17.9111 -18.9111 11.7613 he4+he4+he4-->c12 -10.6278 c12+c12-->he4+ne20 -6.6278 -18.9525 -18.9111
-17.8283 -18.8283 11.5943 he4+he4+he4-->c12 -10.6278 c12+c12-->he4+ne20 -6.6278 -18.8697 -18.8283
-17.7455 -18.7455 11.4276 he4+he4+he4-->c12 -10.6278 c12+c12-->he4+ne20 -6.6278 -18.7869 -18.7455
-17.6627 -18.6627 11.2611 he4+he4+he4-->c12 -10.6278 c12+c12-->he4+ne20 -6.6278 -18.7041 -18.6627
-17.6213 -18.6213 11.1779 he4+he4+he4-->c12 -10.6278 c12+c12-->he4+ne20 -6.6278 -18.6627 -18.6213
-17.5385 -18.5385 11.0117 he4+he4+he4-->c12 -10.6278 c12+c12-->he4+ne20 -6.6278 -18.5799 -18.5385
-17.4557 -18.4557 10.8455 he4+he4+he4-->c12 -10.6278 c12+c12-->he4+ne20 -6.6278 -18.4971 -18.4557
-17.3730 -18.3730 10.6795 he4+he4+he4-->c12 -10.6278 c12+c12-->he4+ne20 -6.6278 -18.4143 -18.3730
-17.2902 -18.2902 10.5135 he4+he4+he4-->c12 -10.6278 c12+c12-->he4+ne20 -6.6278 -18.3316 -18.2902
-17.2488 -18.2488 10.4306 he4+he4+he4-->c12 -10.6278 c12+c12-->he4+ne20 -6.6278 -18.2902 -18.2488
-17.1660 -18.1660 10.2647 he4+he4+he4-->c12 -10.6278 c12+c12-->he4+ne20 -6.6278 -18.2074 -18.1660
-17.0832 -18.0832 10.0989 he4+he4+he4-->c12 -10.6278 c12+c12-->he4+ne20 -6.6278 -18.1246 -18.0832
-17.0004 -18.0004  9.9331 he4+he4+he4-->c12 -10.6278 c12+c12-->he4+ne20 -6.6278 -18.0418 -18.0004
-16.9176 -17.9176  9.7674 he4+he4+he4-->c12 -10.6278 c12+c12-->he4+ne20 -6.6278 -17.9590 -17.9176
-16.8349 -17.8349  9.6017 he4+he4+he4-->c12 -10.6278 c12+c12-->he4+ne20 -6.6278 -17.8762 -17.8349
-16.7935 -17.7935  9.5188 he4+he4+he4-->c12 -10.6278 c12+c12-->he4+ne20 -6.6278 -17.8349 -17.7935
-16.7107 -17.7107  9.3531 he4+he4+he4-->c12 -10.6278 c12+c12-->he4+ne20 -6.6278 -17.7521 -17.7107
-16.6279 -17.6279  9.1875 he4+he4+he4-->c12 -10.6278 c12+c12-->he4+ne20 -6.6278 -17.6693 -17.6279
-16.5451 -17.5451  9.0219 he4+he4+he4-->c12 -10.6278 c12+c12-->he4+ne20 -6.6278 -17.5865 -17.5451
-16.4623 -17.4623  8.8562 he4+he4+he4-->c12 -10.6277 c12+c12-->he4+ne20 -6.6277 -17.5037 -17.4623
-16.4209 -17.4209  8.7734 he4+he4+he4-->c12 -10.6277 c12+c12-->he4+ne20 -6.6277 -17.4623 -17.4209
-16.3381 -17.3381  8.6078 he4+he4+he4-->c12 -10.6277 c12+c12-->he4+ne20 -6.6277 -17.3795 -17.3381
-16.2554 -17.2554  8.4422 he4+he4+he4-->c12 -10.6277 c12+c12-->he4+ne20 -6.6277 -17.2967 -17.2554
-16.1726 -17.1726  8.2766 he4+he4+he4-->c12 -10.6277 c12+c12-->he4+ne20 -6.6277 -17.2140 -17.1726
-16.0898 -17.0898  8.1110 he4+he4+he4-->c12 -10.6277 c12+c12-->he4+ne20 -6.6277 -17.1312 -17.0898
-16.0484 -17.0484  8.0282 he4+he4+he4-->c12 -10.6277 c12+c12-->he4+ne20 -6.6277 -17.0898 -17.0484
-15.9656 -16.9656  7.8626 he4+he4+he4-->c12 -10.6277 c12+c12-->he4+ne20 -6.6277 -17.0070 -16.9656
-15.8828 -16.8828  7.6970 he4+he4+he4-->c12 -10.6277 c12+c12-->he4+ne20 -6.6277 -16.9242 -16.8828
-15.8000 -16.8000  7.5315 he4+he4+he4-->c12 -10.6277 c12+c12-->he4+ne20 -6.6277 -16.8414 -16.8000
-15.7172 -16.7172  7.3659 he4+he4+he4-->c12 -10.6277 c12+c12-->he4+ne20 -6.6277 -16.7586 -16.7172
-15.6345 -16.6345  7.2003 he4+he4+he4-->c12 -10.6277 c12+c12-->he4+ne20 -6.6277 -16.6759 -16.6345
-15.5931 -16.5931  7.1175 he4+he4+he4-->c12 -10.6277 c12+c12-->he4+ne20 -6.6277 -16.6345 -16.5931
-15.5103 -16.5103  6.9519 he4+he4+he4-->c12 -10.6277 c12+c12-->he4+ne20 -6.6277 -16.5517 -16.5103
-15.4275 -16.4275  6.7864 he4+he4+he4-->c12 -10.6277 c12+c12-->he4+ne20 -6.6277 -16.4689 -16.4275
-15.3447 -16.3447  6.6208 he4+he4+he4-->c12 -10.6277 c12+c12-->he4+ne20 -6.6277 -16.3861 -16.3447
-15.2619 -16.2619  6.4553 he4+he4+he4-->c12 -10.6277 c12+c12-->he4+ne20 -6.6277 -16.3033 -16.2619
-15.2205 -16.2205  6.3725 he4+he4+he4-->c12 -10.6277 c12+c12-->he4+ne20 -6.6277 -16.2619 -16.2205
-15.1378 -16.1378  6.2069 he4+he4+he4-->c12 -10.6277 c12+c12-->he4+ne20 -6.6277 -16.1791 -16.1378
-15.0550 -16.0550  6.0414 he4+he4+he4-->c12 -10.6277 c12+c12-->he4+ne20 -6.6277 -16.0964 -16.0550
-14.9722 -15.9722  5.8758 he4+he4+he4-->c12 -10.6277 c12+c12-->he4+ne20 -6.6277 -16.0136 -15.9722
-14.8894 -15.8894  5.7103 he4+he4+he4-->c12 -10.6277 c12+c12-->he4+ne20 -6.6277 -15.9308 -15.8894
-14.8480 -15.8480  5.6275 he4+he4+he4-->c12 -10.6277 c12+c12-->he4+ne20 -6.6277 -15.8894 -15.8480
-14.7652 -15.7652  5.4620 he4+he4+he4-->c12 -10.6276 c12+c12-->he4+ne20 -6.6276 -15.8066 -15.7652
-14.6824 -15.6824  5.2964 he4+he4+he4-->c12 -10.6276 c12+c12-->he4+ne20 -6.6276 -15.7238 -15.6824
-14.5996 -15.5996  5.1944 he4+o16-->ne20 -10.6276 c12+c12-->he4+ne20 -6.6276 -15.6410 -15.5996
-14.5169 -15.5169  5.1116 he4+o16-->ne20 -10.6275 c12+c12-->he4+ne20 -6.6275 -15.5583 -15.5169
-14.4341 -15.4341  5.0289 he4+o16-->ne20 -10.6275 c12+c12-->he4+ne20 -6.6275 -15.4755 -15.4341
-14.3927 -15.3927  4.9875 he4+o16-->ne20 -10.6275 c12+c12-->he4+ne20 -6.6275 -15.4341 -15.3927
-14.3099 -15.3099  4.9048 he4+o16-->ne20 -10.6274 c12+c12-->he4+ne20 -6.6274 -15.3513 -15.3099
-14.2271 -15.2271  4.8220 he4+o16-->ne20 -10.6273 c12+c12-->he4+ne20 -6.6273 -15.2685 -15.2271
-14.1443 -15.1443  4.7393 he4+o16-->ne20 -10.6273 c12+c12-->he4+ne20 -6.6273 -15.1857 -15.1443
-14.0615 -15.0615  4.6566 he4+o16-->ne20 -10.6272 c12+c12-->he4+ne20 -6.6272 -15.1029 -15.0615
-14.0201 -15.0201  4.6153 he4+o16-->ne20 -10.6271 c12+c12-->he4+ne20 -6.6271 -15.0615 -15.0201
-13.9374 -14.9374  4.5326 he4+o16-->ne20 -10.6270 c12+c12-->he4+ne20 -6.6270 -14.9788 -14.9374
-13.8546 -14.8546  4.4500 he4+o16-->ne20 -10.6268 c12+c12-->he4+ne20 -6.6268 -14.8960 -14.8546
-13.7718 -14.7718  4.3674 he4+o16-->ne20 -10.6266 c12+c12-->he4+ne20 -6.6266 -14.8132 -14.7718
-13.6890 -14.6890  4.2848 he4+o16-->ne20 -10.6264 c12+c12-->he4+ne20 -6.6264 -14.7304 -14.6890
-13.6476 -14.6476  4.2436 he4+o16-->ne20 -10.6262 c12+c12-->he4+ne20 -6.6262 -14.6890 -14.6476
-13.5648 -14.5648  4.1611 he4+o16-->ne20 -10.6259 c12+c12-->he4+ne20 -6.6259 -14.6062 -14.5648
-13.4820 -14.4820  4.0787 he4+o16-->ne20 -10.6255 c12+c12-->he4+ne20 -6.6255 -14.5234 -14.4820
-13.3993 -14.3993  3.9963 he4+o16-->ne20 -10.6250 c12+c12-->he4+ne20 -6.6250 -14.4407 -14.3993
-13.3165 -14.3165  3.9140 he4+o16-->ne20 -10.6245 c12+c12-->he4+ne20 -6.6245 -14.3579 -14.3165
-13.2337 -14.2337  3.8319 he4+o16-->ne20 -10.6238 c12+c12-->he4+ne20 -6.6238 -14.2751 -14.2337
-13.1923 -14.1923  3.7908 he4+o16-->ne20 -10.6234 c12+c12-->he4+ne20 -6.6234 -14.2337 -14.1923
-13.1095 -14.1095  3.7089 he4+o16-->ne20 -10.6225 c12+c12-->he4+ne20 -6.6225 -14.1509 -14.1095
-13.0267 -14.0267  3.6271 he4+o16-->ne20 -10.6214 c12+c12-->he4+ne20 -6.6214 -14.0681 -14.0267
-12.9439 -13.9439  3.5455 he4+o16-->ne20 -10.6200 c12+c12-->he4+ne20 -6.6200 -13.9853 -13.9439
-12.8612 -13.8612  3.4642 he4+o16-->ne20 -10.6184 c12+c12-->he4+ne20 -6.6184 -13.9025 -13.8612
-12.8198 -13.8198  3.4237 he4+o16-->ne20 -10.6175 c12+c12-->he4+ne20 -6.6175 -13.8612 -13.8198
-12.7370 -13.7370  3.3428 he4+o16-->ne20 -10.6154 c12+c12-->he4+ne20 -6.6154 -13.7784 -13.7370
-12.6542 -13.6542  3.2624 he4+o16-->ne20 -10.6128 c12+c12-->he4+ne20 -6.6128 -13.6956 -13.6542
-12.5714 -13.5714  3.1824 he4+o16-->ne20 -10.6098 c12+c12-->he4+ne20 -6.6098 -13.6128 -13.5714
-12.4886 -13.4886  3.1029 he4+o16-->ne20 -10.6061 c12+c12-->he4+ne20 -6.6061 -13.5300 -13.4886
-12.4472 -13.4472  3.0635 he4+o16-->ne20 -10.6040 c12+c12-->he4+ne20 -6.6040 -13.4886 -13.4472
-12.3644 -13.3644  2.9851 he4+o16-->ne20 -10.5991 c12+c12-->he4+ne20 -6.5991 -13.4058 -13.3644
-12.2817 -13.2817  2.9076 he4+o16-->ne20 -10.5933 c12+c12-->he4+ne20 -6.5933 -13.3230 -13.2817
-12.1989 -13.1989  2.8311 he4+o16-->ne20 -10.5864 c12+c12-->he4+ne20 -6.5864 -13.2403 -13.1989
-12.1161 -13.1161  2.7557 he4+o16-->ne20 -10.5782 c12+c12-->he4+ne20 -6.5782 -13.1575 -13.1161
-12.0747 -13.0747  2.7186 he4+o16-->ne20 -10.5735 c12+c12-->he4+ne20 -6.5735 -13.1161 -13.0747
-11.9919 -12.9919  2.6454 he4+o16-->ne20 -10.5629 c12+c12-->he4+ne20 -6.5629 -13.0333 -12.9919
-11.9091 -12.9091  2.5739 he4+o16-->ne20 -10.5504 c12+c12-->he4+ne20 -6.5504 -12.9505 -12.9091
-11.8263 -12.8263  2.5044 he4+o16-->ne20 -10.5356 c12+c12-->he4+ne20 -6.5356 -12.8677 -12.8263
-11.7436 -12.7436  2.4371 he4+o16-->ne20 -10.5184 c12+c12-->he4+ne20 -6.5184 -12.7849 -12.7436
-11.6608 -12.6608  2.3722 he4+o16-->ne20 -10.4984 c12+c12-->he4+ne20 -6.4984 -12.7022 -12.6608
-11.6194 -12.6194  2.3407 he4+o16-->ne20 -10.4873 c12+c12-->he4+ne20 -6.4873 -12.6608 -12.6194
-11.5366 -12.5366  2.2799 he4+o16-->ne20 -10.4625 c12+c12-->he4+ne20 -6.4625 -12.5780 -12.5366
-11.4538 -12.4538  2.2221 he4+o16-->ne20 -10.4342 c12+c12-->he4+ne20 -6.4342 -12.4952 -12.4538
-11.3710 -12.3710  2.1674 he4+o16-->ne20 -10.4021 c12+c12-->he4+ne20 -6.4021 -12.4124 -12.3710
-11.2882 -12.2882  2.1159 he4+o16-->ne20 -10.3661 c12+c12-->he4+ne20 -6.3661 -12.3296 -12.2882
-11.2468 -12.2468  2.0914 he4+o16-->ne20 -10.3466 c12+c12-->he4+ne20 -6.3466 -12.2882 -12.2468
-11.1641 -12.1641  2.0447 he4+o16-->ne20 -10.3044 c12+c12-->he4+ne20 -6.3044 -12.2054 -12.1641
-11.0813 -12.0813  2.0011 he4+o16-->ne20 -10.2580 c12+c12-->he4+ne20 -6.2580 -12.1227 -12.0813
-10.9985 -11.9985  1.9603 he4+o16-->ne20 -10.2074 c12+c12-->he4+ne20 -6.2074 -12.0399 -11.9985
-10.9157 -11.9157  1.9222 he4+o16-->ne20 -10.1529 c12+c12-->he4+ne20 -6.1529 -11.9571 -11.9157
-10.8743 -11.8743  1.9039 he4+o16-->ne20 -10.1242 c12+c12-->he4+ne20 -6.1242 -11.9157 -11.8743
-10.7915 -11.7915  1.8690 he4+o16-->ne20 -10.0639 c12+c12-->he4+ne20 -6.0639 -11.8329 -11.7915
-10.7087 -11.7087  1.8358 he4+o16-->ne20 -10.0002 c12+c12-->he4+ne20 -6.0002 -11.7501 -11.7087
-10.6259 -11.6259  1.8040 he4+o16-->ne20 -9.9332 c12+c12-->he4+ne20 -5.9332 -11.6673 -11.6259
-10.5432 -11.5432  1.7733 he4+o16-->ne20 -9.8874 ne20-->he4+o16 -5.8874 -11.5846 -11.5432
-10.4604 -11.4604  1.7435 he4+o16-->ne20 -9.8874 ne20-->he4+o16 -5.8874 -11.5018 -11.4604
-10.4190 -11.4190  1.7289 he4+o16-->ne20 -9.8874 ne20-->he4+o16 -5.8874 -11.4604 -11.4190
-10.3362 -11.3362  1.7004 he4+o16-->ne20 -9.8874 ne20-->he4+o16 -5.8874 -11.3776 -11.3362
-10.2534 -11.2534  1.6729 he4+o16-->ne20 -9.8874 ne20-->he4+o16 -5.8874 -11.2948 -11.2534
-10.1706 -11.1706  1.6467 he4+o16-->ne20 -9.8874 ne20-->he4+o16 -5.8874 -11.2120 -11.1706
-10.0878 -11.0878  1.6220 he4+o16-->ne20 -9.8874 ne20-->he4+o16 -5.8874 -11.1292 -11.0878
-10.0465 -11.0465  1.6104 he4+o16-->ne20 -9.8874 ne20-->he4+o16 -5.8874 -11.0878 -11.0465
-9.9637 -10.9637  1.5890 he4+o16-->ne20 -9.8874 ne20-->he4+o16 -5.8874 -11.0051 -10.9637
-9.8809 -10.8809  1.5700 he4+o16-->ne20 -9.8874 ne20-->he4+o16 -5.8874 -10.9223 -10.8809
-9.7981 -10.7981  1.5537 he4+o16-->ne20 -9.8874 ne20-->he4+o16 -5.8874 -10.8395 -10.7981
-9.7153 -10.7153  1.5400 he4+o16-->ne20 -9.8874 ne20-->he4+o16 -5.8874 -10.7567 -10.7153
-9.6739 -10.6739  1.5340 he4+o16-->ne20 -9.8874 ne20-->he4+o16 -5.8874 -10.7153 -10.6739
-9.5911 -10.5911  1.5232 he4+o16-->ne20 -9.8874 ne20-->he4+o16 -5.8874 -10.6325 -10.5911
-9.5083 -10.5083  1.5136 he4+o16-->ne20 -9.8874 ne20-->he4+o16 -5.8874 -10.5497 -10.5083
-9.4256 -10.4256  1.5046 he4+o16-->ne20 -9.8874 ne20-->he4+o16 -5.8874 -10.4670 -10.4256
-9.3428 -10.3428  1.4955 he4+o16-->ne20 -9.8874 ne20-->he4+o16 -5.8874 -10.3842 -10.3428
-9.2600 -10.2600  1.4861 he4+o16-->ne20 -9.8874 ne20-->he4+o16 -5.8874 -10.3014 -10.2600
-9.2186 -10.2186  1.4813 he4+o16-->ne20 -9.8874 ne20-->he4+o16 -5.8874 -10.2600 -10.2186
-9.1358 -10.1358  1.4715 he4+o16-->ne20 -9.8874 ne20-->he4+o16 -5.8874 -10.1772 -10.1358
-9.0530 -10.0530  1.4615 he4+o16-->ne20 -9.8874 ne20-->he4+o16 -5.8874 -10.0944 -10.0530
-8.9702 -9.9702  1.4515 he4+o16-->ne20 -9.8874 ne20-->he4+o16 -5.8874 -10.0116 -9.9702
-8.8875 -9.8875  1.4417 he4+o16-->ne20 -9.8874 ne20-->he4+o16 -5.8874 -9.9288 -9.8875
-8.8461 -9.8461  1.4369 he4+o16-->ne20 -9.8874 ne20-->he4+o16 -5.8874 -9.8875 -9.8461
-8.7633 -9.7633  1.4273 he4+o16-->ne20 -9.8874 ne20-->he4+o16 -5.8874 -9.8047 -9.7633
-8.6805 -9.6805  1.4179 he4+o16-->ne20 -9.8874 ne20-->he4+o16 -5.8874 -9.7219 -9.6805
-8.5977 -9.5977  1.4088 he4+o16-->ne20 -9.8874 ne20-->he4+o16 -5.8874 -9.6391 -9.5977
-8.5149 -9.5149  1.4000 he4+o16-->ne20 -9.8874 ne20-->he4+o16 -5.8874 -9.5563 -9.5149
-8.4735 -9.4735  1.3957 he4+o16-->ne20 -9.8874 ne20-->he4+o16 -5.8874 -9.5149 -9.4735
-8.3907 -9.3907  1.3876 he4+o16-->ne20 -9.8874 ne20-->he4+o16 -5.8874 -9.4321 -9.3907
-8.3080 -9.4032  1.3800 he4+o16-->ne20 -9.8874 ne20-->he4+o16 -5.8874 -9.3494 -9.4032
-8.2330 -9.2330  1.3739 he4+o16-->ne20 -9.8874 ne20-->he4+o16 -5.8874 -9.2744 -9.2330
-8.1502 -9.1502  1.3682 he4+o16-->ne20 -9.8874 ne20-->he4+o16 -5.8874 -9.1916 -9.1502
-8.0674 -9.0674  1.3634 he4+o16-->ne20 -9.8874 ne20-->he4+o16 -5.8874 -9.1088 -9.0674
-7.9847 -8.9847  1.3647 he4+o16-->ne20 -9.8874 ne20-->he4+o16 -5.8874 -9.0261 -8.9847
-7.9433 -8.9433  1.3617 he4+o16-->ne20 -9.8874 ne20-->he4+o16 -5.8874 -8.9847 -8.9433
-7.8605 -8.8605  1.3569 he4+o16-->ne20 -9.8874 ne20-->he4+o16 -5.8874 -8.9019 -8.8605
-7.7777 -8.7777  1.3532 he4+o16-->ne20 -9.8874 ne20-->he4+o16 -5.8874 -8.8191 -8.7777
-7.6949 -8.6949  1.3500 he4+o16-->ne20 -9.8874 ne20-->he4+o16 -5.8874 -8.7363 -8.6949
-7.6121 -8.6121  1.3471 he4+o16-->ne20 -9.8874 ne20-->he4+o16 -5.8874 -8.6535 -8.6121
-7.5707 -8.5707  1.3457 he4+o16-->ne20 -9.8874 ne20-->he4+o16 -5.8874 -8.6121 -8.5707
-7.4880 -8.4880  1.3420 he4+o16-->ne20 -9.8874 ne20-->he4+o16 -5.8874 -8.5293 -8.4880
-7.4052 -8.4052  1.3380 he4+o16-->ne20 -9.8874 ne20-->he4+o16 -5.8874 -8.4466 -8.4052
-7.3224 -8.3224  1.3340 he4+o16-->ne20 -9.8874 ne20-->he4+o16 -5.8874 -8.3638 -8.3224
-7.2396 -8.2396  1.3303 he4+o16-->ne20 -9.8874 ne20-->he4+o16 -5.8874 -8.2810 -8.2396
-7.1982 -8.1982  1.3286 he4+o16-->ne20 -9.8874 ne20-->he4+o16 -5.8874 -8.2396 -8.1982
-7.0868 -8.0868  1.3136 he4+o16-->ne20 -9.8874 ne20-->he4+o16 -5.8874 -8.1282 -8.0868
-7.0454 -8.0454  1.3103 he4+o16-->ne20 -9.8874 ne20-->he4+o16 -5.8874 -8.0868 -8.0454
-6.9626 -7.9626  1.3030 he4+o16-->ne20 -9.8874 ne20-->he4+o16 -5.8874 -8.0040 -7.9626
-6.8798 -8.2222  1.2968 he4+o16-->ne20 -9.8874 ne20-->he4+o16 -5.8874 -7.9212 -8.2222
-6.7987 -7.7987  1.2841 he4+o16-->ne20 -9.8874 ne20-->he4+o16 -5.8874 -7.9859 -7.7987
-6.7159 -7.7159  1.2757 he4+o16-->ne20 -9.8874 ne20-->he4+o16 -5.8874 -7.7573 -7.7159
-6.6745 -7.6745  1.2706 he4+o16-->ne20 -9.8874 ne20-->he4+o16 -5.8874 -7.7159 -7.6745
-6.5918 -7.5918  1.2600 he4+o16-->ne20 -9.8874 ne20-->he4+o16 -5.8874 -7.6332 -7.5918
-6.5217 -8.4863  1.2462 he4+o16-->ne20 -9.8874 ne20-->he4+o16 -5.8874 -8.1938 -8.4863
-6.4407 -7.4407  1.2624 he4+o16-->ne20 -9.8874 ne20-->he4+o16 -5.8874 -7.5836 -7.4407
-6.3676 -7.6606  1.2443 he4+o16-->ne20 -9.8874 ne20-->he4+o16 -5.8874 -7.8727 -7.6606
-6.2809 -7.3024  1.2286 he4+o16-->ne20 -9.8874 ne20-->he4+o16 -5.8874 -7.6035 -7.3024
-6.2000 -7.2000  1.2192 he4+o16-->ne20 -9.8874 ne20-->he4+o16 -5.8874 -7.2414 -7.2000
-6.1378 -7.2193  1.2042 he4+o16-->ne20 -9.8874 ne20-->he4+o16 -5.8874 -7.5204 -7.2193
-6.0618 -7.0618  1.1960 he4+o16-->ne20 -9.8874 ne20-->he4+o16 -5.8874 -7.1032 -7.0618
-5.9978 -7.9422  1.1816 he4+o16-->ne20 -9.8874 ne20-->he4+o16 -5.8874 -8.2432 -7.9422
-5.9218 -7.0164  1.1684 he4+o16-->ne20 -9.8874 ne20-->he4+o16 -5.8874 -7.3174 -7.0164
-5.8376 -6.9504  1.1492 he4+o16-->ne20 -9.8874 ne20-->he4+o16 -5.8874 -7.2514 -6.9504
-5.7606 -6.9099  1.1582 he4+o16-->ne20 -9.8874 ne20-->he4+o16 -5.8874 -7.2109 -6.9099
-5.6948 -6.8088  1.1480 he4+o16-->ne20 -9.8874 ne20-->he4+o16 -5.8874 -7.1098 -6.8088
-5.5954 -6.5954  1.1387 he4+o16-->ne20 -9.8874 ne20-->he4+o16 -5.8874 -6.7447 -6.5954
-5.5422 -6.9074  1.1210 he4+o16-->ne20 -9.8874 ne20-->he4+o16 -5.8874 -7.2084 -6.9074
-5.4707 -6.8292  1.1174 he4+o16-->ne20 -9.8874 ne20-->he4+o16 -5.8874 -7.1303 -6.8292
-5.3884 -6.5234  1.1047 he4+o16-->ne20 -9.8874 ne20-->he4+o16 -5.8874 -6.8244 -6.5234
-5.3242 -7.4874  1.0954 he4+o16-->ne20 -9.8874 ne20-->he4+o16 -5.8874 -7.7885 -7.4874
-5.2439 -6.5343  1.0956 he4+o16-->ne20 -9.8874 ne20-->he4+o16 -5.8874 -6.8353 -6.5343
-5.1732 -6.8093  1.0789 he4+o16-->ne20 -9.8874 ne20-->he4+o16 -5.8874 -7.1103 -6.8093
-5.0997 -6.4841  1.0908 he4+o16-->ne20 -9.8874 ne20-->he4+o16 -5.8874 -6.7851 -6.4841
-5.0248 -7.3745  1.0811 he4+o16-->ne20 -9.8874 ne20-->he4+o16 -5.8874 -7.6755 -7.3745
-4.9477 -6.3654  1.0790 he4+o16-->ne20 -9.8874 ne20-->he4+o16 -5.8874 -6.5188 -6.3654
-4.8747 -6.5887  1.0826 he4+o16-->ne20 -9.8874 ne20-->he4+o16 -5.8874 -6.8897 -6.5887
-4.7958 -6.4945  1.0850 he4+o16-->ne20 -9.8874 ne20-->he4+o16 -5.8874 -6.7955 -6.4945
-4.7217 -6.2660  1.0782 he4+o16-->ne20 -9.8874 ne20-->he4+o16 -5.8874 -6.5670 -6.2660
-4.6479 -6.4592  1.0851 he4+o16-->ne20 -9.8874 ne20-->he4+o16 -5.8874 -6.7602 -6.4592
-4.5731 -6.2016  1.0797 he4+o16-->ne20 -9.8874 ne20-->he4+o16 -5.8874 -6.3777 -6.2016
-4.4978 -6.0715  1.0699 he4+o16-->ne20 -9.8874 ne20-->he4+o16 -5.8874 -6.3196 -6.0715
-4.4237 -6.0119  1.0652 he4+o16-->ne20 -9.8874 ne20-->he4+o16 -5.8874 -5.9766 -6.0119
-4.3493 -6.5242 -3.0955 he4+he4+he4-->c12 -8.2756 he4+c12-->o16 -4.2756 -6.7623 -6.5242
-4.2744 -6.7812 -3.0716 he4+he4+he4-->c12 -8.2636 he4+c12-->o16 -4.2636 -7.0822 -6.7812
-4.1987 -5.4272 -3.0669 he4+he4+he4-->c12 -8.2632 he4+c12-->o16 -4.2613 -5.7283 -5.4272
-4.1234 -5.8097 -3.0787 he4+he4+he4-->c12 -8.2687 he4+c12-->o16 -4.2672 -5.8079 -5.8097
-4.0486 -5.7880 -3.0886 he4+he4+he4-->c12 -8.2736 he4+c12-->o16 -4.2721 -5.7919 -5.7880
-3.9728 -5.7425 -3.0986 he4+he4+he4-->c12 -8.2786 he4+c12-->o16 -4.2771 -5.7473 -5.7425
-3.8942 -5.6857 -3.1087 he4+he4+he4-->c12 -8.2836 he4+c12-->o16 -4.2822 -5.6911 -5.6857
-3.8187 -5.6232 -3.1179 he4+he4+he4-->c12 -8.2881 he4+c12-->o16 -4.2868 -5.6291 -5.6232
-3.7449 -5.5544 -3.1261 he4+he4+he4-->c12 -8.2922 he4+c12-->o16 -4.2909 -5.5609 -5.5544
-3.6713 -5.4789 -3.1332 he4+he4+he4-->c12 -8.2957 he4+c12-->o16 -4.2944 -5.4861 -5.4789
-3.5970 -5.3966 -3.1393 he4+he4+he4-->c12 -8.2987 he4+c12-->o16 -4.2975 -5.4044 -5.3966
-3.5209 -5.3085 -3.1442 he4+he4+he4-->c12 -8.3010 he4+c12-->o16 -4.2999 -5.3167 -5.3085
-3.4497 -5.2258 -3.1475 he4+he4+he4-->c12 -8.3027 he4+c12-->o16 -4.3016 -5.2340 -5.2258
-3.3696 -5.1378 -3.1500 he4+he4+he4-->c12 -8.3038 he4+c12-->o16 -4.3028 -5.1455 -5.1378
-3.3000 -5.4047 -6.4407 o16-->he4+c12 -8.3021 he4+c12-->o16 -4.3012 -5.4006 -5.4047
-3.2238 -5.4911 -6.4407 o16-->he4+c12 -8.2997 he4+c12-->o16 -4.2989 -5.4885 -5.4911
-3.1493 -5.5696 -6.4407 o16-->he4+c12 -8.2970 he4+c12-->o16 -4.2962 -5.5679 -5.5696
-3.0743 -5.6393 -6.4407 o16-->he4+c12 -8.2940 he4+c12-->o16 -4.2931 -5.6383 -5.6393
-2.9996 -5.6967 -6.4407 o16-->he4+c12 -8.2910 he4+c12-->o16 -4.2901 -5.6961 -5.6967
