# ASY+PE method (no partition functions): 2244 integration steps in 1.0532e+00 seconds
# All quantities except Asy, RG_PE, and sumX are log10(x)
# Log of absolute values for E and dE/dt as they can be negative
# Units: t and dt in s; E in erg; dE/dt in erg/g/s; others dimensionless 
#
#    t     dt     |E|  |dE/dt| Asy  Equil  sumX  X(4He)     X(12C)     X(16O)     X(20Ne)     X(24Mg)     X(28Si)     X(32S)     X(36Ar)     X(40Ca)     X(44Ti)     X(48Cr)     X(52Fe)     X(56Ni)     X(60Zn)     X(64Ge)     X(68Se)     

-17.911 -18.911 10.304 28.219 0.000 0.000 1.000 -7.745e+00 -3.010e-01 -3.010e-01 -7.065e+00 -8.377e+00 -1.007e+01 -2.400e+01 -2.400e+01 -2.400e+01 -2.400e+01 -2.400e+01 -2.400e+01 -2.400e+01 -2.400e+01 -2.400e+01 -2.400e+01
-17.828 -18.828 10.388 28.219 0.000 0.000 1.000 -7.662e+00 -3.010e-01 -3.010e-01 -6.982e+00 -8.294e+00 -9.984e+00 -2.400e+01 -2.400e+01 -2.400e+01 -2.400e+01 -2.400e+01 -2.400e+01 -2.400e+01 -2.400e+01 -2.400e+01 -2.400e+01
-17.745 -18.745 10.471 28.219 0.000 0.000 1.000 -7.578e+00 -3.010e-01 -3.010e-01 -6.898e+00 -8.210e+00 -9.901e+00 -2.400e+01 -2.400e+01 -2.400e+01 -2.400e+01 -2.400e+01 -2.400e+01 -2.400e+01 -2.400e+01 -2.400e+01 -2.400e+01
-17.663 -18.663 10.554 28.219 0.000 0.000 1.000 -7.495e+00 -3.010e-01 -3.010e-01 -6.815e+00 -8.127e+00 -9.818e+00 -2.399e+01 -2.400e+01 -2.400e+01 -2.400e+01 -2.400e+01 -2.400e+01 -2.400e+01 -2.400e+01 -2.400e+01 -2.400e+01
-17.621 -18.621 10.596 28.219 0.000 0.000 1.000 -7.454e+00 -3.010e-01 -3.010e-01 -6.774e+00 -8.086e+00 -9.776e+00 -2.399e+01 -2.400e+01 -2.400e+01 -2.400e+01 -2.400e+01 -2.400e+01 -2.400e+01 -2.400e+01 -2.400e+01 -2.400e+01
-17.539 -18.539 10.679 28.219 0.000 0.000 1.000 -7.371e+00 -3.010e-01 -3.010e-01 -6.690e+00 -8.003e+00 -9.693e+00 -2.398e+01 -2.400e+01 -2.400e+01 -2.400e+01 -2.400e+01 -2.400e+01 -2.400e+01 -2.400e+01 -2.400e+01 -2.400e+01
-17.456 -18.456 10.762 28.219 0.000 0.000 1.000 -7.288e+00 -3.010e-01 -3.010e-01 -6.607e+00 -7.919e+00 -9.610e+00 -2.397e+01 -2.400e+01 -2.400e+01 -2.400e+01 -2.400e+01 -2.400e+01 -2.400e+01 -2.400e+01 -2.400e+01 -2.400e+01
-17.373 -18.373 10.845 28.219 0.000 0.000 1.000 -7.205e+00 -3.010e-01 -3.010e-01 -6.524e+00 -7.836e+00 -9.527e+00 -2.395e+01 -2.400e+01 -2.400e+01 -2.400e+01 -2.400e+01 -2.400e+01 -2.400e+01 -2.400e+01 -2.400e+01 -2.400e+01
-17.290 -18.290 10.928 28.219 0.000 0.000 1.000 -7.122e+00 -3.010e-01 -3.010e-01 -6.441e+00 -7.754e+00 -9.444e+00 -2.391e+01 -2.400e+01 -2.400e+01 -2.400e+01 -2.400e+01 -2.400e+01 -2.400e+01 -2.400e+01 -2.400e+01 -2.400e+01
-17.249 -18.249 10.969 28.219 0.000 0.000 1.000 -7.080e+00 -3.010e-01 -3.010e-01 -6.400e+00 -7.712e+00 -9.403e+00 -2.388e+01 -2.400e+01 -2.400e+01 -2.400e+01 -2.400e+01 -2.400e+01 -2.400e+01 -2.400e+01 -2.400e+01 -2.400e+01
-17.166 -18.166 11.052 28.219 0.000 0.000 1.000 -6.997e+00 -3.010e-01 -3.010e-01 -6.317e+00 -7.629e+00 -9.320e+00 -2.381e+01 -2.400e+01 -2.400e+01 -2.400e+01 -2.400e+01 -2.400e+01 -2.400e+01 -2.400e+01 -2.400e+01 -2.400e+01
-17.083 -18.083 11.135 28.219 0.000 0.000 1.000 -6.914e+00 -3.010e-01 -3.010e-01 -6.234e+00 -7.546e+00 -9.237e+00 -2.370e+01 -2.400e+01 -2.400e+01 -2.400e+01 -2.400e+01 -2.400e+01 -2.400e+01 -2.400e+01 -2.400e+01 -2.400e+01
-17.000 -18.000 11.218 28.219 0.000 0.000 1.000 -6.831e+00 -3.010e-01 -3.010e-01 -6.151e+00 -7.463e+00 -9.154e+00 -2.356e+01 -2.400e+01 -2.400e+01 -2.400e+01 -2.400e+01 -2.400e+01 -2.400e+01 -2.400e+01 -2.400e+01 -2.400e+01
-16.918 -17.918 11.301 28.219 0.000 0.000 1.000 -6.749e+00 -3.010e-01 -3.010e-01 -6.068e+00 -7.380e+00 -9.071e+00 -2.338e+01 -2.400e+01 -2.400e+01 -2.400e+01 -2.400e+01 -2.400e+01 -2.400e+01 -2.400e+01 -2.400e+01 -2.400e+01
-16.835 -17.835 11.384 28.219 0.000 0.000 1.000 -6.666e+00 -3.010e-01 -3.010e-01 -5.986e+00 -7.298e+00 -8.988e+00 -2.318e+01 -2.400e+01 -2.400e+01 -2.400e+01 -2.400e+01 -2.400e+01 -2.400e+01 -2.400e+01 -2.400e+01 -2.400e+01
-16.793 -17.793 11.425 28.219 0.000 0.000 1.000 -6.624e+00 -3.010e-01 -3.010e-01 -5.944e+00 -7.256e+00 -8.947e+00 -2.308e+01 -2.400e+01 -2.400e+01 -2.400e+01 -2.400e+01 -2.400e+01 -2.400e+01 -2.400e+01 -2.400e+01 -2.400e+01
-16.711 -17.711 11.508 28.219 0.000 0.000 1.000 -6.541e+00 -3.010e-01 -3.010e-01 -5.861e+00 -7.173e+00 -8.864e+00 -2.285e+01 -2.400e+01 -2.400e+01 -2.400e+01 -2.400e+01 -2.400e+01 -2.400e+01 -2.400e+01 -2.400e+01 -2.400e+01
-16.628 -17.628 11.591 28.219 0.000 0.000 1.000 -6.459e+00 -3.010e-01 -3.010e-01 -5.778e+00 -7.091e+00 -8.781e+00 -2.262e+01 -2.400e+01 -2.400e+01 -2.400e+01 -2.400e+01 -2.400e+01 -2.400e+01 -2.400e+01 -2.400e+01 -2.400e+01
-16.545 -17.545 11.673 28.219 0.000 0.000 1.000 -6.376e+00 -3.010e-01 -3.010e-01 -5.696e+00 -7.008e+00 -8.698e+00 -2.238e+01 -2.400e+01 -2.400e+01 -2.400e+01 -2.400e+01 -2.400e+01 -2.400e+01 -2.400e+01 -2.400e+01 -2.400e+01
-16.462 -17.462 11.756 28.219 0.000 0.000 1.000 -6.293e+00 -3.010e-01 -3.010e-01 -5.613e+00 -6.925e+00 -8.615e+00 -2.213e+01 -2.400e+01 -2.400e+01 -2.400e+01 -2.400e+01 -2.400e+01 -2.400e+01 -2.400e+01 -2.400e+01 -2.400e+01
-16.421 -17.421 11.798 28.219 0.000 0.000 1.000 -6.252e+00 -3.010e-01 -3.010e-01 -5.571e+00 -6.884e+00 -8.574e+00 -2.201e+01 -2.400e+01 -2.400e+01 -2.400e+01 -2.400e+01 -2.400e+01 -2.400e+01 -2.400e+01 -2.400e+01 -2.400e+01
-16.338 -17.338 11.881 28.219 0.000 0.000 1.000 -6.169e+00 -3.010e-01 -3.010e-01 -5.489e+00 -6.801e+00 -8.491e+00 -2.176e+01 -2.400e+01 -2.400e+01 -2.400e+01 -2.400e+01 -2.400e+01 -2.400e+01 -2.400e+01 -2.400e+01 -2.400e+01
-16.255 -17.255 11.963 28.219 0.000 0.000 1.000 -6.086e+00 -3.010e-01 -3.010e-01 -5.406e+00 -6.718e+00 -8.408e+00 -2.152e+01 -2.400e+01 -2.400e+01 -2.400e+01 -2.400e+01 -2.400e+01 -2.400e+01 -2.400e+01 -2.400e+01 -2.400e+01
-16.173 -17.173 12.046 28.219 0.000 0.000 1.000 -6.003e+00 -3.010e-01 -3.010e-01 -5.323e+00 -6.635e+00 -8.326e+00 -2.127e+01 -2.400e+01 -2.400e+01 -2.400e+01 -2.400e+01 -2.400e+01 -2.400e+01 -2.400e+01 -2.400e+01 -2.400e+01
-16.090 -17.090 12.129 28.219 0.000 0.000 1.000 -5.920e+00 -3.010e-01 -3.010e-01 -5.240e+00 -6.552e+00 -8.243e+00 -2.102e+01 -2.400e+01 -2.400e+01 -2.400e+01 -2.400e+01 -2.400e+01 -2.400e+01 -2.400e+01 -2.400e+01 -2.400e+01
-16.048 -17.048 12.170 28.219 0.000 0.000 1.000 -5.879e+00 -3.010e-01 -3.010e-01 -5.199e+00 -6.511e+00 -8.201e+00 -2.090e+01 -2.400e+01 -2.400e+01 -2.400e+01 -2.400e+01 -2.400e+01 -2.400e+01 -2.400e+01 -2.400e+01 -2.400e+01
-15.966 -16.966 12.253 28.219 0.000 0.000 1.000 -5.796e+00 -3.010e-01 -3.010e-01 -5.116e+00 -6.428e+00 -8.119e+00 -2.065e+01 -2.400e+01 -2.400e+01 -2.400e+01 -2.400e+01 -2.400e+01 -2.400e+01 -2.400e+01 -2.400e+01 -2.400e+01
-15.883 -16.883 12.336 28.219 0.000 0.000 1.000 -5.713e+00 -3.010e-01 -3.010e-01 -5.033e+00 -6.345e+00 -8.036e+00 -2.040e+01 -2.400e+01 -2.400e+01 -2.400e+01 -2.400e+01 -2.400e+01 -2.400e+01 -2.400e+01 -2.400e+01 -2.400e+01
-15.800 -16.800 12.419 28.219 0.000 0.000 1.000 -5.631e+00 -3.010e-01 -3.010e-01 -4.950e+00 -6.263e+00 -7.953e+00 -2.015e+01 -2.400e+01 -2.400e+01 -2.400e+01 -2.400e+01 -2.400e+01 -2.400e+01 -2.400e+01 -2.400e+01 -2.400e+01
-15.717 -16.717 12.501 28.219 0.000 0.000 1.000 -5.548e+00 -3.010e-01 -3.010e-01 -4.868e+00 -6.180e+00 -7.870e+00 -1.990e+01 -2.400e+01 -2.400e+01 -2.400e+01 -2.400e+01 -2.400e+01 -2.400e+01 -2.400e+01 -2.400e+01 -2.400e+01
-15.634 -16.634 12.584 28.219 0.000 0.000 1.000 -5.465e+00 -3.010e-01 -3.010e-01 -4.785e+00 -6.097e+00 -7.788e+00 -1.965e+01 -2.400e+01 -2.400e+01 -2.400e+01 -2.400e+01 -2.400e+01 -2.400e+01 -2.400e+01 -2.400e+01 -2.400e+01
-15.593 -16.593 12.626 28.219 0.000 0.000 1.000 -5.424e+00 -3.010e-01 -3.010e-01 -4.744e+00 -6.056e+00 -7.746e+00 -1.953e+01 -2.400e+01 -2.400e+01 -2.400e+01 -2.400e+01 -2.400e+01 -2.400e+01 -2.400e+01 -2.400e+01 -2.400e+01
-15.510 -16.510 12.708 28.219 0.000 0.000 1.000 -5.341e+00 -3.011e-01 -3.010e-01 -4.661e+00 -5.973e+00 -7.663e+00 -1.928e+01 -2.400e+01 -2.400e+01 -2.400e+01 -2.400e+01 -2.400e+01 -2.400e+01 -2.400e+01 -2.400e+01 -2.400e+01
-15.427 -16.427 12.791 28.219 0.000 0.000 1.000 -5.258e+00 -3.011e-01 -3.010e-01 -4.578e+00 -5.890e+00 -7.581e+00 -1.903e+01 -2.400e+01 -2.400e+01 -2.400e+01 -2.400e+01 -2.400e+01 -2.400e+01 -2.400e+01 -2.400e+01 -2.400e+01
-15.345 -16.345 12.874 28.219 0.000 0.000 1.000 -5.175e+00 -3.011e-01 -3.010e-01 -4.495e+00 -5.807e+00 -7.498e+00 -1.878e+01 -2.400e+01 -2.400e+01 -2.400e+01 -2.400e+01 -2.400e+01 -2.400e+01 -2.400e+01 -2.400e+01 -2.400e+01
-15.262 -16.262 12.957 28.219 0.000 0.000 1.000 -5.093e+00 -3.011e-01 -3.010e-01 -4.412e+00 -5.724e+00 -7.415e+00 -1.854e+01 -2.400e+01 -2.400e+01 -2.400e+01 -2.400e+01 -2.400e+01 -2.400e+01 -2.400e+01 -2.400e+01 -2.400e+01
-15.221 -16.221 12.998 28.219 0.000 0.000 1.000 -5.051e+00 -3.011e-01 -3.010e-01 -4.371e+00 -5.683e+00 -7.374e+00 -1.841e+01 -2.400e+01 -2.400e+01 -2.400e+01 -2.400e+01 -2.400e+01 -2.400e+01 -2.400e+01 -2.400e+01 -2.400e+01
-15.138 -16.138 13.081 28.219 0.000 0.000 1.000 -4.968e+00 -3.011e-01 -3.010e-01 -4.288e+00 -5.600e+00 -7.291e+00 -1.816e+01 -2.400e+01 -2.400e+01 -2.400e+01 -2.400e+01 -2.400e+01 -2.400e+01 -2.400e+01 -2.400e+01 -2.400e+01
-15.055 -16.055 13.164 28.219 0.000 0.000 1.000 -4.886e+00 -3.011e-01 -3.010e-01 -4.205e+00 -5.517e+00 -7.208e+00 -1.792e+01 -2.400e+01 -2.400e+01 -2.400e+01 -2.400e+01 -2.400e+01 -2.400e+01 -2.400e+01 -2.400e+01 -2.400e+01
-14.972 -15.972 13.246 28.219 0.000 0.000 1.000 -4.803e+00 -3.011e-01 -3.010e-01 -4.123e+00 -5.435e+00 -7.125e+00 -1.767e+01 -2.400e+01 -2.400e+01 -2.400e+01 -2.400e+01 -2.400e+01 -2.400e+01 -2.400e+01 -2.400e+01 -2.400e+01
-14.889 -15.889 13.329 28.219 0.000 0.000 1.000 -4.720e+00 -3.011e-01 -3.010e-01 -4.040e+00 -5.352e+00 -7.042e+00 -1.742e+01 -2.400e+01 -2.400e+01 -2.400e+01 -2.400e+01 -2.400e+01 -2.400e+01 -2.400e+01 -2.400e+01 -2.400e+01
-14.848 -15.848 13.371 28.219 0.000 0.000 1.000 -4.679e+00 -3.011e-01 -3.010e-01 -3.999e+00 -5.311e+00 -7.001e+00 -1.729e+01 -2.400e+01 -2.400e+01 -2.400e+01 -2.400e+01 -2.400e+01 -2.400e+01 -2.400e+01 -2.400e+01 -2.400e+01
-14.765 -15.765 13.453 28.219 0.000 0.000 1.000 -4.596e+00 -3.012e-01 -3.010e-01 -3.916e+00 -5.228e+00 -6.918e+00 -1.705e+01 -2.400e+01 -2.400e+01 -2.400e+01 -2.400e+01 -2.400e+01 -2.400e+01 -2.400e+01 -2.400e+01 -2.400e+01
-14.682 -15.682 13.536 28.218 0.000 0.000 1.000 -4.513e+00 -3.012e-01 -3.010e-01 -3.833e+00 -5.145e+00 -6.835e+00 -1.680e+01 -2.400e+01 -2.400e+01 -2.400e+01 -2.400e+01 -2.400e+01 -2.400e+01 -2.400e+01 -2.400e+01 -2.400e+01
-14.600 -15.600 13.619 28.218 0.000 0.000 1.000 -4.430e+00 -3.012e-01 -3.010e-01 -3.750e+00 -5.062e+00 -6.753e+00 -1.655e+01 -2.400e+01 -2.400e+01 -2.400e+01 -2.400e+01 -2.400e+01 -2.400e+01 -2.400e+01 -2.400e+01 -2.400e+01
-14.517 -15.517 13.702 28.218 0.000 0.000 1.000 -4.348e+00 -3.013e-01 -3.010e-01 -3.667e+00 -4.979e+00 -6.670e+00 -1.630e+01 -2.400e+01 -2.400e+01 -2.400e+01 -2.400e+01 -2.400e+01 -2.400e+01 -2.400e+01 -2.400e+01 -2.400e+01
-14.434 -15.434 13.784 28.218 0.000 0.000 1.000 -4.265e+00 -3.013e-01 -3.010e-01 -3.585e+00 -4.897e+00 -6.587e+00 -1.605e+01 -2.400e+01 -2.400e+01 -2.400e+01 -2.400e+01 -2.400e+01 -2.400e+01 -2.400e+01 -2.400e+01 -2.400e+01
-14.393 -15.393 13.826 28.218 0.000 0.000 1.000 -4.224e+00 -3.013e-01 -3.010e-01 -3.543e+00 -4.855e+00 -6.546e+00 -1.593e+01 -2.400e+01 -2.400e+01 -2.400e+01 -2.400e+01 -2.400e+01 -2.400e+01 -2.400e+01 -2.400e+01 -2.400e+01
-14.310 -15.310 13.908 28.218 0.000 0.000 1.000 -4.141e+00 -3.014e-01 -3.010e-01 -3.461e+00 -4.773e+00 -6.463e+00 -1.568e+01 -2.399e+01 -2.400e+01 -2.400e+01 -2.400e+01 -2.400e+01 -2.400e+01 -2.400e+01 -2.400e+01 -2.400e+01
-14.227 -15.227 13.991 28.218 0.000 0.000 1.000 -4.058e+00 -3.015e-01 -3.010e-01 -3.378e+00 -4.690e+00 -6.380e+00 -1.543e+01 -2.398e+01 -2.400e+01 -2.400e+01 -2.400e+01 -2.400e+01 -2.400e+01 -2.400e+01 -2.400e+01 -2.400e+01
-14.144 -15.144 14.074 28.218 0.000 0.000 1.000 -3.975e+00 -3.016e-01 -3.010e-01 -3.295e+00 -4.607e+00 -6.297e+00 -1.518e+01 -2.396e+01 -2.400e+01 -2.400e+01 -2.400e+01 -2.400e+01 -2.400e+01 -2.400e+01 -2.400e+01 -2.400e+01
-14.062 -15.062 14.157 28.218 0.000 0.000 1.000 -3.893e+00 -3.017e-01 -3.010e-01 -3.213e+00 -4.524e+00 -6.214e+00 -1.494e+01 -2.390e+01 -2.400e+01 -2.400e+01 -2.400e+01 -2.400e+01 -2.400e+01 -2.400e+01 -2.400e+01 -2.400e+01
-14.020 -15.020 14.198 28.217 0.000 0.000 1.000 -3.851e+00 -3.017e-01 -3.011e-01 -3.171e+00 -4.483e+00 -6.173e+00 -1.481e+01 -2.385e+01 -2.400e+01 -2.400e+01 -2.400e+01 -2.400e+01 -2.400e+01 -2.400e+01 -2.400e+01 -2.400e+01
-13.937 -14.937 14.281 28.217 0.000 0.000 1.000 -3.769e+00 -3.019e-01 -3.011e-01 -3.089e+00 -4.400e+00 -6.090e+00 -1.456e+01 -2.368e+01 -2.400e+01 -2.400e+01 -2.400e+01 -2.400e+01 -2.400e+01 -2.400e+01 -2.400e+01 -2.400e+01
-13.855 -14.855 14.363 28.217 0.000 0.000 1.000 -3.686e+00 -3.021e-01 -3.011e-01 -3.006e+00 -4.318e+00 -6.007e+00 -1.431e+01 -2.342e+01 -2.400e+01 -2.400e+01 -2.400e+01 -2.400e+01 -2.400e+01 -2.400e+01 -2.400e+01 -2.400e+01
-13.772 -14.772 14.446 28.216 0.000 0.000 1.000 -3.604e+00 -3.023e-01 -3.011e-01 -2.923e+00 -4.235e+00 -5.924e+00 -1.407e+01 -2.308e+01 -2.400e+01 -2.400e+01 -2.400e+01 -2.400e+01 -2.400e+01 -2.400e+01 -2.400e+01 -2.400e+01
-13.689 -14.689 14.528 28.216 0.000 0.000 1.000 -3.521e+00 -3.026e-01 -3.011e-01 -2.841e+00 -4.152e+00 -5.841e+00 -1.382e+01 -2.270e+01 -2.400e+01 -2.400e+01 -2.400e+01 -2.400e+01 -2.400e+01 -2.400e+01 -2.400e+01 -2.400e+01
-13.648 -14.648 14.569 28.216 0.000 0.000 1.000 -3.480e+00 -3.027e-01 -3.011e-01 -2.800e+00 -4.111e+00 -5.800e+00 -1.369e+01 -2.250e+01 -2.400e+01 -2.400e+01 -2.400e+01 -2.400e+01 -2.400e+01 -2.400e+01 -2.400e+01 -2.400e+01
-13.565 -14.565 14.652 28.215 0.000 0.000 1.000 -3.397e+00 -3.031e-01 -3.011e-01 -2.717e+00 -4.028e+00 -5.717e+00 -1.345e+01 -2.210e+01 -2.400e+01 -2.400e+01 -2.400e+01 -2.400e+01 -2.400e+01 -2.400e+01 -2.400e+01 -2.400e+01
-13.482 -14.482 14.734 28.214 0.000 0.000 1.000 -3.315e+00 -3.035e-01 -3.011e-01 -2.635e+00 -3.946e+00 -5.634e+00 -1.320e+01 -2.169e+01 -2.400e+01 -2.400e+01 -2.400e+01 -2.400e+01 -2.400e+01 -2.400e+01 -2.400e+01 -2.400e+01
-13.399 -14.399 14.817 28.213 0.000 0.000 1.000 -3.233e+00 -3.040e-01 -3.011e-01 -2.553e+00 -3.863e+00 -5.551e+00 -1.295e+01 -2.128e+01 -2.400e+01 -2.400e+01 -2.400e+01 -2.400e+01 -2.400e+01 -2.400e+01 -2.400e+01 -2.400e+01
-13.316 -14.316 14.899 28.212 0.000 0.000 1.000 -3.150e+00 -3.046e-01 -3.011e-01 -2.471e+00 -3.781e+00 -5.468e+00 -1.270e+01 -2.086e+01 -2.400e+01 -2.400e+01 -2.400e+01 -2.400e+01 -2.400e+01 -2.400e+01 -2.400e+01 -2.400e+01
-13.234 -14.234 14.981 28.210 0.000 0.000 1.000 -3.068e+00 -3.054e-01 -3.012e-01 -2.389e+00 -3.698e+00 -5.385e+00 -1.245e+01 -2.045e+01 -2.400e+01 -2.400e+01 -2.400e+01 -2.400e+01 -2.400e+01 -2.400e+01 -2.400e+01 -2.400e+01
-13.192 -14.192 15.022 28.210 0.000 0.000 1.000 -3.027e+00 -3.058e-01 -3.012e-01 -2.348e+00 -3.657e+00 -5.344e+00 -1.233e+01 -2.024e+01 -2.400e+01 -2.400e+01 -2.400e+01 -2.400e+01 -2.400e+01 -2.400e+01 -2.400e+01 -2.400e+01
-13.110 -14.110 15.103 28.208 0.000 0.000 1.000 -2.945e+00 -3.068e-01 -3.012e-01 -2.266e+00 -3.575e+00 -5.260e+00 -1.208e+01 -1.983e+01 -2.400e+01 -2.400e+01 -2.400e+01 -2.400e+01 -2.400e+01 -2.400e+01 -2.400e+01 -2.400e+01
-13.027 -14.027 15.185 28.205 0.000 0.000 1.000 -2.864e+00 -3.080e-01 -3.012e-01 -2.184e+00 -3.493e+00 -5.177e+00 -1.183e+01 -1.942e+01 -2.400e+01 -2.400e+01 -2.400e+01 -2.400e+01 -2.400e+01 -2.400e+01 -2.400e+01 -2.400e+01
-12.944 -13.944 15.266 28.203 0.000 0.000 1.000 -2.782e+00 -3.095e-01 -3.013e-01 -2.103e+00 -3.411e+00 -5.094e+00 -1.159e+01 -1.901e+01 -2.400e+01 -2.400e+01 -2.400e+01 -2.400e+01 -2.400e+01 -2.400e+01 -2.400e+01 -2.400e+01
-12.861 -13.861 15.347 28.199 0.000 0.000 1.000 -2.701e+00 -3.113e-01 -3.013e-01 -2.022e+00 -3.329e+00 -5.010e+00 -1.134e+01 -1.859e+01 -2.400e+01 -2.400e+01 -2.400e+01 -2.400e+01 -2.400e+01 -2.400e+01 -2.400e+01 -2.400e+01
-12.820 -13.820 15.388 28.197 0.000 0.000 1.000 -2.661e+00 -3.123e-01 -3.013e-01 -1.982e+00 -3.288e+00 -4.969e+00 -1.121e+01 -1.839e+01 -2.400e+01 -2.400e+01 -2.400e+01 -2.400e+01 -2.400e+01 -2.400e+01 -2.400e+01 -2.400e+01
-12.737 -13.737 15.468 28.193 0.000 0.000 1.000 -2.580e+00 -3.146e-01 -3.014e-01 -1.901e+00 -3.206e+00 -4.885e+00 -1.097e+01 -1.798e+01 -2.399e+01 -2.400e+01 -2.400e+01 -2.400e+01 -2.400e+01 -2.400e+01 -2.400e+01 -2.400e+01
-12.654 -13.654 15.548 28.188 0.000 0.000 1.000 -2.500e+00 -3.174e-01 -3.015e-01 -1.821e+00 -3.125e+00 -4.801e+00 -1.072e+01 -1.757e+01 -2.397e+01 -2.400e+01 -2.400e+01 -2.400e+01 -2.400e+01 -2.400e+01 -2.400e+01 -2.400e+01
-12.571 -13.571 15.628 28.181 0.000 0.000 1.000 -2.420e+00 -3.208e-01 -3.016e-01 -1.742e+00 -3.044e+00 -4.717e+00 -1.047e+01 -1.716e+01 -2.389e+01 -2.400e+01 -2.400e+01 -2.400e+01 -2.400e+01 -2.400e+01 -2.400e+01 -2.400e+01
-12.489 -13.489 15.707 28.174 0.000 0.000 1.000 -2.341e+00 -3.248e-01 -3.017e-01 -1.663e+00 -2.963e+00 -4.633e+00 -1.023e+01 -1.675e+01 -2.368e+01 -2.400e+01 -2.400e+01 -2.400e+01 -2.400e+01 -2.400e+01 -2.400e+01 -2.400e+01
-12.447 -13.447 15.746 28.169 0.000 0.000 1.000 -2.302e+00 -3.271e-01 -3.017e-01 -1.624e+00 -2.923e+00 -4.591e+00 -1.010e+01 -1.654e+01 -2.351e+01 -2.400e+01 -2.400e+01 -2.400e+01 -2.400e+01 -2.400e+01 -2.400e+01 -2.400e+01
-12.364 -13.364 15.823 28.159 0.000 0.000 1.000 -2.224e+00 -3.324e-01 -3.019e-01 -1.547e+00 -2.843e+00 -4.506e+00 -9.857e+00 -1.613e+01 -2.306e+01 -2.400e+01 -2.400e+01 -2.400e+01 -2.400e+01 -2.400e+01 -2.400e+01 -2.400e+01
-12.282 -13.282 15.900 28.147 0.000 0.000 1.000 -2.147e+00 -3.387e-01 -3.020e-01 -1.471e+00 -2.763e+00 -4.421e+00 -9.611e+00 -1.573e+01 -2.253e+01 -2.400e+01 -2.400e+01 -2.400e+01 -2.400e+01 -2.400e+01 -2.400e+01 -2.400e+01
-12.199 -13.199 15.975 28.132 0.000 0.000 1.000 -2.071e+00 -3.463e-01 -3.022e-01 -1.396e+00 -2.684e+00 -4.336e+00 -9.366e+00 -1.532e+01 -2.197e+01 -2.400e+01 -2.400e+01 -2.400e+01 -2.400e+01 -2.400e+01 -2.400e+01 -2.400e+01
-12.116 -13.116 16.049 28.115 0.000 0.000 1.000 -1.996e+00 -3.553e-01 -3.024e-01 -1.322e+00 -2.606e+00 -4.250e+00 -9.121e+00 -1.492e+01 -2.141e+01 -2.400e+01 -2.400e+01 -2.400e+01 -2.400e+01 -2.400e+01 -2.400e+01 -2.400e+01
-12.075 -13.075 16.085 28.105 0.000 0.000 1.000 -1.959e+00 -3.604e-01 -3.025e-01 -1.286e+00 -2.567e+00 -4.207e+00 -9.000e+00 -1.472e+01 -2.113e+01 -2.400e+01 -2.400e+01 -2.400e+01 -2.400e+01 -2.400e+01 -2.400e+01 -2.400e+01
-11.992 -12.992 16.156 28.083 0.000 0.000 1.000 -1.887e+00 -3.719e-01 -3.027e-01 -1.215e+00 -2.490e+00 -4.121e+00 -8.756e+00 -1.431e+01 -2.057e+01 -2.400e+01 -2.400e+01 -2.400e+01 -2.400e+01 -2.400e+01 -2.400e+01 -2.400e+01
-11.909 -12.909 16.225 28.056 0.000 0.000 1.000 -1.816e+00 -3.855e-01 -3.030e-01 -1.146e+00 -2.414e+00 -4.034e+00 -8.514e+00 -1.392e+01 -2.001e+01 -2.399e+01 -2.400e+01 -2.400e+01 -2.400e+01 -2.400e+01 -2.400e+01 -2.400e+01
-11.826 -12.826 16.292 28.025 0.000 0.000 1.000 -1.748e+00 -4.014e-01 -3.032e-01 -1.080e+00 -2.339e+00 -3.947e+00 -8.273e+00 -1.352e+01 -1.946e+01 -2.395e+01 -2.400e+01 -2.400e+01 -2.400e+01 -2.400e+01 -2.400e+01 -2.400e+01
-11.744 -12.744 16.356 27.989 0.000 0.000 1.000 -1.682e+00 -4.200e-01 -3.035e-01 -1.017e+00 -2.265e+00 -3.860e+00 -8.034e+00 -1.313e+01 -1.892e+01 -2.380e+01 -2.400e+01 -2.400e+01 -2.400e+01 -2.400e+01 -2.400e+01 -2.400e+01
-11.661 -12.661 16.417 27.946 0.000 0.000 1.000 -1.618e+00 -4.415e-01 -3.037e-01 -9.564e-01 -2.192e+00 -3.772e+00 -7.796e+00 -1.274e+01 -1.838e+01 -2.340e+01 -2.400e+01 -2.400e+01 -2.400e+01 -2.400e+01 -2.400e+01 -2.400e+01
-11.619 -12.619 16.447 27.922 0.000 0.000 1.000 -1.587e+00 -4.535e-01 -3.038e-01 -9.275e-01 -2.157e+00 -3.727e+00 -7.678e+00 -1.254e+01 -1.811e+01 -2.313e+01 -2.400e+01 -2.400e+01 -2.400e+01 -2.400e+01 -2.400e+01 -2.400e+01
-11.537 -12.537 16.503 27.868 0.000 0.000 1.000 -1.528e+00 -4.800e-01 -3.039e-01 -8.727e-01 -2.087e+00 -3.639e+00 -7.443e+00 -1.216e+01 -1.758e+01 -2.249e+01 -2.400e+01 -2.400e+01 -2.400e+01 -2.400e+01 -2.400e+01 -2.400e+01
-11.454 -12.454 16.555 27.806 0.000 0.000 1.000 -1.472e+00 -5.101e-01 -3.038e-01 -8.220e-01 -2.018e+00 -3.550e+00 -7.210e+00 -1.178e+01 -1.705e+01 -2.183e+01 -2.400e+01 -2.400e+01 -2.400e+01 -2.400e+01 -2.400e+01 -2.400e+01
-11.371 -12.371 16.603 27.735 0.000 0.000 1.000 -1.419e+00 -5.442e-01 -3.036e-01 -7.757e-01 -1.951e+00 -3.461e+00 -6.980e+00 -1.141e+01 -1.653e+01 -2.118e+01 -2.400e+01 -2.400e+01 -2.400e+01 -2.400e+01 -2.400e+01 -2.400e+01
-11.288 -12.288 16.646 27.654 0.000 0.000 1.000 -1.369e+00 -5.822e-01 -3.031e-01 -7.341e-01 -1.886e+00 -3.371e+00 -6.753e+00 -1.104e+01 -1.603e+01 -2.053e+01 -2.400e+01 -2.400e+01 -2.400e+01 -2.400e+01 -2.400e+01 -2.400e+01
-11.247 -12.247 16.666 27.609 0.000 0.000 1.000 -1.345e+00 -6.028e-01 -3.027e-01 -7.152e-01 -1.854e+00 -3.327e+00 -6.640e+00 -1.086e+01 -1.578e+01 -2.021e+01 -2.400e+01 -2.400e+01 -2.400e+01 -2.400e+01 -2.400e+01 -2.400e+01
-11.164 -12.164 16.703 27.509 0.000 0.000 1.000 -1.300e+00 -6.471e-01 -3.015e-01 -6.814e-01 -1.792e+00 -3.237e+00 -6.417e+00 -1.050e+01 -1.528e+01 -1.957e+01 -2.399e+01 -2.400e+01 -2.400e+01 -2.400e+01 -2.400e+01 -2.400e+01
-11.081 -12.081 16.734 27.394 0.000 0.000 1.000 -1.258e+00 -6.956e-01 -2.997e-01 -6.531e-01 -1.730e+00 -3.146e+00 -6.196e+00 -1.015e+01 -1.479e+01 -1.895e+01 -2.397e+01 -2.400e+01 -2.400e+01 -2.400e+01 -2.400e+01 -2.400e+01
-10.998 -11.998 16.761 27.261 0.000 0.000 1.000 -1.218e+00 -7.481e-01 -2.971e-01 -6.305e-01 -1.671e+00 -3.055e+00 -5.979e+00 -9.803e+00 -1.431e+01 -1.834e+01 -2.385e+01 -2.400e+01 -2.400e+01 -2.400e+01 -2.400e+01 -2.400e+01
-10.916 -11.916 16.783 27.106 0.000 0.000 1.000 -1.181e+00 -8.046e-01 -2.936e-01 -6.141e-01 -1.612e+00 -2.963e+00 -5.763e+00 -9.461e+00 -1.384e+01 -1.775e+01 -2.349e+01 -2.400e+01 -2.400e+01 -2.400e+01 -2.400e+01 -2.400e+01
-10.874 -11.874 16.792 27.016 0.000 0.000 1.000 -1.164e+00 -8.343e-01 -2.915e-01 -6.082e-01 -1.583e+00 -2.917e+00 -5.656e+00 -9.292e+00 -1.361e+01 -1.745e+01 -2.321e+01 -2.400e+01 -2.400e+01 -2.400e+01 -2.400e+01 -2.400e+01
-10.792 -11.792 16.806 26.803 0.000 0.000 1.000 -1.130e+00 -8.963e-01 -2.863e-01 -6.015e-01 -1.526e+00 -2.822e+00 -5.443e+00 -8.957e+00 -1.315e+01 -1.687e+01 -2.256e+01 -2.400e+01 -2.400e+01 -2.400e+01 -2.400e+01 -2.400e+01
-10.709 -11.709 16.815 26.510 0.000 0.000 1.000 -1.097e+00 -9.617e-01 -2.798e-01 -6.019e-01 -1.470e+00 -2.726e+00 -5.232e+00 -8.625e+00 -1.270e+01 -1.630e+01 -2.188e+01 -2.400e+01 -2.400e+01 -2.400e+01 -2.400e+01 -2.400e+01
-10.626 -11.626 16.819 25.965 0.000 0.000 1.000 -1.066e+00 -1.030e+00 -2.720e-01 -6.101e-01 -1.415e+00 -2.627e+00 -5.020e+00 -8.297e+00 -1.225e+01 -1.573e+01 -2.120e+01 -2.400e+01 -2.400e+01 -2.400e+01 -2.400e+01 -2.400e+01
-10.543 -11.543 16.817 25.834 0.000 0.000 1.000 -1.036e+00 -1.101e+00 -2.628e-01 -6.268e-01 -1.361e+00 -2.526e+00 -4.809e+00 -7.971e+00 -1.181e+01 -1.517e+01 -2.052e+01 -2.400e+01 -2.400e+01 -2.400e+01 -2.400e+01 -2.400e+01
-10.460 -11.460 16.811 26.228 0.000 0.000 1.000 -1.006e+00 -1.175e+00 -2.524e-01 -6.531e-01 -1.307e+00 -2.421e+00 -4.597e+00 -7.646e+00 -1.137e+01 -1.462e+01 -1.985e+01 -2.399e+01 -2.400e+01 -2.400e+01 -2.400e+01 -2.400e+01
-10.419 -11.419 16.807 26.302 0.000 0.000 1.000 -9.920e-01 -1.213e+00 -2.467e-01 -6.703e-01 -1.281e+00 -2.367e+00 -4.490e+00 -7.483e+00 -1.115e+01 -1.435e+01 -1.952e+01 -2.398e+01 -2.400e+01 -2.400e+01 -2.400e+01 -2.400e+01
-10.336 -11.336 16.794 26.365 0.000 0.000 1.000 -9.639e-01 -1.289e+00 -2.349e-01 -7.137e-01 -1.230e+00 -2.257e+00 -4.275e+00 -7.159e+00 -1.071e+01 -1.380e+01 -1.886e+01 -2.390e+01 -2.400e+01 -2.400e+01 -2.400e+01 -2.400e+01
-10.253 -11.253 16.778 26.359 0.000 0.000 1.000 -9.370e-01 -1.367e+00 -2.227e-01 -7.707e-01 -1.182e+00 -2.143e+00 -4.059e+00 -6.834e+00 -1.028e+01 -1.326e+01 -1.820e+01 -2.361e+01 -2.400e+01 -2.400e+01 -2.400e+01 -2.400e+01
-10.171 -11.171 16.760 26.303 0.000 0.000 1.000 -9.115e-01 -1.445e+00 -2.108e-01 -8.435e-01 -1.136e+00 -2.027e+00 -3.841e+00 -6.509e+00 -9.844e+00 -1.272e+01 -1.755e+01 -2.303e+01 -2.400e+01 -2.400e+01 -2.400e+01 -2.400e+01
-10.088 -11.088 16.742 26.195 0.000 0.000 1.000 -8.878e-01 -1.522e+00 -1.998e-01 -9.345e-01 -1.095e+00 -1.909e+00 -3.623e+00 -6.184e+00 -9.411e+00 -1.219e+01 -1.691e+01 -2.231e+01 -2.400e+01 -2.400e+01 -2.400e+01 -2.400e+01
-10.046 -11.046 16.733 26.119 0.000 0.000 1.000 -8.768e-01 -1.560e+00 -1.949e-01 -9.876e-01 -1.076e+00 -1.850e+00 -3.513e+00 -6.022e+00 -9.195e+00 -1.192e+01 -1.659e+01 -2.194e+01 -2.400e+01 -2.400e+01 -2.400e+01 -2.400e+01
-9.964 -10.964 16.719 25.895 0.000 0.000 1.000 -8.566e-01 -1.633e+00 -1.869e-01 -1.110e+00 -1.043e+00 -1.732e+00 -3.296e+00 -5.699e+00 -8.766e+00 -1.140e+01 -1.595e+01 -2.120e+01 -2.400e+01 -2.400e+01 -2.400e+01 -2.400e+01
-9.881 -10.881 16.712 25.452 0.000 0.000 1.000 -8.390e-01 -1.700e+00 -1.817e-01 -1.256e+00 -1.016e+00 -1.616e+00 -3.080e+00 -5.380e+00 -8.341e+00 -1.088e+01 -1.532e+01 -2.046e+01 -2.400e+01 -2.400e+01 -2.400e+01 -2.400e+01
-9.798 -10.798 16.713 25.149 0.000 0.000 1.000 -8.240e-01 -1.758e+00 -1.798e-01 -1.421e+00 -9.959e-01 -1.503e+00 -2.869e+00 -5.064e+00 -7.921e+00 -1.037e+01 -1.471e+01 -1.974e+01 -2.397e+01 -2.400e+01 -2.400e+01 -2.400e+01
-9.715 -10.715 16.724 25.663 0.000 0.000 1.000 -8.114e-01 -1.807e+00 -1.817e-01 -1.597e+00 -9.829e-01 -1.394e+00 -2.663e+00 -4.756e+00 -7.508e+00 -9.870e+00 -1.410e+01 -1.903e+01 -2.386e+01 -2.400e+01 -2.400e+01 -2.400e+01
-9.674 -10.674 16.733 25.762 0.000 0.000 1.000 -8.058e-01 -1.827e+00 -1.840e-01 -1.683e+00 -9.790e-01 -1.342e+00 -2.563e+00 -4.604e+00 -7.305e+00 -9.626e+00 -1.381e+01 -1.868e+01 -2.370e+01 -2.400e+01 -2.400e+01 -2.400e+01
-9.591 -10.591 16.757 25.870 0.000 0.000 1.000 -7.957e-01 -1.858e+00 -1.912e-01 -1.831e+00 -9.756e-01 -1.241e+00 -2.369e+00 -4.308e+00 -6.905e+00 -9.149e+00 -1.322e+01 -1.799e+01 -2.315e+01 -2.400e+01 -2.400e+01 -2.400e+01
-9.508 -10.508 16.789 25.917 0.000 0.000 1.000 -7.865e-01 -1.880e+00 -2.018e-01 -1.932e+00 -9.777e-01 -1.147e+00 -2.184e+00 -4.020e+00 -6.514e+00 -8.686e+00 -1.265e+01 -1.732e+01 -2.243e+01 -2.400e+01 -2.400e+01 -2.400e+01
-9.426 -10.426 16.827 25.935 0.000 0.000 1.000 -7.774e-01 -1.894e+00 -2.155e-01 -1.985e+00 -9.846e-01 -1.058e+00 -2.008e+00 -3.743e+00 -6.134e+00 -8.238e+00 -1.210e+01 -1.666e+01 -2.168e+01 -2.400e+01 -2.400e+01 -2.400e+01
-9.343 -10.343 16.869 25.939 0.000 0.000 1.000 -7.682e-01 -1.904e+00 -2.322e-01 -2.011e+00 -9.961e-01 -9.756e-01 -1.842e+00 -3.476e+00 -5.763e+00 -7.806e+00 -1.156e+01 -1.602e+01 -2.094e+01 -2.399e+01 -2.400e+01 -2.400e+01
-9.260 -10.260 16.915 25.936 0.000 0.000 1.000 -7.587e-01 -1.912e+00 -2.523e-01 -2.028e+00 -1.012e+00 -8.985e-01 -1.686e+00 -3.219e+00 -5.403e+00 -7.388e+00 -1.104e+01 -1.539e+01 -2.021e+01 -2.393e+01 -2.400e+01 -2.400e+01
-9.219 -10.219 16.939 25.932 0.000 0.000 1.000 -7.538e-01 -1.916e+00 -2.637e-01 -2.036e+00 -1.023e+00 -8.620e-01 -1.611e+00 -3.095e+00 -5.226e+00 -7.185e+00 -1.078e+01 -1.508e+01 -1.985e+01 -2.384e+01 -2.400e+01 -2.400e+01
-9.136 -10.136 16.989 25.920 0.000 0.000 1.000 -7.439e-01 -1.926e+00 -2.896e-01 -2.054e+00 -1.048e+00 -7.932e-01 -1.471e+00 -2.856e+00 -4.881e+00 -6.790e+00 -1.028e+01 -1.448e+01 -1.914e+01 -2.341e+01 -2.400e+01 -2.400e+01
-9.053 -10.053 17.041 25.900 0.000 0.000 1.000 -7.339e-01 -1.936e+00 -3.201e-01 -2.077e+00 -1.081e+00 -7.297e-01 -1.342e+00 -2.629e+00 -4.548e+00 -6.412e+00 -9.792e+00 -1.388e+01 -1.844e+01 -2.272e+01 -2.400e+01 -2.400e+01
-8.970 -9.970 17.093 25.871 0.000 0.000 1.000 -7.240e-01 -1.949e+00 -3.558e-01 -2.106e+00 -1.123e+00 -6.718e-01 -1.225e+00 -2.415e+00 -4.226e+00 -6.063e+00 -9.336e+00 -1.331e+01 -1.776e+01 -2.197e+01 -2.400e+01 -2.400e+01
-8.887 -9.887 17.145 25.831 0.062 0.000 1.001 -7.143e-01 -1.964e+00 -3.975e-01 -2.134e+00 -1.176e+00 -6.196e-01 -1.120e+00 -2.216e+00 -3.918e+00 -5.716e+00 -8.889e+00 -1.276e+01 -1.710e+01 -2.123e+01 -2.400e+01 -2.400e+01
-8.846 -9.846 17.170 25.805 0.062 0.000 1.001 -7.094e-01 -1.973e+00 -4.207e-01 -2.152e+00 -1.206e+00 -5.956e-01 -1.072e+00 -2.123e+00 -3.769e+00 -5.549e+00 -8.670e+00 -1.249e+01 -1.678e+01 -2.086e+01 -2.400e+01 -2.400e+01
-8.763 -9.763 17.218 25.746 0.125 0.000 1.002 -7.000e-01 -1.993e+00 -4.724e-01 -2.194e+00 -1.274e+00 -5.519e-01 -9.853e-01 -1.948e+00 -3.483e+00 -5.281e+00 -8.241e+00 -1.195e+01 -1.614e+01 -2.014e+01 -2.398e+01 -2.400e+01
-8.680 -9.680 17.262 25.674 0.125 0.000 1.003 -6.907e-01 -2.015e+00 -5.320e-01 -2.244e+00 -1.353e+00 -5.140e-01 -9.109e-01 -1.791e+00 -3.214e+00 -4.996e+00 -7.854e+00 -1.144e+01 -1.552e+01 -1.944e+01 -2.386e+01 -2.400e+01
-8.598 -9.598 17.303 25.588 0.125 0.000 1.005 -6.817e-01 -2.042e+00 -6.002e-01 -2.303e+00 -1.440e+00 -4.816e-01 -8.478e-01 -1.652e+00 -2.962e+00 -4.720e+00 -7.474e+00 -1.096e+01 -1.492e+01 -1.877e+01 -2.349e+01 -2.400e+01
-8.515 -9.515 17.339 25.489 0.125 0.000 1.007 -6.731e-01 -2.074e+00 -6.779e-01 -2.371e+00 -1.535e+00 -4.545e-01 -7.952e-01 -1.533e+00 -2.729e+00 -4.464e+00 -7.106e+00 -1.048e+01 -1.434e+01 -1.812e+01 -2.286e+01 -2.400e+01
-8.474 -9.474 17.355 25.434 0.125 0.000 1.008 -6.690e-01 -2.092e+00 -7.206e-01 -2.409e+00 -1.585e+00 -4.428e-01 -7.725e-01 -1.480e+00 -2.620e+00 -4.344e+00 -6.929e+00 -1.025e+01 -1.406e+01 -1.781e+01 -2.251e+01 -2.400e+01
-8.391 -9.391 17.384 25.316 0.125 0.000 1.010 -6.611e-01 -2.132e+00 -8.141e-01 -2.492e+00 -1.686e+00 -4.229e-01 -7.333e-01 -1.388e+00 -2.415e+00 -4.120e+00 -6.587e+00 -9.801e+00 -1.351e+01 -1.719e+01 -2.181e+01 -2.399e+01
-8.308 -9.403 17.409 25.192 0.125 0.000 1.011 -6.540e-01 -2.178e+00 -9.192e-01 -2.587e+00 -1.789e+00 -4.077e-01 -7.029e-01 -1.315e+00 -2.230e+00 -3.918e+00 -6.265e+00 -9.368e+00 -1.297e+01 -1.662e+01 -2.113e+01 -2.395e+01
-8.233 -9.233 17.428 25.071 0.125 0.000 1.013 -6.484e-01 -2.226e+00 -1.025e+00 -2.683e+00 -1.878e+00 -3.971e-01 -6.805e-01 -1.263e+00 -2.080e+00 -3.753e+00 -5.988e+00 -8.990e+00 -1.249e+01 -1.609e+01 -2.053e+01 -2.381e+01
-8.150 -9.150 17.446 24.923 0.125 0.000 1.014 -6.431e-01 -2.285e+00 -1.154e+00 -2.801e+00 -1.977e+00 -3.884e-01 -6.615e-01 -1.219e+00 -1.934e+00 -3.593e+00 -5.707e+00 -8.594e+00 -1.199e+01 -1.555e+01 -1.990e+01 -2.342e+01
-8.067 -9.067 17.460 24.758 0.188 0.053 1.000 -6.454e-01 -2.359e+00 -1.303e+00 -2.940e+00 -2.076e+00 -3.890e-01 -6.539e-01 -1.193e+00 -1.813e+00 -3.461e+00 -5.452e+00 -8.226e+00 -1.151e+01 -1.510e+01 -1.929e+01 -2.285e+01
-7.985 -8.985 17.466 24.283 0.250 0.053 1.000 -6.391e-01 -2.431e+00 -1.458e+00 -3.086e+00 -2.137e+00 -3.744e-01 -6.657e-01 -1.183e+00 -1.709e+00 -3.350e+00 -5.216e+00 -7.877e+00 -1.105e+01 -1.464e+01 -1.876e+01 -2.227e+01
-7.943 -8.943 17.468 24.205 0.250 0.053 1.000 -6.366e-01 -2.472e+00 -1.540e+00 -3.162e+00 -2.166e+00 -3.684e-01 -6.707e-01 -1.183e+00 -1.665e+00 -3.300e+00 -5.105e+00 -7.709e+00 -1.083e+01 -1.440e+01 -1.849e+01 -2.198e+01
-7.860 -8.860 17.472 23.981 0.250 0.053 1.000 -6.324e-01 -2.560e+00 -1.712e+00 -3.322e+00 -2.218e+00 -3.590e-01 -6.800e-01 -1.184e+00 -1.591e+00 -3.216e+00 -4.895e+00 -7.386e+00 -1.040e+01 -1.395e+01 -1.795e+01 -2.141e+01
-7.778 -8.778 17.475 23.692 0.250 0.053 1.000 -6.290e-01 -2.653e+00 -1.890e+00 -3.487e+00 -2.257e+00 -3.527e-01 -6.883e-01 -1.186e+00 -1.534e+00 -3.150e+00 -4.703e+00 -7.081e+00 -9.989e+00 -1.351e+01 -1.744e+01 -2.086e+01
-7.695 -8.695 17.476 23.241 0.250 0.053 1.000 -6.260e-01 -2.750e+00 -2.067e+00 -3.649e+00 -2.284e+00 -3.488e-01 -6.956e-01 -1.188e+00 -1.490e+00 -3.099e+00 -4.528e+00 -6.793e+00 -9.594e+00 -1.310e+01 -1.695e+01 -2.032e+01
-7.612 -8.612 17.476 22.632 0.312 0.105 1.000 -6.231e-01 -2.832e+00 -2.223e+00 -3.789e+00 -2.301e+00 -3.467e-01 -7.019e-01 -1.189e+00 -1.457e+00 -3.061e+00 -4.368e+00 -6.521e+00 -9.216e+00 -1.271e+01 -1.649e+01 -1.989e+01
-7.571 -8.571 17.475 23.335 0.312 0.105 1.000 -6.213e-01 -2.873e+00 -2.289e+00 -3.847e+00 -2.307e+00 -3.462e-01 -7.020e-01 -1.198e+00 -1.446e+00 -3.048e+00 -4.293e+00 -6.391e+00 -9.033e+00 -1.252e+01 -1.626e+01 -1.967e+01
-7.488 -8.488 17.473 23.504 0.250 0.211 1.000 -6.173e-01 -2.944e+00 -2.405e+00 -3.947e+00 -2.327e+00 -3.460e-01 -7.022e-01 -1.211e+00 -1.433e+00 -3.028e+00 -4.153e+00 -6.140e+00 -8.677e+00 -1.215e+01 -1.584e+01 -1.921e+01
-7.405 -8.405 17.470 23.486 0.250 0.263 1.000 -6.134e-01 -2.993e+00 -2.498e+00 -4.037e+00 -2.393e+00 -3.464e-01 -7.026e-01 -1.218e+00 -1.422e+00 -3.039e+00 -4.027e+00 -5.903e+00 -8.335e+00 -1.179e+01 -1.543e+01 -1.878e+01
-7.322 -8.322 17.466 23.414 0.250 0.263 1.000 -6.095e-01 -3.048e+00 -2.587e+00 -4.126e+00 -2.485e+00 -3.468e-01 -7.030e-01 -1.219e+00 -1.422e+00 -3.052e+00 -3.916e+00 -5.679e+00 -8.006e+00 -1.145e+01 -1.504e+01 -1.837e+01
-7.240 -8.240 17.463 23.304 0.312 0.263 1.000 -6.060e-01 -3.099e+00 -2.648e+00 -4.213e+00 -2.588e+00 -3.473e-01 -7.036e-01 -1.219e+00 -1.423e+00 -3.067e+00 -3.816e+00 -5.468e+00 -7.689e+00 -1.113e+01 -1.467e+01 -1.799e+01
-7.198 -8.198 17.462 23.249 0.312 0.211 1.000 -6.043e-01 -3.123e+00 -2.686e+00 -4.254e+00 -2.636e+00 -3.475e-01 -7.038e-01 -1.219e+00 -1.423e+00 -3.076e+00 -3.770e+00 -5.366e+00 -7.536e+00 -1.097e+01 -1.451e+01 -1.783e+01
-7.087 -8.087 17.444 23.561 0.375 0.211 1.000 -5.876e-01 -3.134e+00 -2.674e+00 -4.182e+00 -2.371e+00 -3.622e-01 -6.992e-01 -1.215e+00 -1.419e+00 -3.098e+00 -3.649e+00 -5.097e+00 -7.122e+00 -1.053e+01 -1.401e+01 -1.729e+01
-7.045 -8.045 17.439 23.543 0.375 0.211 1.000 -5.841e-01 -3.131e+00 -2.669e+00 -4.178e+00 -2.376e+00 -3.642e-01 -6.994e-01 -1.215e+00 -1.419e+00 -3.110e+00 -3.609e+00 -5.003e+00 -6.977e+00 -1.038e+01 -1.386e+01 -1.715e+01
-6.963 -7.963 17.429 23.514 0.375 0.211 1.000 -5.765e-01 -3.131e+00 -2.668e+00 -4.178e+00 -2.387e+00 -3.684e-01 -6.999e-01 -1.215e+00 -1.419e+00 -3.138e+00 -3.535e+00 -4.822e+00 -6.693e+00 -1.009e+01 -1.353e+01 -1.682e+01
-6.880 -8.222 17.419 23.367 0.562 0.158 1.000 -5.674e-01 -3.133e+00 -2.671e+00 -4.183e+00 -2.394e+00 -3.718e-01 -6.988e-01 -1.214e+00 -1.454e+00 -3.078e+00 -3.454e+00 -4.648e+00 -6.415e+00 -9.803e+00 -1.328e+01 -1.652e+01
-6.799 -7.799 17.407 23.462 0.375 0.211 1.000 -5.580e-01 -3.150e+00 -2.690e+00 -4.197e+00 -2.413e+00 -3.765e-01 -6.988e-01 -1.214e+00 -1.470e+00 -3.030e+00 -3.362e+00 -4.474e+00 -6.143e+00 -9.497e+00 -1.289e+01 -1.609e+01
-6.716 -7.716 17.391 23.413 0.438 0.211 1.000 -5.480e-01 -3.160e+00 -2.702e+00 -4.207e+00 -2.427e+00 -3.820e-01 -7.002e-01 -1.216e+00 -1.471e+00 -3.077e+00 -3.284e+00 -4.300e+00 -5.877e+00 -9.239e+00 -1.268e+01 -1.589e+01
-6.675 -7.675 17.383 23.393 0.438 0.211 1.000 -5.428e-01 -3.166e+00 -2.710e+00 -4.213e+00 -2.435e+00 -3.849e-01 -7.010e-01 -1.217e+00 -1.472e+00 -3.103e+00 -3.252e+00 -4.215e+00 -5.745e+00 -9.100e+00 -1.253e+01 -1.574e+01
-6.592 -7.592 17.364 23.351 0.438 0.158 1.000 -5.319e-01 -3.181e+00 -2.727e+00 -4.227e+00 -2.451e+00 -3.910e-01 -7.030e-01 -1.219e+00 -1.474e+00 -3.159e+00 -3.200e+00 -4.052e+00 -5.482e+00 -8.825e+00 -1.224e+01 -1.543e+01
-6.522 -8.486 17.353 23.301 0.500 0.053 1.000 -5.195e-01 -3.194e+00 -2.742e+00 -4.243e+00 -2.462e+00 -3.916e-01 -6.982e-01 -1.294e+00 -1.484e+00 -3.000e+00 -3.135e+00 -3.914e+00 -5.255e+00 -8.539e+00 -1.189e+01 -1.506e+01
-6.441 -7.441 17.414 22.788 0.500 0.316 1.000 -5.375e-01 -3.295e+00 -2.906e+00 -4.454e+00 -2.812e+00 -4.594e-01 -6.599e-01 -1.105e+00 -1.228e+00 -2.790e+00 -2.978e+00 -3.744e+00 -4.999e+00 -8.511e+00 -1.183e+01 -1.495e+01
-6.368 -7.661 17.390 23.278 0.438 0.211 1.000 -5.191e-01 -3.302e+00 -2.885e+00 -4.379e+00 -2.557e+00 -4.823e-01 -6.551e-01 -1.100e+00 -1.223e+00 -2.869e+00 -2.887e+00 -3.579e+00 -4.771e+00 -8.058e+00 -1.139e+01 -1.451e+01
-6.281 -7.302 17.367 23.169 0.438 0.211 1.000 -5.024e-01 -3.291e+00 -2.868e+00 -4.365e+00 -2.581e+00 -4.920e-01 -6.523e-01 -1.098e+00 -1.278e+00 -2.816e+00 -2.793e+00 -3.388e+00 -4.485e+00 -7.767e+00 -1.109e+01 -1.420e+01
-6.200 -7.200 17.341 23.090 0.438 0.158 1.000 -4.906e-01 -3.306e+00 -2.883e+00 -4.376e+00 -2.600e+00 -4.987e-01 -6.566e-01 -1.102e+00 -1.283e+00 -2.929e+00 -2.753e+00 -3.226e+00 -4.234e+00 -7.533e+00 -1.089e+01 -1.403e+01
-6.138 -7.219 17.322 23.067 0.312 0.316 1.000 -4.784e-01 -3.333e+00 -2.913e+00 -4.403e+00 -2.619e+00 -5.066e-01 -6.544e-01 -1.100e+00 -1.330e+00 -2.845e+00 -2.705e+00 -3.108e+00 -4.028e+00 -7.376e+00 -1.064e+01 -1.370e+01
-6.062 -7.062 17.295 22.904 0.375 0.158 1.000 -4.679e-01 -3.349e+00 -2.929e+00 -4.443e+00 -2.735e+00 -5.121e-01 -6.590e-01 -1.104e+00 -1.335e+00 -2.964e+00 -2.699e+00 -2.981e+00 -3.807e+00 -7.080e+00 -1.064e+01 -1.369e+01
-5.998 -7.942 17.340 23.138 0.375 0.263 1.000 -4.583e-01 -3.450e+00 -3.038e+00 -4.501e+00 -2.642e+00 -5.067e-01 -7.406e-01 -1.103e+00 -1.156e+00 -2.687e+00 -2.557e+00 -2.848e+00 -3.587e+00 -6.796e+00 -1.022e+01 -1.327e+01
-5.922 -7.016 17.317 22.574 0.375 0.263 1.000 -4.441e-01 -3.456e+00 -3.062e+00 -4.564e+00 -2.849e+00 -5.127e-01 -7.383e-01 -1.101e+00 -1.213e+00 -2.731e+00 -2.500e+00 -2.708e+00 -3.360e+00 -6.574e+00 -1.003e+01 -1.306e+01
-5.838 -6.950 17.281 22.878 0.250 0.421 1.000 -4.237e-01 -3.475e+00 -3.062e+00 -4.524e+00 -2.702e+00 -5.358e-01 -7.319e-01 -1.095e+00 -1.264e+00 -2.796e+00 -2.487e+00 -2.571e+00 -3.108e+00 -6.431e+00 -9.648e+00 -1.266e+01
-5.761 -6.910 17.362 22.207 0.312 0.368 1.000 -4.347e-01 -3.628e+00 -3.267e+00 -4.777e+00 -3.060e+00 -6.242e-01 -7.078e-01 -1.015e+00 -1.049e+00 -2.616e+00 -2.393e+00 -2.459e+00 -2.885e+00 -6.157e+00 -9.368e+00 -1.239e+01
-5.695 -6.809 17.344 22.576 0.312 0.368 1.000 -4.233e-01 -3.539e+00 -3.142e+00 -4.641e+00 -2.897e+00 -6.340e-01 -7.050e-01 -1.012e+00 -1.093e+00 -2.659e+00 -2.352e+00 -2.364e+00 -2.714e+00 -5.976e+00 -9.184e+00 -1.219e+01
-5.595 -6.595 17.331 22.127 0.250 0.368 1.000 -4.142e-01 -3.664e+00 -3.295e+00 -4.792e+00 -3.058e+00 -6.345e-01 -7.056e-01 -1.013e+00 -1.141e+00 -2.778e+00 -2.392e+00 -2.257e+00 -2.472e+00 -5.796e+00 -8.995e+00 -1.200e+01
-5.542 -6.907 17.325 22.036 0.250 0.421 1.000 -3.978e-01 -3.687e+00 -3.311e+00 -4.795e+00 -3.046e+00 -6.557e-01 -6.907e-01 -1.119e+00 -1.102e+00 -2.620e+00 -2.310e+00 -2.198e+00 -2.336e+00 -5.599e+00 -8.787e+00 -1.178e+01
-5.471 -6.829 17.343 21.984 0.250 0.421 1.000 -3.943e-01 -3.712e+00 -3.337e+00 -4.820e+00 -3.068e+00 -6.592e-01 -7.413e-01 -9.967e-01 -1.141e+00 -2.663e+00 -2.288e+00 -2.123e+00 -2.179e+00 -5.373e+00 -8.544e+00 -1.154e+01
-5.388 -6.523 17.347 21.985 0.375 0.211 1.000 -3.811e-01 -3.704e+00 -3.319e+00 -4.791e+00 -3.027e+00 -6.587e-01 -7.290e-01 -1.115e+00 -1.129e+00 -2.731e+00 -2.303e+00 -2.054e+00 -2.012e+00 -5.151e+00 -8.327e+00 -1.152e+01
-5.324 -7.487 17.349 22.149 0.250 0.421 1.000 -3.726e-01 -3.710e+00 -3.318e+00 -4.778e+00 -2.996e+00 -6.652e-01 -7.205e-01 -1.106e+00 -1.225e+00 -2.606e+00 -2.315e+00 -2.022e+00 -1.883e+00 -5.131e+00 -8.291e+00 -1.126e+01
-5.244 -6.534 17.441 21.716 0.250 0.368 1.000 -3.725e-01 -3.793e+00 -3.412e+00 -4.884e+00 -3.112e+00 -7.397e-01 -7.644e-01 -1.025e+00 -1.061e+00 -2.650e+00 -2.214e+00 -1.934e+00 -1.718e+00 -4.920e+00 -8.083e+00 -1.105e+01
-5.173 -6.809 17.442 22.572 0.312 0.421 1.000 -3.549e-01 -3.923e+00 -3.556e+00 -5.008e+00 -2.982e+00 -7.479e-01 -7.452e-01 -1.126e+00 -1.117e+00 -2.622e+00 -2.193e+00 -1.879e+00 -1.597e+00 -4.727e+00 -7.867e+00 -1.081e+01
-5.100 -6.484 17.481 22.183 0.250 0.474 1.000 -3.672e-01 -3.930e+00 -3.575e+00 -5.038e+00 -2.996e+00 -7.735e-01 -7.607e-01 -1.082e+00 -1.061e+00 -2.613e+00 -2.167e+00 -1.817e+00 -1.478e+00 -4.720e+00 -7.860e+00 -1.080e+01
-5.025 -7.374 17.469 22.226 0.250 0.526 1.000 -3.583e-01 -3.935e+00 -3.571e+00 -5.027e+00 -3.007e+00 -7.758e-01 -7.536e-01 -1.077e+00 -1.171e+00 -2.553e+00 -2.238e+00 -1.809e+00 -1.384e+00 -4.547e+00 -7.855e+00 -1.080e+01
-4.948 -6.365 17.494 22.104 0.312 0.474 1.000 -3.551e-01 -3.939e+00 -3.575e+00 -5.029e+00 -3.021e+00 -7.858e-01 -7.618e-01 -1.097e+00 -1.195e+00 -2.752e+00 -2.268e+00 -1.776e+00 -1.279e+00 -4.531e+00 -7.682e+00 -1.062e+01
-4.875 -6.589 17.529 22.121 0.250 0.474 1.000 -3.594e-01 -3.944e+00 -3.584e+00 -5.042e+00 -3.029e+00 -7.992e-01 -7.783e-01 -1.113e+00 -1.161e+00 -2.672e+00 -2.209e+00 -1.731e+00 -1.200e+00 -4.349e+00 -7.493e+00 -1.061e+01
-4.796 -6.495 17.556 22.106 0.250 0.526 1.000 -3.618e-01 -3.951e+00 -3.593e+00 -5.053e+00 -3.043e+00 -8.147e-01 -7.957e-01 -1.127e+00 -1.155e+00 -2.646e+00 -2.177e+00 -1.681e+00 -1.117e+00 -4.336e+00 -7.494e+00 -1.043e+01
-4.722 -6.266 17.562 22.042 0.250 0.474 1.000 -3.546e-01 -3.959e+00 -3.596e+00 -5.052e+00 -3.065e+00 -8.294e-01 -8.041e-01 -1.135e+00 -1.227e+00 -2.728e+00 -2.235e+00 -1.663e+00 -1.047e+00 -4.324e+00 -7.483e+00 -1.042e+01
-4.648 -6.459 17.618 22.046 0.250 0.474 1.000 -3.618e-01 -3.968e+00 -3.611e+00 -5.074e+00 -3.080e+00 -8.523e-01 -8.351e-01 -1.167e+00 -1.105e+00 -2.634e+00 -2.162e+00 -1.642e+00 -1.006e+00 -4.148e+00 -7.275e+00 -1.021e+01
-4.573 -6.202 17.631 21.982 0.312 0.474 1.000 -3.557e-01 -3.978e+00 -3.616e+00 -5.074e+00 -3.103e+00 -8.685e-01 -8.447e-01 -1.182e+00 -1.172e+00 -2.687e+00 -2.205e+00 -1.601e+00 -9.460e-01 -4.134e+00 -7.260e+00 -1.020e+01
-4.498 -6.072 17.624 21.879 0.312 0.474 1.000 -3.461e-01 -3.989e+00 -3.621e+00 -5.072e+00 -3.131e+00 -8.875e-01 -8.539e-01 -1.170e+00 -1.277e+00 -2.741e+00 -2.239e+00 -1.590e+00 -9.035e-01 -4.128e+00 -7.255e+00 -1.019e+01
-4.424 -6.012 17.627 21.783 0.375 0.526 1.000 -3.408e-01 -4.001e+00 -3.629e+00 -5.075e+00 -3.158e+00 -9.083e-01 -8.676e-01 -1.209e+00 -1.289e+00 -2.756e+00 -2.238e+00 -1.574e+00 -8.664e-01 -4.121e+00 -7.247e+00 -1.018e+01
-4.349 -6.524 17.704 21.081 0.125 0.737 1.000 -3.590e-01 -4.028e+00 -3.662e+00 -5.052e+00 -3.186e+00 -9.511e-01 -9.314e-01 -1.153e+00 -1.099e+00 -2.660e+00 -2.210e+00 -1.629e+00 -8.219e-01 -3.904e+00 -7.019e+00 -9.944e+00
-4.274 -6.781 17.772 20.985 0.125 0.789 1.000 -3.703e-01 -4.020e+00 -3.665e+00 -5.040e+00 -3.167e+00 -9.426e-01 -9.341e-01 -1.167e+00 -1.127e+00 -2.473e+00 -2.435e+00 -1.678e+00 -7.664e-01 -3.849e+00 -6.963e+00 -9.889e+00
-4.199 -5.427 17.820 20.948 0.125 0.895 1.000 -3.714e-01 -4.048e+00 -3.673e+00 -5.063e+00 -3.190e+00 -9.653e-01 -9.601e-01 -1.197e+00 -1.160e+00 -2.557e+00 -2.120e+00 -1.453e+00 -7.506e-01 -3.864e+00 -6.909e+00 -9.834e+00
-4.123 -5.810 17.815 20.795 0.125 0.895 1.000 -3.664e-01 -4.061e+00 -3.674e+00 -5.074e+00 -3.205e+00 -9.750e-01 -9.654e-01 -1.199e+00 -1.157e+00 -2.541e+00 -2.105e+00 -1.455e+00 -7.551e-01 -3.864e+00 -6.914e+00 -9.840e+00
-4.049 -5.788 17.809 20.739 0.125 0.895 1.000 -3.615e-01 -4.066e+00 -3.677e+00 -5.084e+00 -3.222e+00 -9.867e-01 -9.717e-01 -1.199e+00 -1.152e+00 -2.537e+00 -2.109e+00 -1.460e+00 -7.568e-01 -3.861e+00 -6.920e+00 -9.846e+00
-3.973 -5.742 17.803 20.673 0.125 0.895 1.000 -3.565e-01 -4.070e+00 -3.681e+00 -5.094e+00 -3.238e+00 -9.988e-01 -9.787e-01 -1.201e+00 -1.149e+00 -2.536e+00 -2.114e+00 -1.465e+00 -7.575e-01 -3.857e+00 -6.927e+00 -9.852e+00
-3.894 -5.686 17.797 20.592 0.125 0.895 1.000 -3.515e-01 -4.073e+00 -3.685e+00 -5.103e+00 -3.255e+00 -1.012e+00 -9.864e-01 -1.204e+00 -1.146e+00 -2.535e+00 -2.119e+00 -1.469e+00 -7.574e-01 -3.852e+00 -6.933e+00 -9.858e+00
-3.819 -5.623 17.791 20.501 0.125 0.895 1.000 -3.470e-01 -4.076e+00 -3.688e+00 -5.112e+00 -3.270e+00 -1.024e+00 -9.941e-01 -1.207e+00 -1.145e+00 -2.534e+00 -2.123e+00 -1.472e+00 -7.564e-01 -3.846e+00 -6.939e+00 -9.865e+00
-3.745 -5.554 17.786 20.396 0.125 0.895 1.000 -3.429e-01 -4.079e+00 -3.692e+00 -5.121e+00 -3.285e+00 -1.036e+00 -1.002e+00 -1.210e+00 -1.144e+00 -2.533e+00 -2.126e+00 -1.474e+00 -7.547e-01 -3.840e+00 -6.945e+00 -9.871e+00
-3.671 -5.479 17.781 20.274 0.125 0.895 1.000 -3.394e-01 -4.081e+00 -3.696e+00 -5.129e+00 -3.299e+00 -1.047e+00 -1.009e+00 -1.214e+00 -1.145e+00 -2.533e+00 -2.128e+00 -1.474e+00 -7.523e-01 -3.835e+00 -6.951e+00 -9.876e+00
-3.597 -5.397 17.776 20.129 0.125 0.895 1.000 -3.364e-01 -4.084e+00 -3.700e+00 -5.136e+00 -3.312e+00 -1.057e+00 -1.016e+00 -1.218e+00 -1.145e+00 -2.533e+00 -2.129e+00 -1.474e+00 -7.492e-01 -3.829e+00 -6.956e+00 -9.881e+00
-3.521 -5.308 17.772 19.954 0.125 0.895 1.000 -3.340e-01 -4.086e+00 -3.703e+00 -5.142e+00 -3.323e+00 -1.066e+00 -1.023e+00 -1.222e+00 -1.147e+00 -2.533e+00 -2.130e+00 -1.473e+00 -7.455e-01 -3.823e+00 -6.960e+00 -9.886e+00
-3.450 -5.226 17.769 19.763 0.125 0.895 1.000 -3.324e-01 -4.088e+00 -3.706e+00 -5.147e+00 -3.331e+00 -1.074e+00 -1.029e+00 -1.226e+00 -1.149e+00 -2.534e+00 -2.129e+00 -1.470e+00 -7.416e-01 -3.817e+00 -6.964e+00 -9.889e+00
-3.370 -5.138 17.767 19.508 0.125 0.947 1.000 -3.312e-01 -4.091e+00 -3.709e+00 -5.152e+00 -3.339e+00 -1.081e+00 -1.034e+00 -1.230e+00 -1.151e+00 -2.534e+00 -2.127e+00 -1.467e+00 -7.369e-01 -3.812e+00 -6.920e+00 -9.892e+00
-3.300 -5.405 17.768 19.235 0.125 0.947 1.000 -3.330e-01 -4.097e+00 -3.711e+00 -5.156e+00 -3.342e+00 -1.085e+00 -1.039e+00 -1.234e+00 -1.156e+00 -2.535e+00 -2.119e+00 -1.457e+00 -7.274e-01 -3.804e+00 -6.914e+00 -9.893e+00
-3.224 -5.491 17.769 19.218 0.125 0.947 1.000 -3.353e-01 -4.102e+00 -3.714e+00 -5.160e+00 -3.345e+00 -1.090e+00 -1.046e+00 -1.243e+00 -1.166e+00 -2.539e+00 -2.108e+00 -1.441e+00 -7.134e-01 -3.792e+00 -6.905e+00 -9.894e+00
-3.149 -5.570 17.771 19.194 0.125 0.947 1.000 -3.380e-01 -4.108e+00 -3.718e+00 -5.164e+00 -3.349e+00 -1.095e+00 -1.054e+00 -1.253e+00 -1.179e+00 -2.543e+00 -2.096e+00 -1.424e+00 -6.976e-01 -3.779e+00 -6.894e+00 -9.896e+00
-3.074 -5.639 17.772 19.161 0.125 0.947 1.000 -3.410e-01 -4.115e+00 -3.722e+00 -5.169e+00 -3.353e+00 -1.102e+00 -1.063e+00 -1.265e+00 -1.193e+00 -2.547e+00 -2.082e+00 -1.406e+00 -6.808e-01 -3.765e+00 -6.883e+00 -9.897e+00
-3.000 -5.697 17.774 19.122 0.125 0.947 1.000 -3.440e-01 -4.121e+00 -3.726e+00 -5.174e+00 -3.357e+00 -1.108e+00 -1.072e+00 -1.276e+00 -1.206e+00 -2.551e+00 -2.068e+00 -1.388e+00 -6.652e-01 -3.752e+00 -6.873e+00 -9.898e+00
