p+p+e-->d+nu 2 0 4 2 1 1 0 0.50000000 1.44206
-43.64990000 -0.00246064 -2.75070000 -0.42487700 0.01598700 -6.90875000E-4 -0.20762500
1 1 
0 0 
1 
1 
0 0 
1 
p+p-->d+e++nu 2 1 4 2 1 0 0 0.50000000 1.44206
-34.78630000 1.41438000E-4 -3.51193000 3.10086000 -0.19831400 0.01262510 -1.02517000
1 1 
0 0 
1 
1 
0 0 
1 
p+d-->he3 2 0 4 2 1 0 0 1.00000000 5.49400
7.89331000 -0.00295519 -3.23527000 1.42088000 -0.12634400 0.00974799 -0.17804500
1 1 
0 1 
2 
1 
0 1 
2 
he3-->p+d 2 1 2 1 2 0 1 1.00000000 -5.49400
31.40770000 -63.75300000 -3.23527000 1.42088000 -0.12634400 0.00974799 1.32196000
2 
1 
1 1 
0 1 
2 
0 1 
d+d-->he4 2 0 4 2 1 0 0 0.50000000 23.84700
7.53697000 -0.00347765 -3.49315000 -5.51184000 1.25705000 -0.11499100 0.56546600
1 1 
1 1 
2 
2 
1 1 
3 
he4-->d+d 2 1 2 1 2 0 1 1.00000000 -23.84700
32.07350000 -276.73200000 -3.49315000 -5.51184000 1.25705000 -0.11499100 2.06547000
2 
2 
1 1 
1 1 
3 
1 1 
p+he3-->he4+e++nu 2 0 4 2 1 0 0 1.00000000 19.79600
-27.76110000 -4.30107000E-12 -6.14100000 -1.93473000E-9 2.04145000E-10 -1.80372000E-11 -0.66666700
1 2 
0 1 
2 
2 
0 2 
3 
d+he3-->p+he4 4 0 5 2 2 0 0 1.00000000 18.35300
157.01200000 -0.15428700 23.47820000 -202.61100000 60.91570000 -29.33580000 46.24420000
1 2 
1 1 
1 2 
0 2 
1 2 
0 3 
d+he3-->p+he4 4 1 5 2 2 0 0 1.00000000 18.35300
19.89320000 -1.72000000 -4.68818000E-9 1.21488000E-8 -1.10092000E-9 8.94955000E-11 -0.50000000
1 2 
1 1 
1 2 
0 2 
1 2 
0 3 
p+he4-->d+he3 4 2 5 2 2 0 0 1.00000000 -18.35300
158.72500000 -213.13400000 23.47820000 -202.61100000 60.91570000 -29.33580000 46.24420000
1 2 
0 2 
1 2 
1 1 
0 3 
1 2 
p+he4-->d+he3 4 3 5 2 2 0 0 1.00000000 -18.35300
21.60700000 -214.70000000 -4.68818000E-9 1.21488000E-8 -1.10092000E-9 8.94955000E-11 -0.50000000
1 2 
0 2 
1 2 
1 1 
0 3 
1 2 
he3+he3-->p+p+he4 5 0 6 2 3 0 0 0.50000000 12.86000
25.44600000 0.00685749 -13.00560000 -0.98532400 1.19691000 -0.13903100 -1.15865000
2 2 
1 1 
1 1 2 
0 0 2 
2 2 
0 0 3 
p+p+he4-->he3+he3 5 1 8 3 2 0 0 1.00000000 -12.86000
3.64099000 -149.22300000 -13.00560000 -0.98532400 1.19691000 -0.13903100 -2.65865000
1 1 2 
0 0 2 
2 2 
1 1 
0 0 3 
2 2 
he3+he4-->be7 2 0 4 2 1 0 0 1.00000000 1.58800
15.81350000 -2.45919000E-4 -12.77580000 -0.48947900 -0.08810850 0.00557341 -0.58292600
2 2 
1 2 
4 
3 
2 3 
5 
be7-->he3+he4 2 1 2 1 2 0 1 1.00000000 -1.58800
38.94380000 -18.42320000 -12.77580000 -0.48947900 -0.08810850 0.00557341 0.91707400
4 
3 
2 2 
1 2 
5 
2 3 
he4+he4-->p+li7 4 0 5 2 2 0 0 0.50000000 -17.34600
23.71000000 -201.29400000 -7.83923000 -2.15310000 0.13348300 -0.00732414 0.20178000
2 2 
2 2 
1 3 
0 4 
3 3 
0 4 
he4+he4-->p+li7 4 1 5 2 2 0 0 0.50000000 -17.34600
210.95800000 -208.34100000 173.98200000 -398.98800000 35.03640000 -2.66760000 155.92100000
2 2 
2 2 
1 3 
0 4 
3 3 
0 4 
p+li7-->he4+he4 4 2 5 2 2 0 0 1.00000000 17.34600
22.16460000 -0.00329980 -7.83923000 -2.15310000 0.13348300 -0.00732414 0.20178000
1 3 
0 4 
2 2 
2 2 
0 4 
3 3 
p+li7-->he4+he4 4 3 5 2 2 0 0 1.00000000 17.34600
209.41200000 -7.05043000 173.98200000 -398.98800000 35.03640000 -2.66760000 155.92100000
1 3 
0 4 
2 2 
2 2 
0 4 
3 3 
p+he4+he4-->d+be7 5 0 8 3 2 0 0 1.00000000 -16.76600
6.97241000 -194.55700000 -12.42800000 -2.16070000E-9 2.36020000E-10 -2.13828000E-11 -2.16667000
1 2 2 
0 2 2 
1 4 
1 3 
0 3 3 
1 5 
d+be7-->p+he4+he4 5 1 6 2 3 0 0 1.00000000 16.76600
27.69870000 -4.46281000E-12 -12.42800000 -2.16070000E-9 2.36020000E-10 -2.13828000E-11 -0.66666700
1 4 
1 3 
1 2 2 
0 2 2 
1 5 
0 3 3 
be7+e-->li7+nu 1 0 1 1 1 1 0 1.00000000 0.86200
-22.71830000 0.00107487 0.38860800 1.16699000 -0.11712500 0.00926328 -0.10201700
4 
3 
3 
4 
5 
4 
p+be7-->b8 2 0 4 2 1 0 0 1.00000000 0.13700
12.64750000 -1.29379000E-12 -10.26200000 -6.22225000E-10 6.78263000E-11 -6.13723000E-12 -0.66666700
1 4 
0 3 
5 
3 
0 5 
6 
p+be7-->b8 2 1 4 2 1 0 0 1.00000000 0.13700
7.83597000 -7.30600000 -9.43904000E-8 1.40671000E-7 -8.66537000E-9 5.46719000E-10 -1.50000000
1 4 
0 3 
5 
3 
0 5 
6 
b8-->p+be7 2 2 2 1 2 0 1 1.00000000 -0.13700
35.93580000 -1.59500000 -10.26200000 -6.22225000E-10 6.78263000E-11 -6.13723000E-12 0.83333300
5 
3 
1 4 
0 3 
6 
0 5 
b8-->p+be7 2 3 2 1 2 0 1 1.00000000 -0.13700
31.12420000 -8.90100000 -9.43904000E-8 1.40671000E-7 -8.66537000E-9 5.46719000E-10 -6.84203000E-8
5 
3 
1 4 
0 3 
6 
0 5 
he3+be7-->p+p+he4+he4 -1 0 7 2 4 0 0 1.00000000 11.27210
31.74350000 -5.45213000E-12 -21.79300000 -1.98126000E-9 1.84204000E-10 -1.46403000E-11 -0.66666700
2 4 
1 3 
1 1 2 2 
0 0 2 2 
2 5 
0 0 3 3 
b8-->he4+he4+e++nu 2 0 2 1 2 0 0 1.00000000 18.07020
-0.10514800 0.00000000 0.00000000 0.00000000 0.00000000 0.00000000 0.00000000
5 
3 
2 2 
2 2 
6 
3 3 
