# ASY method (with partition functions). 
# All quantities except Asy, RG_PE, and sumX are 
# log10(x). Log of absolute values for E and dE/dt, as
# they can be negative. UNITS: t and dt in s; E in erg; 
# dE/dt in erg/g/s; all others dimensionless 
#
#    t     dt     |E|  |dE/dt| Asy  Equil sumX    X(0)      X(1)      X(2)      X(3)      X(4)      X(5)      X(6)      X(7)      X(8)      X(9)      X(10)      X(11)      X(12)      X(13)      X(14)      X(15)      X(16)      X(17)      X(18)      X(19)      X(20)      X(21)      X(22)      X(23)      X(24)      X(25)      X(26)      X(27)    

-17.911 -18.911  9.583 27.498 0.000 0.000 1.000 -9.849e+00 -2.400e+01 -8.432e+00 -3.011e-01 -3.010e-01 -2.034e+01 -7.747e+00 -2.263e+01 -8.535e+00 -9.143e+00 -2.346e+01 -9.400e+00 -1.117e+01 -2.399e+01 -1.162e+01 -2.400e+01 -2.400e+01 -2.400e+01 -2.400e+01 -2.400e+01 -2.400e+01 -2.400e+01 -2.400e+01 -2.400e+01 -2.400e+01 -2.400e+01 -2.400e+01 -2.400e+01
-17.828 -18.828  9.667 27.498 0.000 0.000 1.000 -9.765e+00 -2.400e+01 -8.348e+00 -3.011e-01 -3.010e-01 -2.017e+01 -7.664e+00 -2.239e+01 -8.451e+00 -9.060e+00 -2.327e+01 -9.316e+00 -1.109e+01 -2.399e+01 -1.154e+01 -2.400e+01 -2.400e+01 -2.400e+01 -2.400e+01 -2.400e+01 -2.400e+01 -2.400e+01 -2.400e+01 -2.400e+01 -2.400e+01 -2.400e+01 -2.400e+01 -2.400e+01
-17.745 -18.745  9.750 27.498 0.000 0.000 1.000 -9.682e+00 -2.400e+01 -8.265e+00 -3.011e-01 -3.010e-01 -2.001e+01 -7.581e+00 -2.214e+01 -8.368e+00 -8.976e+00 -2.305e+01 -9.233e+00 -1.100e+01 -2.398e+01 -1.146e+01 -2.400e+01 -2.400e+01 -2.400e+01 -2.400e+01 -2.400e+01 -2.400e+01 -2.400e+01 -2.400e+01 -2.400e+01 -2.400e+01 -2.400e+01 -2.400e+01 -2.400e+01
-17.663 -18.663  9.833 27.498 0.000 0.000 1.000 -9.599e+00 -2.400e+01 -8.182e+00 -3.011e-01 -3.010e-01 -1.984e+01 -7.497e+00 -2.190e+01 -8.285e+00 -8.893e+00 -2.282e+01 -9.150e+00 -1.092e+01 -2.396e+01 -1.137e+01 -2.400e+01 -2.400e+01 -2.400e+01 -2.400e+01 -2.400e+01 -2.400e+01 -2.400e+01 -2.400e+01 -2.400e+01 -2.400e+01 -2.400e+01 -2.400e+01 -2.400e+01
-17.580 -18.580  9.916 27.498 0.000 0.000 1.000 -9.516e+00 -2.400e+01 -8.099e+00 -3.011e-01 -3.010e-01 -1.968e+01 -7.414e+00 -2.165e+01 -8.202e+00 -8.810e+00 -2.259e+01 -9.067e+00 -1.084e+01 -2.393e+01 -1.129e+01 -2.400e+01 -2.400e+01 -2.400e+01 -2.400e+01 -2.400e+01 -2.400e+01 -2.400e+01 -2.400e+01 -2.400e+01 -2.400e+01 -2.400e+01 -2.400e+01 -2.400e+01
-17.497 -18.497  9.999 27.498 0.000 0.000 1.000 -9.432e+00 -2.400e+01 -8.015e+00 -3.011e-01 -3.010e-01 -1.951e+01 -7.331e+00 -2.140e+01 -8.119e+00 -8.727e+00 -2.235e+01 -8.984e+00 -1.075e+01 -2.389e+01 -1.121e+01 -2.400e+01 -2.400e+01 -2.400e+01 -2.400e+01 -2.400e+01 -2.400e+01 -2.400e+01 -2.400e+01 -2.400e+01 -2.400e+01 -2.400e+01 -2.400e+01 -2.400e+01
-17.414 -18.414 10.082 27.498 0.000 0.000 1.000 -9.349e+00 -2.400e+01 -7.932e+00 -3.011e-01 -3.010e-01 -1.934e+01 -7.248e+00 -2.115e+01 -8.036e+00 -8.644e+00 -2.210e+01 -8.901e+00 -1.067e+01 -2.382e+01 -1.112e+01 -2.400e+01 -2.400e+01 -2.400e+01 -2.400e+01 -2.400e+01 -2.400e+01 -2.400e+01 -2.400e+01 -2.400e+01 -2.400e+01 -2.400e+01 -2.400e+01 -2.400e+01
-17.332 -18.332 10.165 27.498 0.000 0.000 1.000 -9.266e+00 -2.400e+01 -7.849e+00 -3.011e-01 -3.010e-01 -1.918e+01 -7.165e+00 -2.090e+01 -7.953e+00 -8.561e+00 -2.185e+01 -8.818e+00 -1.059e+01 -2.372e+01 -1.104e+01 -2.399e+01 -2.400e+01 -2.400e+01 -2.400e+01 -2.400e+01 -2.400e+01 -2.400e+01 -2.400e+01 -2.400e+01 -2.400e+01 -2.400e+01 -2.400e+01 -2.400e+01
-17.249 -18.249 10.248 27.498 0.000 0.000 1.000 -9.184e+00 -2.400e+01 -7.766e+00 -3.011e-01 -3.010e-01 -1.901e+01 -7.082e+00 -2.065e+01 -7.870e+00 -8.478e+00 -2.161e+01 -8.735e+00 -1.051e+01 -2.358e+01 -1.096e+01 -2.399e+01 -2.400e+01 -2.400e+01 -2.400e+01 -2.400e+01 -2.400e+01 -2.400e+01 -2.400e+01 -2.400e+01 -2.400e+01 -2.400e+01 -2.400e+01 -2.400e+01
-17.166 -18.166 10.331 27.498 0.000 0.000 1.000 -9.101e+00 -2.400e+01 -7.684e+00 -3.011e-01 -3.010e-01 -1.885e+01 -6.999e+00 -2.041e+01 -7.787e+00 -8.395e+00 -2.136e+01 -8.652e+00 -1.042e+01 -2.341e+01 -1.088e+01 -2.398e+01 -2.400e+01 -2.400e+01 -2.400e+01 -2.400e+01 -2.400e+01 -2.400e+01 -2.400e+01 -2.400e+01 -2.400e+01 -2.400e+01 -2.400e+01 -2.400e+01
-17.083 -18.083 10.414 27.498 0.000 0.000 1.000 -9.018e+00 -2.400e+01 -7.601e+00 -3.011e-01 -3.010e-01 -1.868e+01 -6.916e+00 -2.016e+01 -7.704e+00 -8.312e+00 -2.111e+01 -8.569e+00 -1.034e+01 -2.321e+01 -1.079e+01 -2.397e+01 -2.400e+01 -2.400e+01 -2.400e+01 -2.400e+01 -2.400e+01 -2.400e+01 -2.400e+01 -2.400e+01 -2.400e+01 -2.400e+01 -2.400e+01 -2.400e+01
-17.000 -18.000 10.497 27.498 0.000 0.000 1.000 -8.935e+00 -2.400e+01 -7.518e+00 -3.011e-01 -3.010e-01 -1.851e+01 -6.834e+00 -1.991e+01 -7.621e+00 -8.229e+00 -2.086e+01 -8.486e+00 -1.026e+01 -2.300e+01 -1.071e+01 -2.394e+01 -2.400e+01 -2.400e+01 -2.400e+01 -2.400e+01 -2.400e+01 -2.400e+01 -2.400e+01 -2.400e+01 -2.400e+01 -2.400e+01 -2.400e+01 -2.400e+01
-16.959 -17.959 10.539 27.498 0.000 0.000 1.000 -8.893e+00 -2.400e+01 -7.476e+00 -3.011e-01 -3.010e-01 -1.843e+01 -6.792e+00 -1.978e+01 -7.580e+00 -8.188e+00 -2.074e+01 -8.445e+00 -1.021e+01 -2.288e+01 -1.067e+01 -2.393e+01 -2.400e+01 -2.400e+01 -2.400e+01 -2.400e+01 -2.400e+01 -2.400e+01 -2.400e+01 -2.400e+01 -2.400e+01 -2.400e+01 -2.400e+01 -2.400e+01
-16.876 -17.876 10.621 27.498 0.000 0.000 1.000 -8.811e+00 -2.400e+01 -7.394e+00 -3.011e-01 -3.010e-01 -1.827e+01 -6.709e+00 -1.954e+01 -7.497e+00 -8.105e+00 -2.049e+01 -8.362e+00 -1.013e+01 -2.265e+01 -1.059e+01 -2.388e+01 -2.400e+01 -2.400e+01 -2.400e+01 -2.400e+01 -2.400e+01 -2.400e+01 -2.400e+01 -2.400e+01 -2.400e+01 -2.400e+01 -2.400e+01 -2.400e+01
-16.793 -17.793 10.704 27.498 0.000 0.000 1.000 -8.728e+00 -2.400e+01 -7.311e+00 -3.011e-01 -3.010e-01 -1.810e+01 -6.626e+00 -1.929e+01 -7.414e+00 -8.022e+00 -2.024e+01 -8.279e+00 -1.005e+01 -2.241e+01 -1.050e+01 -2.380e+01 -2.400e+01 -2.400e+01 -2.400e+01 -2.400e+01 -2.400e+01 -2.400e+01 -2.400e+01 -2.400e+01 -2.400e+01 -2.400e+01 -2.400e+01 -2.400e+01
-16.711 -17.711 10.787 27.498 0.000 0.000 1.000 -8.645e+00 -2.400e+01 -7.228e+00 -3.011e-01 -3.010e-01 -1.793e+01 -6.544e+00 -1.904e+01 -7.331e+00 -7.939e+00 -1.999e+01 -8.196e+00 -9.966e+00 -2.217e+01 -1.042e+01 -2.369e+01 -2.400e+01 -2.400e+01 -2.400e+01 -2.400e+01 -2.400e+01 -2.400e+01 -2.400e+01 -2.400e+01 -2.400e+01 -2.400e+01 -2.400e+01 -2.400e+01
-16.628 -17.628 10.870 27.498 0.000 0.000 1.000 -8.562e+00 -2.400e+01 -7.145e+00 -3.011e-01 -3.010e-01 -1.777e+01 -6.461e+00 -1.879e+01 -7.248e+00 -7.857e+00 -1.974e+01 -8.113e+00 -9.884e+00 -2.192e+01 -1.034e+01 -2.355e+01 -2.400e+01 -2.400e+01 -2.400e+01 -2.400e+01 -2.400e+01 -2.400e+01 -2.400e+01 -2.400e+01 -2.400e+01 -2.400e+01 -2.400e+01 -2.400e+01
-16.545 -17.545 10.953 27.498 0.000 0.000 1.000 -8.479e+00 -2.400e+01 -7.062e+00 -3.011e-01 -3.010e-01 -1.760e+01 -6.378e+00 -1.854e+01 -7.165e+00 -7.774e+00 -1.950e+01 -8.030e+00 -9.801e+00 -2.168e+01 -1.025e+01 -2.337e+01 -2.400e+01 -2.399e+01 -2.400e+01 -2.400e+01 -2.400e+01 -2.400e+01 -2.400e+01 -2.400e+01 -2.400e+01 -2.400e+01 -2.400e+01 -2.400e+01
-16.462 -17.462 11.036 27.498 0.000 0.000 1.000 -8.396e+00 -2.400e+01 -6.979e+00 -3.011e-01 -3.010e-01 -1.744e+01 -6.295e+00 -1.829e+01 -7.083e+00 -7.691e+00 -1.925e+01 -7.948e+00 -9.718e+00 -2.143e+01 -1.017e+01 -2.317e+01 -2.400e+01 -2.399e+01 -2.400e+01 -2.400e+01 -2.400e+01 -2.400e+01 -2.400e+01 -2.400e+01 -2.400e+01 -2.400e+01 -2.400e+01 -2.400e+01
-16.380 -17.380 11.118 27.498 0.000 0.000 1.000 -8.314e+00 -2.400e+01 -6.897e+00 -3.011e-01 -3.010e-01 -1.727e+01 -6.212e+00 -1.804e+01 -7.000e+00 -7.608e+00 -1.900e+01 -7.865e+00 -9.635e+00 -2.118e+01 -1.009e+01 -2.295e+01 -2.400e+01 -2.398e+01 -2.400e+01 -2.400e+01 -2.400e+01 -2.400e+01 -2.400e+01 -2.400e+01 -2.400e+01 -2.400e+01 -2.400e+01 -2.400e+01
-16.297 -17.297 11.201 27.498 0.000 0.000 1.000 -8.231e+00 -2.400e+01 -6.814e+00 -3.011e-01 -3.010e-01 -1.711e+01 -6.130e+00 -1.780e+01 -6.917e+00 -7.525e+00 -1.875e+01 -7.782e+00 -9.552e+00 -2.093e+01 -1.001e+01 -2.272e+01 -2.400e+01 -2.397e+01 -2.400e+01 -2.400e+01 -2.400e+01 -2.400e+01 -2.400e+01 -2.400e+01 -2.400e+01 -2.400e+01 -2.400e+01 -2.400e+01
-16.214 -17.214 11.284 27.498 0.000 0.000 1.000 -8.148e+00 -2.400e+01 -6.731e+00 -3.011e-01 -3.010e-01 -1.694e+01 -6.047e+00 -1.755e+01 -6.834e+00 -7.443e+00 -1.850e+01 -7.699e+00 -9.470e+00 -2.068e+01 -9.923e+00 -2.248e+01 -2.400e+01 -2.395e+01 -2.400e+01 -2.400e+01 -2.400e+01 -2.400e+01 -2.400e+01 -2.400e+01 -2.400e+01 -2.400e+01 -2.400e+01 -2.400e+01
-16.131 -17.131 11.367 27.498 0.000 0.000 1.000 -8.065e+00 -2.400e+01 -6.648e+00 -3.011e-01 -3.010e-01 -1.677e+01 -5.964e+00 -1.730e+01 -6.751e+00 -7.360e+00 -1.825e+01 -7.616e+00 -9.387e+00 -2.043e+01 -9.840e+00 -2.224e+01 -2.400e+01 -2.391e+01 -2.400e+01 -2.400e+01 -2.400e+01 -2.400e+01 -2.400e+01 -2.400e+01 -2.400e+01 -2.400e+01 -2.400e+01 -2.400e+01
-16.048 -17.048 11.450 27.498 0.000 0.000 1.000 -7.982e+00 -2.400e+01 -6.565e+00 -3.011e-01 -3.010e-01 -1.661e+01 -5.881e+00 -1.705e+01 -6.669e+00 -7.277e+00 -1.801e+01 -7.534e+00 -9.304e+00 -2.019e+01 -9.757e+00 -2.199e+01 -2.400e+01 -2.386e+01 -2.400e+01 -2.400e+01 -2.400e+01 -2.400e+01 -2.400e+01 -2.400e+01 -2.400e+01 -2.400e+01 -2.400e+01 -2.400e+01
-15.966 -16.966 11.532 27.498 0.000 0.000 1.000 -7.900e+00 -2.400e+01 -6.483e+00 -3.011e-01 -3.010e-01 -1.644e+01 -5.798e+00 -1.680e+01 -6.586e+00 -7.194e+00 -1.776e+01 -7.451e+00 -9.221e+00 -1.994e+01 -9.675e+00 -2.175e+01 -2.400e+01 -2.377e+01 -2.400e+01 -2.400e+01 -2.400e+01 -2.400e+01 -2.400e+01 -2.400e+01 -2.400e+01 -2.400e+01 -2.400e+01 -2.400e+01
-15.883 -16.883 11.615 27.498 0.000 0.000 1.000 -7.817e+00 -2.400e+01 -6.400e+00 -3.011e-01 -3.010e-01 -1.628e+01 -5.716e+00 -1.655e+01 -6.503e+00 -7.111e+00 -1.751e+01 -7.368e+00 -9.138e+00 -1.969e+01 -9.592e+00 -2.150e+01 -2.400e+01 -2.365e+01 -2.400e+01 -2.400e+01 -2.400e+01 -2.400e+01 -2.400e+01 -2.400e+01 -2.400e+01 -2.400e+01 -2.400e+01 -2.400e+01
-15.800 -16.800 11.698 27.498 0.000 0.000 1.000 -7.734e+00 -2.400e+01 -6.317e+00 -3.011e-01 -3.010e-01 -1.611e+01 -5.633e+00 -1.631e+01 -6.420e+00 -7.029e+00 -1.726e+01 -7.285e+00 -9.056e+00 -1.944e+01 -9.509e+00 -2.125e+01 -2.400e+01 -2.350e+01 -2.400e+01 -2.400e+01 -2.400e+01 -2.400e+01 -2.400e+01 -2.400e+01 -2.400e+01 -2.400e+01 -2.400e+01 -2.400e+01
-15.759 -16.759 11.739 27.498 0.000 0.000 1.000 -7.693e+00 -2.400e+01 -6.276e+00 -3.011e-01 -3.010e-01 -1.603e+01 -5.591e+00 -1.618e+01 -6.379e+00 -6.987e+00 -1.714e+01 -7.244e+00 -9.014e+00 -1.932e+01 -9.468e+00 -2.113e+01 -2.400e+01 -2.341e+01 -2.400e+01 -2.400e+01 -2.400e+01 -2.400e+01 -2.400e+01 -2.400e+01 -2.400e+01 -2.400e+01 -2.400e+01 -2.400e+01
-15.676 -16.676 11.822 27.498 0.000 0.000 1.000 -7.610e+00 -2.400e+01 -6.193e+00 -3.011e-01 -3.010e-01 -1.586e+01 -5.509e+00 -1.593e+01 -6.296e+00 -6.904e+00 -1.689e+01 -7.161e+00 -8.931e+00 -1.907e+01 -9.385e+00 -2.088e+01 -2.400e+01 -2.321e+01 -2.400e+01 -2.400e+01 -2.400e+01 -2.400e+01 -2.400e+01 -2.400e+01 -2.400e+01 -2.400e+01 -2.400e+01 -2.400e+01
-15.593 -16.593 11.905 27.498 0.000 0.000 1.000 -7.527e+00 -2.400e+01 -6.110e+00 -3.011e-01 -3.010e-01 -1.570e+01 -5.426e+00 -1.569e+01 -6.213e+00 -6.822e+00 -1.664e+01 -7.078e+00 -8.849e+00 -1.882e+01 -9.302e+00 -2.063e+01 -2.400e+01 -2.300e+01 -2.400e+01 -2.400e+01 -2.400e+01 -2.400e+01 -2.400e+01 -2.400e+01 -2.400e+01 -2.400e+01 -2.400e+01 -2.400e+01
-15.510 -16.510 11.988 27.498 0.000 0.000 1.000 -7.444e+00 -2.400e+01 -6.027e+00 -3.011e-01 -3.010e-01 -1.553e+01 -5.343e+00 -1.544e+01 -6.131e+00 -6.739e+00 -1.639e+01 -6.995e+00 -8.766e+00 -1.857e+01 -9.219e+00 -2.038e+01 -2.400e+01 -2.277e+01 -2.400e+01 -2.400e+01 -2.400e+01 -2.400e+01 -2.400e+01 -2.400e+01 -2.400e+01 -2.400e+01 -2.400e+01 -2.400e+01
-15.427 -16.427 12.070 27.498 0.000 0.000 1.000 -7.361e+00 -2.400e+01 -5.944e+00 -3.011e-01 -3.010e-01 -1.537e+01 -5.260e+00 -1.519e+01 -6.048e+00 -6.656e+00 -1.614e+01 -6.913e+00 -8.683e+00 -1.832e+01 -9.136e+00 -2.014e+01 -2.400e+01 -2.253e+01 -2.400e+01 -2.400e+01 -2.400e+01 -2.400e+01 -2.400e+01 -2.400e+01 -2.400e+01 -2.400e+01 -2.400e+01 -2.400e+01
-15.345 -16.345 12.153 27.498 0.000 0.000 1.000 -7.279e+00 -2.399e+01 -5.862e+00 -3.011e-01 -3.010e-01 -1.520e+01 -5.177e+00 -1.494e+01 -5.965e+00 -6.573e+00 -1.589e+01 -6.830e+00 -8.600e+00 -1.808e+01 -9.054e+00 -1.989e+01 -2.400e+01 -2.229e+01 -2.400e+01 -2.400e+01 -2.400e+01 -2.400e+01 -2.400e+01 -2.400e+01 -2.400e+01 -2.400e+01 -2.400e+01 -2.400e+01
-15.262 -16.262 12.236 27.498 0.000 0.000 1.000 -7.196e+00 -2.399e+01 -5.779e+00 -3.011e-01 -3.010e-01 -1.504e+01 -5.095e+00 -1.469e+01 -5.882e+00 -6.490e+00 -1.565e+01 -6.747e+00 -8.517e+00 -1.783e+01 -8.971e+00 -1.964e+01 -2.400e+01 -2.205e+01 -2.400e+01 -2.400e+01 -2.400e+01 -2.400e+01 -2.400e+01 -2.400e+01 -2.400e+01 -2.400e+01 -2.400e+01 -2.400e+01
-15.179 -16.179 12.319 27.498 0.000 0.000 1.000 -7.113e+00 -2.399e+01 -5.696e+00 -3.011e-01 -3.010e-01 -1.487e+01 -5.012e+00 -1.444e+01 -5.799e+00 -6.408e+00 -1.540e+01 -6.664e+00 -8.435e+00 -1.758e+01 -8.888e+00 -1.939e+01 -2.400e+01 -2.180e+01 -2.400e+01 -2.400e+01 -2.400e+01 -2.400e+01 -2.400e+01 -2.400e+01 -2.400e+01 -2.400e+01 -2.400e+01 -2.400e+01
-15.096 -16.096 12.402 27.498 0.000 0.000 1.000 -7.030e+00 -2.398e+01 -5.613e+00 -3.011e-01 -3.010e-01 -1.470e+01 -4.929e+00 -1.420e+01 -5.717e+00 -6.325e+00 -1.515e+01 -6.582e+00 -8.352e+00 -1.733e+01 -8.805e+00 -1.914e+01 -2.400e+01 -2.155e+01 -2.400e+01 -2.400e+01 -2.400e+01 -2.400e+01 -2.400e+01 -2.400e+01 -2.400e+01 -2.400e+01 -2.400e+01 -2.400e+01
-15.014 -16.014 12.484 27.498 0.000 0.000 1.000 -6.948e+00 -2.397e+01 -5.531e+00 -3.011e-01 -3.010e-01 -1.454e+01 -4.846e+00 -1.395e+01 -5.634e+00 -6.242e+00 -1.490e+01 -6.499e+00 -8.269e+00 -1.708e+01 -8.722e+00 -1.889e+01 -2.400e+01 -2.130e+01 -2.400e+01 -2.400e+01 -2.400e+01 -2.400e+01 -2.400e+01 -2.400e+01 -2.400e+01 -2.400e+01 -2.400e+01 -2.400e+01
-14.931 -15.931 12.567 27.498 0.000 0.000 1.000 -6.865e+00 -2.396e+01 -5.448e+00 -3.011e-01 -3.010e-01 -1.437e+01 -4.764e+00 -1.370e+01 -5.551e+00 -6.159e+00 -1.465e+01 -6.416e+00 -8.186e+00 -1.683e+01 -8.640e+00 -1.865e+01 -2.400e+01 -2.106e+01 -2.400e+01 -2.400e+01 -2.400e+01 -2.400e+01 -2.400e+01 -2.400e+01 -2.400e+01 -2.400e+01 -2.400e+01 -2.400e+01
-14.848 -15.848 12.650 27.498 0.000 0.000 1.000 -6.782e+00 -2.395e+01 -5.365e+00 -3.011e-01 -3.010e-01 -1.421e+01 -4.681e+00 -1.345e+01 -5.468e+00 -6.077e+00 -1.440e+01 -6.333e+00 -8.104e+00 -1.659e+01 -8.557e+00 -1.840e+01 -2.400e+01 -2.081e+01 -2.400e+01 -2.400e+01 -2.400e+01 -2.400e+01 -2.400e+01 -2.400e+01 -2.400e+01 -2.400e+01 -2.400e+01 -2.400e+01
-14.765 -15.765 12.733 27.498 0.000 0.000 1.000 -6.699e+00 -2.392e+01 -5.282e+00 -3.011e-01 -3.010e-01 -1.404e+01 -4.598e+00 -1.320e+01 -5.385e+00 -5.994e+00 -1.416e+01 -6.250e+00 -8.021e+00 -1.634e+01 -8.474e+00 -1.815e+01 -2.400e+01 -2.056e+01 -2.400e+01 -2.400e+01 -2.400e+01 -2.400e+01 -2.400e+01 -2.400e+01 -2.400e+01 -2.400e+01 -2.400e+01 -2.400e+01
-14.682 -15.682 12.815 27.498 0.000 0.000 1.000 -6.616e+00 -2.389e+01 -5.199e+00 -3.011e-01 -3.010e-01 -1.388e+01 -4.515e+00 -1.295e+01 -5.303e+00 -5.911e+00 -1.391e+01 -6.168e+00 -7.938e+00 -1.609e+01 -8.391e+00 -1.790e+01 -2.399e+01 -2.031e+01 -2.400e+01 -2.400e+01 -2.400e+01 -2.400e+01 -2.400e+01 -2.400e+01 -2.400e+01 -2.400e+01 -2.400e+01 -2.400e+01
-14.600 -15.600 12.898 27.498 0.000 0.000 1.000 -6.534e+00 -2.385e+01 -5.117e+00 -3.011e-01 -3.010e-01 -1.371e+01 -4.432e+00 -1.270e+01 -5.220e+00 -5.828e+00 -1.366e+01 -6.085e+00 -7.855e+00 -1.584e+01 -8.308e+00 -1.765e+01 -2.399e+01 -2.006e+01 -2.400e+01 -2.400e+01 -2.400e+01 -2.400e+01 -2.400e+01 -2.400e+01 -2.400e+01 -2.400e+01 -2.400e+01 -2.400e+01
-14.558 -15.558 12.940 27.498 0.000 0.000 1.000 -6.492e+00 -2.383e+01 -5.075e+00 -3.011e-01 -3.010e-01 -1.363e+01 -4.391e+00 -1.258e+01 -5.179e+00 -5.787e+00 -1.353e+01 -6.043e+00 -7.814e+00 -1.572e+01 -8.267e+00 -1.753e+01 -2.398e+01 -1.994e+01 -2.400e+01 -2.400e+01 -2.400e+01 -2.400e+01 -2.400e+01 -2.400e+01 -2.400e+01 -2.400e+01 -2.400e+01 -2.400e+01
-14.475 -15.475 13.022 27.498 0.000 0.000 1.000 -6.409e+00 -2.377e+01 -4.992e+00 -3.011e-01 -3.010e-01 -1.346e+01 -4.308e+00 -1.233e+01 -5.096e+00 -5.704e+00 -1.329e+01 -5.961e+00 -7.731e+00 -1.547e+01 -8.184e+00 -1.728e+01 -2.394e+01 -1.969e+01 -2.400e+01 -2.400e+01 -2.400e+01 -2.400e+01 -2.400e+01 -2.400e+01 -2.400e+01 -2.400e+01 -2.400e+01 -2.400e+01
-14.393 -15.393 13.105 27.498 0.000 0.000 1.000 -6.327e+00 -2.369e+01 -4.910e+00 -3.011e-01 -3.010e-01 -1.330e+01 -4.225e+00 -1.208e+01 -5.013e+00 -5.621e+00 -1.304e+01 -5.878e+00 -7.648e+00 -1.522e+01 -8.101e+00 -1.703e+01 -2.387e+01 -1.944e+01 -2.400e+01 -2.400e+01 -2.400e+01 -2.400e+01 -2.400e+01 -2.400e+01 -2.400e+01 -2.400e+01 -2.400e+01 -2.400e+01
-14.310 -15.310 13.188 27.498 0.000 0.000 1.000 -6.244e+00 -2.360e+01 -4.827e+00 -3.012e-01 -3.010e-01 -1.313e+01 -4.143e+00 -1.184e+01 -4.930e+00 -5.538e+00 -1.279e+01 -5.795e+00 -7.565e+00 -1.497e+01 -8.019e+00 -1.678e+01 -2.371e+01 -1.919e+01 -2.400e+01 -2.400e+01 -2.400e+01 -2.400e+01 -2.400e+01 -2.400e+01 -2.400e+01 -2.400e+01 -2.400e+01 -2.400e+01
-14.227 -15.227 13.271 27.498 0.000 0.000 1.000 -6.161e+00 -2.349e+01 -4.744e+00 -3.012e-01 -3.010e-01 -1.297e+01 -4.060e+00 -1.159e+01 -4.847e+00 -5.456e+00 -1.254e+01 -5.712e+00 -7.483e+00 -1.472e+01 -7.936e+00 -1.653e+01 -2.346e+01 -1.895e+01 -2.400e+01 -2.400e+01 -2.400e+01 -2.400e+01 -2.400e+01 -2.400e+01 -2.400e+01 -2.400e+01 -2.400e+01 -2.400e+01
-14.144 -15.144 13.353 27.498 0.000 0.000 1.000 -6.078e+00 -2.337e+01 -4.661e+00 -3.012e-01 -3.010e-01 -1.280e+01 -3.977e+00 -1.134e+01 -4.765e+00 -5.373e+00 -1.229e+01 -5.630e+00 -7.400e+00 -1.447e+01 -7.853e+00 -1.629e+01 -2.313e+01 -1.870e+01 -2.400e+01 -2.400e+01 -2.400e+01 -2.400e+01 -2.400e+01 -2.400e+01 -2.400e+01 -2.400e+01 -2.400e+01 -2.400e+01
-14.062 -15.062 13.436 27.498 0.000 0.000 1.000 -5.996e+00 -2.323e+01 -4.579e+00 -3.012e-01 -3.010e-01 -1.264e+01 -3.894e+00 -1.109e+01 -4.682e+00 -5.290e+00 -1.204e+01 -5.547e+00 -7.317e+00 -1.423e+01 -7.770e+00 -1.604e+01 -2.276e+01 -1.845e+01 -2.400e+01 -2.400e+01 -2.400e+01 -2.400e+01 -2.400e+01 -2.400e+01 -2.400e+01 -2.400e+01 -2.400e+01 -2.400e+01
-13.979 -14.979 13.519 27.498 0.000 0.000 1.000 -5.913e+00 -2.309e+01 -4.496e+00 -3.013e-01 -3.010e-01 -1.247e+01 -3.812e+00 -1.084e+01 -4.599e+00 -5.207e+00 -1.180e+01 -5.464e+00 -7.234e+00 -1.398e+01 -7.687e+00 -1.579e+01 -2.236e+01 -1.820e+01 -2.400e+01 -2.400e+01 -2.400e+01 -2.400e+01 -2.400e+01 -2.400e+01 -2.400e+01 -2.400e+01 -2.400e+01 -2.400e+01
-13.896 -14.896 13.602 27.498 0.000 0.000 1.000 -5.830e+00 -2.295e+01 -4.413e+00 -3.013e-01 -3.010e-01 -1.230e+01 -3.729e+00 -1.059e+01 -4.516e+00 -5.125e+00 -1.155e+01 -5.381e+00 -7.151e+00 -1.373e+01 -7.605e+00 -1.554e+01 -2.195e+01 -1.795e+01 -2.399e+01 -2.400e+01 -2.400e+01 -2.400e+01 -2.400e+01 -2.400e+01 -2.400e+01 -2.400e+01 -2.400e+01 -2.400e+01
-13.813 -14.813 13.684 27.497 0.000 0.000 1.000 -5.747e+00 -2.279e+01 -4.330e+00 -3.013e-01 -3.010e-01 -1.214e+01 -3.646e+00 -1.035e+01 -4.434e+00 -5.042e+00 -1.130e+01 -5.298e+00 -7.069e+00 -1.348e+01 -7.522e+00 -1.529e+01 -2.154e+01 -1.770e+01 -2.397e+01 -2.400e+01 -2.400e+01 -2.400e+01 -2.400e+01 -2.400e+01 -2.400e+01 -2.400e+01 -2.400e+01 -2.400e+01
-13.730 -14.730 13.767 27.497 0.000 0.000 1.000 -5.665e+00 -2.264e+01 -4.248e+00 -3.014e-01 -3.010e-01 -1.197e+01 -3.563e+00 -1.010e+01 -4.351e+00 -4.959e+00 -1.105e+01 -5.216e+00 -6.986e+00 -1.323e+01 -7.439e+00 -1.504e+01 -2.113e+01 -1.746e+01 -2.393e+01 -2.400e+01 -2.400e+01 -2.400e+01 -2.400e+01 -2.400e+01 -2.400e+01 -2.400e+01 -2.400e+01 -2.400e+01
-13.648 -14.648 13.850 27.497 0.000 0.000 1.000 -5.582e+00 -2.248e+01 -4.165e+00 -3.015e-01 -3.010e-01 -1.181e+01 -3.481e+00 -9.849e+00 -4.268e+00 -4.876e+00 -1.080e+01 -5.133e+00 -6.903e+00 -1.298e+01 -7.356e+00 -1.480e+01 -2.071e+01 -1.721e+01 -2.384e+01 -2.400e+01 -2.400e+01 -2.400e+01 -2.400e+01 -2.400e+01 -2.400e+01 -2.400e+01 -2.400e+01 -2.400e+01
-13.565 -14.565 13.933 27.497 0.000 0.000 1.000 -5.499e+00 -2.231e+01 -4.082e+00 -3.016e-01 -3.010e-01 -1.164e+01 -3.398e+00 -9.601e+00 -4.186e+00 -4.794e+00 -1.055e+01 -5.050e+00 -6.820e+00 -1.274e+01 -7.274e+00 -1.455e+01 -2.030e+01 -1.696e+01 -2.366e+01 -2.400e+01 -2.400e+01 -2.400e+01 -2.400e+01 -2.400e+01 -2.400e+01 -2.400e+01 -2.400e+01 -2.400e+01
-13.482 -14.482 14.015 27.497 0.000 0.000 1.000 -5.417e+00 -2.215e+01 -4.000e+00 -3.017e-01 -3.010e-01 -1.148e+01 -3.315e+00 -9.353e+00 -4.103e+00 -4.711e+00 -1.031e+01 -4.967e+00 -6.737e+00 -1.249e+01 -7.191e+00 -1.430e+01 -1.989e+01 -1.671e+01 -2.339e+01 -2.400e+01 -2.400e+01 -2.400e+01 -2.400e+01 -2.400e+01 -2.400e+01 -2.400e+01 -2.400e+01 -2.400e+01
-13.399 -14.399 14.098 27.497 0.000 0.000 1.000 -5.334e+00 -2.199e+01 -3.917e+00 -3.018e-01 -3.010e-01 -1.131e+01 -3.233e+00 -9.105e+00 -4.020e+00 -4.628e+00 -1.006e+01 -4.885e+00 -6.654e+00 -1.224e+01 -7.108e+00 -1.405e+01 -1.947e+01 -1.646e+01 -2.305e+01 -2.400e+01 -2.400e+01 -2.400e+01 -2.400e+01 -2.400e+01 -2.400e+01 -2.400e+01 -2.400e+01 -2.400e+01
-13.358 -14.358 14.139 27.497 0.000 0.000 1.000 -5.293e+00 -2.191e+01 -3.876e+00 -3.018e-01 -3.010e-01 -1.123e+01 -3.191e+00 -8.981e+00 -3.979e+00 -4.587e+00 -9.934e+00 -4.843e+00 -6.613e+00 -1.212e+01 -7.067e+00 -1.393e+01 -1.927e+01 -1.634e+01 -2.286e+01 -2.400e+01 -2.400e+01 -2.400e+01 -2.400e+01 -2.400e+01 -2.400e+01 -2.400e+01 -2.400e+01 -2.400e+01
-13.275 -14.275 14.222 27.496 0.000 0.000 1.000 -5.210e+00 -2.174e+01 -3.793e+00 -3.020e-01 -3.010e-01 -1.106e+01 -3.109e+00 -8.733e+00 -3.896e+00 -4.504e+00 -9.686e+00 -4.761e+00 -6.530e+00 -1.187e+01 -6.984e+00 -1.368e+01 -1.885e+01 -1.609e+01 -2.247e+01 -2.400e+01 -2.400e+01 -2.400e+01 -2.400e+01 -2.400e+01 -2.400e+01 -2.400e+01 -2.400e+01 -2.400e+01
-13.192 -14.192 14.305 27.496 0.000 0.000 1.000 -5.127e+00 -2.158e+01 -3.710e+00 -3.022e-01 -3.010e-01 -1.090e+01 -3.026e+00 -8.485e+00 -3.814e+00 -4.421e+00 -9.438e+00 -4.678e+00 -6.447e+00 -1.162e+01 -6.901e+00 -1.343e+01 -1.844e+01 -1.584e+01 -2.206e+01 -2.400e+01 -2.400e+01 -2.400e+01 -2.400e+01 -2.400e+01 -2.400e+01 -2.400e+01 -2.400e+01 -2.400e+01
-13.110 -14.110 14.387 27.495 0.000 0.000 1.000 -5.045e+00 -2.141e+01 -3.628e+00 -3.025e-01 -3.010e-01 -1.074e+01 -2.944e+00 -8.237e+00 -3.731e+00 -4.339e+00 -9.190e+00 -4.595e+00 -6.364e+00 -1.137e+01 -6.819e+00 -1.318e+01 -1.803e+01 -1.559e+01 -2.165e+01 -2.399e+01 -2.400e+01 -2.400e+01 -2.400e+01 -2.400e+01 -2.400e+01 -2.400e+01 -2.400e+01 -2.400e+01
-13.027 -14.027 14.470 27.495 0.000 0.000 1.000 -4.962e+00 -2.125e+01 -3.545e+00 -3.027e-01 -3.010e-01 -1.057e+01 -2.861e+00 -7.989e+00 -3.649e+00 -4.256e+00 -8.942e+00 -4.513e+00 -6.281e+00 -1.112e+01 -6.737e+00 -1.293e+01 -1.761e+01 -1.535e+01 -2.124e+01 -2.396e+01 -2.400e+01 -2.400e+01 -2.400e+01 -2.400e+01 -2.400e+01 -2.400e+01 -2.400e+01 -2.400e+01
-12.944 -13.944 14.552 27.494 0.000 0.000 1.000 -4.880e+00 -2.108e+01 -3.463e+00 -3.031e-01 -3.011e-01 -1.041e+01 -2.779e+00 -7.741e+00 -3.566e+00 -4.173e+00 -8.694e+00 -4.430e+00 -6.197e+00 -1.087e+01 -6.655e+00 -1.269e+01 -1.720e+01 -1.510e+01 -2.082e+01 -2.385e+01 -2.400e+01 -2.400e+01 -2.400e+01 -2.400e+01 -2.400e+01 -2.400e+01 -2.400e+01 -2.400e+01
-12.861 -13.861 14.634 27.493 0.000 0.000 1.000 -4.797e+00 -2.092e+01 -3.380e+00 -3.035e-01 -3.011e-01 -1.025e+01 -2.696e+00 -7.493e+00 -3.484e+00 -4.091e+00 -8.446e+00 -4.348e+00 -6.114e+00 -1.062e+01 -6.573e+00 -1.244e+01 -1.679e+01 -1.485e+01 -2.041e+01 -2.359e+01 -2.400e+01 -2.400e+01 -2.400e+01 -2.400e+01 -2.400e+01 -2.400e+01 -2.400e+01 -2.400e+01
-12.778 -13.778 14.717 27.493 0.000 0.000 1.000 -4.715e+00 -2.075e+01 -3.298e+00 -3.040e-01 -3.011e-01 -1.009e+01 -2.614e+00 -7.246e+00 -3.402e+00 -4.008e+00 -8.198e+00 -4.265e+00 -6.030e+00 -1.038e+01 -6.493e+00 -1.219e+01 -1.637e+01 -1.461e+01 -1.999e+01 -2.316e+01 -2.400e+01 -2.400e+01 -2.400e+01 -2.400e+01 -2.400e+01 -2.400e+01 -2.400e+01 -2.400e+01
-12.696 -13.696 14.799 27.491 0.000 0.000 1.000 -4.633e+00 -2.059e+01 -3.216e+00 -3.047e-01 -3.011e-01 -9.929e+00 -2.532e+00 -6.999e+00 -3.319e+00 -3.926e+00 -7.950e+00 -4.183e+00 -5.946e+00 -1.013e+01 -6.413e+00 -1.195e+01 -1.596e+01 -1.436e+01 -1.958e+01 -2.263e+01 -2.400e+01 -2.400e+01 -2.400e+01 -2.400e+01 -2.400e+01 -2.400e+01 -2.400e+01 -2.400e+01
-12.613 -13.613 14.881 27.490 0.000 0.000 1.000 -4.551e+00 -2.042e+01 -3.134e+00 -3.054e-01 -3.011e-01 -9.775e+00 -2.450e+00 -6.752e+00 -3.237e+00 -3.844e+00 -7.703e+00 -4.100e+00 -5.861e+00 -9.878e+00 -6.335e+00 -1.170e+01 -1.555e+01 -1.412e+01 -1.916e+01 -2.207e+01 -2.400e+01 -2.400e+01 -2.400e+01 -2.400e+01 -2.400e+01 -2.400e+01 -2.400e+01 -2.400e+01
-12.530 -13.530 14.963 27.488 0.000 0.000 1.000 -4.469e+00 -2.026e+01 -3.052e+00 -3.063e-01 -3.011e-01 -9.626e+00 -2.368e+00 -6.506e+00 -3.155e+00 -3.761e+00 -7.456e+00 -4.018e+00 -5.775e+00 -9.629e+00 -6.259e+00 -1.146e+01 -1.514e+01 -1.388e+01 -1.874e+01 -2.149e+01 -2.400e+01 -2.400e+01 -2.400e+01 -2.400e+01 -2.400e+01 -2.400e+01 -2.400e+01 -2.400e+01
-12.447 -13.447 15.045 27.486 0.000 0.000 1.000 -4.387e+00 -2.009e+01 -2.970e+00 -3.074e-01 -3.012e-01 -9.484e+00 -2.286e+00 -6.260e+00 -3.074e+00 -3.679e+00 -7.208e+00 -3.936e+00 -5.689e+00 -9.379e+00 -6.187e+00 -1.121e+01 -1.473e+01 -1.365e+01 -1.832e+01 -2.092e+01 -2.399e+01 -2.400e+01 -2.400e+01 -2.400e+01 -2.400e+01 -2.400e+01 -2.400e+01 -2.400e+01
-12.364 -13.364 15.126 27.484 0.000 0.000 1.000 -4.306e+00 -1.993e+01 -2.889e+00 -3.087e-01 -3.012e-01 -9.352e+00 -2.205e+00 -6.014e+00 -2.992e+00 -3.597e+00 -6.962e+00 -3.853e+00 -5.601e+00 -9.128e+00 -6.120e+00 -1.098e+01 -1.432e+01 -1.342e+01 -1.789e+01 -2.034e+01 -2.397e+01 -2.400e+01 -2.400e+01 -2.400e+01 -2.400e+01 -2.400e+01 -2.400e+01 -2.400e+01
-12.282 -13.282 15.207 27.481 0.000 0.000 1.000 -4.225e+00 -1.976e+01 -2.807e+00 -3.103e-01 -3.013e-01 -9.233e+00 -2.124e+00 -5.770e+00 -2.911e+00 -3.515e+00 -6.715e+00 -3.771e+00 -5.511e+00 -8.877e+00 -6.060e+00 -1.074e+01 -1.391e+01 -1.319e+01 -1.746e+01 -1.977e+01 -2.387e+01 -2.400e+01 -2.400e+01 -2.400e+01 -2.400e+01 -2.400e+01 -2.400e+01 -2.400e+01
-12.199 -13.199 15.288 27.478 0.000 0.000 1.000 -4.144e+00 -1.960e+01 -2.726e+00 -3.122e-01 -3.013e-01 -9.133e+00 -2.043e+00 -5.527e+00 -2.830e+00 -3.433e+00 -6.469e+00 -3.690e+00 -5.419e+00 -8.624e+00 -6.009e+00 -1.051e+01 -1.350e+01 -1.299e+01 -1.702e+01 -1.919e+01 -2.355e+01 -2.400e+01 -2.400e+01 -2.400e+01 -2.400e+01 -2.400e+01 -2.400e+01 -2.400e+01
-12.157 -13.157 15.329 27.476 0.000 0.000 1.000 -4.104e+00 -1.952e+01 -2.686e+00 -3.133e-01 -3.013e-01 -9.091e+00 -2.003e+00 -5.406e+00 -2.790e+00 -3.393e+00 -6.346e+00 -3.649e+00 -5.372e+00 -8.497e+00 -5.989e+00 -1.040e+01 -1.330e+01 -1.289e+01 -1.679e+01 -1.891e+01 -2.329e+01 -2.400e+01 -2.400e+01 -2.400e+01 -2.400e+01 -2.400e+01 -2.400e+01 -2.400e+01
-12.075 -13.075 15.409 27.472 0.000 0.000 1.000 -4.024e+00 -1.935e+01 -2.606e+00 -3.159e-01 -3.014e-01 -9.026e+00 -1.922e+00 -5.166e+00 -2.709e+00 -3.311e+00 -6.101e+00 -3.567e+00 -5.276e+00 -8.242e+00 -5.963e+00 -1.018e+01 -1.290e+01 -1.271e+01 -1.634e+01 -1.833e+01 -2.264e+01 -2.400e+01 -2.400e+01 -2.400e+01 -2.400e+01 -2.400e+01 -2.400e+01 -2.400e+01
-11.992 -12.992 15.489 27.467 0.000 0.000 1.000 -3.945e+00 -1.919e+01 -2.526e+00 -3.189e-01 -3.015e-01 -8.988e+00 -1.843e+00 -4.929e+00 -2.630e+00 -3.230e+00 -5.856e+00 -3.486e+00 -5.178e+00 -7.985e+00 -5.959e+00 -9.975e+00 -1.250e+01 -1.255e+01 -1.588e+01 -1.776e+01 -2.193e+01 -2.400e+01 -2.400e+01 -2.400e+01 -2.400e+01 -2.400e+01 -2.400e+01 -2.400e+01
-11.909 -12.909 15.569 27.461 0.000 0.000 1.000 -3.867e+00 -1.903e+01 -2.446e+00 -3.226e-01 -3.016e-01 -8.971e+00 -1.764e+00 -4.696e+00 -2.550e+00 -3.149e+00 -5.612e+00 -3.405e+00 -5.080e+00 -7.727e+00 -5.983e+00 -9.784e+00 -1.211e+01 -1.244e+01 -1.540e+01 -1.720e+01 -2.120e+01 -2.400e+01 -2.400e+01 -2.400e+01 -2.400e+01 -2.400e+01 -2.400e+01 -2.400e+01
-11.826 -12.826 15.648 27.454 0.000 0.000 1.000 -3.789e+00 -1.886e+01 -2.368e+00 -3.270e-01 -3.017e-01 -8.966e+00 -1.686e+00 -4.467e+00 -2.472e+00 -3.069e+00 -5.370e+00 -3.325e+00 -4.982e+00 -7.468e+00 -6.040e+00 -9.611e+00 -1.172e+01 -1.239e+01 -1.492e+01 -1.663e+01 -2.048e+01 -2.400e+01 -2.400e+01 -2.400e+01 -2.400e+01 -2.400e+01 -2.400e+01 -2.400e+01
-11.744 -12.744 15.726 27.445 0.000 0.000 1.000 -3.713e+00 -1.870e+01 -2.290e+00 -3.323e-01 -3.019e-01 -8.964e+00 -1.608e+00 -4.246e+00 -2.394e+00 -2.988e+00 -5.128e+00 -3.244e+00 -4.886e+00 -7.210e+00 -6.124e+00 -9.456e+00 -1.134e+01 -1.240e+01 -1.442e+01 -1.607e+01 -1.976e+01 -2.399e+01 -2.400e+01 -2.400e+01 -2.400e+01 -2.400e+01 -2.400e+01 -2.400e+01
-11.661 -12.661 15.804 27.436 0.036 0.000 1.000 -3.639e+00 -1.854e+01 -2.213e+00 -3.386e-01 -3.021e-01 -8.963e+00 -1.532e+00 -4.034e+00 -2.318e+00 -2.906e+00 -4.887e+00 -3.165e+00 -4.793e+00 -6.955e+00 -6.219e+00 -9.317e+00 -1.097e+01 -1.248e+01 -1.392e+01 -1.550e+01 -1.904e+01 -2.396e+01 -2.400e+01 -2.400e+01 -2.400e+01 -2.400e+01 -2.400e+01 -2.400e+01
-11.590 -12.590 15.869 27.426 0.036 0.000 1.000 -3.577e+00 -1.841e+01 -2.149e+00 -3.449e-01 -3.022e-01 -8.960e+00 -1.468e+00 -3.863e+00 -2.253e+00 -2.834e+00 -4.681e+00 -3.097e+00 -4.716e+00 -6.738e+00 -6.294e+00 -9.205e+00 -1.064e+01 -1.257e+01 -1.349e+01 -1.501e+01 -1.841e+01 -2.382e+01 -2.400e+01 -2.400e+01 -2.400e+01 -2.400e+01 -2.400e+01 -2.400e+01
-11.510 -12.540 15.942 27.415 0.036 0.000 1.000 -3.508e+00 -1.825e+01 -2.078e+00 -3.532e-01 -3.025e-01 -8.957e+00 -1.398e+00 -3.684e+00 -2.182e+00 -2.749e+00 -4.447e+00 -3.022e+00 -4.631e+00 -6.496e+00 -6.368e+00 -9.083e+00 -1.028e+01 -1.266e+01 -1.300e+01 -1.444e+01 -1.768e+01 -2.330e+01 -2.400e+01 -2.400e+01 -2.400e+01 -2.400e+01 -2.400e+01 -2.400e+01
-11.426 -12.558 16.019 27.404 0.036 0.000 1.000 -3.438e+00 -1.809e+01 -2.004e+00 -3.636e-01 -3.027e-01 -8.954e+00 -1.326e+00 -3.514e+00 -2.108e+00 -2.653e+00 -4.199e+00 -2.943e+00 -4.541e+00 -6.243e+00 -6.435e+00 -8.957e+00 -9.888e+00 -1.273e+01 -1.248e+01 -1.383e+01 -1.692e+01 -2.244e+01 -2.400e+01 -2.400e+01 -2.400e+01 -2.400e+01 -2.400e+01 -2.400e+01
-11.360 -12.463 16.079 27.395 0.036 0.000 1.000 -3.384e+00 -1.797e+01 -1.948e+00 -3.732e-01 -3.030e-01 -8.951e+00 -1.270e+00 -3.398e+00 -2.050e+00 -2.569e+00 -4.000e+00 -2.881e+00 -4.472e+00 -6.047e+00 -6.486e+00 -8.860e+00 -9.583e+00 -1.279e+01 -1.208e+01 -1.336e+01 -1.632e+01 -2.173e+01 -2.400e+01 -2.400e+01 -2.400e+01 -2.400e+01 -2.400e+01 -2.400e+01
-11.280 -12.378 16.151 27.385 0.036 0.000 1.000 -3.321e+00 -1.782e+01 -1.882e+00 -3.865e-01 -3.033e-01 -8.948e+00 -1.206e+00 -3.277e+00 -1.983e+00 -2.458e+00 -3.757e+00 -2.808e+00 -4.389e+00 -5.815e+00 -6.543e+00 -8.748e+00 -9.218e+00 -1.284e+01 -1.161e+01 -1.279e+01 -1.561e+01 -2.086e+01 -2.400e+01 -2.400e+01 -2.400e+01 -2.400e+01 -2.400e+01 -2.400e+01
-11.181 -12.183 16.240 27.377 0.107 0.000 1.000 -3.248e+00 -1.764e+01 -1.806e+00 -4.059e-01 -3.038e-01 -8.944e+00 -1.132e+00 -3.157e+00 -1.904e+00 -2.307e+00 -3.449e+00 -2.720e+00 -4.288e+00 -5.534e+00 -6.603e+00 -8.620e+00 -8.773e+00 -1.290e+01 -1.106e+01 -1.209e+01 -1.476e+01 -1.982e+01 -2.400e+01 -2.400e+01 -2.400e+01 -2.400e+01 -2.400e+01 -2.400e+01
-11.110 -12.227 16.304 27.373 0.107 0.038 1.000 -3.198e+00 -1.751e+01 -1.755e+00 -4.222e-01 -3.042e-01 -8.941e+00 -1.082e+00 -3.085e+00 -1.849e+00 -2.190e+00 -3.220e+00 -2.657e+00 -4.216e+00 -5.334e+00 -6.648e+00 -8.535e+00 -8.452e+00 -1.295e+01 -1.067e+01 -1.160e+01 -1.414e+01 -1.907e+01 -2.400e+01 -2.400e+01 -2.400e+01 -2.400e+01 -2.400e+01 -2.400e+01
-11.030 -12.280 16.377 27.373 0.107 0.038 1.000 -3.148e+00 -1.737e+01 -1.701e+00 -4.432e-01 -3.046e-01 -8.935e+00 -1.030e+00 -3.016e+00 -1.790e+00 -2.054e+00 -2.956e+00 -2.588e+00 -4.136e+00 -5.113e+00 -6.694e+00 -8.444e+00 -8.097e+00 -1.299e+01 -1.026e+01 -1.105e+01 -1.348e+01 -1.825e+01 -2.397e+01 -2.400e+01 -2.400e+01 -2.400e+01 -2.400e+01 -2.400e+01
-10.957 -12.232 16.445 27.377 0.107 0.019 1.000 -3.110e+00 -1.724e+01 -1.656e+00 -4.649e-01 -3.051e-01 -8.927e+00 -9.878e-01 -2.962e+00 -1.738e+00 -1.930e+00 -2.718e+00 -2.526e+00 -4.065e+00 -4.919e+00 -6.729e+00 -8.361e+00 -7.781e+00 -1.301e+01 -9.902e+00 -1.058e+01 -1.290e+01 -1.754e+01 -2.384e+01 -2.400e+01 -2.400e+01 -2.400e+01 -2.400e+01 -2.400e+01
-10.871 -12.052 16.528 27.384 0.107 0.000 1.000 -3.079e+00 -1.710e+01 -1.610e+00 -4.939e-01 -3.057e-01 -8.908e+00 -9.443e-01 -2.913e+00 -1.680e+00 -1.789e+00 -2.442e+00 -2.455e+00 -3.980e+00 -4.698e+00 -6.759e+00 -8.259e+00 -7.418e+00 -1.303e+01 -9.493e+00 -1.004e+01 -1.225e+01 -1.673e+01 -2.330e+01 -2.400e+01 -2.400e+01 -2.400e+01 -2.400e+01 -2.400e+01
-10.794 -12.051 16.603 27.387 0.107 0.000 1.000 -3.069e+00 -1.698e+01 -1.574e+00 -5.237e-01 -3.063e-01 -8.878e+00 -9.115e-01 -2.888e+00 -1.631e+00 -1.672e+00 -2.205e+00 -2.392e+00 -3.902e+00 -4.508e+00 -6.771e+00 -8.154e+00 -7.101e+00 -1.301e+01 -9.131e+00 -9.573e+00 -1.170e+01 -1.604e+01 -2.255e+01 -2.400e+01 -2.400e+01 -2.400e+01 -2.400e+01 -2.400e+01
-10.714 -12.122 16.681 27.378 0.107 0.019 1.000 -3.083e+00 -1.687e+01 -1.543e+00 -5.578e-01 -3.069e-01 -8.826e+00 -8.844e-01 -2.888e+00 -1.585e+00 -1.565e+00 -1.982e+00 -2.330e+00 -3.818e+00 -4.326e+00 -6.761e+00 -8.024e+00 -6.788e+00 -1.295e+01 -8.762e+00 -9.117e+00 -1.115e+01 -1.535e+01 -2.174e+01 -2.400e+01 -2.400e+01 -2.400e+01 -2.400e+01 -2.400e+01
-10.636 -12.102 16.753 27.349 0.107 0.019 1.000 -3.129e+00 -1.677e+01 -1.517e+00 -5.943e-01 -3.074e-01 -8.749e+00 -8.637e-01 -2.921e+00 -1.542e+00 -1.479e+00 -1.794e+00 -2.270e+00 -3.731e+00 -4.165e+00 -6.722e+00 -7.866e+00 -6.502e+00 -1.284e+01 -8.401e+00 -8.698e+00 -1.063e+01 -1.472e+01 -2.098e+01 -2.400e+01 -2.400e+01 -2.400e+01 -2.400e+01 -2.400e+01
-10.556 -12.220 16.822 27.289 0.107 0.000 1.000 -3.213e+00 -1.669e+01 -1.494e+00 -6.359e-01 -3.080e-01 -8.633e+00 -8.462e-01 -2.996e+00 -1.502e+00 -1.407e+00 -1.632e+00 -2.210e+00 -3.631e+00 -4.018e+00 -6.646e+00 -7.662e+00 -6.224e+00 -1.265e+01 -8.018e+00 -8.292e+00 -1.012e+01 -1.408e+01 -2.022e+01 -2.400e+01 -2.400e+01 -2.400e+01 -2.400e+01 -2.400e+01
-10.478 -12.271 16.881 27.199 0.107 0.019 1.000 -3.332e+00 -1.662e+01 -1.473e+00 -6.802e-01 -3.085e-01 -8.485e+00 -8.312e-01 -3.110e+00 -1.465e+00 -1.353e+00 -1.507e+00 -2.154e+00 -3.525e+00 -3.895e+00 -6.535e+00 -7.419e+00 -5.974e+00 -1.238e+01 -7.635e+00 -7.923e+00 -9.621e+00 -1.347e+01 -1.951e+01 -2.400e+01 -2.400e+01 -2.400e+01 -2.400e+01 -2.400e+01
-10.397 -12.154 16.931 27.079 0.071 0.000 1.000 -3.488e+00 -1.657e+01 -1.451e+00 -7.300e-01 -3.090e-01 -8.301e+00 -8.167e-01 -3.266e+00 -1.428e+00 -1.309e+00 -1.409e+00 -2.096e+00 -3.406e+00 -3.787e+00 -6.389e+00 -7.130e+00 -5.737e+00 -1.203e+01 -7.232e+00 -7.566e+00 -9.118e+00 -1.286e+01 -1.878e+01 -2.398e+01 -2.400e+01 -2.400e+01 -2.400e+01 -2.400e+01
-10.318 -12.176 16.971 26.948 0.036 0.019 1.000 -3.653e+00 -1.653e+01 -1.429e+00 -7.820e-01 -3.093e-01 -8.109e+00 -8.036e-01 -3.435e+00 -1.395e+00 -1.275e+00 -1.337e+00 -2.042e+00 -3.283e+00 -3.700e+00 -6.230e+00 -6.830e+00 -5.527e+00 -1.167e+01 -6.849e+00 -7.245e+00 -8.647e+00 -1.227e+01 -1.808e+01 -2.391e+01 -2.400e+01 -2.400e+01 -2.400e+01 -2.400e+01
-10.238 -12.328 17.004 26.814 0.000 0.000 1.000 -3.810e+00 -1.651e+01 -1.407e+00 -8.383e-01 -3.094e-01 -7.922e+00 -7.925e-01 -3.599e+00 -1.363e+00 -1.245e+00 -1.282e+00 -1.988e+00 -3.156e+00 -3.624e+00 -6.081e+00 -6.531e+00 -5.333e+00 -1.130e+01 -6.484e+00 -6.940e+00 -8.193e+00 -1.170e+01 -1.739e+01 -2.360e+01 -2.400e+01 -2.400e+01 -2.400e+01 -2.400e+01
-10.159 -12.240 17.031 26.694 0.000 0.019 1.000 -3.938e+00 -1.648e+01 -1.388e+00 -8.975e-01 -3.093e-01 -7.768e+00 -7.853e-01 -3.736e+00 -1.333e+00 -1.219e+00 -1.237e+00 -1.936e+00 -3.031e+00 -3.555e+00 -5.961e+00 -6.256e+00 -5.156e+00 -1.098e+01 -6.159e+00 -6.656e+00 -7.772e+00 -1.116e+01 -1.673e+01 -2.300e+01 -2.400e+01 -2.400e+01 -2.400e+01 -2.400e+01
-10.079 -12.258 17.055 26.582 0.000 0.000 1.000 -4.041e+00 -1.646e+01 -1.370e+00 -9.606e-01 -3.089e-01 -7.641e+00 -7.831e-01 -3.848e+00 -1.303e+00 -1.195e+00 -1.197e+00 -1.884e+00 -2.908e+00 -3.486e+00 -5.865e+00 -6.005e+00 -4.990e+00 -1.070e+01 -5.867e+00 -6.384e+00 -7.375e+00 -1.064e+01 -1.610e+01 -2.228e+01 -2.400e+01 -2.400e+01 -2.400e+01 -2.400e+01
-9.999 -12.244 17.076 26.476 0.000 0.000 1.000 -4.127e+00 -1.644e+01 -1.356e+00 -1.027e+00 -3.081e-01 -7.532e+00 -7.872e-01 -3.944e+00 -1.273e+00 -1.172e+00 -1.160e+00 -1.832e+00 -2.790e+00 -3.413e+00 -5.785e+00 -5.778e+00 -4.832e+00 -1.045e+01 -5.602e+00 -6.127e+00 -7.004e+00 -1.015e+01 -1.549e+01 -2.157e+01 -2.400e+01 -2.400e+01 -2.400e+01 -2.400e+01
-9.920 -12.361 17.095 26.373 0.000 0.000 1.000 -4.203e+00 -1.642e+01 -1.345e+00 -1.095e+00 -3.070e-01 -7.434e+00 -7.980e-01 -4.032e+00 -1.244e+00 -1.152e+00 -1.124e+00 -1.781e+00 -2.675e+00 -3.337e+00 -5.714e+00 -5.568e+00 -4.681e+00 -1.021e+01 -5.357e+00 -5.884e+00 -6.657e+00 -9.692e+00 -1.492e+01 -2.089e+01 -2.400e+01 -2.400e+01 -2.400e+01 -2.400e+01
-9.840 -12.344 17.113 26.272 0.000 0.000 1.000 -4.273e+00 -1.641e+01 -1.336e+00 -1.167e+00 -3.055e-01 -7.344e+00 -8.163e-01 -4.116e+00 -1.214e+00 -1.133e+00 -1.088e+00 -1.730e+00 -2.564e+00 -3.256e+00 -5.647e+00 -5.369e+00 -4.533e+00 -9.977e+00 -5.124e+00 -5.651e+00 -6.327e+00 -9.253e+00 -1.437e+01 -2.023e+01 -2.400e+01 -2.400e+01 -2.400e+01 -2.400e+01
-9.760 -12.383 17.129 26.170 0.000 0.000 1.000 -4.339e+00 -1.639e+01 -1.330e+00 -1.242e+00 -3.036e-01 -7.258e+00 -8.429e-01 -4.199e+00 -1.185e+00 -1.118e+00 -1.053e+00 -1.678e+00 -2.456e+00 -3.171e+00 -5.582e+00 -5.179e+00 -4.388e+00 -9.751e+00 -4.901e+00 -5.428e+00 -6.013e+00 -8.835e+00 -1.385e+01 -1.960e+01 -2.399e+01 -2.400e+01 -2.400e+01 -2.400e+01
-9.680 -12.340 17.143 26.069 0.000 0.000 1.000 -4.403e+00 -1.637e+01 -1.327e+00 -1.319e+00 -3.014e-01 -7.175e+00 -8.784e-01 -4.283e+00 -1.157e+00 -1.106e+00 -1.019e+00 -1.626e+00 -2.352e+00 -3.086e+00 -5.517e+00 -4.998e+00 -4.247e+00 -9.530e+00 -4.687e+00 -5.216e+00 -5.715e+00 -8.437e+00 -1.335e+01 -1.900e+01 -2.396e+01 -2.400e+01 -2.400e+01 -2.400e+01
-9.600 -12.286 17.157 25.968 0.000 0.000 1.000 -4.466e+00 -1.635e+01 -1.325e+00 -1.399e+00 -2.988e-01 -7.094e+00 -9.241e-01 -4.371e+00 -1.129e+00 -1.099e+00 -9.844e-01 -1.573e+00 -2.251e+00 -3.000e+00 -5.450e+00 -4.823e+00 -4.109e+00 -9.310e+00 -4.478e+00 -5.013e+00 -5.428e+00 -8.054e+00 -1.286e+01 -1.842e+01 -2.385e+01 -2.400e+01 -2.400e+01 -2.400e+01
-9.520 -12.392 17.169 25.868 0.000 0.000 1.000 -4.528e+00 -1.634e+01 -1.325e+00 -1.481e+00 -2.961e-01 -7.015e+00 -9.805e-01 -4.463e+00 -1.103e+00 -1.096e+00 -9.515e-01 -1.520e+00 -2.155e+00 -2.918e+00 -5.382e+00 -4.654e+00 -3.976e+00 -9.095e+00 -4.278e+00 -4.820e+00 -5.157e+00 -7.691e+00 -1.241e+01 -1.786e+01 -2.355e+01 -2.400e+01 -2.400e+01 -2.400e+01
-9.440 -12.292 17.181 25.768 0.000 0.000 1.000 -4.591e+00 -1.632e+01 -1.327e+00 -1.567e+00 -2.935e-01 -6.937e+00 -1.050e+00 -4.562e+00 -1.078e+00 -1.101e+00 -9.194e-01 -1.467e+00 -2.061e+00 -2.840e+00 -5.310e+00 -4.489e+00 -3.849e+00 -8.880e+00 -4.084e+00 -4.637e+00 -4.895e+00 -7.339e+00 -1.196e+01 -1.732e+01 -2.306e+01 -2.400e+01 -2.400e+01 -2.400e+01
-9.360 -12.343 17.192 25.670 0.000 0.000 1.000 -4.655e+00 -1.630e+01 -1.331e+00 -1.655e+00 -2.910e-01 -6.859e+00 -1.133e+00 -4.667e+00 -1.056e+00 -1.112e+00 -8.891e-01 -1.414e+00 -1.972e+00 -2.768e+00 -5.236e+00 -4.329e+00 -3.731e+00 -8.668e+00 -3.899e+00 -4.467e+00 -4.647e+00 -7.003e+00 -1.153e+01 -1.681e+01 -2.249e+01 -2.400e+01 -2.400e+01 -2.400e+01
-9.280 -12.287 17.202 25.575 0.000 0.000 1.000 -4.720e+00 -1.628e+01 -1.335e+00 -1.746e+00 -2.890e-01 -6.783e+00 -1.230e+00 -4.780e+00 -1.036e+00 -1.131e+00 -8.606e-01 -1.361e+00 -1.887e+00 -2.703e+00 -5.160e+00 -4.174e+00 -3.622e+00 -8.460e+00 -3.724e+00 -4.309e+00 -4.412e+00 -6.682e+00 -1.112e+01 -1.630e+01 -2.191e+01 -2.400e+01 -2.400e+01 -2.400e+01
-9.200 -12.161 17.212 25.485 0.000 0.000 1.000 -4.786e+00 -1.627e+01 -1.342e+00 -1.840e+00 -2.876e-01 -6.708e+00 -1.345e+00 -4.901e+00 -1.020e+00 -1.158e+00 -8.342e-01 -1.309e+00 -1.806e+00 -2.647e+00 -5.083e+00 -4.025e+00 -3.523e+00 -8.256e+00 -3.559e+00 -4.165e+00 -4.191e+00 -6.377e+00 -1.072e+01 -1.581e+01 -2.134e+01 -2.400e+01 -2.400e+01 -2.400e+01
-9.120 -12.199 17.221 25.401 0.000 0.000 1.000 -4.851e+00 -1.625e+01 -1.349e+00 -1.936e+00 -2.871e-01 -6.637e+00 -1.475e+00 -5.027e+00 -1.008e+00 -1.196e+00 -8.104e-01 -1.259e+00 -1.730e+00 -2.599e+00 -5.007e+00 -3.883e+00 -3.435e+00 -8.061e+00 -3.408e+00 -4.036e+00 -3.987e+00 -6.090e+00 -1.034e+01 -1.535e+01 -2.078e+01 -2.399e+01 -2.400e+01 -2.400e+01
-9.040 -11.814 17.230 25.324 0.036 0.000 1.000 -4.915e+00 -1.623e+01 -1.358e+00 -2.034e+00 -2.876e-01 -6.571e+00 -1.621e+00 -5.158e+00 -1.000e+00 -1.244e+00 -7.890e-01 -1.211e+00 -1.659e+00 -2.560e+00 -4.934e+00 -3.750e+00 -3.358e+00 -7.875e+00 -3.269e+00 -3.921e+00 -3.798e+00 -5.820e+00 -9.978e+00 -1.490e+01 -2.025e+01 -2.397e+01 -2.400e+01 -2.400e+01
-8.960 -11.904 17.239 25.253 0.036 0.019 1.000 -4.975e+00 -1.621e+01 -1.367e+00 -2.132e+00 -2.892e-01 -6.512e+00 -1.777e+00 -5.291e+00 -9.955e-01 -1.303e+00 -7.701e-01 -1.165e+00 -1.594e+00 -2.527e+00 -4.866e+00 -3.627e+00 -3.290e+00 -7.705e+00 -3.145e+00 -3.819e+00 -3.627e+00 -5.571e+00 -9.635e+00 -1.446e+01 -1.973e+01 -2.389e+01 -2.400e+01 -2.400e+01
-8.880 -11.759 17.248 25.186 0.036 0.019 1.000 -5.029e+00 -1.620e+01 -1.379e+00 -2.229e+00 -2.921e-01 -6.461e+00 -1.934e+00 -5.423e+00 -9.945e-01 -1.374e+00 -7.534e-01 -1.122e+00 -1.533e+00 -2.499e+00 -4.805e+00 -3.516e+00 -3.229e+00 -7.552e+00 -3.034e+00 -3.728e+00 -3.472e+00 -5.342e+00 -9.311e+00 -1.405e+01 -1.923e+01 -2.367e+01 -2.400e+01 -2.400e+01
-8.800 -11.533 17.257 25.123 0.036 0.038 1.000 -5.075e+00 -1.618e+01 -1.390e+00 -2.320e+00 -2.962e-01 -6.421e+00 -2.077e+00 -5.552e+00 -9.967e-01 -1.457e+00 -7.387e-01 -1.082e+00 -1.479e+00 -2.472e+00 -4.755e+00 -3.418e+00 -3.172e+00 -7.421e+00 -2.936e+00 -3.643e+00 -3.333e+00 -5.134e+00 -9.005e+00 -1.365e+01 -1.875e+01 -2.328e+01 -2.400e+01 -2.400e+01
-8.720 -11.485 17.267 25.063 0.036 0.019 1.000 -5.112e+00 -1.616e+01 -1.403e+00 -2.402e+00 -3.014e-01 -6.393e+00 -2.189e+00 -5.673e+00 -1.001e+00 -1.551e+00 -7.259e-01 -1.044e+00 -1.429e+00 -2.445e+00 -4.716e+00 -3.335e+00 -3.119e+00 -7.314e+00 -2.852e+00 -3.565e+00 -3.210e+00 -4.948e+00 -8.722e+00 -1.328e+01 -1.829e+01 -2.281e+01 -2.400e+01 -2.400e+01
-8.640 -11.349 17.277 25.005 0.036 0.019 1.000 -5.140e+00 -1.614e+01 -1.416e+00 -2.470e+00 -3.078e-01 -6.376e+00 -2.266e+00 -5.786e+00 -1.008e+00 -1.654e+00 -7.144e-01 -1.009e+00 -1.384e+00 -2.416e+00 -4.688e+00 -3.265e+00 -3.065e+00 -7.230e+00 -2.779e+00 -3.489e+00 -3.101e+00 -4.783e+00 -8.457e+00 -1.293e+01 -1.785e+01 -2.231e+01 -2.400e+01 -2.400e+01
-8.560 -11.233 17.287 24.952 0.036 0.019 1.000 -5.160e+00 -1.612e+01 -1.428e+00 -2.521e+00 -3.155e-01 -6.369e+00 -2.313e+00 -5.889e+00 -1.018e+00 -1.761e+00 -7.041e-01 -9.756e-01 -1.343e+00 -2.385e+00 -4.670e+00 -3.207e+00 -3.013e+00 -7.166e+00 -2.715e+00 -3.416e+00 -3.005e+00 -4.639e+00 -8.212e+00 -1.259e+01 -1.742e+01 -2.182e+01 -2.400e+01 -2.400e+01
-8.480 -11.223 17.297 24.902 0.036 0.019 1.000 -5.173e+00 -1.610e+01 -1.441e+00 -2.556e+00 -3.245e-01 -6.369e+00 -2.344e+00 -5.981e+00 -1.029e+00 -1.866e+00 -6.945e-01 -9.437e-01 -1.305e+00 -2.353e+00 -4.660e+00 -3.158e+00 -2.963e+00 -7.116e+00 -2.659e+00 -3.347e+00 -2.921e+00 -4.516e+00 -7.985e+00 -1.227e+01 -1.702e+01 -2.135e+01 -2.400e+01 -2.400e+01
-8.400 -11.008 17.308 24.855 0.036 0.000 1.000 -5.184e+00 -1.607e+01 -1.452e+00 -2.576e+00 -3.351e-01 -6.374e+00 -2.367e+00 -6.057e+00 -1.042e+00 -1.960e+00 -6.853e-01 -9.126e-01 -1.269e+00 -2.321e+00 -4.655e+00 -3.115e+00 -2.916e+00 -7.075e+00 -2.610e+00 -3.286e+00 -2.849e+00 -4.412e+00 -7.777e+00 -1.197e+01 -1.663e+01 -2.089e+01 -2.400e+01 -2.400e+01
-8.320 -10.838 17.319 24.810 0.107 0.000 1.000 -5.194e+00 -1.604e+01 -1.463e+00 -2.588e+00 -3.475e-01 -6.382e+00 -2.388e+00 -6.118e+00 -1.058e+00 -2.036e+00 -6.759e-01 -8.814e-01 -1.235e+00 -2.290e+00 -4.651e+00 -3.073e+00 -2.873e+00 -7.035e+00 -2.565e+00 -3.233e+00 -2.787e+00 -4.326e+00 -7.585e+00 -1.169e+01 -1.626e+01 -2.045e+01 -2.399e+01 -2.400e+01
-8.239 -10.687 17.332 24.765 0.107 0.000 1.000 -5.207e+00 -1.601e+01 -1.474e+00 -2.594e+00 -3.622e-01 -6.389e+00 -2.410e+00 -6.166e+00 -1.076e+00 -2.092e+00 -6.660e-01 -8.496e-01 -1.200e+00 -2.263e+00 -4.647e+00 -3.032e+00 -2.837e+00 -6.992e+00 -2.525e+00 -3.190e+00 -2.736e+00 -4.258e+00 -7.409e+00 -1.142e+01 -1.590e+01 -2.003e+01 -2.398e+01 -2.400e+01
-8.160 -10.693 17.344 24.719 0.107 0.019 1.000 -5.223e+00 -1.597e+01 -1.484e+00 -2.598e+00 -3.792e-01 -6.396e+00 -2.432e+00 -6.206e+00 -1.098e+00 -2.130e+00 -6.554e-01 -8.173e-01 -1.166e+00 -2.239e+00 -4.640e+00 -2.991e+00 -2.808e+00 -6.945e+00 -2.489e+00 -3.159e+00 -2.694e+00 -4.206e+00 -7.249e+00 -1.116e+01 -1.556e+01 -1.963e+01 -2.393e+01 -2.400e+01
-8.079 -10.615 17.358 24.669 0.107 0.038 1.000 -5.242e+00 -1.594e+01 -1.493e+00 -2.602e+00 -3.994e-01 -6.403e+00 -2.457e+00 -6.243e+00 -1.123e+00 -2.158e+00 -6.435e-01 -7.837e-01 -1.132e+00 -2.219e+00 -4.630e+00 -2.947e+00 -2.787e+00 -6.892e+00 -2.456e+00 -3.137e+00 -2.658e+00 -4.167e+00 -7.101e+00 -1.092e+01 -1.523e+01 -1.924e+01 -2.383e+01 -2.400e+01
-8.000 -10.740 17.372 24.615 0.107 0.038 1.000 -5.265e+00 -1.590e+01 -1.502e+00 -2.607e+00 -4.227e-01 -6.410e+00 -2.484e+00 -6.283e+00 -1.152e+00 -2.182e+00 -6.304e-01 -7.496e-01 -1.100e+00 -2.203e+00 -4.619e+00 -2.903e+00 -2.772e+00 -6.835e+00 -2.426e+00 -3.125e+00 -2.630e+00 -4.139e+00 -6.967e+00 -1.069e+01 -1.492e+01 -1.887e+01 -2.363e+01 -2.400e+01
-7.920 -10.522 17.386 24.555 0.107 0.058 1.000 -5.291e+00 -1.586e+01 -1.510e+00 -2.612e+00 -4.500e-01 -6.419e+00 -2.515e+00 -6.327e+00 -1.186e+00 -2.207e+00 -6.159e-01 -7.146e-01 -1.069e+00 -2.191e+00 -4.605e+00 -2.859e+00 -2.762e+00 -6.773e+00 -2.398e+00 -3.119e+00 -2.605e+00 -4.117e+00 -6.841e+00 -1.047e+01 -1.461e+01 -1.851e+01 -2.332e+01 -2.400e+01
-7.840 -10.553 17.400 24.489 0.107 0.115 1.000 -5.319e+00 -1.582e+01 -1.517e+00 -2.618e+00 -4.815e-01 -6.429e+00 -2.549e+00 -6.378e+00 -1.224e+00 -2.235e+00 -6.002e-01 -6.795e-01 -1.041e+00 -2.184e+00 -4.590e+00 -2.815e+00 -2.758e+00 -6.709e+00 -2.373e+00 -3.120e+00 -2.583e+00 -4.100e+00 -6.724e+00 -1.027e+01 -1.431e+01 -1.817e+01 -2.297e+01 -2.400e+01
-7.760 -10.520 17.414 24.413 0.107 0.115 1.000 -5.349e+00 -1.578e+01 -1.523e+00 -2.626e+00 -5.181e-01 -6.443e+00 -2.587e+00 -6.436e+00 -1.268e+00 -2.268e+00 -5.831e-01 -6.445e-01 -1.016e+00 -2.182e+00 -4.574e+00 -2.773e+00 -2.758e+00 -6.643e+00 -2.349e+00 -3.125e+00 -2.564e+00 -4.085e+00 -6.614e+00 -1.007e+01 -1.403e+01 -1.785e+01 -2.259e+01 -2.400e+01
-7.680 -10.654 17.428 24.329 0.107 0.135 1.000 -5.382e+00 -1.574e+01 -1.528e+00 -2.635e+00 -5.602e-01 -6.459e+00 -2.630e+00 -6.503e+00 -1.318e+00 -2.306e+00 -5.651e-01 -6.100e-01 -9.950e-01 -2.184e+00 -4.557e+00 -2.731e+00 -2.764e+00 -6.574e+00 -2.327e+00 -3.135e+00 -2.546e+00 -4.072e+00 -6.508e+00 -9.872e+00 -1.375e+01 -1.754e+01 -2.220e+01 -2.400e+01
-7.600 -10.461 17.441 24.233 0.107 0.135 1.000 -5.417e+00 -1.569e+01 -1.532e+00 -2.646e+00 -6.085e-01 -6.480e+00 -2.678e+00 -6.580e+00 -1.374e+00 -2.351e+00 -5.461e-01 -5.764e-01 -9.793e-01 -2.193e+00 -4.539e+00 -2.692e+00 -2.775e+00 -6.505e+00 -2.308e+00 -3.149e+00 -2.529e+00 -4.058e+00 -6.406e+00 -9.684e+00 -1.348e+01 -1.723e+01 -2.183e+01 -2.399e+01
-7.520 -10.430 17.452 24.124 0.107 0.135 1.000 -5.454e+00 -1.565e+01 -1.535e+00 -2.659e+00 -6.639e-01 -6.504e+00 -2.732e+00 -6.667e+00 -1.437e+00 -2.403e+00 -5.265e-01 -5.442e-01 -9.693e-01 -2.209e+00 -4.520e+00 -2.655e+00 -2.792e+00 -6.433e+00 -2.291e+00 -3.169e+00 -2.514e+00 -4.045e+00 -6.307e+00 -9.499e+00 -1.321e+01 -1.694e+01 -2.146e+01 -2.399e+01
-7.440 -10.397 17.463 24.001 0.143 0.135 1.000 -5.494e+00 -1.561e+01 -1.537e+00 -2.675e+00 -7.272e-01 -6.531e+00 -2.794e+00 -6.765e+00 -1.505e+00 -2.463e+00 -5.066e-01 -5.136e-01 -9.656e-01 -2.232e+00 -4.500e+00 -2.620e+00 -2.815e+00 -6.361e+00 -2.276e+00 -3.194e+00 -2.500e+00 -4.033e+00 -6.209e+00 -9.317e+00 -1.294e+01 -1.665e+01 -2.111e+01 -2.396e+01
-7.360 -10.386 17.472 23.862 0.107 0.135 1.000 -5.538e+00 -1.557e+01 -1.538e+00 -2.694e+00 -7.987e-01 -6.560e+00 -2.862e+00 -6.877e+00 -1.578e+00 -2.532e+00 -4.870e-01 -4.852e-01 -9.686e-01 -2.263e+00 -4.479e+00 -2.588e+00 -2.846e+00 -6.287e+00 -2.265e+00 -3.225e+00 -2.489e+00 -4.022e+00 -6.114e+00 -9.139e+00 -1.268e+01 -1.637e+01 -2.076e+01 -2.391e+01
-7.280 -10.356 17.480 23.703 0.107 0.135 1.000 -5.585e+00 -1.552e+01 -1.538e+00 -2.717e+00 -8.803e-01 -6.591e+00 -2.940e+00 -7.003e+00 -1.655e+00 -2.611e+00 -4.678e-01 -4.591e-01 -9.786e-01 -2.302e+00 -4.456e+00 -2.559e+00 -2.885e+00 -6.209e+00 -2.256e+00 -3.264e+00 -2.479e+00 -4.012e+00 -6.019e+00 -8.961e+00 -1.242e+01 -1.610e+01 -2.042e+01 -2.381e+01
-7.200 -10.485 17.487 23.522 0.071 0.135 1.000 -5.639e+00 -1.548e+01 -1.538e+00 -2.745e+00 -9.724e-01 -6.619e+00 -3.028e+00 -7.146e+00 -1.733e+00 -2.700e+00 -4.495e-01 -4.356e-01 -9.955e-01 -2.351e+00 -4.431e+00 -2.530e+00 -2.932e+00 -6.127e+00 -2.250e+00 -3.311e+00 -2.472e+00 -4.004e+00 -5.925e+00 -8.784e+00 -1.216e+01 -1.582e+01 -2.009e+01 -2.363e+01
-7.120 -10.196 17.491 23.315 0.107 0.135 1.000 -5.699e+00 -1.544e+01 -1.536e+00 -2.778e+00 -1.077e+00 -6.643e+00 -3.127e+00 -7.307e+00 -1.810e+00 -2.800e+00 -4.325e-01 -4.146e-01 -1.019e+00 -2.408e+00 -4.402e+00 -2.502e+00 -2.989e+00 -6.037e+00 -2.246e+00 -3.367e+00 -2.467e+00 -3.997e+00 -5.833e+00 -8.608e+00 -1.190e+01 -1.555e+01 -1.976e+01 -2.338e+01
-7.040 -10.061 17.495 23.075 0.107 0.154 1.000 -5.768e+00 -1.541e+01 -1.535e+00 -2.818e+00 -1.194e+00 -6.659e+00 -3.239e+00 -7.489e+00 -1.884e+00 -2.911e+00 -4.171e-01 -3.965e-01 -1.050e+00 -2.474e+00 -4.368e+00 -2.473e+00 -3.056e+00 -5.937e+00 -2.244e+00 -3.433e+00 -2.462e+00 -3.991e+00 -5.741e+00 -8.433e+00 -1.165e+01 -1.528e+01 -1.944e+01 -2.309e+01
-6.960 -10.084 17.497 22.787 0.107 0.154 1.000 -5.847e+00 -1.537e+01 -1.533e+00 -2.866e+00 -1.326e+00 -6.662e+00 -3.365e+00 -7.694e+00 -1.953e+00 -3.035e+00 -4.036e-01 -3.810e-01 -1.085e+00 -2.549e+00 -4.328e+00 -2.439e+00 -3.133e+00 -5.823e+00 -2.241e+00 -3.510e+00 -2.458e+00 -3.985e+00 -5.651e+00 -8.259e+00 -1.139e+01 -1.502e+01 -1.912e+01 -2.277e+01
-6.880 -10.014 17.498 22.418 0.107 0.154 1.000 -5.939e+00 -1.534e+01 -1.532e+00 -2.923e+00 -1.475e+00 -6.649e+00 -3.508e+00 -7.925e+00 -2.015e+00 -3.169e+00 -3.921e-01 -3.682e-01 -1.126e+00 -2.632e+00 -4.277e+00 -2.400e+00 -3.220e+00 -5.690e+00 -2.237e+00 -3.597e+00 -2.452e+00 -3.978e+00 -5.561e+00 -8.086e+00 -1.113e+01 -1.475e+01 -1.881e+01 -2.244e+01
-6.800 -10.061 17.499 21.808 0.107 0.154 1.000 -6.046e+00 -1.531e+01 -1.530e+00 -2.990e+00 -1.641e+00 -6.614e+00 -3.668e+00 -8.181e+00 -2.068e+00 -3.313e+00 -3.826e-01 -3.579e-01 -1.169e+00 -2.722e+00 -4.215e+00 -2.352e+00 -3.318e+00 -5.534e+00 -2.229e+00 -3.696e+00 -2.443e+00 -3.968e+00 -5.471e+00 -7.913e+00 -1.088e+01 -1.449e+01 -1.851e+01 -2.212e+01
-6.720 -10.112 17.499 21.606 0.071 0.154 1.000 -6.167e+00 -1.529e+01 -1.529e+00 -3.069e+00 -1.827e+00 -6.555e+00 -3.849e+00 -8.462e+00 -2.112e+00 -3.463e+00 -3.750e-01 -3.497e-01 -1.216e+00 -2.817e+00 -4.140e+00 -2.297e+00 -3.425e+00 -5.357e+00 -2.218e+00 -3.806e+00 -2.431e+00 -3.954e+00 -5.381e+00 -7.741e+00 -1.062e+01 -1.423e+01 -1.821e+01 -2.180e+01
-6.640 -10.142 17.498 21.961 0.071 0.192 1.000 -6.301e+00 -1.527e+01 -1.527e+00 -3.162e+00 -2.034e+00 -6.471e+00 -4.051e+00 -8.761e+00 -2.146e+00 -3.613e+00 -3.691e-01 -3.436e-01 -1.264e+00 -2.916e+00 -4.053e+00 -2.235e+00 -3.542e+00 -5.159e+00 -2.205e+00 -3.927e+00 -2.416e+00 -3.938e+00 -5.290e+00 -7.569e+00 -1.037e+01 -1.397e+01 -1.792e+01 -2.149e+01
-6.560 -10.133 17.498 22.073 0.071 0.173 1.000 -6.445e+00 -1.525e+01 -1.526e+00 -3.269e+00 -2.260e+00 -6.365e+00 -4.274e+00 -9.067e+00 -2.170e+00 -3.756e+00 -3.646e-01 -3.390e-01 -1.314e+00 -3.019e+00 -3.957e+00 -2.173e+00 -3.669e+00 -4.951e+00 -2.193e+00 -4.057e+00 -2.401e+00 -3.921e+00 -5.198e+00 -7.397e+00 -1.012e+01 -1.371e+01 -1.764e+01 -2.119e+01
-6.480 -10.059 17.497 22.133 0.071 0.173 1.000 -6.590e+00 -1.524e+01 -1.523e+00 -3.389e+00 -2.500e+00 -6.247e+00 -4.512e+00 -9.362e+00 -2.186e+00 -3.884e+00 -3.613e-01 -3.356e-01 -1.363e+00 -3.125e+00 -3.860e+00 -2.116e+00 -3.801e+00 -4.747e+00 -2.186e+00 -4.193e+00 -2.390e+00 -3.907e+00 -5.105e+00 -7.224e+00 -9.863e+00 -1.345e+01 -1.735e+01 -2.089e+01
-6.400 -10.065 17.495 22.169 0.071 0.192 1.000 -6.724e+00 -1.522e+01 -1.519e+00 -3.517e+00 -2.740e+00 -6.130e+00 -4.751e+00 -9.628e+00 -2.197e+00 -3.991e+00 -3.587e-01 -3.330e-01 -1.412e+00 -3.229e+00 -3.770e+00 -2.072e+00 -3.931e+00 -4.565e+00 -2.187e+00 -4.325e+00 -2.383e+00 -3.896e+00 -5.012e+00 -7.050e+00 -9.607e+00 -1.319e+01 -1.707e+01 -2.060e+01
-6.320 -10.035 17.494 22.183 0.071 0.192 1.000 -6.836e+00 -1.521e+01 -1.513e+00 -3.642e+00 -2.954e+00 -6.032e+00 -4.965e+00 -9.846e+00 -2.206e+00 -4.078e+00 -3.566e-01 -3.310e-01 -1.460e+00 -3.325e+00 -3.701e+00 -2.047e+00 -4.049e+00 -4.423e+00 -2.196e+00 -4.443e+00 -2.383e+00 -3.889e+00 -4.919e+00 -6.875e+00 -9.350e+00 -1.292e+01 -1.679e+01 -2.030e+01
-6.240 -9.861 17.492 22.175 0.071 0.192 1.000 -6.916e+00 -1.520e+01 -1.505e+00 -3.747e+00 -3.112e+00 -5.963e+00 -5.124e+00 -1.001e+01 -2.214e+00 -4.148e+00 -3.549e-01 -3.292e-01 -1.506e+00 -3.406e+00 -3.659e+00 -2.042e+00 -4.145e+00 -4.330e+00 -2.211e+00 -4.536e+00 -2.388e+00 -3.887e+00 -4.828e+00 -6.699e+00 -9.090e+00 -1.265e+01 -1.650e+01 -2.000e+01
-6.160 -9.595 17.489 22.150 0.107 0.192 1.000 -6.967e+00 -1.519e+01 -1.496e+00 -3.818e+00 -3.207e+00 -5.922e+00 -5.218e+00 -1.014e+01 -2.222e+00 -4.210e+00 -3.532e-01 -3.275e-01 -1.554e+00 -3.474e+00 -3.646e+00 -2.054e+00 -4.221e+00 -4.281e+00 -2.231e+00 -4.606e+00 -2.397e+00 -3.886e+00 -4.738e+00 -6.522e+00 -8.828e+00 -1.238e+01 -1.621e+01 -1.969e+01
-6.080 -9.652 17.487 22.112 0.107 0.192 1.000 -6.997e+00 -1.518e+01 -1.485e+00 -3.858e+00 -3.257e+00 -5.902e+00 -5.266e+00 -1.024e+01 -2.231e+00 -4.268e+00 -3.516e-01 -3.258e-01 -1.604e+00 -3.532e+00 -3.656e+00 -2.079e+00 -4.283e+00 -4.265e+00 -2.255e+00 -4.659e+00 -2.409e+00 -3.888e+00 -4.649e+00 -6.345e+00 -8.564e+00 -1.210e+01 -1.591e+01 -1.938e+01
-6.000 -9.636 17.484 22.064 0.107 0.192 1.000 -7.017e+00 -1.517e+01 -1.474e+00 -3.883e+00 -3.287e+00 -5.892e+00 -5.293e+00 -1.033e+01 -2.241e+00 -4.330e+00 -3.500e-01 -3.241e-01 -1.660e+00 -3.591e+00 -3.680e+00 -2.113e+00 -4.342e+00 -4.267e+00 -2.284e+00 -4.708e+00 -2.426e+00 -3.894e+00 -4.562e+00 -6.167e+00 -8.298e+00 -1.183e+01 -1.561e+01 -1.907e+01
-5.920 -9.616 17.481 22.006 0.107 0.192 1.000 -7.036e+00 -1.516e+01 -1.462e+00 -3.903e+00 -3.312e+00 -5.885e+00 -5.314e+00 -1.042e+01 -2.251e+00 -4.397e+00 -3.484e-01 -3.223e-01 -1.723e+00 -3.655e+00 -3.713e+00 -2.155e+00 -4.406e+00 -4.278e+00 -2.319e+00 -4.761e+00 -2.448e+00 -3.904e+00 -4.477e+00 -5.990e+00 -8.031e+00 -1.155e+01 -1.531e+01 -1.875e+01
-5.840 -9.553 17.477 21.940 0.107 0.192 1.000 -7.059e+00 -1.514e+01 -1.449e+00 -3.924e+00 -3.336e+00 -5.874e+00 -5.334e+00 -1.052e+01 -2.262e+00 -4.470e+00 -3.469e-01 -3.206e-01 -1.795e+00 -3.729e+00 -3.749e+00 -2.203e+00 -4.482e+00 -4.291e+00 -2.361e+00 -4.825e+00 -2.477e+00 -3.919e+00 -4.396e+00 -5.814e+00 -7.763e+00 -1.126e+01 -1.501e+01 -1.843e+01
-5.760 -9.528 17.474 21.863 0.107 0.173 1.000 -7.090e+00 -1.512e+01 -1.435e+00 -3.945e+00 -3.362e+00 -5.857e+00 -5.355e+00 -1.064e+01 -2.274e+00 -4.550e+00 -3.454e-01 -3.190e-01 -1.876e+00 -3.817e+00 -3.785e+00 -2.257e+00 -4.573e+00 -4.300e+00 -2.411e+00 -4.905e+00 -2.512e+00 -3.942e+00 -4.318e+00 -5.640e+00 -7.495e+00 -1.098e+01 -1.471e+01 -1.812e+01
-5.680 -9.488 17.470 21.777 0.107 0.173 1.000 -7.132e+00 -1.511e+01 -1.422e+00 -3.968e+00 -3.388e+00 -5.828e+00 -5.376e+00 -1.077e+01 -2.285e+00 -4.636e+00 -3.440e-01 -3.175e-01 -1.965e+00 -3.922e+00 -3.819e+00 -2.315e+00 -4.683e+00 -4.303e+00 -2.469e+00 -5.005e+00 -2.556e+00 -3.972e+00 -4.246e+00 -5.469e+00 -7.228e+00 -1.070e+01 -1.441e+01 -1.780e+01
-5.600 -9.497 17.467 21.682 0.107 0.192 1.000 -7.191e+00 -1.509e+01 -1.409e+00 -3.992e+00 -3.416e+00 -5.785e+00 -5.399e+00 -1.093e+01 -2.297e+00 -4.726e+00 -3.429e-01 -3.163e-01 -2.061e+00 -4.046e+00 -3.843e+00 -2.376e+00 -4.816e+00 -4.292e+00 -2.535e+00 -5.129e+00 -2.608e+00 -4.011e+00 -4.180e+00 -5.302e+00 -6.963e+00 -1.042e+01 -1.412e+01 -1.749e+01
-5.520 -9.638 17.464 21.579 0.107 0.192 1.000 -7.271e+00 -1.507e+01 -1.395e+00 -4.017e+00 -3.445e+00 -5.721e+00 -5.424e+00 -1.110e+01 -2.309e+00 -4.818e+00 -3.419e-01 -3.152e-01 -2.164e+00 -4.194e+00 -3.853e+00 -2.439e+00 -4.977e+00 -4.261e+00 -2.608e+00 -5.281e+00 -2.668e+00 -4.057e+00 -4.122e+00 -5.140e+00 -6.702e+00 -1.015e+01 -1.383e+01 -1.719e+01
-5.440 -9.416 17.461 21.472 0.143 0.173 1.000 -7.378e+00 -1.505e+01 -1.382e+00 -4.045e+00 -3.477e+00 -5.635e+00 -5.450e+00 -1.130e+01 -2.321e+00 -4.911e+00 -3.412e-01 -3.144e-01 -2.271e+00 -4.369e+00 -3.840e+00 -2.502e+00 -5.167e+00 -4.204e+00 -2.686e+00 -5.466e+00 -2.733e+00 -4.109e+00 -4.072e+00 -4.985e+00 -6.446e+00 -9.879e+00 -1.354e+01 -1.689e+01
-5.360 -9.199 17.458 21.365 0.143 0.173 1.000 -7.515e+00 -1.504e+01 -1.370e+00 -4.076e+00 -3.513e+00 -5.523e+00 -5.482e+00 -1.153e+01 -2.333e+00 -5.004e+00 -3.407e-01 -3.138e-01 -2.380e+00 -4.575e+00 -3.800e+00 -2.566e+00 -5.391e+00 -4.119e+00 -2.769e+00 -5.686e+00 -2.804e+00 -4.167e+00 -4.032e+00 -4.838e+00 -6.196e+00 -9.616e+00 -1.326e+01 -1.660e+01
-5.280 -8.980 17.455 21.261 0.179 0.173 1.000 -7.675e+00 -1.503e+01 -1.357e+00 -4.113e+00 -3.556e+00 -5.396e+00 -5.521e+00 -1.178e+01 -2.344e+00 -5.097e+00 -3.404e-01 -3.134e-01 -2.490e+00 -4.809e+00 -3.738e+00 -2.636e+00 -5.641e+00 -4.016e+00 -2.855e+00 -5.933e+00 -2.880e+00 -4.231e+00 -4.002e+00 -4.699e+00 -5.953e+00 -9.360e+00 -1.299e+01 -1.631e+01
-5.200 -8.958 17.453 21.160 0.179 0.173 1.000 -7.844e+00 -1.502e+01 -1.345e+00 -4.159e+00 -3.609e+00 -5.272e+00 -5.570e+00 -1.205e+01 -2.356e+00 -5.192e+00 -3.402e-01 -3.131e-01 -2.603e+00 -5.060e+00 -3.672e+00 -2.716e+00 -5.905e+00 -3.916e+00 -2.946e+00 -6.193e+00 -2.960e+00 -4.300e+00 -3.982e+00 -4.570e+00 -5.718e+00 -9.113e+00 -1.273e+01 -1.604e+01
-5.120 -8.940 17.450 21.059 0.179 0.173 1.000 -8.009e+00 -1.501e+01 -1.334e+00 -4.213e+00 -3.672e+00 -5.161e+00 -5.629e+00 -1.231e+01 -2.366e+00 -5.292e+00 -3.400e-01 -3.130e-01 -2.724e+00 -5.324e+00 -3.618e+00 -2.811e+00 -6.177e+00 -3.835e+00 -3.047e+00 -6.459e+00 -3.051e+00 -4.379e+00 -3.975e+00 -4.452e+00 -5.492e+00 -8.876e+00 -1.248e+01 -1.578e+01
-5.040 -8.737 17.448 20.952 0.214 0.173 1.000 -8.170e+00 -1.501e+01 -1.323e+00 -4.277e+00 -3.746e+00 -5.067e+00 -5.700e+00 -1.258e+01 -2.376e+00 -5.401e+00 -3.399e-01 -3.128e-01 -2.860e+00 -5.603e+00 -3.584e+00 -2.926e+00 -6.461e+00 -3.780e+00 -3.163e+00 -6.736e+00 -3.157e+00 -4.474e+00 -3.984e+00 -4.346e+00 -5.277e+00 -8.650e+00 -1.225e+01 -1.553e+01
-4.960 -8.571 17.445 20.833 0.214 0.231 1.000 -8.330e+00 -1.500e+01 -1.314e+00 -4.353e+00 -3.833e+00 -4.987e+00 -5.784e+00 -1.286e+01 -2.386e+00 -5.523e+00 -3.399e-01 -3.127e-01 -3.020e+00 -5.909e+00 -3.576e+00 -3.069e+00 -6.770e+00 -3.754e+00 -3.304e+00 -7.038e+00 -3.288e+00 -4.596e+00 -4.011e+00 -4.255e+00 -5.073e+00 -8.437e+00 -1.202e+01 -1.530e+01
-4.880 -8.410 17.443 20.696 0.214 0.250 1.000 -8.499e+00 -1.500e+01 -1.305e+00 -4.446e+00 -3.939e+00 -4.919e+00 -5.887e+00 -1.317e+01 -2.394e+00 -5.666e+00 -3.399e-01 -3.126e-01 -3.216e+00 -6.263e+00 -3.597e+00 -3.251e+00 -7.125e+00 -3.760e+00 -3.483e+00 -7.385e+00 -3.458e+00 -4.757e+00 -4.063e+00 -4.182e+00 -4.884e+00 -8.238e+00 -1.181e+01 -1.508e+01
-4.800 -8.183 17.442 20.527 0.286 0.231 1.000 -8.692e+00 -1.499e+01 -1.298e+00 -4.566e+00 -4.072e+00 -4.858e+00 -6.019e+00 -1.353e+01 -2.400e+00 -5.840e+00 -3.398e-01 -3.125e-01 -3.469e+00 -6.699e+00 -3.655e+00 -3.493e+00 -7.562e+00 -3.806e+00 -3.722e+00 -7.815e+00 -3.687e+00 -4.979e+00 -4.146e+00 -4.128e+00 -4.710e+00 -8.057e+00 -1.162e+01 -1.488e+01
-4.720 -8.293 17.440 20.302 0.250 0.269 1.000 -8.930e+00 -1.499e+01 -1.292e+00 -4.733e+00 -4.256e+00 -4.804e+00 -6.202e+00 -1.398e+01 -2.405e+00 -6.067e+00 -3.398e-01 -3.124e-01 -3.820e+00 -7.281e+00 -3.772e+00 -3.836e+00 -8.146e+00 -3.912e+00 -4.062e+00 -8.390e+00 -4.017e+00 -5.303e+00 -4.269e+00 -4.099e+00 -4.554e+00 -7.895e+00 -1.146e+01 -1.471e+01
-4.640 -8.155 17.439 19.961 0.286 0.269 1.000 -9.263e+00 -1.499e+01 -1.289e+00 -4.992e+00 -4.536e+00 -4.757e+00 -6.483e+00 -1.463e+01 -2.408e+00 -6.393e+00 -3.398e-01 -3.123e-01 -4.358e+00 -8.149e+00 -3.995e+00 -4.370e+00 -9.013e+00 -4.127e+00 -4.594e+00 -9.246e+00 -4.534e+00 -5.816e+00 -4.438e+00 -4.098e+00 -4.418e+00 -7.756e+00 -1.131e+01 -1.456e+01
-4.560 -8.083 17.439 19.363 0.286 0.212 1.000 -9.775e+00 -1.499e+01 -1.287e+00 -5.428e+00 -5.002e+00 -4.726e+00 -6.950e+00 -1.563e+01 -2.410e+00 -6.897e+00 -3.398e-01 -3.122e-01 -5.236e+00 -9.540e+00 -4.432e+00 -5.249e+00 -1.040e+01 -4.559e+00 -5.469e+00 -1.061e+01 -5.381e+00 -6.658e+00 -4.648e+00 -4.125e+00 -4.305e+00 -7.641e+00 -1.120e+01 -1.444e+01
-4.480 -7.551 17.439 18.529 0.429 0.231 1.000 -1.019e+01 -1.499e+01 -1.287e+00 -5.793e+00 -5.401e+00 -4.716e+00 -7.349e+00 -1.646e+01 -2.410e+00 -7.310e+00 -3.398e-01 -3.122e-01 -5.987e+00 -1.072e+01 -4.935e+00 -6.009e+00 -1.158e+01 -5.061e+00 -6.228e+00 -1.177e+01 -6.107e+00 -7.377e+00 -4.869e+00 -4.178e+00 -4.214e+00 -7.550e+00 -1.111e+01 -1.435e+01
-4.400 -7.192 17.439 18.017 0.536 0.269 1.000 -1.028e+01 -1.499e+01 -1.287e+00 -5.863e+00 -5.482e+00 -4.715e+00 -7.431e+00 -1.662e+01 -2.410e+00 -7.393e+00 -3.398e-01 -3.122e-01 -6.143e+00 -1.096e+01 -5.070e+00 -6.169e+00 -1.183e+01 -5.197e+00 -6.389e+00 -1.203e+01 -6.283e+00 -7.554e+00 -5.067e+00 -4.250e+00 -4.144e+00 -7.480e+00 -1.104e+01 -1.428e+01
-4.320 -7.079 17.439 17.783 0.571 0.250 1.000 -1.030e+01 -1.499e+01 -1.287e+00 -5.878e+00 -5.499e+00 -4.715e+00 -7.448e+00 -1.666e+01 -2.410e+00 -7.411e+00 -3.398e-01 -3.122e-01 -6.175e+00 -1.102e+01 -5.097e+00 -6.202e+00 -1.188e+01 -5.224e+00 -6.425e+00 -1.209e+01 -6.338e+00 -7.611e+00 -5.228e+00 -4.334e+00 -4.094e+00 -7.430e+00 -1.099e+01 -1.423e+01
-4.240 -6.842 17.439 17.649 0.643 0.250 1.000 -1.031e+01 -1.499e+01 -1.287e+00 -5.884e+00 -5.506e+00 -4.715e+00 -7.455e+00 -1.668e+01 -2.410e+00 -7.418e+00 -3.398e-01 -3.122e-01 -6.188e+00 -1.104e+01 -5.107e+00 -6.216e+00 -1.190e+01 -5.234e+00 -6.440e+00 -1.213e+01 -6.366e+00 -7.641e+00 -5.356e+00 -4.418e+00 -4.061e+00 -7.397e+00 -1.095e+01 -1.420e+01
-4.160 -6.756 17.439 17.556 0.643 0.269 1.000 -1.031e+01 -1.499e+01 -1.287e+00 -5.887e+00 -5.510e+00 -4.715e+00 -7.458e+00 -1.668e+01 -2.410e+00 -7.422e+00 -3.398e-01 -3.122e-01 -6.195e+00 -1.105e+01 -5.113e+00 -6.223e+00 -1.192e+01 -5.239e+00 -6.448e+00 -1.214e+01 -6.383e+00 -7.659e+00 -5.458e+00 -4.494e+00 -4.042e+00 -7.378e+00 -1.093e+01 -1.418e+01
-4.080 -6.760 17.439 17.484 0.643 0.269 1.000 -1.031e+01 -1.499e+01 -1.287e+00 -5.889e+00 -5.512e+00 -4.715e+00 -7.461e+00 -1.669e+01 -2.410e+00 -7.424e+00 -3.398e-01 -3.122e-01 -6.199e+00 -1.106e+01 -5.116e+00 -6.227e+00 -1.192e+01 -5.243e+00 -6.453e+00 -1.216e+01 -6.394e+00 -7.671e+00 -5.537e+00 -4.556e+00 -4.035e+00 -7.371e+00 -1.093e+01 -1.417e+01
-4.000 -6.806 17.439 17.432 0.643 0.288 1.000 -1.031e+01 -1.499e+01 -1.287e+00 -5.890e+00 -5.514e+00 -4.715e+00 -7.462e+00 -1.669e+01 -2.410e+00 -7.425e+00 -3.398e-01 -3.122e-01 -6.202e+00 -1.106e+01 -5.118e+00 -6.230e+00 -1.193e+01 -5.245e+00 -6.457e+00 -1.216e+01 -6.401e+00 -7.678e+00 -5.594e+00 -4.600e+00 -4.037e+00 -7.373e+00 -1.093e+01 -1.417e+01
-3.920 -6.693 17.439 17.390 0.679 0.288 1.000 -1.031e+01 -1.499e+01 -1.287e+00 -5.891e+00 -5.514e+00 -4.715e+00 -7.463e+00 -1.669e+01 -2.410e+00 -7.426e+00 -3.398e-01 -3.122e-01 -6.203e+00 -1.106e+01 -5.119e+00 -6.232e+00 -1.193e+01 -5.246e+00 -6.458e+00 -1.217e+01 -6.405e+00 -7.682e+00 -5.633e+00 -4.632e+00 -4.046e+00 -7.382e+00 -1.094e+01 -1.418e+01
-3.840 -6.611 17.439 17.363 0.679 0.288 1.000 -1.031e+01 -1.498e+01 -1.287e+00 -5.891e+00 -5.515e+00 -4.715e+00 -7.463e+00 -1.669e+01 -2.410e+00 -7.427e+00 -3.398e-01 -3.121e-01 -6.204e+00 -1.106e+01 -5.120e+00 -6.232e+00 -1.193e+01 -5.247e+00 -6.459e+00 -1.217e+01 -6.407e+00 -7.684e+00 -5.660e+00 -4.656e+00 -4.061e+00 -7.397e+00 -1.095e+01 -1.420e+01
-3.760 -6.726 17.439 17.336 0.679 0.288 1.000 -1.031e+01 -1.498e+01 -1.287e+00 -5.891e+00 -5.515e+00 -4.715e+00 -7.463e+00 -1.669e+01 -2.410e+00 -7.427e+00 -3.398e-01 -3.121e-01 -6.205e+00 -1.106e+01 -5.120e+00 -6.233e+00 -1.193e+01 -5.247e+00 -6.460e+00 -1.217e+01 -6.409e+00 -7.686e+00 -5.683e+00 -4.679e+00 -4.080e+00 -7.416e+00 -1.097e+01 -1.422e+01
-3.680 -6.691 17.439 17.308 0.679 0.288 1.000 -1.031e+01 -1.498e+01 -1.287e+00 -5.891e+00 -5.515e+00 -4.715e+00 -7.464e+00 -1.669e+01 -2.410e+00 -7.427e+00 -3.398e-01 -3.121e-01 -6.205e+00 -1.106e+01 -5.121e+00 -6.233e+00 -1.193e+01 -5.247e+00 -6.460e+00 -1.217e+01 -6.410e+00 -7.688e+00 -5.707e+00 -4.703e+00 -4.104e+00 -7.440e+00 -1.099e+01 -1.424e+01
-3.600 -6.542 17.439 17.279 0.750 0.288 1.000 -1.031e+01 -1.498e+01 -1.287e+00 -5.892e+00 -5.515e+00 -4.715e+00 -7.464e+00 -1.669e+01 -2.410e+00 -7.427e+00 -3.398e-01 -3.121e-01 -6.205e+00 -1.106e+01 -5.121e+00 -6.233e+00 -1.193e+01 -5.247e+00 -6.460e+00 -1.217e+01 -6.412e+00 -7.690e+00 -5.735e+00 -4.732e+00 -4.133e+00 -7.468e+00 -1.102e+01 -1.427e+01
-3.520 -6.618 17.439 17.236 0.750 0.288 1.000 -1.031e+01 -1.498e+01 -1.287e+00 -5.892e+00 -5.515e+00 -4.716e+00 -7.464e+00 -1.669e+01 -2.410e+00 -7.427e+00 -3.398e-01 -3.121e-01 -6.206e+00 -1.106e+01 -5.121e+00 -6.234e+00 -1.193e+01 -5.248e+00 -6.461e+00 -1.218e+01 -6.414e+00 -7.692e+00 -5.769e+00 -4.766e+00 -4.167e+00 -7.503e+00 -1.106e+01 -1.430e+01
-3.440 -6.584 17.439 17.196 0.750 0.288 1.000 -1.031e+01 -1.498e+01 -1.287e+00 -5.892e+00 -5.516e+00 -4.716e+00 -7.464e+00 -1.669e+01 -2.410e+00 -7.427e+00 -3.398e-01 -3.121e-01 -6.206e+00 -1.107e+01 -5.122e+00 -6.234e+00 -1.193e+01 -5.248e+00 -6.461e+00 -1.218e+01 -6.416e+00 -7.694e+00 -5.809e+00 -4.807e+00 -4.208e+00 -7.544e+00 -1.110e+01 -1.434e+01
-3.360 -6.675 17.439 17.131 0.679 0.288 1.000 -1.031e+01 -1.498e+01 -1.286e+00 -5.892e+00 -5.516e+00 -4.716e+00 -7.464e+00 -1.669e+01 -2.410e+00 -7.428e+00 -3.398e-01 -3.121e-01 -6.206e+00 -1.107e+01 -5.122e+00 -6.234e+00 -1.193e+01 -5.248e+00 -6.462e+00 -1.218e+01 -6.418e+00 -7.696e+00 -5.856e+00 -4.857e+00 -4.258e+00 -7.593e+00 -1.115e+01 -1.439e+01
-3.280 -6.473 17.439 17.063 0.750 0.288 1.000 -1.031e+01 -1.498e+01 -1.286e+00 -5.892e+00 -5.516e+00 -4.716e+00 -7.464e+00 -1.669e+01 -2.410e+00 -7.428e+00 -3.398e-01 -3.121e-01 -6.207e+00 -1.107e+01 -5.122e+00 -6.235e+00 -1.193e+01 -5.248e+00 -6.462e+00 -1.218e+01 -6.420e+00 -7.699e+00 -5.913e+00 -4.915e+00 -4.317e+00 -7.652e+00 -1.121e+01 -1.445e+01
-3.200 -6.466 17.439 16.987 0.750 0.288 1.000 -1.031e+01 -1.497e+01 -1.286e+00 -5.893e+00 -5.516e+00 -4.716e+00 -7.465e+00 -1.669e+01 -2.411e+00 -7.428e+00 -3.398e-01 -3.121e-01 -6.207e+00 -1.107e+01 -5.123e+00 -6.235e+00 -1.193e+01 -5.249e+00 -6.463e+00 -1.218e+01 -6.422e+00 -7.701e+00 -5.980e+00 -4.985e+00 -4.387e+00 -7.723e+00 -1.128e+01 -1.452e+01
-3.120 -6.407 17.439 16.880 0.750 0.288 1.000 -1.032e+01 -1.497e+01 -1.286e+00 -5.893e+00 -5.517e+00 -4.716e+00 -7.465e+00 -1.670e+01 -2.411e+00 -7.428e+00 -3.398e-01 -3.121e-01 -6.208e+00 -1.107e+01 -5.123e+00 -6.236e+00 -1.194e+01 -5.249e+00 -6.463e+00 -1.219e+01 -6.425e+00 -7.704e+00 -6.059e+00 -5.069e+00 -4.471e+00 -7.807e+00 -1.136e+01 -1.461e+01
-3.040 -6.362 17.439 16.757 0.750 0.288 1.000 -1.032e+01 -1.497e+01 -1.286e+00 -5.893e+00 -5.517e+00 -4.716e+00 -7.465e+00 -1.670e+01 -2.411e+00 -7.428e+00 -3.398e-01 -3.121e-01 -6.208e+00 -1.107e+01 -5.123e+00 -6.236e+00 -1.194e+01 -5.249e+00 -6.464e+00 -1.219e+01 -6.427e+00 -7.706e+00 -6.152e+00 -5.167e+00 -4.571e+00 -7.906e+00 -1.146e+01 -1.471e+01
-2.960 -6.360 17.439 16.608 0.750 0.288 1.000 -1.032e+01 -1.496e+01 -1.286e+00 -5.893e+00 -5.517e+00 -4.716e+00 -7.465e+00 -1.670e+01 -2.411e+00 -7.429e+00 -3.398e-01 -3.121e-01 -6.209e+00 -1.107e+01 -5.124e+00 -6.237e+00 -1.194e+01 -5.250e+00 -6.464e+00 -1.219e+01 -6.429e+00 -7.709e+00 -6.258e+00 -5.283e+00 -4.688e+00 -8.023e+00 -1.158e+01 -1.482e+01
-2.880 -6.091 17.439 16.395 0.750 0.288 1.000 -1.032e+01 -1.496e+01 -1.286e+00 -5.893e+00 -5.517e+00 -4.716e+00 -7.465e+00 -1.670e+01 -2.411e+00 -7.429e+00 -3.398e-01 -3.121e-01 -6.209e+00 -1.107e+01 -5.124e+00 -6.237e+00 -1.194e+01 -5.250e+00 -6.465e+00 -1.219e+01 -6.431e+00 -7.711e+00 -6.378e+00 -5.417e+00 -4.824e+00 -8.159e+00 -1.171e+01 -1.496e+01
-2.800 -6.112 17.439 16.155 0.750 0.288 1.000 -1.032e+01 -1.495e+01 -1.286e+00 -5.894e+00 -5.517e+00 -4.717e+00 -7.465e+00 -1.670e+01 -2.411e+00 -7.429e+00 -3.398e-01 -3.121e-01 -6.209e+00 -1.107e+01 -5.124e+00 -6.237e+00 -1.194e+01 -5.250e+00 -6.465e+00 -1.219e+01 -6.433e+00 -7.712e+00 -6.509e+00 -5.568e+00 -4.979e+00 -8.314e+00 -1.187e+01 -1.511e+01
-2.720 -5.839 17.439 15.661 0.786 0.288 1.000 -1.032e+01 -1.495e+01 -1.286e+00 -5.894e+00 -5.517e+00 -4.717e+00 -7.466e+00 -1.670e+01 -2.411e+00 -7.429e+00 -3.398e-01 -3.121e-01 -6.210e+00 -1.107e+01 -5.125e+00 -6.237e+00 -1.194e+01 -5.250e+00 -6.466e+00 -1.219e+01 -6.434e+00 -7.714e+00 -6.640e+00 -5.729e+00 -5.146e+00 -8.481e+00 -1.203e+01 -1.528e+01
-2.639 -5.210 17.439 15.310 0.821 0.288 1.000 -1.032e+01 -1.494e+01 -1.286e+00 -5.894e+00 -5.518e+00 -4.717e+00 -7.466e+00 -1.670e+01 -2.411e+00 -7.429e+00 -3.398e-01 -3.121e-01 -6.210e+00 -1.107e+01 -5.125e+00 -6.238e+00 -1.194e+01 -5.250e+00 -6.466e+00 -1.219e+01 -6.435e+00 -7.714e+00 -6.760e+00 -5.888e+00 -5.311e+00 -8.644e+00 -1.220e+01 -1.544e+01
-2.560 -5.691 17.439 15.347 0.821 0.288 1.000 -1.032e+01 -1.493e+01 -1.286e+00 -5.894e+00 -5.518e+00 -4.717e+00 -7.466e+00 -1.670e+01 -2.411e+00 -7.429e+00 -3.398e-01 -3.121e-01 -6.210e+00 -1.107e+01 -5.125e+00 -6.238e+00 -1.194e+01 -5.251e+00 -6.466e+00 -1.219e+01 -6.435e+00 -7.715e+00 -6.849e+00 -6.018e+00 -5.453e+00 -8.787e+00 -1.234e+01 -1.559e+01
-2.480 -5.219 17.439 15.669 0.821 0.288 1.000 -1.032e+01 -1.492e+01 -1.286e+00 -5.894e+00 -5.518e+00 -4.717e+00 -7.466e+00 -1.670e+01 -2.411e+00 -7.429e+00 -3.398e-01 -3.121e-01 -6.210e+00 -1.107e+01 -5.125e+00 -6.238e+00 -1.194e+01 -5.251e+00 -6.466e+00 -1.219e+01 -6.436e+00 -7.715e+00 -6.911e+00 -6.116e+00 -5.560e+00 -8.894e+00 -1.245e+01 -1.569e+01
-2.400 -5.345 17.439 15.627 0.786 0.288 1.000 -1.032e+01 -1.491e+01 -1.286e+00 -5.894e+00 -5.518e+00 -4.717e+00 -7.466e+00 -1.670e+01 -2.411e+00 -7.429e+00 -3.398e-01 -3.121e-01 -6.210e+00 -1.107e+01 -5.125e+00 -6.238e+00 -1.194e+01 -5.251e+00 -6.466e+00 -1.219e+01 -6.436e+00 -7.716e+00 -6.950e+00 -6.183e+00 -5.638e+00 -8.973e+00 -1.253e+01 -1.577e+01
-2.320 -4.909 17.439 15.624 0.821 0.288 1.000 -1.032e+01 -1.489e+01 -1.286e+00 -5.894e+00 -5.518e+00 -4.717e+00 -7.466e+00 -1.670e+01 -2.411e+00 -7.429e+00 -3.398e-01 -3.121e-01 -6.210e+00 -1.107e+01 -5.125e+00 -6.238e+00 -1.194e+01 -5.251e+00 -6.466e+00 -1.219e+01 -6.436e+00 -7.716e+00 -6.973e+00 -6.225e+00 -5.686e+00 -9.021e+00 -1.258e+01 -1.582e+01
-2.240 -5.967 17.439 15.710 0.786 0.327 1.000 -1.032e+01 -1.487e+01 -1.286e+00 -5.894e+00 -5.518e+00 -4.717e+00 -7.466e+00 -1.670e+01 -2.411e+00 -7.429e+00 -3.398e-01 -3.121e-01 -6.210e+00 -1.107e+01 -5.125e+00 -6.238e+00 -1.194e+01 -5.251e+00 -6.466e+00 -1.219e+01 -6.436e+00 -7.716e+00 -6.984e+00 -6.246e+00 -5.710e+00 -9.045e+00 -1.260e+01 -1.584e+01
-2.160 -5.262 17.439 15.697 0.821 0.327 1.000 -1.032e+01 -1.485e+01 -1.286e+00 -5.894e+00 -5.518e+00 -4.717e+00 -7.466e+00 -1.670e+01 -2.411e+00 -7.429e+00 -3.398e-01 -3.121e-01 -6.210e+00 -1.107e+01 -5.125e+00 -6.238e+00 -1.194e+01 -5.251e+00 -6.466e+00 -1.219e+01 -6.436e+00 -7.716e+00 -6.988e+00 -6.253e+00 -5.719e+00 -9.054e+00 -1.261e+01 -1.585e+01
-2.080 -5.002 17.439 15.629 0.821 0.327 1.000 -1.032e+01 -1.483e+01 -1.286e+00 -5.894e+00 -5.518e+00 -4.717e+00 -7.466e+00 -1.670e+01 -2.411e+00 -7.429e+00 -3.398e-01 -3.121e-01 -6.210e+00 -1.107e+01 -5.125e+00 -6.238e+00 -1.194e+01 -5.251e+00 -6.466e+00 -1.219e+01 -6.436e+00 -7.716e+00 -6.989e+00 -6.255e+00 -5.721e+00 -9.056e+00 -1.261e+01 -1.585e+01
-2.000 -5.030 17.439 15.625 0.821 0.327 1.000 -1.032e+01 -1.480e+01 -1.286e+00 -5.894e+00 -5.518e+00 -4.717e+00 -7.466e+00 -1.670e+01 -2.411e+00 -7.429e+00 -3.398e-01 -3.121e-01 -6.210e+00 -1.107e+01 -5.125e+00 -6.238e+00 -1.194e+01 -5.251e+00 -6.466e+00 -1.219e+01 -6.436e+00 -7.716e+00 -6.989e+00 -6.255e+00 -5.721e+00 -9.056e+00 -1.261e+01 -1.586e+01