# ASY method (with partition functions). 
# All quantities except Asy, RG_PE, and sumX are 
# log10(x). Log of absolute values for E and dE/dt, as
# they can be negative. UNITS: t and dt in s; E in erg; 
# dE/dt in erg/g/s; all others dimensionless 
#
#    t     dt     |E|  |dE/dt| Asy  Equil sumX    X(0)      X(1)      X(2)      X(3)      X(4)      X(5)      X(6)      X(7)      X(8)      X(9)      X(10)      X(11)      X(12)      X(13)      X(14)      X(15)    

+7.463 +6.722 10.346  2.883 0.250 0.000 1.000 -2.333e+01 -1.496e-01 -5.591e-01 -2.517e+00 -4.436e+00 -1.180e+01 -2.957e+00 -5.360e+00 -1.509e+01 -2.017e+00 -5.305e+00 -4.662e+00 -1.631e+01 -1.751e+01 -1.283e+01 -2.806e+00
+7.504 +6.764 10.387  2.883 0.250 0.000 1.000   nan -1.496e-01 -5.591e-01 -2.517e+00 -4.435e+00 -1.180e+01 -2.957e+00 -5.361e+00 -1.509e+01 -2.017e+00 -5.305e+00 -4.662e+00 -1.631e+01 -1.751e+01 -1.279e+01 -2.806e+00
+7.545 +6.805 10.429  2.883 0.250 0.000 1.000 -2.333e+01 -1.496e-01 -5.591e-01 -2.517e+00 -4.435e+00 -1.180e+01 -2.957e+00 -5.361e+00 -1.509e+01 -2.017e+00 -5.305e+00 -4.662e+00 -1.631e+01 -1.751e+01 -1.275e+01 -2.806e+00
+7.587 +6.846 10.470  2.883 0.250 0.000 1.000   nan -1.496e-01 -5.591e-01 -2.517e+00 -4.435e+00 -1.180e+01 -2.957e+00 -5.361e+00 -1.509e+01 -2.017e+00 -5.305e+00 -4.662e+00 -1.631e+01 -1.751e+01 -1.271e+01 -2.806e+00
+7.628 +6.888 10.511  2.883 0.250 0.000 1.000 -2.333e+01 -1.496e-01 -5.591e-01 -2.517e+00 -4.435e+00 -1.180e+01 -2.957e+00 -5.361e+00 -1.509e+01 -2.017e+00 -5.305e+00 -4.662e+00 -1.631e+01 -1.751e+01 -1.267e+01 -2.806e+00
+7.670 +6.929 10.553  2.883 0.250 0.000 1.000   nan -1.496e-01 -5.591e-01 -2.517e+00 -4.435e+00 -1.180e+01 -2.957e+00 -5.361e+00 -1.509e+01 -2.017e+00 -5.305e+00 -4.662e+00 -1.631e+01 -1.751e+01 -1.263e+01 -2.806e+00
+7.711 +6.971 10.594  2.883 0.250 0.000 1.000 -2.333e+01 -1.496e-01 -5.591e-01 -2.517e+00 -4.435e+00 -1.180e+01 -2.957e+00 -5.361e+00 -1.509e+01 -2.017e+00 -5.305e+00 -4.662e+00 -1.631e+01 -1.751e+01 -1.258e+01 -2.806e+00
+7.752 +7.012 10.635  2.883 0.250 0.000 1.000   nan -1.496e-01 -5.591e-01 -2.517e+00 -4.435e+00 -1.180e+01 -2.957e+00 -5.362e+00 -1.509e+01 -2.017e+00 -5.305e+00 -4.662e+00 -1.631e+01 -1.751e+01 -1.254e+01 -2.806e+00
+7.794 +7.053 10.677  2.883 0.250 0.000 1.000 -2.333e+01 -1.496e-01 -5.591e-01 -2.517e+00 -4.435e+00 -1.180e+01 -2.957e+00 -5.362e+00 -1.509e+01 -2.017e+00 -5.305e+00 -4.662e+00 -1.631e+01 -1.751e+01 -1.250e+01 -2.806e+00
+7.835 +7.095 10.718  2.883 0.250 0.000 1.000   nan -1.496e-01 -5.591e-01 -2.517e+00 -4.435e+00 -1.180e+01 -2.957e+00 -5.362e+00 -1.509e+01 -2.017e+00 -5.305e+00 -4.662e+00 -1.631e+01 -1.751e+01 -1.246e+01 -2.806e+00
+7.877 +7.136 10.760  2.883 0.250 0.000 1.000 -2.333e+01 -1.496e-01 -5.591e-01 -2.517e+00 -4.435e+00 -1.180e+01 -2.957e+00 -5.363e+00 -1.509e+01 -2.017e+00 -5.305e+00 -4.662e+00 -1.631e+01 -1.751e+01 -1.242e+01 -2.806e+00
+7.918 +7.178 10.801  2.883 0.250 0.000 1.000   nan -1.496e-01 -5.591e-01 -2.517e+00 -4.434e+00 -1.180e+01 -2.957e+00 -5.363e+00 -1.509e+01 -2.017e+00 -5.305e+00 -4.662e+00 -1.631e+01 -1.751e+01 -1.238e+01 -2.806e+00
+7.951 +7.123 10.834  2.883 0.250 0.000 1.000 -2.333e+01 -1.496e-01 -5.591e-01 -2.517e+00 -4.434e+00 -1.180e+01 -2.957e+00 -5.363e+00 -1.509e+01 -2.017e+00 -5.305e+00 -4.662e+00 -1.631e+01 -1.751e+01 -1.234e+01 -2.806e+00
+7.979 +7.072 10.862  2.882 0.250 0.000 1.000   nan -1.496e-01 -5.591e-01 -2.517e+00 -4.434e+00 -1.180e+01 -2.957e+00 -5.364e+00 -1.509e+01 -2.017e+00 -5.305e+00 -4.662e+00 -1.631e+01 -1.751e+01 -1.232e+01 -2.806e+00
+8.007 +7.099 10.890  2.882 0.250 0.000 1.000 -2.333e+01 -1.496e-01 -5.591e-01 -2.517e+00 -4.434e+00 -1.180e+01 -2.957e+00 -5.364e+00 -1.509e+01 -2.017e+00 -5.305e+00 -4.662e+00 -1.631e+01 -1.751e+01 -1.229e+01 -2.806e+00
+8.035 +7.127 10.917  2.882 0.250 0.000 1.000   nan -1.496e-01 -5.591e-01 -2.517e+00 -4.434e+00 -1.180e+01 -2.957e+00 -5.364e+00 -1.509e+01 -2.017e+00 -5.305e+00 -4.662e+00 -1.631e+01 -1.751e+01 -1.226e+01 -2.806e+00
+8.062 +7.155 10.945  2.882 0.250 0.000 1.000 -2.333e+01 -1.496e-01 -5.591e-01 -2.517e+00 -4.434e+00 -1.180e+01 -2.957e+00 -5.365e+00 -1.509e+01 -2.017e+00 -5.305e+00 -4.662e+00 -1.631e+01 -1.751e+01 -1.223e+01 -2.806e+00
+8.090 +7.182 10.973  2.882 0.250 0.000 1.000   nan -1.496e-01 -5.591e-01 -2.517e+00 -4.434e+00 -1.180e+01 -2.957e+00 -5.365e+00 -1.509e+01 -2.017e+00 -5.305e+00 -4.662e+00 -1.631e+01 -1.751e+01 -1.221e+01 -2.806e+00
+8.118 +7.210 11.001  2.882 0.250 0.000 1.000 -2.333e+01 -1.496e-01 -5.591e-01 -2.517e+00 -4.433e+00 -1.180e+01 -2.957e+00 -5.365e+00 -1.509e+01 -2.017e+00 -5.305e+00 -4.662e+00 -1.631e+01 -1.751e+01 -1.218e+01 -2.806e+00
+8.146 +7.238 11.028  2.882 0.250 0.000 1.000   nan -1.496e-01 -5.591e-01 -2.517e+00 -4.433e+00 -1.180e+01 -2.957e+00 -5.366e+00 -1.509e+01 -2.017e+00 -5.305e+00 -4.662e+00 -1.631e+01 -1.751e+01 -1.215e+01 -2.806e+00
+8.173 +7.266 11.056  2.882 0.250 0.000 1.000 -2.333e+01 -1.496e-01 -5.591e-01 -2.517e+00 -4.433e+00 -1.180e+01 -2.957e+00 -5.366e+00 -1.509e+01 -2.017e+00 -5.305e+00 -4.662e+00 -1.631e+01 -1.751e+01 -1.212e+01 -2.806e+00
+8.201 +7.293 11.084  2.882 0.250 0.000 1.000   nan -1.496e-01 -5.591e-01 -2.517e+00 -4.433e+00 -1.180e+01 -2.957e+00 -5.367e+00 -1.509e+01 -2.017e+00 -5.305e+00 -4.662e+00 -1.631e+01 -1.751e+01 -1.209e+01 -2.806e+00
+8.229 +7.321 11.111  2.882 0.250 0.000 1.000 -2.333e+01 -1.496e-01 -5.591e-01 -2.517e+00 -4.433e+00 -1.180e+01 -2.957e+00 -5.367e+00 -1.509e+01 -2.017e+00 -5.305e+00 -4.662e+00 -1.631e+01 -1.751e+01 -1.207e+01 -2.806e+00
+8.256 +7.349 11.139  2.882 0.250 0.000 1.000   nan -1.496e-01 -5.591e-01 -2.517e+00 -4.432e+00 -1.180e+01 -2.957e+00 -5.368e+00 -1.509e+01 -2.017e+00 -5.305e+00 -4.662e+00 -1.631e+01 -1.751e+01 -1.204e+01 -2.806e+00
+8.284 +7.377 11.167  2.882 0.250 0.000 1.000 -2.333e+01 -1.496e-01 -5.591e-01 -2.517e+00 -4.432e+00 -1.180e+01 -2.957e+00 -5.368e+00 -1.509e+01 -2.017e+00 -5.305e+00 -4.662e+00 -1.631e+01 -1.751e+01 -1.201e+01 -2.806e+00
+8.312 +7.404 11.194  2.882 0.250 0.000 1.000   nan -1.496e-01 -5.591e-01 -2.517e+00 -4.432e+00 -1.180e+01 -2.957e+00 -5.369e+00 -1.509e+01 -2.017e+00 -5.305e+00 -4.662e+00 -1.631e+01 -1.751e+01 -1.198e+01 -2.806e+00
+8.340 +7.432 11.222  2.881 0.250 0.000 1.000 -2.333e+01 -1.496e-01 -5.591e-01 -2.517e+00 -4.432e+00 -1.180e+01 -2.957e+00 -5.370e+00 -1.509e+01 -2.017e+00 -5.305e+00 -4.662e+00 -1.631e+01 -1.751e+01 -1.196e+01 -2.806e+00
+8.367 +7.460 11.250  2.881 0.250 0.000 1.000   nan -1.496e-01 -5.591e-01 -2.517e+00 -4.431e+00 -1.180e+01 -2.957e+00 -5.370e+00 -1.509e+01 -2.017e+00 -5.305e+00 -4.662e+00 -1.631e+01 -1.751e+01 -1.193e+01 -2.806e+00
+8.395 +7.487 11.277  2.881 0.250 0.000 1.000 -2.333e+01 -1.496e-01 -5.591e-01 -2.517e+00 -4.431e+00 -1.180e+01 -2.957e+00 -5.371e+00 -1.509e+01 -2.017e+00 -5.305e+00 -4.662e+00 -1.631e+01 -1.751e+01 -1.190e+01 -2.806e+00
+8.423 +7.515 11.305  2.881 0.250 0.000 1.000   nan -1.496e-01 -5.591e-01 -2.517e+00 -4.431e+00 -1.180e+01 -2.957e+00 -5.372e+00 -1.509e+01 -2.017e+00 -5.305e+00 -4.662e+00 -1.631e+01 -1.751e+01 -1.187e+01 -2.806e+00
+8.451 +7.543 11.333  2.881 0.250 0.000 1.000 -2.333e+01 -1.496e-01 -5.591e-01 -2.517e+00 -4.430e+00 -1.180e+01 -2.957e+00 -5.373e+00 -1.509e+01 -2.017e+00 -5.305e+00 -4.662e+00 -1.631e+01 -1.751e+01 -1.184e+01 -2.806e+00
+8.478 +7.571 11.360  2.881 0.250 0.000 1.000   nan -1.496e-01 -5.591e-01 -2.517e+00 -4.430e+00 -1.180e+01 -2.957e+00 -5.374e+00 -1.509e+01 -2.017e+00 -5.305e+00 -4.662e+00 -1.631e+01 -1.751e+01 -1.182e+01 -2.806e+00
+8.506 +7.598 11.388  2.881 0.250 0.000 1.000 -2.333e+01 -1.496e-01 -5.591e-01 -2.517e+00 -4.429e+00 -1.180e+01 -2.957e+00 -5.375e+00 -1.509e+01 -2.017e+00 -5.305e+00 -4.662e+00 -1.631e+01 -1.751e+01 -1.179e+01 -2.806e+00
+8.534 +7.626 11.415  2.880 0.250 0.000 1.000   nan -1.496e-01 -5.591e-01 -2.517e+00 -4.429e+00 -1.180e+01 -2.957e+00 -5.376e+00 -1.509e+01 -2.017e+00 -5.305e+00 -4.662e+00 -1.631e+01 -1.751e+01 -1.176e+01 -2.806e+00
+8.561 +7.654 11.443  2.880 0.250 0.000 1.000 -2.333e+01 -1.496e-01 -5.591e-01 -2.517e+00 -4.429e+00 -1.180e+01 -2.957e+00 -5.377e+00 -1.509e+01 -2.017e+00 -5.305e+00 -4.662e+00 -1.631e+01 -1.751e+01 -1.173e+01 -2.806e+00
+8.589 +7.682 11.471  2.880 0.250 0.000 1.000   nan -1.496e-01 -5.591e-01 -2.517e+00 -4.428e+00 -1.180e+01 -2.957e+00 -5.378e+00 -1.509e+01 -2.017e+00 -5.305e+00 -4.662e+00 -1.631e+01 -1.751e+01 -1.171e+01 -2.806e+00
+8.617 +7.709 11.498  2.880 0.250 0.000 1.000 -2.333e+01 -1.496e-01 -5.591e-01 -2.517e+00 -4.428e+00 -1.180e+01 -2.957e+00 -5.379e+00 -1.509e+01 -2.017e+00 -5.305e+00 -4.662e+00 -1.631e+01 -1.751e+01 -1.168e+01 -2.806e+00
+8.645 +7.737 11.526  2.880 0.250 0.000 1.000   nan -1.496e-01 -5.591e-01 -2.517e+00 -4.427e+00 -1.180e+01 -2.957e+00 -5.380e+00 -1.509e+01 -2.017e+00 -5.305e+00 -4.662e+00 -1.631e+01 -1.751e+01 -1.165e+01 -2.806e+00
+8.672 +7.765 11.554  2.879 0.250 0.000 1.000 -2.333e+01 -1.496e-01 -5.591e-01 -2.517e+00 -4.426e+00 -1.180e+01 -2.957e+00 -5.382e+00 -1.509e+01 -2.017e+00 -5.305e+00 -4.662e+00 -1.631e+01 -1.751e+01 -1.162e+01 -2.806e+00
+8.700 +7.792 11.581  2.879 0.250 0.000 1.000   nan -1.496e-01 -5.591e-01 -2.517e+00 -4.426e+00 -1.180e+01 -2.957e+00 -5.383e+00 -1.509e+01 -2.017e+00 -5.305e+00 -4.662e+00 -1.631e+01 -1.751e+01 -1.160e+01 -2.806e+00
+8.728 +7.820 11.609  2.879 0.250 0.000 1.000 -2.333e+01 -1.496e-01 -5.591e-01 -2.517e+00 -4.425e+00 -1.180e+01 -2.957e+00 -5.385e+00 -1.509e+01 -2.017e+00 -5.305e+00 -4.662e+00 -1.631e+01 -1.751e+01 -1.157e+01 -2.806e+00
+8.756 +7.848 11.636  2.878 0.250 0.000 1.000   nan -1.496e-01 -5.591e-01 -2.517e+00 -4.424e+00 -1.180e+01 -2.957e+00 -5.387e+00 -1.509e+01 -2.017e+00 -5.305e+00 -4.662e+00 -1.631e+01 -1.751e+01 -1.154e+01 -2.806e+00
+8.783 +7.876 11.664  2.878 0.250 0.000 1.000 -2.333e+01 -1.496e-01 -5.591e-01 -2.517e+00 -4.424e+00 -1.180e+01 -2.957e+00 -5.389e+00 -1.509e+01 -2.017e+00 -5.305e+00 -4.662e+00 -1.631e+01 -1.751e+01 -1.151e+01 -2.806e+00
+8.811 +7.903 11.691  2.878 0.250 0.000 1.000   nan -1.496e-01 -5.591e-01 -2.517e+00 -4.423e+00 -1.180e+01 -2.957e+00 -5.390e+00 -1.509e+01 -2.017e+00 -5.305e+00 -4.662e+00 -1.631e+01 -1.751e+01 -1.148e+01 -2.806e+00
+8.839 +7.931 11.719  2.877 0.250 0.000 1.000 -2.333e+01 -1.496e-01 -5.591e-01 -2.517e+00 -4.422e+00 -1.180e+01 -2.957e+00 -5.393e+00 -1.509e+01 -2.017e+00 -5.305e+00 -4.662e+00 -1.631e+01 -1.751e+01 -1.146e+01 -2.806e+00
+8.866 +7.959 11.746  2.877 0.250 0.000 1.000   nan -1.496e-01 -5.591e-01 -2.517e+00 -4.421e+00 -1.180e+01 -2.957e+00 -5.395e+00 -1.509e+01 -2.017e+00 -5.305e+00 -4.662e+00 -1.631e+01 -1.751e+01 -1.143e+01 -2.806e+00
+8.894 +7.986 11.774  2.877 0.250 0.000 1.000 -2.333e+01 -1.496e-01 -5.591e-01 -2.517e+00 -4.420e+00 -1.180e+01 -2.957e+00 -5.397e+00 -1.509e+01 -2.017e+00 -5.305e+00 -4.662e+00 -1.631e+01 -1.751e+01 -1.140e+01 -2.806e+00
+8.922 +8.014 11.802  2.876 0.250 0.000 1.000   nan -1.496e-01 -5.591e-01 -2.517e+00 -4.419e+00 -1.180e+01 -2.957e+00 -5.400e+00 -1.509e+01 -2.017e+00 -5.305e+00 -4.662e+00 -1.631e+01 -1.751e+01 -1.137e+01 -2.806e+00
+8.950 +8.042 11.829  2.876 0.250 0.000 1.000 -2.333e+01 -1.496e-01 -5.591e-01 -2.517e+00 -4.418e+00 -1.180e+01 -2.957e+00 -5.402e+00 -1.509e+01 -2.017e+00 -5.305e+00 -4.662e+00 -1.631e+01 -1.751e+01 -1.135e+01 -2.806e+00
+8.977 +8.070 11.856  2.875 0.250 0.000 1.000   nan -1.496e-01 -5.591e-01 -2.517e+00 -4.417e+00 -1.180e+01 -2.957e+00 -5.405e+00 -1.509e+01 -2.017e+00 -5.305e+00 -4.662e+00 -1.631e+01 -1.751e+01 -1.132e+01 -2.806e+00
+9.005 +8.097 11.884  2.875 0.250 0.000 1.000 -2.333e+01 -1.496e-01 -5.591e-01 -2.517e+00 -4.415e+00 -1.180e+01 -2.957e+00 -5.408e+00 -1.509e+01 -2.017e+00 -5.305e+00 -4.662e+00 -1.631e+01 -1.751e+01 -1.129e+01 -2.806e+00
+9.033 +8.125 11.911  2.874 0.250 0.000 1.000   nan -1.496e-01 -5.591e-01 -2.517e+00 -4.414e+00 -1.180e+01 -2.957e+00 -5.411e+00 -1.509e+01 -2.017e+00 -5.305e+00 -4.662e+00 -1.631e+01 -1.751e+01 -1.126e+01 -2.806e+00
+9.061 +8.153 11.939  2.874 0.250 0.000 1.000 -2.333e+01 -1.496e-01 -5.591e-01 -2.517e+00 -4.413e+00 -1.180e+01 -2.957e+00 -5.415e+00 -1.509e+01 -2.017e+00 -5.305e+00 -4.662e+00 -1.631e+01 -1.751e+01 -1.123e+01 -2.806e+00
+9.088 +8.181 11.966  2.873 0.250 0.000 1.000   nan -1.496e-01 -5.591e-01 -2.517e+00 -4.411e+00 -1.180e+01 -2.957e+00 -5.419e+00 -1.509e+01 -2.017e+00 -5.305e+00 -4.662e+00 -1.631e+01 -1.751e+01 -1.121e+01 -2.806e+00
+9.116 +8.208 11.994  2.873 0.250 0.000 1.000 -2.333e+01 -1.496e-01 -5.591e-01 -2.517e+00 -4.410e+00 -1.180e+01 -2.957e+00 -5.422e+00 -1.509e+01 -2.017e+00 -5.305e+00 -4.662e+00 -1.631e+01 -1.751e+01 -1.118e+01 -2.806e+00
+9.144 +8.236 12.021  2.872 0.250 0.000 1.000   nan -1.496e-01 -5.591e-01 -2.517e+00 -4.408e+00 -1.180e+01 -2.957e+00 -5.427e+00 -1.509e+01 -2.017e+00 -5.305e+00 -4.662e+00 -1.631e+01 -1.751e+01 -1.115e+01 -2.806e+00
+9.171 +8.264 12.048  2.871 0.250 0.000 1.000 -2.333e+01 -1.496e-01 -5.591e-01 -2.517e+00 -4.406e+00 -1.180e+01 -2.957e+00 -5.431e+00 -1.509e+01 -2.017e+00 -5.305e+00 -4.662e+00 -1.631e+01 -1.751e+01 -1.112e+01 -2.806e+00
+9.199 +8.291 12.076  2.871 0.250 0.000 1.000   nan -1.496e-01 -5.591e-01 -2.517e+00 -4.404e+00 -1.180e+01 -2.957e+00 -5.436e+00 -1.509e+01 -2.017e+00 -5.305e+00 -4.662e+00 -1.631e+01 -1.751e+01 -1.110e+01 -2.806e+00
+9.227 +8.319 12.103  2.870 0.250 0.000 1.000 -2.333e+01 -1.496e-01 -5.591e-01 -2.517e+00 -4.402e+00 -1.180e+01 -2.957e+00 -5.441e+00 -1.509e+01 -2.017e+00 -5.305e+00 -4.662e+00 -1.631e+01 -1.751e+01 -1.107e+01 -2.806e+00
+9.255 +8.347 12.130  2.869 0.250 0.000 1.000   nan -1.496e-01 -5.591e-01 -2.517e+00 -4.400e+00 -1.180e+01 -2.957e+00 -5.446e+00 -1.509e+01 -2.017e+00 -5.305e+00 -4.662e+00 -1.631e+01 -1.751e+01 -1.104e+01 -2.806e+00
+9.282 +8.375 12.158  2.868 0.250 0.000 1.000 -2.333e+01 -1.496e-01 -5.591e-01 -2.517e+00 -4.398e+00 -1.180e+01 -2.957e+00 -5.452e+00 -1.509e+01 -2.017e+00 -5.305e+00 -4.662e+00 -1.631e+01 -1.751e+01 -1.101e+01 -2.806e+00
+9.310 +8.402 12.185  2.867 0.250 0.000 1.000   nan -1.496e-01 -5.591e-01 -2.517e+00 -4.395e+00 -1.180e+01 -2.957e+00 -5.458e+00 -1.509e+01 -2.017e+00 -5.305e+00 -4.662e+00 -1.631e+01 -1.751e+01 -1.099e+01 -2.806e+00
+9.338 +8.430 12.212  2.866 0.250 0.000 1.000 -2.333e+01 -1.496e-01 -5.591e-01 -2.517e+00 -4.393e+00 -1.180e+01 -2.957e+00 -5.465e+00 -1.509e+01 -2.017e+00 -5.305e+00 -4.662e+00 -1.631e+01 -1.751e+01 -1.096e+01 -2.806e+00
+9.365 +8.458 12.239  2.865 0.250 0.000 1.000   nan -1.496e-01 -5.591e-01 -2.517e+00 -4.390e+00 -1.180e+01 -2.957e+00 -5.472e+00 -1.509e+01 -2.017e+00 -5.305e+00 -4.662e+00 -1.631e+01 -1.751e+01 -1.093e+01 -2.806e+00
+9.393 +8.486 12.266  2.864 0.250 0.000 1.000 -2.333e+01 -1.496e-01 -5.591e-01 -2.517e+00 -4.387e+00 -1.180e+01 -2.957e+00 -5.479e+00 -1.509e+01 -2.017e+00 -5.305e+00 -4.662e+00 -1.631e+01 -1.751e+01 -1.090e+01 -2.806e+00
+9.421 +8.513 12.293  2.863 0.250 0.000 1.000   nan -1.496e-01 -5.591e-01 -2.517e+00 -4.384e+00 -1.180e+01 -2.957e+00 -5.487e+00 -1.509e+01 -2.017e+00 -5.305e+00 -4.662e+00 -1.631e+01 -1.751e+01 -1.087e+01 -2.806e+00
+9.449 +8.541 12.321  2.862 0.250 0.000 1.000 -2.333e+01 -1.496e-01 -5.591e-01 -2.518e+00 -4.381e+00 -1.180e+01 -2.957e+00 -5.496e+00 -1.509e+01 -2.017e+00 -5.305e+00 -4.662e+00 -1.631e+01 -1.751e+01 -1.085e+01 -2.806e+00
+9.476 +8.569 12.348  2.861 0.250 0.000 1.000   nan -1.496e-01 -5.591e-01 -2.518e+00 -4.378e+00 -1.180e+01 -2.957e+00 -5.505e+00 -1.509e+01 -2.017e+00 -5.305e+00 -4.662e+00 -1.631e+01 -1.751e+01 -1.082e+01 -2.806e+00
+9.504 +8.596 12.375  2.860 0.250 0.000 1.000 -2.333e+01 -1.496e-01 -5.591e-01 -2.518e+00 -4.374e+00 -1.180e+01 -2.957e+00 -5.514e+00 -1.509e+01 -2.017e+00 -5.304e+00 -4.662e+00 -1.631e+01 -1.751e+01 -1.079e+01 -2.806e+00
+9.532 +8.624 12.402  2.858 0.250 0.000 1.000   nan -1.496e-01 -5.591e-01 -2.518e+00 -4.370e+00 -1.180e+01 -2.957e+00 -5.524e+00 -1.509e+01 -2.017e+00 -5.304e+00 -4.662e+00 -1.631e+01 -1.751e+01 -1.076e+01 -2.806e+00
+9.560 +8.652 12.429  2.857 0.250 0.000 1.000 -2.333e+01 -1.496e-01 -5.591e-01 -2.518e+00 -4.366e+00 -1.180e+01 -2.957e+00 -5.535e+00 -1.509e+01 -2.017e+00 -5.304e+00 -4.662e+00 -1.631e+01 -1.751e+01 -1.074e+01 -2.806e+00
+9.587 +8.680 12.455  2.855 0.250 0.000 1.000   nan -1.496e-01 -5.591e-01 -2.518e+00 -4.362e+00 -1.180e+01 -2.957e+00 -5.547e+00 -1.509e+01 -2.017e+00 -5.304e+00 -4.662e+00 -1.631e+01 -1.751e+01 -1.071e+01 -2.806e+00
+9.615 +8.707 12.482  2.854 0.250 0.000 1.000 -2.333e+01 -1.496e-01 -5.591e-01 -2.518e+00 -4.358e+00 -1.180e+01 -2.957e+00 -5.559e+00 -1.509e+01 -2.017e+00 -5.304e+00 -4.662e+00 -1.631e+01 -1.751e+01 -1.068e+01 -2.806e+00
+9.643 +8.735 12.509  2.853 0.250 0.000 1.000   nan -1.496e-01 -5.591e-01 -2.518e+00 -4.353e+00 -1.180e+01 -2.957e+00 -5.572e+00 -1.509e+01 -2.017e+00 -5.304e+00 -4.662e+00 -1.631e+01 -1.751e+01 -1.065e+01 -2.806e+00
+9.670 +8.763 12.536  2.851 0.250 0.000 1.000 -2.333e+01 -1.496e-01 -5.591e-01 -2.518e+00 -4.348e+00 -1.180e+01 -2.957e+00 -5.586e+00 -1.509e+01 -2.017e+00 -5.304e+00 -4.662e+00 -1.631e+01 -1.751e+01 -1.062e+01 -2.806e+00
+9.698 +8.791 12.563  2.849 0.250 0.000 1.000   nan -1.496e-01 -5.591e-01 -2.518e+00 -4.343e+00 -1.180e+01 -2.957e+00 -5.601e+00 -1.509e+01 -2.017e+00 -5.304e+00 -4.662e+00 -1.631e+01 -1.751e+01 -1.060e+01 -2.806e+00
+9.726 +8.818 12.589  2.848 0.250 0.000 1.000 -2.333e+01 -1.496e-01 -5.591e-01 -2.518e+00 -4.337e+00 -1.180e+01 -2.957e+00 -5.617e+00 -1.509e+01 -2.017e+00 -5.304e+00 -4.662e+00 -1.631e+01 -1.751e+01 -1.057e+01 -2.806e+00
+9.754 +8.846 12.616  2.846 0.250 0.000 1.000   nan -1.496e-01 -5.591e-01 -2.518e+00 -4.332e+00 -1.180e+01 -2.957e+00 -5.634e+00 -1.509e+01 -2.017e+00 -5.304e+00 -4.662e+00 -1.631e+01 -1.751e+01 -1.054e+01 -2.806e+00
+9.781 +8.874 12.643  2.844 0.250 0.000 1.000 -2.333e+01 -1.496e-01 -5.591e-01 -2.518e+00 -4.326e+00 -1.180e+01 -2.957e+00 -5.653e+00 -1.509e+01 -2.017e+00 -5.304e+00 -4.662e+00 -1.631e+01 -1.751e+01 -1.051e+01 -2.806e+00
+9.809 +8.901 12.669  2.842 0.250 0.000 1.000   nan -1.496e-01 -5.591e-01 -2.518e+00 -4.319e+00 -1.180e+01 -2.957e+00 -5.672e+00 -1.509e+01 -2.017e+00 -5.304e+00 -4.662e+00 -1.631e+01 -1.751e+01 -1.049e+01 -2.806e+00
+9.837 +8.929 12.696  2.841 0.250 0.000 1.000 -2.333e+01 -1.496e-01 -5.591e-01 -2.518e+00 -4.313e+00 -1.180e+01 -2.957e+00 -5.692e+00 -1.509e+01 -2.017e+00 -5.304e+00 -4.662e+00 -1.631e+01 -1.751e+01 -1.046e+01 -2.806e+00
+9.865 +8.957 12.722  2.839 0.250 0.000 1.000   nan -1.496e-01 -5.591e-01 -2.518e+00 -4.306e+00 -1.180e+01 -2.957e+00 -5.714e+00 -1.509e+01 -2.017e+00 -5.304e+00 -4.662e+00 -1.631e+01 -1.751e+01 -1.043e+01 -2.806e+00
+9.892 +8.985 12.749  2.837 0.250 0.000 1.000 -2.334e+01 -1.496e-01 -5.591e-01 -2.519e+00 -4.298e+00 -1.180e+01 -2.957e+00 -5.738e+00 -1.509e+01 -2.017e+00 -5.304e+00 -4.663e+00 -1.631e+01 -1.751e+01 -1.040e+01 -2.806e+00
+9.920 +9.012 12.775  2.835 0.250 0.000 1.000   nan -1.496e-01 -5.591e-01 -2.519e+00 -4.291e+00 -1.180e+01 -2.957e+00 -5.762e+00 -1.509e+01 -2.017e+00 -5.304e+00 -4.663e+00 -1.631e+01 -1.751e+01 -1.038e+01 -2.806e+00
+9.948 +9.040 12.802  2.833 0.250 0.000 1.000 -2.334e+01 -1.496e-01 -5.591e-01 -2.519e+00 -4.283e+00 -1.180e+01 -2.957e+00 -5.789e+00 -1.509e+01 -2.017e+00 -5.304e+00 -4.663e+00 -1.631e+01 -1.751e+01 -1.035e+01 -2.806e+00
+9.975 +9.068 12.828  2.832 0.250 0.000 1.000   nan -1.496e-01 -5.591e-01 -2.519e+00 -4.274e+00 -1.180e+01 -2.957e+00 -5.817e+00 -1.509e+01 -2.017e+00 -5.304e+00 -4.663e+00 -1.631e+01 -1.751e+01 -1.032e+01 -2.806e+00
+10.003 +9.096 12.854  2.830 0.250 0.000 1.000 -2.334e+01 -1.496e-01 -5.591e-01 -2.519e+00 -4.266e+00 -1.180e+01 -2.957e+00 -5.847e+00 -1.509e+01 -2.017e+00 -5.304e+00 -4.663e+00 -1.631e+01 -1.751e+01 -1.029e+01 -2.806e+00
+10.031 +9.123 12.881  2.828 0.250 0.000 1.000   nan -1.496e-01 -5.591e-01 -2.519e+00 -4.257e+00 -1.180e+01 -2.957e+00 -5.879e+00 -1.509e+01 -2.017e+00 -5.304e+00 -4.663e+00 -1.631e+01 -1.751e+01 -1.026e+01 -2.806e+00
+10.059 +9.151 12.907  2.827 0.250 0.000 1.000 -2.334e+01 -1.496e-01 -5.591e-01 -2.519e+00 -4.247e+00 -1.180e+01 -2.957e+00 -5.912e+00 -1.509e+01 -2.017e+00 -5.304e+00 -4.663e+00 -1.631e+01 -1.751e+01 -1.024e+01 -2.806e+00
+10.086 +9.179 12.933  2.825 0.250 0.000 1.000   nan -1.496e-01 -5.591e-01 -2.520e+00 -4.237e+00 -1.180e+01 -2.957e+00 -5.948e+00 -1.509e+01 -2.017e+00 -5.304e+00 -4.663e+00 -1.631e+01 -1.751e+01 -1.021e+01 -2.806e+00
+10.114 +9.206 12.960  2.823 0.250 0.000 1.000 -2.334e+01 -1.496e-01 -5.591e-01 -2.520e+00 -4.227e+00 -1.180e+01 -2.957e+00 -5.987e+00 -1.509e+01 -2.017e+00 -5.304e+00 -4.663e+00 -1.631e+01 -1.751e+01 -1.018e+01 -2.806e+00
+10.142 +9.234 12.986  2.822 0.250 0.000 1.000   nan -1.496e-01 -5.591e-01 -2.520e+00 -4.217e+00 -1.180e+01 -2.956e+00 -6.027e+00 -1.509e+01 -2.017e+00 -5.304e+00 -4.663e+00 -1.631e+01 -1.751e+01 -1.015e+01 -2.806e+00
+10.170 +9.262 13.012  2.821 0.250 0.000 1.000 -2.334e+01 -1.496e-01 -5.591e-01 -2.520e+00 -4.206e+00 -1.180e+01 -2.956e+00 -6.070e+00 -1.509e+01 -2.017e+00 -5.304e+00 -4.663e+00 -1.631e+01 -1.751e+01 -1.013e+01 -2.806e+00
+10.197 +9.290 13.039  2.820 0.250 0.000 1.000   nan -1.496e-01 -5.591e-01 -2.520e+00 -4.194e+00 -1.180e+01 -2.956e+00 -6.115e+00 -1.509e+01 -2.017e+00 -5.304e+00 -4.663e+00 -1.631e+01 -1.751e+01 -1.010e+01 -2.806e+00
+10.225 +9.317 13.065  2.819 0.250 0.000 1.000 -2.334e+01 -1.496e-01 -5.591e-01 -2.521e+00 -4.182e+00 -1.180e+01 -2.956e+00 -6.164e+00 -1.509e+01 -2.017e+00 -5.304e+00 -4.663e+00 -1.631e+01 -1.751e+01 -1.007e+01 -2.806e+00
+10.253 +9.345 13.091  2.818 0.250 0.000 1.000   nan -1.496e-01 -5.591e-01 -2.521e+00 -4.170e+00 -1.180e+01 -2.956e+00 -6.214e+00 -1.509e+01 -2.017e+00 -5.304e+00 -4.663e+00 -1.631e+01 -1.751e+01 -1.004e+01 -2.806e+00
+10.280 +9.373 13.118  2.817 0.250 0.000 1.000 -2.334e+01 -1.496e-01 -5.591e-01 -2.521e+00 -4.157e+00 -1.180e+01 -2.956e+00 -6.268e+00 -1.509e+01 -2.017e+00 -5.304e+00 -4.663e+00 -1.631e+01 -1.751e+01 -1.002e+01 -2.806e+00
+10.308 +9.400 13.144  2.817 0.250 0.000 1.000   nan -1.496e-01 -5.591e-01 -2.521e+00 -4.144e+00 -1.180e+01 -2.956e+00 -6.324e+00 -1.509e+01 -2.017e+00 -5.304e+00 -4.663e+00 -1.631e+01 -1.751e+01 -9.988e+00 -2.806e+00
+10.336 +9.428 13.171  2.816 0.250 0.000 1.000 -2.334e+01 -1.496e-01 -5.591e-01 -2.522e+00 -4.131e+00 -1.180e+01 -2.956e+00 -6.382e+00 -1.509e+01 -2.017e+00 -5.304e+00 -4.663e+00 -1.631e+01 -1.751e+01 -9.960e+00 -2.806e+00
+10.364 +9.456 13.197  2.816 0.250 0.000 1.000   nan -1.496e-01 -5.591e-01 -2.522e+00 -4.117e+00 -1.181e+01 -2.956e+00 -6.444e+00 -1.509e+01 -2.017e+00 -5.304e+00 -4.664e+00 -1.631e+01 -1.751e+01 -9.932e+00 -2.806e+00
+10.391 +9.484 13.224  2.816 0.250 0.000 1.000 -2.334e+01 -1.496e-01 -5.591e-01 -2.522e+00 -4.103e+00 -1.181e+01 -2.956e+00 -6.507e+00 -1.509e+01 -2.017e+00 -5.304e+00 -4.664e+00 -1.631e+01 -1.751e+01 -9.905e+00 -2.806e+00
+10.419 +9.511 13.251  2.817 0.250 0.000 1.000   nan -1.496e-01 -5.591e-01 -2.523e+00 -4.088e+00 -1.181e+01 -2.956e+00 -6.572e+00 -1.509e+01 -2.017e+00 -5.303e+00 -4.664e+00 -1.631e+01 -1.751e+01 -9.877e+00 -2.806e+00
+10.447 +9.539 13.278  2.817 0.250 0.000 1.000 -2.334e+01 -1.496e-01 -5.591e-01 -2.523e+00 -4.073e+00 -1.181e+01 -2.956e+00 -6.638e+00 -1.509e+01 -2.017e+00 -5.303e+00 -4.664e+00 -1.631e+01 -1.751e+01 -9.849e+00 -2.806e+00
+10.475 +9.567 13.305  2.818 0.250 0.000 1.000   nan -1.496e-01 -5.591e-01 -2.524e+00 -4.058e+00 -1.181e+01 -2.956e+00 -6.705e+00 -1.509e+01 -2.017e+00 -5.303e+00 -4.664e+00 -1.631e+01 -1.751e+01 -9.822e+00 -2.806e+00
+10.502 +9.595 13.332  2.819 0.250 0.000 1.000 -2.334e+01 -1.496e-01 -5.591e-01 -2.524e+00 -4.042e+00 -1.181e+01 -2.955e+00 -6.771e+00 -1.509e+01 -2.017e+00 -5.303e+00 -4.664e+00 -1.631e+01 -1.751e+01 -9.794e+00 -2.806e+00
+10.530 +9.622 13.359  2.821 0.250 0.000 1.000   nan -1.496e-01 -5.591e-01 -2.525e+00 -4.026e+00 -1.181e+01 -2.955e+00 -6.836e+00 -1.509e+01 -2.017e+00 -5.303e+00 -4.664e+00 -1.631e+01 -1.751e+01 -9.766e+00 -2.806e+00
+10.558 +9.650 13.386  2.822 0.250 0.000 1.000 -2.334e+01 -1.496e-01 -5.591e-01 -2.525e+00 -4.010e+00 -1.181e+01 -2.955e+00 -6.897e+00 -1.509e+01 -2.017e+00 -5.303e+00 -4.664e+00 -1.631e+01 -1.751e+01 -9.739e+00 -2.806e+00
+10.585 +9.678 13.414  2.824 0.250 0.000 1.000   nan -1.496e-01 -5.591e-01 -2.526e+00 -3.993e+00 -1.181e+01 -2.955e+00 -6.954e+00 -1.509e+01 -2.017e+00 -5.303e+00 -4.665e+00 -1.631e+01 -1.751e+01 -9.711e+00 -2.806e+00
+10.613 +9.705 13.441  2.826 0.250 0.000 1.000 -2.334e+01 -1.496e-01 -5.591e-01 -2.526e+00 -3.976e+00 -1.181e+01 -2.955e+00 -7.005e+00 -1.509e+01 -2.017e+00 -5.303e+00 -4.665e+00 -1.631e+01 -1.751e+01 -9.683e+00 -2.806e+00
+10.641 +9.733 13.469  2.828 0.250 0.000 1.000   nan -1.496e-01 -5.591e-01 -2.527e+00 -3.959e+00 -1.181e+01 -2.954e+00 -7.049e+00 -1.509e+01 -2.017e+00 -5.303e+00 -4.665e+00 -1.631e+01 -1.751e+01 -9.656e+00 -2.806e+00
+10.669 +9.761 13.497  2.830 0.250 0.000 1.000 -2.334e+01 -1.496e-01 -5.591e-01 -2.528e+00 -3.941e+00 -1.181e+01 -2.954e+00 -7.086e+00 -1.509e+01 -2.017e+00 -5.303e+00 -4.665e+00 -1.631e+01 -1.751e+01 -9.628e+00 -2.806e+00
+10.696 +9.789 13.525  2.832 0.250 0.000 1.000   nan -1.496e-01 -5.591e-01 -2.528e+00 -3.923e+00 -1.181e+01 -2.954e+00 -7.116e+00 -1.508e+01 -2.017e+00 -5.302e+00 -4.665e+00 -1.631e+01 -1.751e+01 -9.601e+00 -2.806e+00
+10.724 +9.816 13.553  2.835 0.250 0.000 1.000 -2.334e+01 -1.496e-01 -5.591e-01 -2.529e+00 -3.905e+00 -1.181e+01 -2.954e+00 -7.139e+00 -1.508e+01 -2.017e+00 -5.302e+00 -4.665e+00 -1.631e+01 -1.751e+01 -9.573e+00 -2.806e+00
+10.752 +9.844 13.581  2.838 0.250 0.000 1.000   nan -1.496e-01 -5.591e-01 -2.530e+00 -3.886e+00 -1.181e+01 -2.953e+00 -7.155e+00 -1.508e+01 -2.017e+00 -5.302e+00 -4.666e+00 -1.631e+01 -1.751e+01 -9.545e+00 -2.806e+00
+10.779 +9.872 13.610  2.841 0.250 0.000 1.000 -2.334e+01 -1.496e-01 -5.591e-01 -2.531e+00 -3.868e+00 -1.181e+01 -2.953e+00 -7.167e+00 -1.508e+01 -2.017e+00 -5.302e+00 -4.666e+00 -1.631e+01 -1.750e+01 -9.518e+00 -2.806e+00
+10.807 +9.900 13.638  2.844 0.250 0.000 1.000   nan -1.496e-01 -5.591e-01 -2.532e+00 -3.849e+00 -1.181e+01 -2.952e+00 -7.174e+00 -1.508e+01 -2.017e+00 -5.302e+00 -4.666e+00 -1.631e+01 -1.750e+01 -9.490e+00 -2.806e+00
+10.833 +9.891 13.665  2.847 0.250 0.000 1.000 -2.334e+01 -1.496e-01 -5.591e-01 -2.533e+00 -3.831e+00 -1.182e+01 -2.952e+00 -7.179e+00 -1.508e+01 -2.017e+00 -5.302e+00 -4.666e+00 -1.631e+01 -1.750e+01 -9.465e+00 -2.806e+00
+10.856 +9.882 13.689  2.850 0.250 0.000 1.000   nan -1.496e-01 -5.591e-01 -2.534e+00 -3.815e+00 -1.182e+01 -2.952e+00 -7.182e+00 -1.508e+01 -2.017e+00 -5.301e+00 -4.667e+00 -1.631e+01 -1.750e+01 -9.441e+00 -2.806e+00
+10.888 +10.028 13.722  2.853 0.250 0.000 1.000 -2.334e+01 -1.496e-01 -5.591e-01 -2.535e+00 -3.793e+00 -1.182e+01 -2.951e+00 -7.184e+00 -1.508e+01 -2.017e+00 -5.301e+00 -4.667e+00 -1.631e+01 -1.750e+01 -9.410e+00 -2.806e+00
+10.908 +9.864 13.743  2.857 0.250 0.000 1.000   nan -1.496e-01 -5.591e-01 -2.536e+00 -3.779e+00 -1.182e+01 -2.950e+00 -7.184e+00 -1.508e+01 -2.017e+00 -5.301e+00 -4.667e+00 -1.631e+01 -1.750e+01 -9.390e+00 -2.806e+00
+10.934 +10.011 13.771  2.860 0.250 0.000 1.000 -2.334e+01 -1.496e-01 -5.591e-01 -2.537e+00 -3.760e+00 -1.182e+01 -2.950e+00 -7.185e+00 -1.508e+01 -2.017e+00 -5.301e+00 -4.668e+00 -1.631e+01 -1.750e+01 -9.364e+00 -2.806e+00
+10.952 +9.847 13.790  2.863 0.250 0.000 1.000   nan -1.496e-01 -5.591e-01 -2.538e+00 -3.748e+00 -1.182e+01 -2.949e+00 -7.185e+00 -1.508e+01 -2.017e+00 -5.301e+00 -4.668e+00 -1.631e+01 -1.750e+01 -9.346e+00 -2.806e+00
+10.975 +9.993 13.814  2.866 0.250 0.000 1.000 -2.334e+01 -1.496e-01 -5.591e-01 -2.539e+00 -3.732e+00 -1.182e+01 -2.949e+00 -7.185e+00 -1.508e+01 -2.017e+00 -5.300e+00 -4.668e+00 -1.631e+01 -1.750e+01 -9.323e+00 -2.806e+00
+10.990 +9.829 13.831  2.869 0.250 0.000 1.000   nan -1.496e-01 -5.591e-01 -2.540e+00 -3.721e+00 -1.182e+01 -2.948e+00 -7.185e+00 -1.508e+01 -2.017e+00 -5.300e+00 -4.668e+00 -1.631e+01 -1.750e+01 -9.308e+00 -2.806e+00
+11.011 +9.975 13.853  2.872 0.250 0.000 1.000 -2.334e+01 -1.496e-01 -5.591e-01 -2.541e+00 -3.706e+00 -1.182e+01 -2.947e+00 -7.184e+00 -1.508e+01 -2.017e+00 -5.300e+00 -4.669e+00 -1.631e+01 -1.750e+01 -9.288e+00 -2.806e+00
+11.024 +9.812 13.867  2.875 0.250 0.000 1.000   nan -1.496e-01 -5.591e-01 -2.542e+00 -3.697e+00 -1.182e+01 -2.947e+00 -7.184e+00 -1.508e+01 -2.017e+00 -5.300e+00 -4.669e+00 -1.631e+01 -1.750e+01 -9.274e+00 -2.806e+00
+11.043 +9.958 13.887  2.877 0.250 0.000 1.000 -2.334e+01 -1.496e-01 -5.591e-01 -2.543e+00 -3.684e+00 -1.183e+01 -2.946e+00 -7.184e+00 -1.508e+01 -2.017e+00 -5.300e+00 -4.669e+00 -1.631e+01 -1.750e+01 -9.256e+00 -2.806e+00
+11.060 +9.949 13.906  2.880 0.250 0.000 1.000   nan -1.496e-01 -5.591e-01 -2.544e+00 -3.671e+00 -1.183e+01 -2.945e+00 -7.184e+00 -1.508e+01 -2.017e+00 -5.299e+00 -4.670e+00 -1.631e+01 -1.750e+01 -9.239e+00 -2.806e+00
+11.076 +9.940 13.923  2.883 0.250 0.000 1.000 -2.334e+01 -1.496e-01 -5.591e-01 -2.545e+00 -3.660e+00 -1.183e+01 -2.945e+00 -7.183e+00 -1.508e+01 -2.017e+00 -5.299e+00 -4.670e+00 -1.631e+01 -1.750e+01 -9.223e+00 -2.806e+00
+11.091 +9.932 13.940  2.886 0.250 0.000 1.000   nan -1.496e-01 -5.591e-01 -2.546e+00 -3.649e+00 -1.183e+01 -2.944e+00 -7.183e+00 -1.508e+01 -2.017e+00 -5.299e+00 -4.670e+00 -1.631e+01 -1.750e+01 -9.208e+00 -2.806e+00
+11.106 +9.923 13.956  2.888 0.250 0.000 1.000 -2.334e+01 -1.496e-01 -5.591e-01 -2.547e+00 -3.639e+00 -1.183e+01 -2.943e+00 -7.183e+00 -1.507e+01 -2.017e+00 -5.299e+00 -4.670e+00 -1.631e+01 -1.750e+01 -9.194e+00 -2.806e+00
+11.119 +9.914 13.971  2.891 0.250 0.000 1.000   nan -1.496e-01 -5.591e-01 -2.548e+00 -3.629e+00 -1.183e+01 -2.942e+00 -7.182e+00 -1.507e+01 -2.017e+00 -5.299e+00 -4.671e+00 -1.631e+01 -1.750e+01 -9.180e+00 -2.806e+00
+11.132 +9.905 13.985  2.893 0.250 0.000 1.000 -2.335e+01 -1.496e-01 -5.591e-01 -2.549e+00 -3.620e+00 -1.183e+01 -2.942e+00 -7.182e+00 -1.507e+01 -2.017e+00 -5.298e+00 -4.671e+00 -1.631e+01 -1.750e+01 -9.167e+00 -2.806e+00
+11.145 +9.897 13.999  2.896 0.250 0.000 1.000   nan -1.496e-01 -5.591e-01 -2.550e+00 -3.611e+00 -1.183e+01 -2.941e+00 -7.182e+00 -1.507e+01 -2.017e+00 -5.298e+00 -4.671e+00 -1.631e+01 -1.750e+01 -9.155e+00 -2.806e+00
+11.173 +10.034 14.030  2.900 0.250 0.000 1.000   nan -1.496e-01 -5.591e-01 -2.552e+00 -3.591e+00 -1.184e+01 -2.939e+00 -7.181e+00 -1.507e+01 -2.017e+00 -5.298e+00 -4.672e+00 -1.631e+01 -1.750e+01 -9.127e+00 -2.806e+00
+11.198 +10.016 14.058  2.905 0.250 0.000 1.000   nan -1.496e-01 -5.591e-01 -2.555e+00 -3.574e+00 -1.184e+01 -2.937e+00 -7.180e+00 -1.507e+01 -2.017e+00 -5.297e+00 -4.672e+00 -1.631e+01 -1.750e+01 -9.102e+00 -2.806e+00
+11.221 +9.999 14.083  2.910 0.250 0.000 1.000   nan -1.496e-01 -5.591e-01 -2.557e+00 -3.558e+00 -1.184e+01 -2.936e+00 -7.179e+00 -1.507e+01 -2.017e+00 -5.297e+00 -4.673e+00 -1.631e+01 -1.750e+01 -9.080e+00 -2.806e+00
+11.242 +9.981 14.107  2.914 0.250 0.000 1.000   nan -1.496e-01 -5.591e-01 -2.559e+00 -3.543e+00 -1.184e+01 -2.934e+00 -7.178e+00 -1.507e+01 -2.017e+00 -5.297e+00 -4.673e+00 -1.631e+01 -1.750e+01 -9.059e+00 -2.806e+00
+11.272 +9.756 14.141  2.921 0.250 0.000 1.000 -2.335e+01 -1.496e-01 -5.591e-01 -2.562e+00 -3.523e+00 -1.184e+01 -2.931e+00 -7.177e+00 -1.506e+01 -2.017e+00 -5.296e+00 -4.674e+00 -1.631e+01 -1.750e+01 -9.029e+00 -2.806e+00
+11.304 +10.040 14.176  2.926 0.250 0.000 1.000   nan -1.496e-01 -5.591e-01 -2.565e+00 -3.502e+00 -1.185e+01 -2.928e+00 -7.175e+00 -1.506e+01 -2.017e+00 -5.296e+00 -4.675e+00 -1.631e+01 -1.750e+01 -8.998e+00 -2.806e+00
+11.330 +9.859 14.207  2.932 0.250 0.000 1.000 -2.335e+01 -1.496e-01 -5.591e-01 -2.568e+00 -3.484e+00 -1.185e+01 -2.925e+00 -7.173e+00 -1.506e+01 -2.017e+00 -5.295e+00 -4.676e+00 -1.631e+01 -1.750e+01 -8.972e+00 -2.806e+00
+11.356 +9.987 14.237  2.937 0.250 0.000 1.000   nan -1.496e-01 -5.591e-01 -2.571e+00 -3.467e+00 -1.185e+01 -2.921e+00 -7.171e+00 -1.505e+01 -2.017e+00 -5.294e+00 -4.677e+00 -1.631e+01 -1.750e+01 -8.946e+00 -2.806e+00
+11.380 +9.763 14.264  2.942 0.250 0.000 1.000 -2.335e+01 -1.496e-01 -5.591e-01 -2.574e+00 -3.452e+00 -1.186e+01 -2.918e+00 -7.170e+00 -1.505e+01 -2.017e+00 -5.294e+00 -4.678e+00 -1.631e+01 -1.750e+01 -8.923e+00 -2.806e+00
+11.412 +9.883 14.300  2.949 0.250 0.000 1.000 -2.335e+01 -1.496e-01 -5.591e-01 -2.579e+00 -3.432e+00 -1.186e+01 -2.913e+00 -7.167e+00 -1.504e+01 -2.017e+00 -5.293e+00 -4.679e+00 -1.631e+01 -1.750e+01 -8.892e+00 -2.806e+00
+11.440 +9.848 14.333  2.954 0.250 0.000 1.000 -2.336e+01 -1.496e-01 -5.591e-01 -2.583e+00 -3.414e+00 -1.187e+01 -2.908e+00 -7.164e+00 -1.504e+01 -2.017e+00 -5.292e+00 -4.680e+00 -1.631e+01 -1.750e+01 -8.864e+00 -2.806e+00
+11.464 +10.088 14.360  2.958 0.250 0.000 1.000   nan -1.496e-01 -5.591e-01 -2.587e+00 -3.400e+00 -1.187e+01 -2.904e+00 -7.162e+00 -1.504e+01 -2.017e+00 -5.292e+00 -4.681e+00 -1.631e+01 -1.749e+01 -8.841e+00 -2.806e+00
+11.494 +9.889 14.395  2.965 0.250 0.000 1.000 -2.336e+01 -1.496e-01 -5.591e-01 -2.592e+00 -3.383e+00 -1.187e+01 -2.898e+00 -7.158e+00 -1.503e+01 -2.017e+00 -5.291e+00 -4.682e+00 -1.631e+01 -1.749e+01 -8.811e+00 -2.806e+00
+11.518 +9.854 14.423  2.969 0.250 0.000 1.000 -2.336e+01 -1.496e-01 -5.591e-01 -2.596e+00 -3.369e+00 -1.188e+01 -2.893e+00 -7.155e+00 -1.502e+01 -2.017e+00 -5.290e+00 -4.684e+00 -1.631e+01 -1.749e+01 -8.788e+00 -2.806e+00
+11.549 +10.078 14.459  2.974 0.250 0.000 1.000   nan -1.496e-01 -5.591e-01 -2.602e+00 -3.353e+00 -1.188e+01 -2.886e+00 -7.151e+00 -1.502e+01 -2.017e+00 -5.289e+00 -4.685e+00 -1.631e+01 -1.749e+01 -8.758e+00 -2.806e+00
+11.575 +9.879 14.489  2.979 0.250 0.000 1.000 -2.336e+01 -1.496e-01 -5.591e-01 -2.607e+00 -3.339e+00 -1.189e+01 -2.879e+00 -7.147e+00 -1.501e+01 -2.017e+00 -5.288e+00 -4.687e+00 -1.631e+01 -1.749e+01 -8.732e+00 -2.806e+00
+11.603 +10.102 14.521  2.983 0.250 0.000 1.000   nan -1.496e-01 -5.591e-01 -2.613e+00 -3.325e+00 -1.190e+01 -2.871e+00 -7.142e+00 -1.500e+01 -2.017e+00 -5.287e+00 -4.688e+00 -1.631e+01 -1.749e+01 -8.706e+00 -2.806e+00
+11.631 +10.049 14.555  2.987 0.250 0.000 1.000   nan -1.496e-01 -5.591e-01 -2.620e+00 -3.312e+00 -1.190e+01 -2.863e+00 -7.137e+00 -1.499e+01 -2.017e+00 -5.286e+00 -4.690e+00 -1.631e+01 -1.749e+01 -8.678e+00 -2.806e+00
+11.660 +10.109 14.587  2.991 0.250 0.000 1.000   nan -1.497e-01 -5.591e-01 -2.627e+00 -3.300e+00 -1.191e+01 -2.853e+00 -7.131e+00 -1.499e+01 -2.017e+00 -5.284e+00 -4.692e+00 -1.631e+01 -1.749e+01 -8.650e+00 -2.806e+00
+11.685 +10.057 14.617  2.994 0.250 0.000 1.000   nan -1.497e-01 -5.591e-01 -2.633e+00 -3.289e+00 -1.192e+01 -2.844e+00 -7.125e+00 -1.498e+01 -2.017e+00 -5.283e+00 -4.694e+00 -1.631e+01 -1.749e+01 -8.626e+00 -2.806e+00
+11.713 +9.797 14.649  2.997 0.250 0.000 1.000 -2.337e+01 -1.497e-01 -5.591e-01 -2.641e+00 -3.278e+00 -1.192e+01 -2.834e+00 -7.118e+00 -1.497e+01 -2.017e+00 -5.282e+00 -4.696e+00 -1.631e+01 -1.748e+01 -8.599e+00 -2.806e+00
+11.742 +10.046 14.682  2.999 0.250 0.000 1.000   nan -1.497e-01 -5.591e-01 -2.650e+00 -3.268e+00 -1.193e+01 -2.823e+00 -7.111e+00 -1.495e+01 -2.017e+00 -5.280e+00 -4.698e+00 -1.631e+01 -1.748e+01 -8.571e+00 -2.806e+00
+11.771 +10.089 14.716  3.001 0.250 0.000 1.000   nan -1.497e-01 -5.591e-01 -2.659e+00 -3.259e+00 -1.194e+01 -2.811e+00 -7.103e+00 -1.494e+01 -2.017e+00 -5.278e+00 -4.701e+00 -1.631e+01 -1.748e+01 -8.543e+00 -2.806e+00
+11.800 +10.130 14.748  3.001 0.250 0.000 1.000   nan -1.497e-01 -5.591e-01 -2.669e+00 -3.252e+00 -1.195e+01 -2.798e+00 -7.095e+00 -1.493e+01 -2.017e+00 -5.277e+00 -4.703e+00 -1.631e+01 -1.748e+01 -8.516e+00 -2.806e+00
+11.826 +10.060 14.778  3.002 0.250 0.000 1.000   nan -1.497e-01 -5.591e-01 -2.678e+00 -3.245e+00 -1.196e+01 -2.786e+00 -7.086e+00 -1.492e+01 -2.017e+00 -5.275e+00 -4.706e+00 -1.631e+01 -1.748e+01 -8.491e+00 -2.806e+00
+11.851 +10.103 14.806  3.001 0.250 0.000 1.000   nan -1.497e-01 -5.591e-01 -2.688e+00 -3.241e+00 -1.197e+01 -2.773e+00 -7.078e+00 -1.491e+01 -2.017e+00 -5.273e+00 -4.708e+00 -1.631e+01 -1.748e+01 -8.467e+00 -2.806e+00
+11.882 +10.128 14.840  2.999 0.250 0.000 1.000   nan -1.497e-01 -5.591e-01 -2.700e+00 -3.236e+00 -1.198e+01 -2.758e+00 -7.067e+00 -1.489e+01 -2.017e+00 -5.271e+00 -4.712e+00 -1.631e+01 -1.747e+01 -8.438e+00 -2.806e+00
+11.911 +10.154 14.871  2.997 0.250 0.000 1.000   nan -1.497e-01 -5.591e-01 -2.713e+00 -3.233e+00 -1.200e+01 -2.742e+00 -7.056e+00 -1.487e+01 -2.017e+00 -5.269e+00 -4.715e+00 -1.631e+01 -1.747e+01 -8.411e+00 -2.806e+00
+11.934 +9.920 14.897  2.993 0.250 0.000 1.000 -2.339e+01 -1.497e-01 -5.591e-01 -2.724e+00 -3.232e+00 -1.201e+01 -2.730e+00 -7.047e+00 -1.486e+01 -2.017e+00 -5.267e+00 -4.718e+00 -1.631e+01 -1.747e+01 -8.389e+00 -2.806e+00
+11.963 +10.091 14.928  2.989 0.250 0.000 1.000   nan -1.497e-01 -5.591e-01 -2.738e+00 -3.232e+00 -1.202e+01 -2.713e+00 -7.035e+00 -1.484e+01 -2.017e+00 -5.265e+00 -4.722e+00 -1.631e+01 -1.747e+01 -8.362e+00 -2.806e+00
+11.990 +9.953 14.956  2.983 0.250 0.000 1.000 -2.339e+01 -1.497e-01 -5.591e-01 -2.752e+00 -3.234e+00 -1.204e+01 -2.697e+00 -7.024e+00 -1.483e+01 -2.017e+00 -5.262e+00 -4.726e+00 -1.631e+01 -1.747e+01 -8.337e+00 -2.806e+00
+12.019 +9.961 14.985  2.976 0.250 0.000 1.000 -2.340e+01 -1.497e-01 -5.591e-01 -2.768e+00 -3.237e+00 -1.205e+01 -2.681e+00 -7.012e+00 -1.481e+01 -2.017e+00 -5.259e+00 -4.730e+00 -1.631e+01 -1.746e+01 -8.310e+00 -2.806e+00
+12.046 +9.970 15.013  2.967 0.250 0.000 1.000 -2.340e+01 -1.497e-01 -5.591e-01 -2.784e+00 -3.242e+00 -1.207e+01 -2.664e+00 -6.999e+00 -1.480e+01 -2.017e+00 -5.257e+00 -4.735e+00 -1.631e+01 -1.746e+01 -8.285e+00 -2.806e+00
+12.075 +10.124 15.041  2.957 0.250 0.000 1.000   nan -1.497e-01 -5.591e-01 -2.802e+00 -3.249e+00 -1.209e+01 -2.647e+00 -6.986e+00 -1.478e+01 -2.017e+00 -5.254e+00 -4.740e+00 -1.631e+01 -1.746e+01 -8.259e+00 -2.806e+00
+12.101 +9.969 15.067  2.946 0.250 0.000 1.000 -2.341e+01 -1.497e-01 -5.591e-01 -2.820e+00 -3.257e+00 -1.210e+01 -2.631e+00 -6.974e+00 -1.476e+01 -2.017e+00 -5.251e+00 -4.745e+00 -1.631e+01 -1.745e+01 -8.235e+00 -2.806e+00
+12.130 +10.103 15.093  2.933 0.250 0.000 1.000 -2.341e+01 -1.497e-01 -5.591e-01 -2.841e+00 -3.267e+00 -1.212e+01 -2.613e+00 -6.961e+00 -1.474e+01 -2.017e+00 -5.247e+00 -4.750e+00 -1.631e+01 -1.745e+01 -8.209e+00 -2.806e+00
+12.156 +10.136 15.118  2.919 0.250 0.000 1.000 -2.341e+01 -1.498e-01 -5.591e-01 -2.861e+00 -3.279e+00 -1.214e+01 -2.597e+00 -6.948e+00 -1.473e+01 -2.017e+00 -5.244e+00 -4.756e+00 -1.631e+01 -1.745e+01 -8.185e+00 -2.806e+00
+12.184 +10.106 15.143  2.902 0.250 0.000 1.000   nan -1.498e-01 -5.591e-01 -2.884e+00 -3.294e+00 -1.217e+01 -2.580e+00 -6.935e+00 -1.471e+01 -2.017e+00 -5.240e+00 -4.762e+00 -1.631e+01 -1.744e+01 -8.160e+00 -2.806e+00
+12.213 +10.224 15.167  2.884 0.250 0.000 1.000   nan -1.498e-01 -5.591e-01 -2.909e+00 -3.311e+00 -1.219e+01 -2.563e+00 -6.922e+00 -1.469e+01 -2.017e+00 -5.236e+00 -4.769e+00 -1.631e+01 -1.744e+01 -8.135e+00 -2.806e+00
+12.239 +10.083 15.190  2.864 0.250 0.000 1.000   nan -1.498e-01 -5.591e-01 -2.934e+00 -3.329e+00 -1.222e+01 -2.547e+00 -6.909e+00 -1.468e+01 -2.017e+00 -5.232e+00 -4.776e+00 -1.631e+01 -1.744e+01 -8.112e+00 -2.806e+00
+12.268 +10.195 15.213  2.841 0.250 0.000 1.000 -2.342e+01 -1.498e-01 -5.591e-01 -2.962e+00 -3.351e+00 -1.224e+01 -2.530e+00 -6.896e+00 -1.466e+01 -2.017e+00 -5.227e+00 -4.783e+00 -1.631e+01 -1.743e+01 -8.086e+00 -2.806e+00
+12.296 +10.201 15.234  2.817 0.250 0.000 1.000   nan -1.498e-01 -5.591e-01 -2.990e+00 -3.374e+00 -1.227e+01 -2.515e+00 -6.884e+00 -1.465e+01 -2.017e+00 -5.223e+00 -4.791e+00 -1.631e+01 -1.743e+01 -8.063e+00 -2.806e+00
+12.324 +10.147 15.255  2.789 0.250 0.000 1.000   nan -1.498e-01 -5.591e-01 -3.022e+00 -3.401e+00 -1.230e+01 -2.499e+00 -6.871e+00 -1.463e+01 -2.017e+00 -5.218e+00 -4.800e+00 -1.631e+01 -1.742e+01 -8.039e+00 -2.806e+00
+12.351 +10.100 15.274  2.760 0.250 0.000 1.000   nan -1.498e-01 -5.591e-01 -3.054e+00 -3.430e+00 -1.234e+01 -2.485e+00 -6.860e+00 -1.462e+01 -2.017e+00 -5.213e+00 -4.809e+00 -1.631e+01 -1.742e+01 -8.016e+00 -2.806e+00
+12.378 +10.252 15.292  2.731 0.250 0.000 1.000   nan -1.498e-01 -5.591e-01 -3.088e+00 -3.460e+00 -1.237e+01 -2.471e+00 -6.849e+00 -1.460e+01 -2.017e+00 -5.207e+00 -4.818e+00 -1.631e+01 -1.741e+01 -7.993e+00 -2.806e+00
+12.406 +10.126 15.310  2.696 0.250 0.000 1.000 -2.344e+01 -1.498e-01 -5.591e-01 -3.126e+00 -3.495e+00 -1.241e+01 -2.458e+00 -6.838e+00 -1.459e+01 -2.017e+00 -5.202e+00 -4.829e+00 -1.631e+01 -1.740e+01 -7.970e+00 -2.806e+00
+12.434 +10.312 15.327  2.660 0.250 0.000 1.000   nan -1.498e-01 -5.591e-01 -3.165e+00 -3.532e+00 -1.245e+01 -2.445e+00 -6.827e+00 -1.458e+01 -2.017e+00 -5.196e+00 -4.840e+00 -1.631e+01 -1.740e+01 -7.948e+00 -2.806e+00
+12.461 +10.189 15.342  2.622 0.250 0.000 1.000 -2.345e+01 -1.498e-01 -5.591e-01 -3.206e+00 -3.571e+00 -1.249e+01 -2.433e+00 -6.818e+00 -1.456e+01 -2.017e+00 -5.189e+00 -4.851e+00 -1.631e+01 -1.739e+01 -7.926e+00 -2.806e+00
+12.490 +10.213 15.357  2.580 0.250 0.000 1.000 -2.345e+01 -1.499e-01 -5.591e-01 -3.252e+00 -3.615e+00 -1.253e+01 -2.421e+00 -6.809e+00 -1.455e+01 -2.017e+00 -5.183e+00 -4.864e+00 -1.631e+01 -1.739e+01 -7.903e+00 -2.806e+00
+12.517 +10.402 15.371  2.538 0.250 0.000 1.000   nan -1.499e-01 -5.591e-01 -3.297e+00 -3.660e+00 -1.258e+01 -2.411e+00 -6.800e+00 -1.454e+01 -2.017e+00 -5.176e+00 -4.877e+00 -1.631e+01 -1.738e+01 -7.882e+00 -2.806e+00
+12.545 +10.429 15.384  2.491 0.250 0.000 1.000   nan -1.499e-01 -5.591e-01 -3.348e+00 -3.710e+00 -1.263e+01 -2.401e+00 -6.793e+00 -1.453e+01 -2.017e+00 -5.169e+00 -4.891e+00 -1.631e+01 -1.737e+01 -7.861e+00 -2.806e+00
+12.573 +10.462 15.396  2.441 0.250 0.000 1.000   nan -1.499e-01 -5.591e-01 -3.401e+00 -3.764e+00 -1.268e+01 -2.392e+00 -6.785e+00 -1.452e+01 -2.017e+00 -5.161e+00 -4.907e+00 -1.631e+01 -1.736e+01 -7.840e+00 -2.806e+00
+12.601 +10.492 15.407  2.389 0.250 0.000 1.000   nan -1.499e-01 -5.591e-01 -3.457e+00 -3.821e+00 -1.274e+01 -2.383e+00 -6.779e+00 -1.451e+01 -2.017e+00 -5.153e+00 -4.923e+00 -1.631e+01 -1.736e+01 -7.819e+00 -2.806e+00
+12.628 +10.379 15.417  2.336 0.250 0.000 1.000 -2.346e+01 -1.499e-01 -5.590e-01 -3.513e+00 -3.878e+00 -1.280e+01 -2.376e+00 -6.773e+00 -1.451e+01 -2.017e+00 -5.145e+00 -4.940e+00 -1.631e+01 -1.735e+01 -7.800e+00 -2.806e+00
+12.655 +10.579 15.426  2.281 0.312 0.000 1.000   nan -1.499e-01 -5.590e-01 -3.574e+00 -3.940e+00 -1.286e+01 -2.369e+00 -6.768e+00 -1.450e+01 -2.017e+00 -5.136e+00 -4.958e+00 -1.631e+01 -1.734e+01 -7.781e+00 -2.806e+00
+12.685 +10.618 15.435  2.220 0.312 0.000 1.000   nan -1.499e-01 -5.590e-01 -3.642e+00 -4.010e+00 -1.292e+01 -2.363e+00 -6.764e+00 -1.449e+01 -2.017e+00 -5.126e+00 -4.978e+00 -1.631e+01 -1.733e+01 -7.760e+00 -2.806e+00
+12.712 +10.678 15.443  2.162 0.312 0.000 1.000   nan -1.499e-01 -5.590e-01 -3.708e+00 -4.078e+00 -1.299e+01 -2.357e+00 -6.760e+00 -1.449e+01 -2.017e+00 -5.117e+00 -4.999e+00 -1.631e+01 -1.732e+01 -7.742e+00 -2.806e+00
+12.739 +10.631 15.450  2.100 0.312 0.000 1.000   nan -1.499e-01 -5.590e-01 -3.776e+00 -4.150e+00 -1.306e+01 -2.353e+00 -6.757e+00 -1.448e+01 -2.017e+00 -5.107e+00 -5.021e+00 -1.631e+01 -1.731e+01 -7.725e+00 -2.806e+00
+12.766 +10.552 15.456  2.039 0.312 0.000 1.000 -2.347e+01 -1.499e-01 -5.590e-01 -3.846e+00 -4.224e+00 -1.313e+01 -2.349e+00 -6.755e+00 -1.448e+01 -2.017e+00 -5.097e+00 -5.044e+00 -1.631e+01 -1.730e+01 -7.708e+00 -2.806e+00
+12.794 +10.789 15.462  1.978 0.312 0.000 1.000   nan -1.499e-01 -5.590e-01 -3.921e+00 -4.303e+00 -1.320e+01 -2.345e+00 -6.752e+00 -1.448e+01 -2.017e+00 -5.086e+00 -5.070e+00 -1.631e+01 -1.729e+01 -7.690e+00 -2.806e+00
+12.822 +10.764 15.467  1.917 0.312 0.000 1.000   nan -1.499e-01 -5.590e-01 -3.994e+00 -4.382e+00 -1.327e+01 -2.342e+00 -6.751e+00 -1.447e+01 -2.017e+00 -5.075e+00 -5.096e+00 -1.631e+01 -1.728e+01 -7.674e+00 -2.806e+00
+12.849 +10.722 15.472  1.859 0.312 0.000 1.000 -2.347e+01 -1.499e-01 -5.590e-01 -4.066e+00 -4.462e+00 -1.335e+01 -2.340e+00 -6.750e+00 -1.447e+01 -2.017e+00 -5.064e+00 -5.125e+00 -1.631e+01 -1.727e+01 -7.658e+00 -2.806e+00
+12.878 +10.900 15.477  1.802 0.312 0.000 1.000   nan -1.499e-01 -5.590e-01 -4.141e+00 -4.545e+00 -1.342e+01 -2.337e+00 -6.749e+00 -1.447e+01 -2.017e+00 -5.051e+00 -5.156e+00 -1.631e+01 -1.725e+01 -7.643e+00 -2.806e+00
+12.905 +10.912 15.481  1.753 0.312 0.000 1.000 -2.348e+01 -1.499e-01 -5.590e-01 -4.207e+00 -4.621e+00 -1.349e+01 -2.336e+00 -6.749e+00 -1.447e+01 -2.017e+00 -5.039e+00 -5.188e+00 -1.631e+01 -1.724e+01 -7.629e+00 -2.806e+00
+12.934 +10.953 15.485  1.706 0.312 0.000 1.000   nan -1.499e-01 -5.590e-01 -4.273e+00 -4.698e+00 -1.355e+01 -2.334e+00 -6.749e+00 -1.447e+01 -2.017e+00 -5.026e+00 -5.224e+00 -1.631e+01 -1.723e+01 -7.615e+00 -2.806e+00
+12.962 +11.003 15.489  1.665 0.312 0.000 1.000   nan -1.499e-01 -5.590e-01 -4.332e+00 -4.770e+00 -1.361e+01 -2.333e+00 -6.749e+00 -1.446e+01 -2.017e+00 -5.012e+00 -5.262e+00 -1.631e+01 -1.722e+01 -7.601e+00 -2.806e+00
+12.989 +11.070 15.493  1.633 0.312 0.000 1.000   nan -1.499e-01 -5.590e-01 -4.381e+00 -4.830e+00 -1.366e+01 -2.332e+00 -6.750e+00 -1.446e+01 -2.017e+00 -4.999e+00 -5.300e+00 -1.631e+01 -1.720e+01 -7.589e+00 -2.806e+00
+13.016 +11.083 15.497  1.606 0.312 0.000 1.000 -2.348e+01 -1.499e-01 -5.590e-01 -4.422e+00 -4.882e+00 -1.370e+01 -2.332e+00 -6.750e+00 -1.446e+01 -2.017e+00 -4.985e+00 -5.341e+00 -1.631e+01 -1.719e+01 -7.578e+00 -2.806e+00
+13.048 +11.381 15.501  1.584 0.312 0.000 1.000   nan -1.499e-01 -5.590e-01 -4.460e+00 -4.932e+00 -1.374e+01 -2.331e+00 -6.751e+00 -1.446e+01 -2.017e+00 -4.968e+00 -5.392e+00 -1.631e+01 -1.717e+01 -7.565e+00 -2.806e+00
+13.073 +11.139 15.504  1.568 0.312 0.000 1.000 -2.348e+01 -1.499e-01 -5.590e-01 -4.483e+00 -4.963e+00 -1.377e+01 -2.331e+00 -6.752e+00 -1.446e+01 -2.017e+00 -4.954e+00 -5.436e+00 -1.631e+01 -1.716e+01 -7.556e+00 -2.806e+00
+13.104 +11.514 15.508  1.556 0.312 0.000 1.000   nan -1.500e-01 -5.590e-01 -4.505e+00 -4.992e+00 -1.379e+01 -2.331e+00 -6.753e+00 -1.446e+01 -2.017e+00 -4.937e+00 -5.493e+00 -1.631e+01 -1.714e+01 -7.546e+00 -2.806e+00
+13.128 +11.466 15.512  1.548 0.312 0.000 1.000 -2.348e+01 -1.500e-01 -5.590e-01 -4.517e+00 -5.008e+00 -1.380e+01 -2.331e+00 -6.754e+00 -1.446e+01 -2.017e+00 -4.923e+00 -5.541e+00 -1.631e+01 -1.713e+01 -7.538e+00 -2.806e+00
+13.158 +11.644 15.516  1.542 0.312 0.000 1.000   nan -1.500e-01 -5.590e-01 -4.527e+00 -5.023e+00 -1.381e+01 -2.330e+00 -6.754e+00 -1.446e+01 -2.017e+00 -4.905e+00 -5.604e+00 -1.631e+01 -1.711e+01 -7.530e+00 -2.806e+00
+13.183 +11.756 15.520  1.538 0.312 0.000 1.000   nan -1.500e-01 -5.590e-01 -4.534e+00 -5.031e+00 -1.382e+01 -2.330e+00 -6.755e+00 -1.446e+01 -2.017e+00 -4.890e+00 -5.662e+00 -1.631e+01 -1.710e+01 -7.523e+00 -2.806e+00
+13.213 +11.818 15.525  1.535 0.312 0.000 1.000   nan -1.500e-01 -5.589e-01 -4.538e+00 -5.038e+00 -1.382e+01 -2.330e+00 -6.756e+00 -1.446e+01 -2.017e+00 -4.871e+00 -5.733e+00 -1.631e+01 -1.708e+01 -7.516e+00 -2.806e+00
+13.238 +11.700 15.529  1.533 0.312 0.000 1.000 -2.348e+01 -1.500e-01 -5.589e-01 -4.541e+00 -5.041e+00 -1.382e+01 -2.330e+00 -6.757e+00 -1.446e+01 -2.017e+00 -4.856e+00 -5.795e+00 -1.631e+01 -1.706e+01 -7.511e+00 -2.806e+00
+13.270 +11.984 15.535  1.532 0.375 0.000 1.000 -2.400e+01 -1.500e-01 -5.589e-01 -4.543e+00 -5.045e+00 -1.383e+01 -2.330e+00 -6.757e+00 -1.446e+01 -2.017e+00 -4.835e+00 -5.883e+00 -1.631e+01 -1.704e+01 -7.505e+00 -2.806e+00
+13.301 +11.957 15.541  1.531 0.375 0.000 1.000 -2.400e+01 -1.500e-01 -5.589e-01 -4.545e+00 -5.046e+00 -1.383e+01 -2.330e+00 -6.758e+00 -1.446e+01 -2.017e+00 -4.814e+00 -5.975e+00 -1.631e+01 -1.702e+01 -7.501e+00 -2.806e+00
+13.328 +11.931 15.547  1.530 0.375 0.000 1.000 -2.400e+01 -1.500e-01 -5.589e-01 -4.546e+00 -5.048e+00 -1.383e+01 -2.330e+00 -6.759e+00 -1.446e+01 -2.017e+00 -4.795e+00 -6.061e+00 -1.631e+01 -1.700e+01 -7.497e+00 -2.806e+00
+13.348 +12.068 15.551  1.530 0.375 0.000 1.000 -2.400e+01 -1.500e-01 -5.589e-01 -4.546e+00 -5.048e+00 -1.383e+01 -2.330e+00 -6.759e+00 -1.446e+01 -2.017e+00 -4.781e+00 -6.128e+00 -1.631e+01 -1.699e+01 -7.495e+00 -2.806e+00
+13.380 +12.042 15.558  1.529 0.375 0.000 1.000 -2.400e+01 -1.500e-01 -5.589e-01 -4.547e+00 -5.049e+00 -1.383e+01 -2.330e+00 -6.759e+00 -1.446e+01 -2.017e+00 -4.759e+00 -6.239e+00 -1.631e+01 -1.697e+01 -7.492e+00 -2.806e+00
+13.407 +12.180 15.564  1.529 0.375 0.000 1.000 -2.400e+01 -1.500e-01 -5.589e-01 -4.548e+00 -5.050e+00 -1.383e+01 -2.330e+00 -6.760e+00 -1.446e+01 -2.017e+00 -4.739e+00 -6.340e+00 -1.631e+01 -1.695e+01 -7.490e+00 -2.806e+00
+13.447 +12.308 15.574  1.528 0.375 0.000 1.000 -2.400e+01 -1.500e-01 -5.588e-01 -4.548e+00 -5.050e+00 -1.383e+01 -2.330e+00 -6.760e+00 -1.446e+01 -2.017e+00 -4.710e+00 -6.505e+00 -1.631e+01 -1.692e+01 -7.488e+00 -2.806e+00
+13.462 +12.299 15.578  1.528 0.375 0.000 1.000 -2.400e+01 -1.500e-01 -5.588e-01 -4.548e+00 -5.050e+00 -1.383e+01 -2.330e+00 -6.760e+00 -1.446e+01 -2.017e+00 -4.698e+00 -6.570e+00 -1.631e+01 -1.691e+01 -7.487e+00 -2.806e+00
+13.496 +12.434 15.587  1.528 0.438 0.000 1.000 -2.400e+01 -1.500e-01 -5.588e-01 -4.549e+00 -5.051e+00 -1.383e+01 -2.330e+00 -6.760e+00 -1.446e+01 -2.017e+00 -4.673e+00 -6.724e+00 -1.631e+01 -1.688e+01 -7.487e+00 -2.806e+00
+13.526 +12.417 15.595  1.528 0.438 0.000 1.000 -2.400e+01 -1.500e-01 -5.588e-01 -4.549e+00 -5.051e+00 -1.383e+01 -2.330e+00 -6.761e+00 -1.446e+01 -2.017e+00 -4.650e+00 -6.868e+00 -1.631e+01 -1.686e+01 -7.486e+00 -2.806e+00
+13.542 +12.408 15.600  1.528 0.438 0.000 1.000 -2.400e+01 -1.500e-01 -5.588e-01 -4.549e+00 -5.051e+00 -1.383e+01 -2.330e+00 -6.761e+00 -1.446e+01 -2.017e+00 -4.637e+00 -6.949e+00 -1.631e+01 -1.685e+01 -7.486e+00 -2.806e+00
+13.574 +12.399 15.609  1.528 0.438 0.000 1.000 -2.400e+01 -1.500e-01 -5.588e-01 -4.549e+00 -5.051e+00 -1.383e+01 -2.330e+00 -6.761e+00 -1.446e+01 -2.017e+00 -4.612e+00 -7.112e+00 -1.631e+01 -1.682e+01 -7.487e+00 -2.806e+00
+13.612 +12.458 15.622  1.527 0.438 0.000 1.000 -2.400e+01 -1.500e-01 -5.587e-01 -4.549e+00 -5.051e+00 -1.383e+01 -2.330e+00 -6.761e+00 -1.446e+01 -2.017e+00 -4.581e+00 -7.311e+00 -1.631e+01 -1.679e+01 -7.487e+00 -2.806e+00
+13.633 +12.604 15.629  1.527 0.438 0.000 1.000 -2.400e+01 -1.501e-01 -5.587e-01 -4.549e+00 -5.051e+00 -1.383e+01 -2.330e+00 -6.761e+00 -1.446e+01 -2.017e+00 -4.564e+00 -7.416e+00 -1.631e+01 -1.678e+01 -7.488e+00 -2.806e+00
+13.661 +12.750 15.638  1.527 0.438 0.000 1.000 -2.400e+01 -1.501e-01 -5.587e-01 -4.549e+00 -5.051e+00 -1.383e+01 -2.330e+00 -6.761e+00 -1.446e+01 -2.018e+00 -4.542e+00 -7.548e+00 -1.631e+01 -1.676e+01 -7.489e+00 -2.806e+00
+13.686 +12.741 15.647  1.527 0.438 0.000 1.000 -2.400e+01 -1.501e-01 -5.587e-01 -4.549e+00 -5.052e+00 -1.383e+01 -2.330e+00 -6.761e+00 -1.446e+01 -2.018e+00 -4.521e+00 -7.649e+00 -1.631e+01 -1.673e+01 -7.490e+00 -2.806e+00
+13.719 +12.887 15.660  1.527 0.500 0.000 1.000 -2.400e+01 -1.501e-01 -5.586e-01 -4.549e+00 -5.052e+00 -1.383e+01 -2.330e+00 -6.761e+00 -1.446e+01 -2.018e+00 -4.493e+00 -7.750e+00 -1.631e+01 -1.671e+01 -7.491e+00 -2.806e+00
+13.750 +12.812 15.672  1.527 0.500 0.000 1.000 -2.400e+01 -1.501e-01 -5.586e-01 -4.549e+00 -5.052e+00 -1.383e+01 -2.330e+00 -6.761e+00 -1.446e+01 -2.018e+00 -4.467e+00 -7.799e+00 -1.631e+01 -1.668e+01 -7.492e+00 -2.806e+00
+13.783 +12.934 15.686  1.527 0.500 0.000 1.000 -2.400e+01 -1.501e-01 -5.586e-01 -4.549e+00 -5.052e+00 -1.383e+01 -2.330e+00 -6.761e+00 -1.446e+01 -2.018e+00 -4.438e+00 -7.817e+00 -1.631e+01 -1.666e+01 -7.494e+00 -2.806e+00
+13.824 +13.065 15.703  1.527 0.500 0.000 1.000 -2.400e+01 -1.501e-01 -5.585e-01 -4.549e+00 -5.052e+00 -1.383e+01 -2.330e+00 -6.761e+00 -1.446e+01 -2.018e+00 -4.403e+00 -7.806e+00 -1.631e+01 -1.662e+01 -7.496e+00 -2.806e+00
+13.860 +13.056 15.720  1.527 0.500 0.000 1.000 -2.400e+01 -1.501e-01 -5.585e-01 -4.549e+00 -5.052e+00 -1.383e+01 -2.330e+00 -6.761e+00 -1.446e+01 -2.018e+00 -4.372e+00 -7.780e+00 -1.631e+01 -1.659e+01 -7.498e+00 -2.806e+00
+13.901 +13.161 15.739  1.527 0.500 0.000 1.000 -2.400e+01 -1.502e-01 -5.584e-01 -4.549e+00 -5.052e+00 -1.383e+01 -2.330e+00 -6.761e+00 -1.446e+01 -2.018e+00 -4.335e+00 -7.747e+00 -1.631e+01 -1.656e+01 -7.500e+00 -2.806e+00
+13.938 +13.152 15.758  1.527 0.500 0.000 1.000 -2.400e+01 -1.502e-01 -5.584e-01 -4.549e+00 -5.052e+00 -1.383e+01 -2.330e+00 -6.761e+00 -1.446e+01 -2.018e+00 -4.302e+00 -7.712e+00 -1.631e+01 -1.652e+01 -7.503e+00 -2.806e+00
+13.972 +13.097 15.775  1.527 0.500 0.000 1.000 -2.400e+01 -1.502e-01 -5.583e-01 -4.549e+00 -5.052e+00 -1.383e+01 -2.330e+00 -6.761e+00 -1.446e+01 -2.019e+00 -4.272e+00 -7.679e+00 -1.631e+01 -1.649e+01 -7.505e+00 -2.806e+00
+14.011 +13.157 15.796  1.527 0.500 0.000 1.000 -2.400e+01 -1.502e-01 -5.582e-01 -4.549e+00 -5.052e+00 -1.383e+01 -2.330e+00 -6.761e+00 -1.446e+01 -2.019e+00 -4.237e+00 -7.642e+00 -1.631e+01 -1.646e+01 -7.508e+00 -2.806e+00
+14.039 +13.149 15.812  1.527 0.500 0.000 1.000 -2.400e+01 -1.503e-01 -5.582e-01 -4.549e+00 -5.052e+00 -1.383e+01 -2.330e+00 -6.761e+00 -1.446e+01 -2.019e+00 -4.211e+00 -7.612e+00 -1.631e+01 -1.643e+01 -7.511e+00 -2.806e+00
+14.066 +13.074 15.828  1.527 0.500 0.000 1.000 -2.400e+01 -1.503e-01 -5.581e-01 -4.549e+00 -5.052e+00 -1.383e+01 -2.330e+00 -6.761e+00 -1.446e+01 -2.019e+00 -4.186e+00 -7.585e+00 -1.632e+01 -1.640e+01 -7.513e+00 -2.806e+00
+14.096 +13.220 15.845  1.527 0.500 0.000 1.000 -2.400e+01 -1.503e-01 -5.581e-01 -4.549e+00 -5.052e+00 -1.383e+01 -2.330e+00 -6.761e+00 -1.446e+01 -2.019e+00 -4.159e+00 -7.556e+00 -1.632e+01 -1.638e+01 -7.515e+00 -2.806e+00
+14.123 +13.171 15.862  1.527 0.500 0.000 1.000 -2.400e+01 -1.503e-01 -5.580e-01 -4.549e+00 -5.052e+00 -1.383e+01 -2.330e+00 -6.761e+00 -1.446e+01 -2.019e+00 -4.134e+00 -7.528e+00 -1.632e+01 -1.635e+01 -7.518e+00 -2.806e+00
+14.146 +13.088 15.876  1.527 0.500 0.000 1.000 -2.400e+01 -1.504e-01 -5.579e-01 -4.549e+00 -5.052e+00 -1.383e+01 -2.330e+00 -6.761e+00 -1.446e+01 -2.020e+00 -4.112e+00 -7.505e+00 -1.632e+01 -1.633e+01 -7.520e+00 -2.806e+00
+14.172 +13.155 15.893  1.527 0.500 0.000 1.000 -2.400e+01 -1.504e-01 -5.579e-01 -4.549e+00 -5.052e+00 -1.383e+01 -2.330e+00 -6.761e+00 -1.446e+01 -2.020e+00 -4.088e+00 -7.479e+00 -1.632e+01 -1.630e+01 -7.523e+00 -2.806e+00
+14.192 +13.146 15.905  1.527 0.500 0.000 1.000 -2.400e+01 -1.504e-01 -5.578e-01 -4.549e+00 -5.052e+00 -1.383e+01 -2.330e+00 -6.761e+00 -1.446e+01 -2.020e+00 -4.070e+00 -7.459e+00 -1.632e+01 -1.628e+01 -7.525e+00 -2.806e+00
+14.219 +13.292 15.923  1.527 0.500 0.000 1.000 -2.400e+01 -1.504e-01 -5.577e-01 -4.549e+00 -5.052e+00 -1.383e+01 -2.330e+00 -6.761e+00 -1.446e+01 -2.020e+00 -4.045e+00 -7.434e+00 -1.632e+01 -1.626e+01 -7.528e+00 -2.806e+00
+14.236 +13.128 15.934  1.527 0.500 0.000 1.000 -2.400e+01 -1.505e-01 -5.577e-01 -4.549e+00 -5.052e+00 -1.383e+01 -2.330e+00 -6.761e+00 -1.446e+01 -2.020e+00 -4.029e+00 -7.415e+00 -1.632e+01 -1.624e+01 -7.529e+00 -2.806e+00
+14.259 +13.274 15.950  1.527 0.500 0.000 1.000 -2.400e+01 -1.505e-01 -5.576e-01 -4.549e+00 -5.052e+00 -1.383e+01 -2.330e+00 -6.761e+00 -1.446e+01 -2.020e+00 -4.007e+00 -7.393e+00 -1.632e+01 -1.622e+01 -7.532e+00 -2.806e+00
+14.274 +13.111 15.961  1.527 0.500 0.000 1.000 -2.400e+01 -1.505e-01 -5.575e-01 -4.549e+00 -5.052e+00 -1.383e+01 -2.330e+00 -6.761e+00 -1.446e+01 -2.021e+00 -3.993e+00 -7.376e+00 -1.632e+01 -1.620e+01 -7.534e+00 -2.806e+00
+14.295 +13.257 15.975  1.527 0.500 0.000 1.000 -2.400e+01 -1.505e-01 -5.575e-01 -4.549e+00 -5.052e+00 -1.383e+01 -2.330e+00 -6.761e+00 -1.446e+01 -2.021e+00 -3.974e+00 -7.357e+00 -1.632e+01 -1.619e+01 -7.536e+00 -2.806e+00
+14.308 +13.093 15.984  1.527 0.500 0.000 1.000 -2.400e+01 -1.506e-01 -5.574e-01 -4.549e+00 -5.052e+00 -1.383e+01 -2.330e+00 -6.761e+00 -1.446e+01 -2.021e+00 -3.961e+00 -7.342e+00 -1.632e+01 -1.617e+01 -7.538e+00 -2.806e+00
+14.334 +13.394 16.003  1.527 0.500 0.000 1.000 -2.400e+01 -1.506e-01 -5.573e-01 -4.549e+00 -5.052e+00 -1.383e+01 -2.330e+00 -6.761e+00 -1.446e+01 -2.021e+00 -3.937e+00 -7.321e+00 -1.632e+01 -1.615e+01 -7.541e+00 -2.806e+00
+14.368 +13.377 16.028  1.527 0.500 0.000 1.000 -2.400e+01 -1.507e-01 -5.572e-01 -4.549e+00 -5.052e+00 -1.383e+01 -2.330e+00 -6.761e+00 -1.446e+01 -2.022e+00 -3.904e+00 -7.286e+00 -1.632e+01 -1.612e+01 -7.545e+00 -2.806e+00
+14.379 +12.998 16.036  1.527 0.500 0.000 1.000 -2.400e+01 -1.507e-01 -5.571e-01 -4.549e+00 -5.052e+00 -1.383e+01 -2.330e+00 -6.761e+00 -1.446e+01 -2.022e+00 -3.894e+00 -7.273e+00 -1.632e+01 -1.610e+01 -7.546e+00 -2.806e+00
+14.408 +13.135 16.058  1.527 0.500 0.000 1.000 -2.400e+01 -1.507e-01 -5.570e-01 -4.549e+00 -5.052e+00 -1.383e+01 -2.330e+00 -6.761e+00 -1.446e+01 -2.022e+00 -3.867e+00 -7.244e+00 -1.632e+01 -1.608e+01 -7.549e+00 -2.806e+00
+14.431 +13.436 16.075  1.527 0.562 0.000 1.000 -2.400e+01 -1.508e-01 -5.569e-01 -4.549e+00 -5.052e+00 -1.383e+01 -2.330e+00 -6.761e+00 -1.446e+01 -2.022e+00 -3.845e+00 -7.231e+00 -1.632e+01 -1.606e+01 -7.552e+00 -2.806e+00
+14.462 +12.999 16.099  1.527 0.500 0.000 1.000 -2.400e+01 -1.508e-01 -5.567e-01 -4.549e+00 -5.052e+00 -1.383e+01 -2.330e+00 -6.761e+00 -1.446e+01 -2.023e+00 -3.816e+00 -7.190e+00 -1.632e+01 -1.602e+01 -7.556e+00 -2.806e+00
+14.491 +13.250 16.121  1.526 0.500 0.000 1.000 -2.400e+01 -1.509e-01 -5.565e-01 -4.549e+00 -5.052e+00 -1.383e+01 -2.330e+00 -6.761e+00 -1.446e+01 -2.023e+00 -3.788e+00 -7.164e+00 -1.632e+01 -1.600e+01 -7.559e+00 -2.806e+00
+14.519 +13.144 16.144  1.526 0.500 0.000 1.000 -2.400e+01 -1.510e-01 -5.564e-01 -4.549e+00 -5.052e+00 -1.383e+01 -2.330e+00 -6.761e+00 -1.446e+01 -2.024e+00 -3.761e+00 -7.136e+00 -1.632e+01 -1.597e+01 -7.562e+00 -2.806e+00
+14.544 +13.281 16.163  1.526 0.500 0.000 1.000 -2.400e+01 -1.510e-01 -5.562e-01 -4.549e+00 -5.052e+00 -1.383e+01 -2.330e+00 -6.761e+00 -1.446e+01 -2.024e+00 -3.738e+00 -7.111e+00 -1.632e+01 -1.595e+01 -7.565e+00 -2.806e+00
+14.583 +13.410 16.195  1.526 0.500 0.000 1.000 -2.400e+01 -1.511e-01 -5.559e-01 -4.549e+00 -5.052e+00 -1.383e+01 -2.330e+00 -6.761e+00 -1.446e+01 -2.025e+00 -3.701e+00 -7.074e+00 -1.632e+01 -1.591e+01 -7.568e+00 -2.806e+00
+14.603 +13.392 16.212  1.526 0.500 0.000 1.000 -2.400e+01 -1.512e-01 -5.558e-01 -4.549e+00 -5.052e+00 -1.383e+01 -2.330e+00 -6.761e+00 -1.446e+01 -2.025e+00 -3.682e+00 -7.054e+00 -1.632e+01 -1.589e+01 -7.570e+00 -2.806e+00
+14.630 +13.530 16.234  1.526 0.562 0.000 1.000 -2.400e+01 -1.513e-01 -5.556e-01 -4.549e+00 -5.052e+00 -1.383e+01 -2.330e+00 -6.761e+00 -1.446e+01 -2.026e+00 -3.656e+00 -7.035e+00 -1.632e+01 -1.587e+01 -7.571e+00 -2.806e+00
+14.654 +13.194 16.255  1.526 0.500 0.000 1.000 -2.400e+01 -1.514e-01 -5.554e-01 -4.549e+00 -5.052e+00 -1.383e+01 -2.330e+00 -6.761e+00 -1.446e+01 -2.026e+00 -3.633e+00 -7.003e+00 -1.632e+01 -1.584e+01 -7.572e+00 -2.806e+00
+14.690 +13.477 16.285  1.526 0.562 0.000 1.000 -2.400e+01 -1.515e-01 -5.551e-01 -4.549e+00 -5.052e+00 -1.383e+01 -2.330e+00 -6.761e+00 -1.446e+01 -2.027e+00 -3.600e+00 -6.974e+00 -1.632e+01 -1.581e+01 -7.573e+00 -2.806e+00
+14.708 +13.460 16.301  1.526 0.562 0.000 1.000 -2.400e+01 -1.516e-01 -5.549e-01 -4.549e+00 -5.051e+00 -1.383e+01 -2.330e+00 -6.761e+00 -1.446e+01 -2.027e+00 -3.582e+00 -6.956e+00 -1.632e+01 -1.579e+01 -7.573e+00 -2.806e+00
+14.740 +13.202 16.328  1.526 0.500 0.000 1.000 -2.400e+01 -1.517e-01 -5.546e-01 -4.549e+00 -5.051e+00 -1.383e+01 -2.330e+00 -6.761e+00 -1.446e+01 -2.028e+00 -3.551e+00 -6.921e+00 -1.633e+01 -1.576e+01 -7.572e+00 -2.806e+00
+14.777 +13.637 16.360  1.526 0.562 0.000 1.000 -2.400e+01 -1.518e-01 -5.542e-01 -4.549e+00 -5.051e+00 -1.383e+01 -2.330e+00 -6.761e+00 -1.446e+01 -2.029e+00 -3.517e+00 -6.893e+00 -1.633e+01 -1.573e+01 -7.569e+00 -2.806e+00
+14.799 +13.512 16.380  1.526 0.562 0.000 1.000 -2.400e+01 -1.520e-01 -5.539e-01 -4.549e+00 -5.051e+00 -1.383e+01 -2.330e+00 -6.761e+00 -1.446e+01 -2.030e+00 -3.496e+00 -6.871e+00 -1.633e+01 -1.571e+01 -7.566e+00 -2.806e+00
+14.836 +13.555 16.412  1.526 0.562 0.000 1.000 -2.400e+01 -1.521e-01 -5.535e-01 -4.549e+00 -5.051e+00 -1.383e+01 -2.330e+00 -6.761e+00 -1.446e+01 -2.031e+00 -3.462e+00 -6.840e+00 -1.633e+01 -1.568e+01 -7.560e+00 -2.806e+00
+14.858 +13.856 16.432  1.526 0.562 0.000 1.000 -2.400e+01 -1.522e-01 -5.532e-01 -4.549e+00 -5.051e+00 -1.383e+01 -2.330e+00 -6.761e+00 -1.446e+01 -2.032e+00 -3.441e+00 -6.823e+00 -1.633e+01 -1.566e+01 -7.555e+00 -2.806e+00
+14.878 +13.684 16.450  1.525 0.562 0.000 1.000 -2.400e+01 -1.524e-01 -5.529e-01 -4.549e+00 -5.051e+00 -1.383e+01 -2.330e+00 -6.761e+00 -1.446e+01 -2.033e+00 -3.421e+00 -6.803e+00 -1.633e+01 -1.564e+01 -7.550e+00 -2.806e+00
+14.902 +13.501 16.472  1.525 0.562 0.000 1.000 -2.400e+01 -1.525e-01 -5.526e-01 -4.549e+00 -5.051e+00 -1.383e+01 -2.330e+00 -6.761e+00 -1.446e+01 -2.034e+00 -3.399e+00 -6.768e+00 -1.633e+01 -1.561e+01 -7.543e+00 -2.806e+00
+14.934 +13.343 16.501  1.525 0.562 0.000 1.000 -2.400e+01 -1.527e-01 -5.521e-01 -4.549e+00 -5.051e+00 -1.384e+01 -2.330e+00 -6.760e+00 -1.446e+01 -2.035e+00 -3.369e+00 -6.737e+00 -1.633e+01 -1.558e+01 -7.530e+00 -2.806e+00
+14.957 +13.308 16.522  1.525 0.500 0.000 1.000 -2.400e+01 -1.528e-01 -5.517e-01 -4.549e+00 -5.051e+00 -1.384e+01 -2.330e+00 -6.760e+00 -1.446e+01 -2.036e+00 -3.348e+00 -6.712e+00 -1.633e+01 -1.556e+01 -7.519e+00 -2.806e+00
+14.987 +13.229 16.549  1.525 0.500 0.000 1.000 -2.400e+01 -1.531e-01 -5.512e-01 -4.548e+00 -5.051e+00 -1.384e+01 -2.330e+00 -6.760e+00 -1.446e+01 -2.037e+00 -3.321e+00 -6.684e+00 -1.634e+01 -1.553e+01 -7.503e+00 -2.806e+00
+15.013 +13.331 16.573  1.525 0.500 0.000 1.000 -2.400e+01 -1.533e-01 -5.507e-01 -4.548e+00 -5.051e+00 -1.384e+01 -2.330e+00 -6.760e+00 -1.446e+01 -2.039e+00 -3.296e+00 -6.660e+00 -1.634e+01 -1.550e+01 -7.487e+00 -2.806e+00
+15.041 +13.261 16.599  1.525 0.500 0.000 1.000 -2.400e+01 -1.535e-01 -5.501e-01 -4.548e+00 -5.051e+00 -1.384e+01 -2.330e+00 -6.760e+00 -1.446e+01 -2.040e+00 -3.270e+00 -6.633e+00 -1.634e+01 -1.548e+01 -7.468e+00 -2.806e+00
+15.070 +13.182 16.626  1.525 0.500 0.000 1.000 -2.400e+01 -1.537e-01 -5.495e-01 -4.548e+00 -5.050e+00 -1.384e+01 -2.329e+00 -6.760e+00 -1.446e+01 -2.042e+00 -3.244e+00 -6.607e+00 -1.634e+01 -1.545e+01 -7.447e+00 -2.806e+00
+15.096 +13.155 16.650  1.525 0.500 0.000 1.000 -2.400e+01 -1.540e-01 -5.489e-01 -4.548e+00 -5.050e+00 -1.384e+01 -2.329e+00 -6.760e+00 -1.446e+01 -2.043e+00 -3.221e+00 -6.583e+00 -1.634e+01 -1.543e+01 -7.426e+00 -2.806e+00
+15.123 +13.130 16.676  1.525 0.500 0.000 1.000 -2.400e+01 -1.542e-01 -5.483e-01 -4.548e+00 -5.050e+00 -1.384e+01 -2.329e+00 -6.759e+00 -1.446e+01 -2.045e+00 -3.196e+00 -6.558e+00 -1.634e+01 -1.540e+01 -7.401e+00 -2.806e+00
+15.152 +13.077 16.702  1.525 0.500 0.000 1.000 -2.400e+01 -1.545e-01 -5.476e-01 -4.547e+00 -5.050e+00 -1.384e+01 -2.329e+00 -6.759e+00 -1.446e+01 -2.047e+00 -3.170e+00 -6.532e+00 -1.635e+01 -1.538e+01 -7.375e+00 -2.806e+00
+15.178 +13.011 16.727  1.525 0.500 0.000 1.000 -2.400e+01 -1.548e-01 -5.468e-01 -4.547e+00 -5.049e+00 -1.384e+01 -2.329e+00 -6.759e+00 -1.446e+01 -2.049e+00 -3.146e+00 -6.508e+00 -1.635e+01 -1.536e+01 -7.348e+00 -2.806e+00
+15.206 +13.036 16.754  1.525 0.500 0.000 1.000 -2.400e+01 -1.551e-01 -5.460e-01 -4.547e+00 -5.049e+00 -1.384e+01 -2.328e+00 -6.758e+00 -1.446e+01 -2.051e+00 -3.122e+00 -6.483e+00 -1.635e+01 -1.533e+01 -7.319e+00 -2.806e+00
+15.234 +13.022 16.781  1.525 0.500 0.000 1.000 -2.400e+01 -1.555e-01 -5.452e-01 -4.546e+00 -5.049e+00 -1.384e+01 -2.328e+00 -6.758e+00 -1.446e+01 -2.053e+00 -3.097e+00 -6.458e+00 -1.635e+01 -1.531e+01 -7.289e+00 -2.806e+00
+15.262 +12.853 16.807  1.525 0.500 0.000 1.000 -2.400e+01 -1.558e-01 -5.443e-01 -4.546e+00 -5.048e+00 -1.384e+01 -2.328e+00 -6.758e+00 -1.446e+01 -2.055e+00 -3.073e+00 -6.433e+00 -1.636e+01 -1.528e+01 -7.258e+00 -2.806e+00
+15.290 +12.975 16.834  1.525 0.500 0.000 1.000 -2.400e+01 -1.562e-01 -5.433e-01 -4.545e+00 -5.048e+00 -1.384e+01 -2.327e+00 -6.757e+00 -1.446e+01 -2.058e+00 -3.049e+00 -6.409e+00 -1.636e+01 -1.526e+01 -7.227e+00 -2.806e+00
+15.317 +12.976 16.860  1.525 0.500 0.000 1.000 -2.400e+01 -1.566e-01 -5.423e-01 -4.545e+00 -5.047e+00 -1.384e+01 -2.327e+00 -6.756e+00 -1.446e+01 -2.061e+00 -3.025e+00 -6.386e+00 -1.636e+01 -1.524e+01 -7.195e+00 -2.806e+00
+15.345 +12.981 16.886  1.525 0.500 0.000 1.000 -2.400e+01 -1.571e-01 -5.413e-01 -4.544e+00 -5.047e+00 -1.383e+01 -2.326e+00 -6.756e+00 -1.446e+01 -2.063e+00 -3.002e+00 -6.362e+00 -1.637e+01 -1.521e+01 -7.163e+00 -2.806e+00
+15.373 +12.848 16.913  1.526 0.438 0.000 1.000 -2.400e+01 -1.576e-01 -5.401e-01 -4.543e+00 -5.046e+00 -1.383e+01 -2.325e+00 -6.755e+00 -1.446e+01 -2.066e+00 -2.978e+00 -6.338e+00 -1.637e+01 -1.519e+01 -7.130e+00 -2.806e+00
+15.400 +12.961 16.940  1.526 0.500 0.000 1.000 -2.400e+01 -1.581e-01 -5.389e-01 -4.543e+00 -5.045e+00 -1.383e+01 -2.325e+00 -6.754e+00 -1.446e+01 -2.070e+00 -2.955e+00 -6.315e+00 -1.637e+01 -1.517e+01 -7.097e+00 -2.806e+00
+15.428 +12.814 16.967  1.526 0.500 0.000 1.000 -2.400e+01 -1.586e-01 -5.376e-01 -4.542e+00 -5.044e+00 -1.383e+01 -2.324e+00 -6.753e+00 -1.446e+01 -2.073e+00 -2.932e+00 -6.292e+00 -1.638e+01 -1.514e+01 -7.064e+00 -2.806e+00
+15.455 +12.997 16.993  1.527 0.500 0.000 1.000 -2.400e+01 -1.592e-01 -5.362e-01 -4.541e+00 -5.043e+00 -1.383e+01 -2.323e+00 -6.752e+00 -1.446e+01 -2.077e+00 -2.910e+00 -6.270e+00 -1.638e+01 -1.512e+01 -7.032e+00 -2.806e+00
+15.484 +12.852 17.021  1.527 0.500 0.000 1.000 -2.400e+01 -1.598e-01 -5.347e-01 -4.539e+00 -5.042e+00 -1.383e+01 -2.322e+00 -6.751e+00 -1.446e+01 -2.081e+00 -2.888e+00 -6.247e+00 -1.639e+01 -1.510e+01 -7.000e+00 -2.806e+00
+15.511 +12.826 17.048  1.528 0.438 0.000 1.000 -2.400e+01 -1.605e-01 -5.331e-01 -4.538e+00 -5.040e+00 -1.383e+01 -2.320e+00 -6.750e+00 -1.446e+01 -2.085e+00 -2.866e+00 -6.226e+00 -1.639e+01 -1.508e+01 -6.968e+00 -2.806e+00
+15.539 +12.914 17.075  1.529 0.500 0.000 1.000 -2.400e+01 -1.612e-01 -5.315e-01 -4.537e+00 -5.039e+00 -1.383e+01 -2.319e+00 -6.748e+00 -1.446e+01 -2.089e+00 -2.845e+00 -6.204e+00 -1.640e+01 -1.506e+01 -6.938e+00 -2.806e+00
+15.566 +12.865 17.102  1.530 0.438 0.000 1.000 -2.400e+01 -1.620e-01 -5.297e-01 -4.535e+00 -5.037e+00 -1.383e+01 -2.317e+00 -6.747e+00 -1.446e+01 -2.094e+00 -2.824e+00 -6.183e+00 -1.640e+01 -1.504e+01 -6.907e+00 -2.806e+00
+15.594 +12.834 17.130  1.531 0.438 0.000 1.000 -2.400e+01 -1.628e-01 -5.278e-01 -4.533e+00 -5.035e+00 -1.383e+01 -2.316e+00 -6.745e+00 -1.446e+01 -2.099e+00 -2.803e+00 -6.162e+00 -1.641e+01 -1.502e+01 -6.878e+00 -2.806e+00
+15.622 +12.845 17.157  1.532 0.438 0.000 1.000 -2.400e+01 -1.637e-01 -5.258e-01 -4.531e+00 -5.033e+00 -1.383e+01 -2.314e+00 -6.743e+00 -1.446e+01 -2.104e+00 -2.783e+00 -6.142e+00 -1.641e+01 -1.500e+01 -6.849e+00 -2.806e+00
+15.650 +12.716 17.185  1.533 0.438 0.000 1.000 -2.400e+01 -1.646e-01 -5.236e-01 -4.529e+00 -5.031e+00 -1.383e+01 -2.311e+00 -6.740e+00 -1.446e+01 -2.110e+00 -2.763e+00 -6.122e+00 -1.642e+01 -1.498e+01 -6.820e+00 -2.806e+00
+15.677 +12.795 17.212  1.535 0.438 0.000 1.000 -2.400e+01 -1.656e-01 -5.213e-01 -4.526e+00 -5.028e+00 -1.383e+01 -2.309e+00 -6.738e+00 -1.446e+01 -2.116e+00 -2.744e+00 -6.103e+00 -1.643e+01 -1.496e+01 -6.793e+00 -2.806e+00
+15.705 +12.774 17.240  1.537 0.438 0.000 1.000 -2.400e+01 -1.667e-01 -5.189e-01 -4.523e+00 -5.026e+00 -1.382e+01 -2.306e+00 -6.735e+00 -1.445e+01 -2.122e+00 -2.725e+00 -6.084e+00 -1.643e+01 -1.495e+01 -6.767e+00 -2.806e+00
+15.733 +12.773 17.268  1.539 0.438 0.000 1.000 -2.400e+01 -1.678e-01 -5.164e-01 -4.520e+00 -5.022e+00 -1.382e+01 -2.303e+00 -6.732e+00 -1.445e+01 -2.129e+00 -2.707e+00 -6.066e+00 -1.644e+01 -1.493e+01 -6.742e+00 -2.806e+00
+15.761 +12.822 17.296  1.541 0.438 0.000 1.000 -2.400e+01 -1.691e-01 -5.136e-01 -4.517e+00 -5.019e+00 -1.382e+01 -2.300e+00 -6.728e+00 -1.445e+01 -2.136e+00 -2.689e+00 -6.048e+00 -1.645e+01 -1.491e+01 -6.717e+00 -2.806e+00
+15.788 +12.801 17.324  1.543 0.438 0.000 1.000 -2.400e+01 -1.704e-01 -5.107e-01 -4.513e+00 -5.015e+00 -1.382e+01 -2.296e+00 -6.725e+00 -1.445e+01 -2.144e+00 -2.673e+00 -6.032e+00 -1.646e+01 -1.490e+01 -6.694e+00 -2.806e+00
+15.816 +12.674 17.352  1.546 0.438 0.000 1.000 -2.400e+01 -1.718e-01 -5.076e-01 -4.509e+00 -5.011e+00 -1.381e+01 -2.292e+00 -6.720e+00 -1.444e+01 -2.152e+00 -2.656e+00 -6.015e+00 -1.647e+01 -1.488e+01 -6.672e+00 -2.806e+00
+15.844 +12.752 17.381  1.549 0.438 0.000 1.000 -2.400e+01 -1.734e-01 -5.042e-01 -4.504e+00 -5.007e+00 -1.381e+01 -2.287e+00 -6.716e+00 -1.444e+01 -2.161e+00 -2.641e+00 -6.000e+00 -1.648e+01 -1.487e+01 -6.651e+00 -2.806e+00
+15.871 +12.716 17.409  1.552 0.438 0.000 1.000 -2.400e+01 -1.750e-01 -5.007e-01 -4.499e+00 -5.002e+00 -1.381e+01 -2.282e+00 -6.711e+00 -1.444e+01 -2.170e+00 -2.626e+00 -5.985e+00 -1.649e+01 -1.485e+01 -6.631e+00 -2.806e+00
+15.899 +12.721 17.438  1.556 0.438 0.000 1.000 -2.400e+01 -1.768e-01 -4.969e-01 -4.494e+00 -4.996e+00 -1.380e+01 -2.277e+00 -6.705e+00 -1.444e+01 -2.179e+00 -2.612e+00 -5.971e+00 -1.650e+01 -1.484e+01 -6.612e+00 -2.806e+00
+15.927 +12.758 17.467  1.560 0.438 0.000 1.000 -2.400e+01 -1.787e-01 -4.929e-01 -4.488e+00 -4.990e+00 -1.380e+01 -2.271e+00 -6.700e+00 -1.443e+01 -2.190e+00 -2.599e+00 -5.958e+00 -1.651e+01 -1.483e+01 -6.594e+00 -2.806e+00
+15.955 +12.809 17.496  1.564 0.438 0.000 1.000 -2.400e+01 -1.808e-01 -4.886e-01 -4.482e+00 -4.984e+00 -1.380e+01 -2.265e+00 -6.693e+00 -1.443e+01 -2.201e+00 -2.586e+00 -5.945e+00 -1.653e+01 -1.482e+01 -6.578e+00 -2.806e+00
+15.982 +12.738 17.525  1.568 0.438 0.000 1.000 -2.400e+01 -1.831e-01 -4.840e-01 -4.475e+00 -4.977e+00 -1.379e+01 -2.258e+00 -6.687e+00 -1.442e+01 -2.212e+00 -2.575e+00 -5.934e+00 -1.654e+01 -1.481e+01 -6.563e+00 -2.806e+00
+16.010 +12.672 17.555  1.573 0.438 0.000 1.000 -2.400e+01 -1.855e-01 -4.792e-01 -4.468e+00 -4.970e+00 -1.379e+01 -2.251e+00 -6.679e+00 -1.442e+01 -2.224e+00 -2.565e+00 -5.923e+00 -1.656e+01 -1.480e+01 -6.549e+00 -2.806e+00
+16.038 +12.767 17.584  1.578 0.438 0.000 1.000 -2.400e+01 -1.882e-01 -4.740e-01 -4.460e+00 -4.962e+00 -1.378e+01 -2.244e+00 -6.672e+00 -1.441e+01 -2.237e+00 -2.555e+00 -5.914e+00 -1.657e+01 -1.480e+01 -6.536e+00 -2.806e+00
+16.065 +12.713 17.614  1.583 0.438 0.000 1.000 -2.400e+01 -1.911e-01 -4.685e-01 -4.452e+00 -4.954e+00 -1.378e+01 -2.235e+00 -6.664e+00 -1.441e+01 -2.250e+00 -2.547e+00 -5.906e+00 -1.659e+01 -1.479e+01 -6.524e+00 -2.806e+00
+16.093 +12.656 17.644  1.589 0.438 0.000 1.000 -2.400e+01 -1.942e-01 -4.626e-01 -4.443e+00 -4.946e+00 -1.377e+01 -2.227e+00 -6.655e+00 -1.440e+01 -2.265e+00 -2.540e+00 -5.898e+00 -1.660e+01 -1.479e+01 -6.514e+00 -2.806e+00
+16.121 +12.750 17.675  1.594 0.438 0.000 1.000 -2.400e+01 -1.976e-01 -4.563e-01 -4.434e+00 -4.937e+00 -1.377e+01 -2.218e+00 -6.646e+00 -1.440e+01 -2.280e+00 -2.534e+00 -5.892e+00 -1.662e+01 -1.478e+01 -6.505e+00 -2.806e+00
+16.149 +12.687 17.705  1.600 0.438 0.000 1.000 -2.400e+01 -2.013e-01 -4.496e-01 -4.425e+00 -4.927e+00 -1.376e+01 -2.208e+00 -6.637e+00 -1.439e+01 -2.295e+00 -2.529e+00 -5.888e+00 -1.664e+01 -1.478e+01 -6.498e+00 -2.806e+00
+16.176 +12.776 17.736  1.606 0.438 0.000 1.000 -2.400e+01 -2.054e-01 -4.426e-01 -4.415e+00 -4.917e+00 -1.375e+01 -2.198e+00 -6.627e+00 -1.438e+01 -2.312e+00 -2.525e+00 -5.884e+00 -1.666e+01 -1.478e+01 -6.492e+00 -2.806e+00
+16.204 +12.706 17.767  1.611 0.438 0.000 1.000 -2.400e+01 -2.098e-01 -4.350e-01 -4.405e+00 -4.907e+00 -1.375e+01 -2.188e+00 -6.617e+00 -1.438e+01 -2.329e+00 -2.523e+00 -5.882e+00 -1.668e+01 -1.479e+01 -6.488e+00 -2.806e+00
+16.232 +12.789 17.798  1.617 0.438 0.000 1.000 -2.400e+01 -2.146e-01 -4.270e-01 -4.394e+00 -4.897e+00 -1.374e+01 -2.178e+00 -6.606e+00 -1.437e+01 -2.348e+00 -2.522e+00 -5.881e+00 -1.671e+01 -1.479e+01 -6.485e+00 -2.806e+00
+16.259 +12.740 17.829  1.622 0.438 0.000 1.000 -2.400e+01 -2.198e-01 -4.186e-01 -4.384e+00 -4.886e+00 -1.374e+01 -2.167e+00 -6.595e+00 -1.437e+01 -2.367e+00 -2.523e+00 -5.882e+00 -1.673e+01 -1.480e+01 -6.484e+00 -2.806e+00
+16.287 +12.705 17.861  1.628 0.438 0.000 1.000 -2.400e+01 -2.256e-01 -4.096e-01 -4.373e+00 -4.875e+00 -1.373e+01 -2.156e+00 -6.584e+00 -1.436e+01 -2.386e+00 -2.525e+00 -5.884e+00 -1.676e+01 -1.480e+01 -6.484e+00 -2.806e+00
+16.315 +12.866 17.892  1.633 0.438 0.000 1.000 -2.400e+01 -2.318e-01 -4.002e-01 -4.361e+00 -4.864e+00 -1.373e+01 -2.144e+00 -6.573e+00 -1.436e+01 -2.407e+00 -2.529e+00 -5.887e+00 -1.678e+01 -1.481e+01 -6.486e+00 -2.806e+00
+16.343 +12.767 17.924  1.637 0.438 0.000 1.000 -2.400e+01 -2.387e-01 -3.902e-01 -4.350e+00 -4.853e+00 -1.372e+01 -2.133e+00 -6.562e+00 -1.435e+01 -2.429e+00 -2.534e+00 -5.892e+00 -1.681e+01 -1.483e+01 -6.490e+00 -2.806e+00
+16.370 +12.753 17.955  1.641 0.438 0.000 1.000 -2.400e+01 -2.462e-01 -3.798e-01 -4.339e+00 -4.841e+00 -1.372e+01 -2.122e+00 -6.551e+00 -1.435e+01 -2.451e+00 -2.540e+00 -5.899e+00 -1.684e+01 -1.484e+01 -6.495e+00 -2.806e+00
+16.398 +12.841 17.987  1.644 0.438 0.000 1.000 -2.400e+01 -2.544e-01 -3.688e-01 -4.328e+00 -4.830e+00 -1.372e+01 -2.111e+00 -6.540e+00 -1.435e+01 -2.474e+00 -2.548e+00 -5.907e+00 -1.687e+01 -1.486e+01 -6.502e+00 -2.806e+00
+16.426 +12.920 18.018  1.646 0.438 0.000 1.000 -2.400e+01 -2.634e-01 -3.574e-01 -4.317e+00 -4.819e+00 -1.371e+01 -2.099e+00 -6.528e+00 -1.434e+01 -2.498e+00 -2.558e+00 -5.917e+00 -1.691e+01 -1.487e+01 -6.511e+00 -2.806e+00
+16.454 +12.898 18.049  1.647 0.438 0.000 1.000 -2.400e+01 -2.732e-01 -3.455e-01 -4.306e+00 -4.808e+00 -1.371e+01 -2.088e+00 -6.517e+00 -1.434e+01 -2.522e+00 -2.569e+00 -5.928e+00 -1.694e+01 -1.490e+01 -6.521e+00 -2.806e+00
+16.481 +12.816 18.080  1.647 0.438 0.024 1.000 -2.400e+01 -2.839e-01 -3.331e-01 -4.295e+00 -4.797e+00 -1.371e+01 -2.078e+00 -6.507e+00 -1.434e+01 -2.547e+00 -2.582e+00 -5.941e+00 -1.698e+01 -1.492e+01 -6.533e+00 -2.806e+00
+16.509 +13.068 18.111  1.645 0.500 0.024 1.000 -2.400e+01 -2.956e-01 -3.204e-01 -4.285e+00 -4.787e+00 -1.371e+01 -2.067e+00 -6.496e+00 -1.434e+01 -2.572e+00 -2.596e+00 -5.955e+00 -1.701e+01 -1.495e+01 -6.546e+00 -2.806e+00
+16.537 +13.185 18.142  1.643 0.500 0.024 1.000 -2.400e+01 -3.084e-01 -3.072e-01 -4.275e+00 -4.777e+00 -1.372e+01 -2.057e+00 -6.486e+00 -1.435e+01 -2.597e+00 -2.612e+00 -5.971e+00 -1.705e+01 -1.497e+01 -6.561e+00 -2.806e+00
+16.564 +13.157 18.172  1.638 0.500 0.024 1.000 -2.400e+01 -3.223e-01 -2.937e-01 -4.265e+00 -4.767e+00 -1.372e+01 -2.047e+00 -6.477e+00 -1.435e+01 -2.623e+00 -2.629e+00 -5.988e+00 -1.709e+01 -1.500e+01 -6.577e+00 -2.806e+00
+16.592 +13.163 18.201  1.633 0.500 0.024 1.000 -2.400e+01 -3.375e-01 -2.800e-01 -4.256e+00 -4.758e+00 -1.373e+01 -2.038e+00 -6.467e+00 -1.436e+01 -2.649e+00 -2.647e+00 -6.006e+00 -1.713e+01 -1.504e+01 -6.595e+00 -2.806e+00
+16.620 +13.308 18.230  1.625 0.500 0.024 1.000 -2.400e+01 -3.540e-01 -2.660e-01 -4.247e+00 -4.749e+00 -1.373e+01 -2.029e+00 -6.458e+00 -1.436e+01 -2.675e+00 -2.667e+00 -6.025e+00 -1.717e+01 -1.507e+01 -6.614e+00 -2.806e+00
+16.648 +13.265 18.258  1.615 0.562 0.024 1.000 -2.400e+01 -3.719e-01 -2.518e-01 -4.238e+00 -4.741e+00 -1.374e+01 -2.020e+00 -6.450e+00 -1.437e+01 -2.700e+00 -2.687e+00 -6.045e+00 -1.722e+01 -1.511e+01 -6.634e+00 -2.806e+00
+16.675 +13.419 18.286  1.604 0.500 0.024 1.000 -2.400e+01 -3.914e-01 -2.375e-01 -4.231e+00 -4.733e+00 -1.376e+01 -2.012e+00 -6.442e+00 -1.438e+01 -2.725e+00 -2.708e+00 -6.067e+00 -1.726e+01 -1.515e+01 -6.655e+00 -2.806e+00
+16.703 +13.444 18.313  1.590 0.500 0.024 1.000 -2.400e+01 -4.126e-01 -2.233e-01 -4.223e+00 -4.726e+00 -1.377e+01 -2.005e+00 -6.435e+00 -1.440e+01 -2.750e+00 -2.730e+00 -6.088e+00 -1.731e+01 -1.520e+01 -6.676e+00 -2.806e+00
+16.731 +13.397 18.339  1.574 0.500 0.024 1.000 -2.400e+01 -4.354e-01 -2.091e-01 -4.216e+00 -4.719e+00 -1.379e+01 -1.998e+00 -6.428e+00 -1.441e+01 -2.773e+00 -2.752e+00 -6.111e+00 -1.735e+01 -1.524e+01 -6.699e+00 -2.806e+00
+16.758 +12.905 18.364  1.555 0.438 0.024 1.000 -2.400e+01 -4.602e-01 -1.950e-01 -4.210e+00 -4.712e+00 -1.380e+01 -1.991e+00 -6.422e+00 -1.443e+01 -2.796e+00 -2.775e+00 -6.133e+00 -1.740e+01 -1.529e+01 -6.721e+00 -2.806e+00
+16.786 +12.914 18.388  1.535 0.438 0.024 1.000 -2.400e+01 -4.870e-01 -1.811e-01 -4.204e+00 -4.706e+00 -1.382e+01 -1.985e+00 -6.416e+00 -1.445e+01 -2.818e+00 -2.798e+00 -6.156e+00 -1.745e+01 -1.534e+01 -6.744e+00 -2.806e+00
+16.814 +12.970 18.412  1.511 0.438 0.024 1.000 -2.400e+01 -5.159e-01 -1.675e-01 -4.198e+00 -4.701e+00 -1.385e+01 -1.980e+00 -6.410e+00 -1.448e+01 -2.838e+00 -2.820e+00 -6.178e+00 -1.750e+01 -1.539e+01 -6.766e+00 -2.806e+00
+16.842 +13.255 18.434  1.485 0.500 0.024 1.000 -2.400e+01 -5.471e-01 -1.542e-01 -4.194e+00 -4.696e+00 -1.387e+01 -1.975e+00 -6.405e+00 -1.450e+01 -2.858e+00 -2.842e+00 -6.201e+00 -1.755e+01 -1.544e+01 -6.789e+00 -2.806e+00
+16.869 +13.137 18.455  1.456 0.438 0.024 1.000 -2.400e+01 -5.808e-01 -1.413e-01 -4.189e+00 -4.691e+00 -1.390e+01 -1.970e+00 -6.401e+00 -1.453e+01 -2.876e+00 -2.864e+00 -6.222e+00 -1.760e+01 -1.550e+01 -6.811e+00 -2.806e+00
+16.897 +13.041 18.475  1.424 0.438 0.024 1.000 -2.400e+01 -6.170e-01 -1.288e-01 -4.185e+00 -4.687e+00 -1.394e+01 -1.966e+00 -6.397e+00 -1.456e+01 -2.893e+00 -2.885e+00 -6.243e+00 -1.766e+01 -1.556e+01 -6.832e+00 -2.806e+00
+16.925 +13.163 18.494  1.388 0.438 0.024 1.000 -2.400e+01 -6.559e-01 -1.168e-01 -4.181e+00 -4.684e+00 -1.397e+01 -1.963e+00 -6.393e+00 -1.460e+01 -2.908e+00 -2.905e+00 -6.263e+00 -1.771e+01 -1.561e+01 -6.852e+00 -2.806e+00
+16.953 +13.175 18.511  1.350 0.438 0.024 1.000 -2.400e+01 -6.978e-01 -1.055e-01 -4.178e+00 -4.680e+00 -1.401e+01 -1.959e+00 -6.390e+00 -1.464e+01 -2.922e+00 -2.924e+00 -6.282e+00 -1.777e+01 -1.567e+01 -6.871e+00 -2.806e+00
+16.980 +13.094 18.528  1.308 0.438 0.024 1.000 -2.400e+01 -7.427e-01 -9.468e-02 -4.175e+00 -4.677e+00 -1.405e+01 -1.956e+00 -6.387e+00 -1.468e+01 -2.935e+00 -2.942e+00 -6.300e+00 -1.782e+01 -1.574e+01 -6.890e+00 -2.806e+00
+17.008 +13.276 18.543  1.262 0.438 0.024 1.000 -2.400e+01 -7.909e-01 -8.453e-02 -4.172e+00 -4.675e+00 -1.410e+01 -1.954e+00 -6.384e+00 -1.473e+01 -2.946e+00 -2.959e+00 -6.317e+00 -1.788e+01 -1.580e+01 -6.907e+00 -2.806e+00
+17.036 +13.229 18.558  1.213 0.438 0.024 1.000 -2.400e+01 -8.426e-01 -7.505e-02 -4.170e+00 -4.672e+00 -1.415e+01 -1.951e+00 -6.382e+00 -1.477e+01 -2.956e+00 -2.974e+00 -6.333e+00 -1.794e+01 -1.587e+01 -6.922e+00 -2.806e+00
+17.063 +13.212 18.571  1.160 0.438 0.024 1.000 -2.400e+01 -8.979e-01 -6.626e-02 -4.168e+00 -4.670e+00 -1.420e+01 -1.949e+00 -6.379e+00 -1.483e+01 -2.965e+00 -2.988e+00 -6.347e+00 -1.801e+01 -1.594e+01 -6.937e+00 -2.806e+00
+17.091 +13.198 18.583  1.102 0.438 0.024 1.000 -2.400e+01 -9.572e-01 -5.817e-02 -4.166e+00 -4.668e+00 -1.426e+01 -1.947e+00 -6.378e+00 -1.489e+01 -2.973e+00 -3.001e+00 -6.360e+00 -1.808e+01 -1.601e+01 -6.950e+00 -2.806e+00
+17.119 +13.201 18.593  1.041 0.438 0.024 1.000 -2.400e+01 -1.021e+00 -5.078e-02 -4.164e+00 -4.667e+00 -1.432e+01 -1.945e+00 -6.376e+00 -1.495e+01 -2.980e+00 -3.013e+00 -6.371e+00 -1.815e+01 -1.609e+01 -6.962e+00 -2.806e+00
+17.147 +13.286 18.603  0.974 0.438 0.024 1.000 -2.400e+01 -1.088e+00 -4.410e-02 -4.163e+00 -4.665e+00 -1.438e+01 -1.944e+00 -6.374e+00 -1.501e+01 -2.986e+00 -3.023e+00 -6.382e+00 -1.822e+01 -1.616e+01 -6.973e+00 -2.806e+00
+17.174 +13.276 18.612  0.903 0.375 0.024 1.000 -2.400e+01 -1.161e+00 -3.810e-02 -4.161e+00 -4.664e+00 -1.446e+01 -1.943e+00 -6.373e+00 -1.508e+01 -2.991e+00 -3.032e+00 -6.391e+00 -1.830e+01 -1.625e+01 -6.982e+00 -2.806e+00
+17.202 +13.341 18.619  0.827 0.375 0.024 1.000 -2.400e+01 -1.239e+00 -3.278e-02 -4.160e+00 -4.663e+00 -1.453e+01 -1.941e+00 -6.372e+00 -1.516e+01 -2.996e+00 -3.040e+00 -6.399e+00 -1.838e+01 -1.633e+01 -6.990e+00 -2.806e+00
+17.230 +13.338 18.626  0.745 0.375 0.024 1.000 -2.400e+01 -1.321e+00 -2.811e-02 -4.159e+00 -4.662e+00 -1.461e+01 -1.940e+00 -6.371e+00 -1.524e+01 -3.000e+00 -3.047e+00 -6.406e+00 -1.847e+01 -1.642e+01 -6.997e+00 -2.806e+00
+17.258 +13.457 18.632  0.657 0.375 0.024 1.000 -2.400e+01 -1.410e+00 -2.405e-02 -4.158e+00 -4.661e+00 -1.470e+01 -1.940e+00 -6.370e+00 -1.533e+01 -3.003e+00 -3.053e+00 -6.412e+00 -1.856e+01 -1.652e+01 -7.004e+00 -2.806e+00
+17.285 +13.484 18.636  0.563 0.375 0.024 1.000 -2.400e+01 -1.505e+00 -2.057e-02 -4.158e+00 -4.660e+00 -1.480e+01 -1.939e+00 -6.369e+00 -1.542e+01 -3.006e+00 -3.058e+00 -6.417e+00 -1.866e+01 -1.662e+01 -7.009e+00 -2.806e+00
+17.313 +13.324 18.641  0.463 0.375 0.024 1.000 -2.400e+01 -1.606e+00 -1.762e-02 -4.157e+00 -4.659e+00 -1.490e+01 -1.938e+00 -6.369e+00 -1.552e+01 -3.008e+00 -3.062e+00 -6.421e+00 -1.876e+01 -1.672e+01 -7.013e+00 -2.806e+00
+17.341 +13.596 18.644  0.356 0.375 0.024 1.000 -2.400e+01 -1.713e+00 -1.516e-02 -4.156e+00 -4.659e+00 -1.500e+01 -1.938e+00 -6.368e+00 -1.563e+01 -3.010e+00 -3.066e+00 -6.424e+00 -1.887e+01 -1.683e+01 -7.017e+00 -2.806e+00
+17.368 +13.410 18.647  0.241 0.375 0.024 1.000 -2.400e+01 -1.828e+00 -1.314e-02 -4.156e+00 -4.658e+00 -1.512e+01 -1.937e+00 -6.368e+00 -1.575e+01 -3.011e+00 -3.069e+00 -6.427e+00 -1.899e+01 -1.695e+01 -7.020e+00 -2.806e+00
+17.396 +13.686 18.649  0.119 0.375 0.024 1.000 -2.400e+01 -1.951e+00 -1.151e-02 -4.155e+00 -4.658e+00 -1.524e+01 -1.937e+00 -6.367e+00 -1.587e+01 -3.012e+00 -3.071e+00 -6.429e+00 -1.911e+01 -1.708e+01 -7.022e+00 -2.806e+00
+17.424 +13.737 18.651 -0.012 0.375 0.024 1.000 -2.400e+01 -2.082e+00 -1.021e-02 -4.155e+00 -4.657e+00 -1.537e+01 -1.936e+00 -6.367e+00 -1.600e+01 -3.013e+00 -3.073e+00 -6.431e+00 -1.924e+01 -1.721e+01 -7.024e+00 -2.806e+00
+17.452 +13.881 18.652 -0.151 0.375 0.024 1.000 -2.400e+01 -2.222e+00 -9.198e-03 -4.155e+00 -4.657e+00 -1.551e+01 -1.936e+00 -6.366e+00 -1.614e+01 -3.014e+00 -3.074e+00 -6.433e+00 -1.938e+01 -1.735e+01 -7.025e+00 -2.806e+00
+17.479 +13.922 18.653 -0.300 0.375 0.024 1.000 -2.400e+01 -2.371e+00 -8.426e-03 -4.154e+00 -4.657e+00 -1.566e+01 -1.936e+00 -6.366e+00 -1.629e+01 -3.014e+00 -3.075e+00 -6.434e+00 -1.953e+01 -1.750e+01 -7.026e+00 -2.806e+00
+17.507 +14.006 18.654 -0.458 0.375 0.024 1.000 -2.400e+01 -2.530e+00 -7.848e-03 -4.154e+00 -4.656e+00 -1.582e+01 -1.936e+00 -6.366e+00 -1.645e+01 -3.015e+00 -3.076e+00 -6.434e+00 -1.969e+01 -1.766e+01 -7.027e+00 -2.806e+00
+17.535 +14.083 18.655 -0.628 0.375 0.024 1.000 -2.400e+01 -2.700e+00 -7.425e-03 -4.154e+00 -4.656e+00 -1.599e+01 -1.935e+00 -6.366e+00 -1.662e+01 -3.015e+00 -3.077e+00 -6.435e+00 -1.986e+01 -1.783e+01 -7.028e+00 -2.806e+00
+17.563 +14.214 18.655 -0.808 0.375 0.024 1.000 -2.400e+01 -2.880e+00 -7.125e-03 -4.154e+00 -4.656e+00 -1.617e+01 -1.935e+00 -6.365e+00 -1.680e+01 -3.015e+00 -3.077e+00 -6.435e+00 -2.004e+01 -1.801e+01 -7.028e+00 -2.806e+00
+17.590 +14.235 18.656 -1.001 0.375 0.024 1.000 -2.400e+01 -3.073e+00 -6.917e-03 -4.154e+00 -4.656e+00 -1.636e+01 -1.935e+00 -6.365e+00 -1.699e+01 -3.015e+00 -3.077e+00 -6.436e+00 -2.023e+01 -1.820e+01 -7.029e+00 -2.806e+00
+17.618 +14.379 18.656 -1.206 0.375 0.024 1.000 -2.400e+01 -3.279e+00 -6.776e-03 -4.153e+00 -4.655e+00 -1.657e+01 -1.935e+00 -6.365e+00 -1.719e+01 -3.016e+00 -3.078e+00 -6.436e+00 -2.044e+01 -1.841e+01 -7.029e+00 -2.806e+00
+17.646 +14.582 18.656 -1.424 0.375 0.024 1.000 -2.400e+01 -3.498e+00 -6.684e-03 -4.153e+00 -4.655e+00 -1.678e+01 -1.935e+00 -6.365e+00 -1.741e+01 -3.016e+00 -3.078e+00 -6.436e+00 -2.066e+01 -1.863e+01 -7.029e+00 -2.806e+00
+17.674 +14.584 18.656 -1.659 0.375 0.024 1.000 -2.400e+01 -3.733e+00 -6.625e-03 -4.153e+00 -4.655e+00 -1.702e+01 -1.935e+00 -6.365e+00 -1.765e+01 -3.016e+00 -3.078e+00 -6.436e+00 -2.089e+01 -1.886e+01 -7.029e+00 -2.806e+00
+17.701 +14.718 18.656 -1.908 0.375 0.024 1.000 -2.400e+01 -3.982e+00 -6.590e-03 -4.153e+00 -4.654e+00 -1.727e+01 -1.935e+00 -6.364e+00 -1.790e+01 -3.016e+00 -3.078e+00 -6.436e+00 -2.114e+01 -1.911e+01 -7.029e+00 -2.806e+00
+17.729 +14.938 18.656 -2.175 0.375 0.024 1.000 -2.400e+01 -4.251e+00 -6.568e-03 -4.153e+00 -4.656e+00 -1.754e+01 -1.935e+00 -6.365e+00 -1.816e+01 -3.016e+00 -3.078e+00 -6.435e+00 -2.141e+01 -1.938e+01 -7.029e+00 -2.806e+00
+17.757 +15.111 18.656 -2.458 0.375 0.024 1.000 -2.400e+01 -4.533e+00 -6.557e-03 -4.153e+00 -4.656e+00 -1.782e+01 -1.935e+00 -6.365e+00 -1.845e+01 -3.016e+00 -3.078e+00 -6.435e+00 -2.169e+01 -1.966e+01 -7.029e+00 -2.806e+00
+17.785 +15.199 18.656 -2.759 0.375 0.024 1.000 -2.400e+01 -4.839e+00 -6.550e-03 -4.153e+00 -4.656e+00 -1.812e+01 -1.935e+00 -6.365e+00 -1.875e+01 -3.016e+00 -3.078e+00 -6.435e+00 -2.199e+01 -1.997e+01 -7.029e+00 -2.806e+00
+17.813 +15.335 18.656 -3.086 0.312 0.024 1.000 -2.400e+01 -5.165e+00 -6.547e-03 -4.153e+00 -4.656e+00 -1.845e+01 -1.935e+00 -6.365e+00 -1.908e+01 -3.016e+00 -3.078e+00 -6.434e+00 -2.231e+01 -2.029e+01 -7.029e+00 -2.806e+00
+17.841 +15.468 18.656 -3.433 0.312 0.024 1.000 -2.400e+01 -5.520e+00 -6.545e-03 -4.153e+00 -4.656e+00 -1.880e+01 -1.935e+00 -6.365e+00 -1.943e+01 -3.016e+00 -3.078e+00 -6.434e+00 -2.265e+01 -2.064e+01 -7.029e+00 -2.806e+00
+17.868 +15.573 18.656 -3.794 0.312 0.024 1.000 -2.400e+01 -5.877e+00 -6.544e-03 -4.153e+00 -4.656e+00 -1.916e+01 -1.935e+00 -6.365e+00 -1.979e+01 -3.016e+00 -3.078e+00 -6.434e+00 -2.299e+01 -2.100e+01 -7.029e+00 -2.806e+00
+17.896 +15.723 18.656 -4.187 0.312 0.024 1.000 -2.400e+01 -6.276e+00 -6.544e-03 -4.153e+00 -4.656e+00 -1.955e+01 -1.935e+00 -6.365e+00 -2.018e+01 -3.016e+00 -3.078e+00 -6.434e+00 -2.332e+01 -2.140e+01 -7.029e+00 -2.806e+00
+17.923 +16.091 18.656 -4.588 0.312 0.024 1.000 -2.400e+01 -6.698e+00 -6.544e-03 -4.153e+00 -4.656e+00 -1.996e+01 -1.935e+00 -6.365e+00 -2.059e+01 -3.016e+00 -3.078e+00 -6.434e+00 -2.361e+01 -2.180e+01 -7.029e+00 -2.806e+00
+17.954 +16.176 18.656 -5.090 0.312 0.024 1.000 -2.400e+01 -7.209e+00 -6.544e-03 -4.153e+00 -4.656e+00 -2.046e+01 -1.935e+00 -6.365e+00 -2.109e+01 -3.016e+00 -3.078e+00 -6.434e+00 -2.384e+01 -2.230e+01 -7.029e+00 -2.806e+00
+17.980 +16.509 18.656 -5.510 0.312 0.024 1.000 -2.400e+01 -7.689e+00 -6.544e-03 -4.153e+00 -4.656e+00 -2.090e+01 -1.935e+00 -6.365e+00 -2.153e+01 -3.016e+00 -3.078e+00 -6.434e+00 -2.393e+01 -2.273e+01 -7.029e+00 -2.806e+00
+18.010 +16.765 18.656 -6.015 0.312 0.024 1.000 -2.400e+01 -8.296e+00 -6.544e-03 -4.153e+00 -4.656e+00 -2.145e+01 -1.935e+00 -6.365e+00 -2.207e+01 -3.016e+00 -3.078e+00 -6.434e+00 -2.398e+01 -2.321e+01 -7.029e+00 -2.806e+00
+18.049 +17.057 18.656 -6.828 0.312 0.024 1.000 -2.400e+01 -9.215e+00 -6.544e-03 -4.153e+00 -4.656e+00 -2.217e+01 -1.935e+00 -6.365e+00 -2.278e+01 -3.016e+00 -3.078e+00 -6.434e+00 -2.400e+01 -2.371e+01 -7.029e+00 -2.806e+00
+18.079 +17.204 18.656 -7.397 0.312 0.024 1.000 -2.400e+01 -1.004e+01 -6.544e-03 -4.153e+00 -4.656e+00 -2.272e+01 -1.935e+00 -6.365e+00 -2.328e+01 -3.016e+00 -3.078e+00 -6.434e+00 -2.400e+01 -2.390e+01 -7.029e+00 -2.806e+00
+18.121 +17.380 18.656 -8.309 0.312 0.024 1.000 -2.400e+01   nan -6.544e-03 -4.153e+00 -4.656e+00 -2.349e+01 -1.935e+00 -6.365e+00 -2.382e+01 -3.016e+00 -3.078e+00 -6.434e+00 -2.400e+01 -2.399e+01 -7.029e+00 -2.806e+00
+18.162 +17.422 18.656 -9.548 0.062 0.024 1.000 -2.400e+01 -1.234e+01 -6.544e-03 -4.153e+00 -4.656e+00 -1.099e+01 -1.935e+00 -6.365e+00 -1.093e+01 -3.016e+00 -3.078e+00 -6.434e+00 -1.390e+01 -1.388e+01 -7.029e+00 -2.806e+00
+18.162 +5.331 18.656  2.068 0.000 0.024 1.000 -2.400e+01 -1.234e+01 -6.544e-03 -4.153e+00 -4.656e+00   nan -1.935e+00 -6.365e+00   nan -3.016e+00 -3.078e+00 -6.434e+00   nan   nan -7.029e+00 -2.806e+00
+18.178 +16.741 18.656 -10.158 0.312 0.024 1.000 -2.400e+01 -1.242e+01 -6.544e-03 -4.153e+00 -4.656e+00 -2.399e+01 -1.935e+00 -6.366e+00 -2.400e+01 -3.016e+00 -3.078e+00 -6.433e+00 -2.400e+01 -2.400e+01 -7.029e+00 -2.806e+00
+18.223 +17.343 18.656 -11.165 0.312 0.024 1.000 -2.400e+01   nan -6.544e-03 -4.153e+00 -4.656e+00 -2.400e+01 -1.935e+00 -6.366e+00 -2.400e+01 -3.016e+00 -3.078e+00 -6.433e+00 -2.400e+01 -2.400e+01 -7.029e+00 -2.806e+00
+18.265 +17.524 18.656 -13.267 0.062 0.024 1.000 -2.400e+01 -1.568e+01 -6.544e-03 -4.153e+00 -4.656e+00 -1.452e+01 -1.935e+00 -6.366e+00 -1.446e+01 -3.016e+00 -3.078e+00 -6.433e+00 -1.743e+01 -1.741e+01 -7.029e+00 -2.806e+00
+18.265 +8.841 18.656 -3.037 0.000 0.024 1.000 -2.400e+01 -1.568e+01 -6.544e-03 -4.153e+00 -4.656e+00   nan -1.935e+00 -6.366e+00   nan -3.016e+00 -3.078e+00 -6.433e+00   nan   nan -7.029e+00 -2.806e+00
+18.291 +17.064 18.656 -11.430 0.312 0.071 1.000 -2.400e+01 -1.382e+01 -6.544e-03 -4.153e+00 -4.656e+00 -2.400e+01 -1.935e+00 -6.366e+00 -2.400e+01 -3.016e+00 -3.078e+00 -6.433e+00 -2.400e+01 -2.400e+01 -7.029e+00 -2.806e+00
+18.316 +17.365 18.656 -12.089 0.312 0.071 1.000 -2.400e+01   nan -6.544e-03 -4.153e+00 -4.656e+00 -2.400e+01 -1.935e+00 -6.366e+00 -2.400e+01 -3.016e+00 -3.078e+00 -6.433e+00 -2.400e+01 -2.400e+01 -7.029e+00 -2.806e+00
+18.358 +17.617 18.656 -13.627 0.062 0.071 1.000 -2.400e+01 -1.581e+01 -6.544e-03 -4.153e+00 -4.656e+00 -1.470e+01 -1.935e+00 -6.366e+00 -1.464e+01 -3.016e+00 -3.078e+00 -6.433e+00 -1.761e+01 -1.759e+01 -7.029e+00 -2.806e+00
+18.373 +16.909 18.656 -11.538 0.312 0.071 1.000 -2.400e+01 -1.393e+01 -6.544e-03 -4.153e+00 -4.656e+00 -2.400e+01 -1.935e+00 -6.366e+00 -2.400e+01 -3.016e+00 -3.078e+00 -6.433e+00 -2.400e+01 -2.400e+01 -7.029e+00 -2.806e+00
+18.415 +17.511 18.656 -13.119 0.312 0.071 1.000 -2.400e+01   nan -6.544e-03 -4.153e+00 -4.656e+00 -2.400e+01 -1.935e+00 -6.366e+00 -2.400e+01 -3.016e+00 -3.078e+00 -6.433e+00 -2.400e+01 -2.400e+01 -7.029e+00 -2.806e+00
+18.457 +17.717 18.656 -13.821 0.062 0.071 1.000 -2.400e+01 -1.585e+01 -6.544e-03 -4.153e+00 -4.656e+00 -1.473e+01 -1.935e+00 -6.366e+00 -1.467e+01 -3.016e+00 -3.078e+00 -6.433e+00 -1.764e+01 -1.761e+01 -7.029e+00 -2.806e+00
+18.457 +9.033 18.656 -3.243 0.000 0.071 1.000 -2.400e+01 -1.585e+01 -6.544e-03 -4.153e+00 -4.656e+00   nan -1.935e+00 -6.366e+00   nan -3.016e+00 -3.078e+00 -6.433e+00   nan   nan -7.029e+00 -2.806e+00
+18.482 +17.236 18.656 -12.241 0.312 0.071 1.000 -2.400e+01 -1.498e+01 -6.544e-03 -4.153e+00 -4.656e+00 -2.400e+01 -1.935e+00 -6.366e+00 -2.400e+01 -3.016e+00 -3.078e+00 -6.433e+00 -2.400e+01 -2.400e+01 -7.029e+00 -2.806e+00
+18.506 +17.537 18.656 -13.346 0.312 0.071 1.000 -2.400e+01   nan -6.544e-03 -4.153e+00 -4.656e+00 -2.400e+01 -1.935e+00 -6.366e+00 -2.400e+01 -3.016e+00 -3.078e+00 -6.433e+00 -2.400e+01 -2.400e+01 -7.029e+00 -2.806e+00