# ASY method (with partition functions). 
# All quantities except Asy, RG_PE, and sumX are 
# log10(x). Log of absolute values for E and dE/dt, as
# they can be negative. UNITS: t and dt in s; E in erg; 
# dE/dt in erg/g/s; all others dimensionless 
#
#    t     dt     |E|  |dE/dt| Asy  Equil sumX    X(0)      X(1)      X(2)      X(3)      X(4)      X(5)      X(6)      X(7)    

+4.110 +3.110  6.991  2.893 0.125 0.000 1.000 -1.447e-01 -5.542e-01 -2.512e+00 -4.431e+00 -1.179e+01 -2.952e+00 -5.354e+00 -1.508e+01
+4.151 +3.151  7.033  2.892 0.125 0.000 1.000 -1.447e-01 -5.542e-01 -2.512e+00 -4.431e+00 -1.179e+01 -2.952e+00 -5.354e+00 -1.508e+01
+4.234 +3.234  7.118  2.892 0.125 0.000 1.000 -1.447e-01 -5.542e-01 -2.512e+00 -4.431e+00 -1.179e+01 -2.952e+00 -5.354e+00 -1.508e+01
+4.317 +3.317  7.202  2.893 0.250 0.000 1.000 -1.447e-01 -5.542e-01 -2.512e+00 -4.431e+00 -1.179e+01 -2.952e+00 -5.354e+00 -1.508e+01
+4.400 +3.400  7.286  2.892 0.250 0.000 1.000 -1.447e-01 -5.542e-01 -2.512e+00 -4.431e+00 -1.179e+01 -2.952e+00 -5.354e+00 -1.508e+01
+4.482 +3.482  7.370  2.892 0.250 0.000 1.000 -1.447e-01 -5.542e-01 -2.512e+00 -4.431e+00 -1.179e+01 -2.952e+00 -5.354e+00 -1.508e+01
+4.565 +3.565  7.454  2.892 0.250 0.000 1.000 -1.447e-01 -5.542e-01 -2.512e+00 -4.431e+00 -1.179e+01 -2.952e+00 -5.354e+00 -1.508e+01
+4.607 +3.607  7.495  2.892 0.250 0.000 1.000 -1.447e-01 -5.542e-01 -2.512e+00 -4.431e+00 -1.179e+01 -2.952e+00 -5.354e+00 -1.508e+01
+4.689 +3.689  7.579  2.893 0.250 0.000 1.000 -1.447e-01 -5.542e-01 -2.512e+00 -4.431e+00 -1.179e+01 -2.952e+00 -5.354e+00 -1.508e+01
+4.772 +3.772  7.662  2.892 0.250 0.000 1.000 -1.447e-01 -5.542e-01 -2.512e+00 -4.431e+00 -1.179e+01 -2.952e+00 -5.354e+00 -1.508e+01
+4.855 +3.855  7.745  2.892 0.250 0.000 1.000 -1.447e-01 -5.542e-01 -2.512e+00 -4.431e+00 -1.179e+01 -2.952e+00 -5.354e+00 -1.508e+01
+4.938 +3.938  7.828  2.892 0.250 0.000 1.000 -1.447e-01 -5.542e-01 -2.512e+00 -4.431e+00 -1.179e+01 -2.952e+00 -5.354e+00 -1.508e+01
+4.979 +3.979  7.870  2.892 0.250 0.000 1.000 -1.447e-01 -5.542e-01 -2.512e+00 -4.431e+00 -1.179e+01 -2.952e+00 -5.354e+00 -1.508e+01
+5.062 +4.062  7.953  2.893 0.250 0.000 1.000 -1.447e-01 -5.542e-01 -2.512e+00 -4.431e+00 -1.179e+01 -2.952e+00 -5.354e+00 -1.508e+01
+5.145 +4.145  8.036  2.892 0.250 0.000 1.000 -1.447e-01 -5.542e-01 -2.512e+00 -4.431e+00 -1.179e+01 -2.952e+00 -5.354e+00 -1.508e+01
+5.227 +4.227  8.119  2.892 0.250 0.000 1.000 -1.447e-01 -5.542e-01 -2.512e+00 -4.431e+00 -1.179e+01 -2.952e+00 -5.354e+00 -1.508e+01
+5.310 +4.310  8.202  2.892 0.250 0.000 1.000 -1.447e-01 -5.542e-01 -2.512e+00 -4.431e+00 -1.179e+01 -2.952e+00 -5.354e+00 -1.508e+01
+5.352 +4.352  8.243  2.892 0.250 0.000 1.000 -1.447e-01 -5.542e-01 -2.512e+00 -4.431e+00 -1.179e+01 -2.952e+00 -5.354e+00 -1.508e+01
+5.434 +4.434  8.326  2.892 0.250 0.000 1.000 -1.447e-01 -5.542e-01 -2.512e+00 -4.431e+00 -1.179e+01 -2.952e+00 -5.354e+00 -1.508e+01
+5.517 +4.517  8.409  2.892 0.250 0.000 1.000 -1.447e-01 -5.542e-01 -2.512e+00 -4.431e+00 -1.179e+01 -2.952e+00 -5.354e+00 -1.508e+01
+5.600 +4.600  8.492  2.892 0.250 0.000 1.000 -1.447e-01 -5.542e-01 -2.512e+00 -4.431e+00 -1.179e+01 -2.952e+00 -5.354e+00 -1.508e+01
+5.683 +4.683  8.575  2.892 0.250 0.000 1.000 -1.447e-01 -5.542e-01 -2.512e+00 -4.431e+00 -1.179e+01 -2.952e+00 -5.354e+00 -1.508e+01
+5.766 +4.766  8.658  2.892 0.250 0.000 1.000 -1.447e-01 -5.542e-01 -2.512e+00 -4.431e+00 -1.179e+01 -2.952e+00 -5.354e+00 -1.508e+01
+5.807 +4.807  8.699  2.892 0.250 0.000 1.000 -1.447e-01 -5.542e-01 -2.512e+00 -4.431e+00 -1.179e+01 -2.952e+00 -5.354e+00 -1.508e+01
+5.890 +4.890  8.782  2.892 0.250 0.000 1.000 -1.447e-01 -5.542e-01 -2.512e+00 -4.431e+00 -1.179e+01 -2.952e+00 -5.354e+00 -1.508e+01
+5.973 +4.973  8.865  2.892 0.250 0.000 1.000 -1.447e-01 -5.542e-01 -2.512e+00 -4.431e+00 -1.179e+01 -2.952e+00 -5.354e+00 -1.508e+01
+6.055 +5.055  8.948  2.892 0.250 0.000 1.000 -1.447e-01 -5.542e-01 -2.512e+00 -4.431e+00 -1.179e+01 -2.952e+00 -5.354e+00 -1.508e+01
+6.138 +5.138  9.030  2.892 0.250 0.000 1.000 -1.447e-01 -5.542e-01 -2.512e+00 -4.431e+00 -1.179e+01 -2.952e+00 -5.354e+00 -1.508e+01
+6.179 +5.179  9.072  2.892 0.250 0.000 1.000 -1.447e-01 -5.542e-01 -2.512e+00 -4.431e+00 -1.179e+01 -2.952e+00 -5.354e+00 -1.508e+01
+6.262 +5.262  9.155  2.892 0.250 0.000 1.000 -1.447e-01 -5.542e-01 -2.512e+00 -4.431e+00 -1.179e+01 -2.952e+00 -5.354e+00 -1.508e+01
+6.345 +5.345  9.237  2.892 0.250 0.000 1.000 -1.447e-01 -5.542e-01 -2.512e+00 -4.431e+00 -1.179e+01 -2.952e+00 -5.354e+00 -1.508e+01
+6.428 +5.428  9.320  2.892 0.250 0.000 1.000 -1.447e-01 -5.542e-01 -2.512e+00 -4.431e+00 -1.179e+01 -2.952e+00 -5.354e+00 -1.508e+01
+6.511 +5.511  9.403  2.892 0.250 0.000 1.000 -1.447e-01 -5.542e-01 -2.512e+00 -4.431e+00 -1.179e+01 -2.952e+00 -5.354e+00 -1.508e+01
+6.552 +5.552  9.444  2.892 0.250 0.000 1.000 -1.447e-01 -5.542e-01 -2.512e+00 -4.431e+00 -1.179e+01 -2.952e+00 -5.354e+00 -1.508e+01
+6.635 +5.635  9.527  2.892 0.250 0.000 1.000 -1.447e-01 -5.542e-01 -2.512e+00 -4.431e+00 -1.179e+01 -2.952e+00 -5.354e+00 -1.508e+01
+6.718 +5.718  9.610  2.892 0.250 0.000 1.000 -1.447e-01 -5.542e-01 -2.512e+00 -4.431e+00 -1.179e+01 -2.952e+00 -5.354e+00 -1.508e+01
+6.800 +5.800  9.693  2.892 0.250 0.000 1.000 -1.447e-01 -5.542e-01 -2.512e+00 -4.431e+00 -1.179e+01 -2.952e+00 -5.354e+00 -1.508e+01
+6.883 +5.883  9.776  2.892 0.250 0.000 1.000 -1.447e-01 -5.542e-01 -2.512e+00 -4.431e+00 -1.179e+01 -2.952e+00 -5.354e+00 -1.508e+01
+6.966 +5.966  9.858  2.892 0.250 0.000 1.000 -1.447e-01 -5.542e-01 -2.512e+00 -4.431e+00 -1.179e+01 -2.952e+00 -5.355e+00 -1.508e+01
+7.007 +6.007  9.900  2.892 0.250 0.000 1.000 -1.447e-01 -5.542e-01 -2.512e+00 -4.431e+00 -1.179e+01 -2.952e+00 -5.355e+00 -1.508e+01
+7.090 +6.090  9.982  2.892 0.250 0.000 1.000 -1.447e-01 -5.542e-01 -2.512e+00 -4.431e+00 -1.179e+01 -2.952e+00 -5.355e+00 -1.508e+01
+7.173 +6.173 10.065  2.892 0.250 0.000 1.000 -1.447e-01 -5.542e-01 -2.512e+00 -4.431e+00 -1.179e+01 -2.952e+00 -5.355e+00 -1.508e+01
+7.256 +6.256 10.148  2.892 0.250 0.000 1.000 -1.447e-01 -5.542e-01 -2.512e+00 -4.431e+00 -1.179e+01 -2.952e+00 -5.355e+00 -1.508e+01
+7.338 +6.338 10.231  2.892 0.250 0.000 1.000 -1.447e-01 -5.542e-01 -2.512e+00 -4.431e+00 -1.179e+01 -2.952e+00 -5.355e+00 -1.508e+01
+7.380 +6.380 10.272  2.892 0.250 0.000 1.000 -1.447e-01 -5.542e-01 -2.512e+00 -4.431e+00 -1.179e+01 -2.952e+00 -5.355e+00 -1.508e+01
+7.463 +6.463 10.355  2.892 0.250 0.000 1.000 -1.447e-01 -5.542e-01 -2.512e+00 -4.431e+00 -1.179e+01 -2.952e+00 -5.356e+00 -1.508e+01
+7.545 +6.545 10.438  2.892 0.250 0.000 1.000 -1.447e-01 -5.542e-01 -2.512e+00 -4.430e+00 -1.179e+01 -2.952e+00 -5.356e+00 -1.508e+01
+7.628 +6.628 10.520  2.892 0.250 0.000 1.000 -1.447e-01 -5.542e-01 -2.512e+00 -4.430e+00 -1.179e+01 -2.952e+00 -5.356e+00 -1.508e+01
+7.711 +6.711 10.603  2.892 0.250 0.000 1.000 -1.447e-01 -5.542e-01 -2.512e+00 -4.430e+00 -1.179e+01 -2.952e+00 -5.357e+00 -1.508e+01
+7.752 +6.752 10.645  2.892 0.250 0.000 1.000 -1.447e-01 -5.542e-01 -2.512e+00 -4.430e+00 -1.179e+01 -2.952e+00 -5.357e+00 -1.508e+01
+7.835 +6.835 10.727  2.892 0.250 0.000 1.000 -1.447e-01 -5.542e-01 -2.512e+00 -4.430e+00 -1.179e+01 -2.952e+00 -5.357e+00 -1.508e+01
+7.918 +6.918 10.810  2.892 0.250 0.000 1.000 -1.447e-01 -5.542e-01 -2.512e+00 -4.429e+00 -1.179e+01 -2.952e+00 -5.358e+00 -1.508e+01
+8.001 +7.001 10.893  2.892 0.250 0.000 1.000 -1.447e-01 -5.542e-01 -2.512e+00 -4.429e+00 -1.179e+01 -2.952e+00 -5.359e+00 -1.508e+01
+8.084 +7.084 10.975  2.891 0.250 0.000 1.000 -1.447e-01 -5.542e-01 -2.512e+00 -4.429e+00 -1.179e+01 -2.952e+00 -5.360e+00 -1.508e+01
+8.166 +7.166 11.058  2.891 0.250 0.000 1.000 -1.447e-01 -5.542e-01 -2.512e+00 -4.428e+00 -1.179e+01 -2.952e+00 -5.361e+00 -1.508e+01
+8.208 +7.208 11.099  2.891 0.250 0.000 1.000 -1.447e-01 -5.542e-01 -2.512e+00 -4.428e+00 -1.179e+01 -2.952e+00 -5.362e+00 -1.508e+01
+8.291 +7.291 11.182  2.891 0.250 0.000 1.000 -1.447e-01 -5.542e-01 -2.512e+00 -4.427e+00 -1.179e+01 -2.952e+00 -5.364e+00 -1.508e+01
+8.373 +7.373 11.265  2.890 0.250 0.000 1.000 -1.447e-01 -5.542e-01 -2.512e+00 -4.426e+00 -1.179e+01 -2.952e+00 -5.366e+00 -1.508e+01
+8.456 +7.456 11.347  2.890 0.250 0.000 1.000 -1.447e-01 -5.542e-01 -2.512e+00 -4.425e+00 -1.179e+01 -2.952e+00 -5.368e+00 -1.508e+01
+8.539 +7.539 11.430  2.890 0.250 0.000 1.000 -1.447e-01 -5.542e-01 -2.512e+00 -4.424e+00 -1.179e+01 -2.952e+00 -5.371e+00 -1.508e+01
+8.580 +7.580 11.471  2.889 0.250 0.000 1.000 -1.447e-01 -5.542e-01 -2.512e+00 -4.423e+00 -1.179e+01 -2.952e+00 -5.373e+00 -1.508e+01
+8.663 +7.663 11.553  2.889 0.250 0.000 1.000 -1.447e-01 -5.542e-01 -2.512e+00 -4.422e+00 -1.179e+01 -2.952e+00 -5.377e+00 -1.508e+01
+8.746 +7.746 11.636  2.888 0.250 0.000 1.000 -1.447e-01 -5.542e-01 -2.512e+00 -4.420e+00 -1.179e+01 -2.952e+00 -5.382e+00 -1.508e+01
+8.829 +7.829 11.718  2.887 0.250 0.000 1.000 -1.447e-01 -5.542e-01 -2.512e+00 -4.417e+00 -1.179e+01 -2.952e+00 -5.387e+00 -1.508e+01
+8.911 +7.911 11.800  2.886 0.250 0.000 1.000 -1.447e-01 -5.542e-01 -2.512e+00 -4.414e+00 -1.179e+01 -2.952e+00 -5.394e+00 -1.508e+01
+8.953 +7.953 11.841  2.885 0.250 0.000 1.000 -1.447e-01 -5.542e-01 -2.512e+00 -4.413e+00 -1.179e+01 -2.952e+00 -5.398e+00 -1.508e+01
+9.036 +8.036 11.923  2.884 0.250 0.000 1.000 -1.447e-01 -5.542e-01 -2.512e+00 -4.409e+00 -1.179e+01 -2.952e+00 -5.408e+00 -1.508e+01
+9.118 +8.118 12.005  2.882 0.250 0.000 1.000 -1.447e-01 -5.542e-01 -2.512e+00 -4.404e+00 -1.179e+01 -2.952e+00 -5.419e+00 -1.508e+01
+9.201 +8.201 12.087  2.880 0.250 0.000 1.000 -1.447e-01 -5.542e-01 -2.512e+00 -4.399e+00 -1.179e+01 -2.952e+00 -5.433e+00 -1.508e+01
+9.272 +8.272 12.156  2.877 0.250 0.000 1.000 -1.447e-01 -5.542e-01 -2.512e+00 -4.393e+00 -1.179e+01 -2.952e+00 -5.447e+00 -1.508e+01
+9.334 +8.305 12.217  2.875 0.250 0.000 1.000 -1.447e-01 -5.542e-01 -2.512e+00 -4.388e+00 -1.179e+01 -2.952e+00 -5.461e+00 -1.508e+01
+9.415 +8.415 12.297  2.872 0.250 0.000 1.000 -1.447e-01 -5.542e-01 -2.513e+00 -4.379e+00 -1.179e+01 -2.952e+00 -5.483e+00 -1.508e+01
+9.479 +8.450 12.360  2.869 0.250 0.000 1.000 -1.447e-01 -5.542e-01 -2.513e+00 -4.372e+00 -1.179e+01 -2.952e+00 -5.503e+00 -1.508e+01
+9.550 +8.415 12.429  2.866 0.250 0.000 1.000 -1.447e-01 -5.542e-01 -2.513e+00 -4.362e+00 -1.179e+01 -2.952e+00 -5.530e+00 -1.508e+01
+9.630 +8.526 12.506  2.862 0.250 0.000 1.000 -1.447e-01 -5.542e-01 -2.513e+00 -4.349e+00 -1.179e+01 -2.952e+00 -5.565e+00 -1.508e+01
+9.704 +8.473 12.577  2.857 0.250 0.000 1.000 -1.447e-01 -5.542e-01 -2.513e+00 -4.336e+00 -1.179e+01 -2.952e+00 -5.604e+00 -1.508e+01
+9.780 +8.412 12.650  2.852 0.250 0.000 1.000 -1.447e-01 -5.542e-01 -2.513e+00 -4.320e+00 -1.179e+01 -2.952e+00 -5.651e+00 -1.508e+01
+9.852 +8.496 12.719  2.848 0.250 0.000 1.000 -1.447e-01 -5.542e-01 -2.514e+00 -4.303e+00 -1.179e+01 -2.952e+00 -5.705e+00 -1.508e+01
+9.926 +8.409 12.789  2.843 0.250 0.000 1.000 -1.447e-01 -5.542e-01 -2.514e+00 -4.283e+00 -1.179e+01 -2.952e+00 -5.769e+00 -1.508e+01
+10.001 +8.458 12.861  2.838 0.250 0.000 1.000 -1.447e-01 -5.542e-01 -2.514e+00 -4.260e+00 -1.179e+01 -2.952e+00 -5.847e+00 -1.508e+01
+10.075 +8.490 12.932  2.833 0.250 0.000 1.000 -1.447e-01 -5.542e-01 -2.515e+00 -4.235e+00 -1.179e+01 -2.952e+00 -5.938e+00 -1.508e+01
+10.154 +8.487 13.006  2.830 0.250 0.000 1.000 -1.447e-01 -5.542e-01 -2.515e+00 -4.205e+00 -1.179e+01 -2.952e+00 -6.051e+00 -1.508e+01
+10.227 +8.467 13.075  2.827 0.250 0.000 1.000 -1.447e-01 -5.542e-01 -2.516e+00 -4.175e+00 -1.179e+01 -2.951e+00 -6.174e+00 -1.508e+01
+10.300 +8.411 13.145  2.826 0.250 0.000 1.000 -1.447e-01 -5.542e-01 -2.517e+00 -4.141e+00 -1.179e+01 -2.951e+00 -6.318e+00 -1.508e+01
+10.377 +8.458 13.219  2.826 0.250 0.000 1.000 -1.447e-01 -5.542e-01 -2.517e+00 -4.103e+00 -1.180e+01 -2.951e+00 -6.490e+00 -1.508e+01
+10.450 +8.425 13.290  2.827 0.250 0.000 1.000 -1.447e-01 -5.542e-01 -2.518e+00 -4.064e+00 -1.180e+01 -2.951e+00 -6.675e+00 -1.508e+01
+10.527 +8.476 13.364  2.831 0.250 0.000 1.000 -1.447e-01 -5.542e-01 -2.520e+00 -4.021e+00 -1.180e+01 -2.950e+00 -6.877e+00 -1.508e+01
+10.601 +8.511 13.438  2.835 0.250 0.000 1.000 -1.447e-01 -5.542e-01 -2.521e+00 -3.976e+00 -1.180e+01 -2.950e+00 -7.067e+00 -1.508e+01
+10.675 +8.312 13.513  2.842 0.250 0.000 1.000 -1.447e-01 -5.542e-01 -2.523e+00 -3.929e+00 -1.180e+01 -2.949e+00 -7.219e+00 -1.508e+01
+10.750 +8.436 13.589  2.849 0.250 0.000 1.000 -1.447e-01 -5.542e-01 -2.525e+00 -3.880e+00 -1.180e+01 -2.948e+00 -7.315e+00 -1.507e+01
+10.825 +8.446 13.666  2.858 0.250 0.000 1.000 -1.447e-01 -5.542e-01 -2.528e+00 -3.829e+00 -1.181e+01 -2.947e+00 -7.359e+00 -1.507e+01
+10.900 +8.479 13.745  2.867 0.250 0.000 1.000 -1.447e-01 -5.542e-01 -2.531e+00 -3.777e+00 -1.181e+01 -2.946e+00 -7.373e+00 -1.507e+01
+10.975 +8.465 13.824  2.878 0.250 0.000 1.000 -1.447e-01 -5.542e-01 -2.535e+00 -3.724e+00 -1.181e+01 -2.943e+00 -7.375e+00 -1.507e+01
+11.050 +8.466 13.905  2.890 0.250 0.000 1.000 -1.447e-01 -5.542e-01 -2.539e+00 -3.671e+00 -1.182e+01 -2.941e+00 -7.373e+00 -1.507e+01
+11.125 +8.358 13.987  2.904 0.250 0.000 1.000 -1.447e-01 -5.542e-01 -2.544e+00 -3.618e+00 -1.182e+01 -2.937e+00 -7.369e+00 -1.506e+01
+11.200 +8.415 14.070  2.917 0.250 0.000 1.000 -1.447e-01 -5.542e-01 -2.550e+00 -3.565e+00 -1.183e+01 -2.932e+00 -7.364e+00 -1.506e+01
+11.275 +8.528 14.155  2.932 0.250 0.000 1.000 -1.447e-01 -5.542e-01 -2.558e+00 -3.513e+00 -1.184e+01 -2.925e+00 -7.358e+00 -1.505e+01
+11.350 +8.519 14.240  2.947 0.250 0.000 1.000 -1.447e-01 -5.542e-01 -2.566e+00 -3.464e+00 -1.184e+01 -2.917e+00 -7.349e+00 -1.504e+01
+11.425 +8.462 14.325  2.962 0.250 0.000 1.000 -1.447e-01 -5.542e-01 -2.577e+00 -3.417e+00 -1.185e+01 -2.905e+00 -7.338e+00 -1.503e+01
+11.500 +8.461 14.412  2.976 0.250 0.000 1.000 -1.447e-01 -5.542e-01 -2.589e+00 -3.373e+00 -1.187e+01 -2.891e+00 -7.324e+00 -1.502e+01
+11.575 +8.535 14.499  2.989 0.250 0.000 1.000 -1.447e-01 -5.542e-01 -2.603e+00 -3.333e+00 -1.188e+01 -2.873e+00 -7.306e+00 -1.500e+01
+11.650 +8.416 14.586  2.999 0.250 0.000 1.000 -1.448e-01 -5.542e-01 -2.621e+00 -3.298e+00 -1.190e+01 -2.850e+00 -7.284e+00 -1.498e+01
+11.725 +8.470 14.673  3.007 0.250 0.000 1.000 -1.448e-01 -5.542e-01 -2.641e+00 -3.269e+00 -1.192e+01 -2.823e+00 -7.256e+00 -1.495e+01
+11.800 +8.465 14.758  3.010 0.250 0.000 1.000 -1.448e-01 -5.542e-01 -2.666e+00 -3.247e+00 -1.194e+01 -2.791e+00 -7.224e+00 -1.492e+01
+11.875 +8.605 14.842  3.008 0.250 0.000 1.000 -1.448e-01 -5.542e-01 -2.695e+00 -3.233e+00 -1.197e+01 -2.754e+00 -7.187e+00 -1.488e+01
+11.950 +8.621 14.923  2.998 0.250 0.000 1.000 -1.448e-01 -5.542e-01 -2.729e+00 -3.228e+00 -1.201e+01 -2.713e+00 -7.146e+00 -1.484e+01
+12.025 +8.460 15.000  2.980 0.250 0.000 1.000 -1.448e-01 -5.542e-01 -2.770e+00 -3.235e+00 -1.205e+01 -2.670e+00 -7.102e+00 -1.480e+01
+12.100 +8.528 15.074  2.952 0.250 0.000 1.000 -1.448e-01 -5.542e-01 -2.818e+00 -3.254e+00 -1.210e+01 -2.624e+00 -7.057e+00 -1.475e+01
+12.175 +8.597 15.143  2.912 0.250 0.000 1.000 -1.449e-01 -5.542e-01 -2.876e+00 -3.288e+00 -1.215e+01 -2.578e+00 -7.010e+00 -1.470e+01
+12.250 +8.680 15.206  2.859 0.250 0.000 1.000 -1.449e-01 -5.542e-01 -2.944e+00 -3.337e+00 -1.222e+01 -2.534e+00 -6.966e+00 -1.466e+01
+12.325 +8.718 15.263  2.790 0.250 0.000 1.000 -1.449e-01 -5.542e-01 -3.025e+00 -3.404e+00 -1.230e+01 -2.492e+00 -6.924e+00 -1.462e+01
+12.400 +8.681 15.312  2.704 0.250 0.000 1.000 -1.449e-01 -5.542e-01 -3.120e+00 -3.490e+00 -1.240e+01 -2.454e+00 -6.886e+00 -1.458e+01
+12.475 +8.861 15.355  2.601 0.250 0.000 1.000 -1.450e-01 -5.542e-01 -3.232e+00 -3.597e+00 -1.251e+01 -2.421e+00 -6.852e+00 -1.455e+01
+12.550 +8.784 15.391  2.478 0.250 0.000 1.000 -1.450e-01 -5.542e-01 -3.363e+00 -3.726e+00 -1.264e+01 -2.394e+00 -6.825e+00 -1.452e+01
+12.625 +8.911 15.421  2.336 0.250 0.000 1.000 -1.450e-01 -5.542e-01 -3.516e+00 -3.880e+00 -1.279e+01 -2.372e+00 -6.802e+00 -1.450e+01
+12.700 +9.080 15.444  2.177 0.250 0.000 1.000 -1.450e-01 -5.542e-01 -3.690e+00 -4.060e+00 -1.297e+01 -2.355e+00 -6.786e+00 -1.448e+01
+12.775 +9.284 15.462  2.009 0.250 0.000 1.000 -1.450e-01 -5.541e-01 -3.882e+00 -4.262e+00 -1.316e+01 -2.343e+00 -6.774e+00 -1.447e+01
+12.850 +9.328 15.476  1.845 0.250 0.000 1.000 -1.450e-01 -5.541e-01 -4.083e+00 -4.481e+00 -1.336e+01 -2.336e+00 -6.766e+00 -1.446e+01
+12.925 +9.463 15.487  1.707 0.250 0.000 1.000 -1.450e-01 -5.541e-01 -4.269e+00 -4.694e+00 -1.355e+01 -2.331e+00 -6.762e+00 -1.446e+01
+13.000 +9.578 15.497  1.613 0.250 0.000 1.000 -1.450e-01 -5.541e-01 -4.412e+00 -4.869e+00 -1.369e+01 -2.329e+00 -6.760e+00 -1.446e+01
+13.075 +9.998 15.507  1.562 0.250 0.000 1.000 -1.450e-01 -5.541e-01 -4.496e+00 -4.979e+00 -1.377e+01 -2.328e+00 -6.759e+00 -1.445e+01
+13.150 +10.259 15.518  1.542 0.250 0.000 1.000 -1.451e-01 -5.541e-01 -4.532e+00 -5.028e+00 -1.381e+01 -2.327e+00 -6.758e+00 -1.445e+01
+13.225 +10.606 15.529  1.536 0.375 0.000 1.000 -1.451e-01 -5.541e-01 -4.543e+00 -5.044e+00 -1.382e+01 -2.327e+00 -6.758e+00 -1.445e+01
+13.301 +10.904 15.543  1.534 0.375 0.000 1.000 -1.451e-01 -5.540e-01 -4.546e+00 -5.048e+00 -1.382e+01 -2.327e+00 -6.758e+00 -1.445e+01
+13.376 +11.113 15.559  1.534 0.375 0.000 1.000 -1.451e-01 -5.540e-01 -4.546e+00 -5.049e+00 -1.382e+01 -2.327e+00 -6.758e+00 -1.445e+01
+13.452 +11.616 15.577  1.534 0.375 0.000 1.000 -1.451e-01 -5.540e-01 -4.546e+00 -5.049e+00 -1.383e+01 -2.327e+00 -6.758e+00 -1.445e+01
+13.527 +11.705 15.598  1.534 0.375 0.000 1.000 -1.451e-01 -5.539e-01 -4.546e+00 -5.049e+00 -1.383e+01 -2.327e+00 -6.758e+00 -1.445e+01
+13.602 +11.712 15.621  1.534 0.375 0.000 1.000 -1.451e-01 -5.539e-01 -4.546e+00 -5.049e+00 -1.383e+01 -2.327e+00 -6.758e+00 -1.445e+01
+13.675 +11.695 15.646  1.534 0.375 0.000 1.000 -1.452e-01 -5.538e-01 -4.546e+00 -5.049e+00 -1.383e+01 -2.327e+00 -6.758e+00 -1.445e+01
+13.750 +11.705 15.675  1.534 0.375 0.000 1.000 -1.452e-01 -5.537e-01 -4.546e+00 -5.049e+00 -1.383e+01 -2.327e+00 -6.758e+00 -1.445e+01
+13.826 +11.714 15.708  1.534 0.375 0.000 1.000 -1.452e-01 -5.536e-01 -4.546e+00 -5.049e+00 -1.383e+01 -2.327e+00 -6.758e+00 -1.445e+01
+13.900 +11.720 15.743  1.534 0.375 0.000 1.000 -1.453e-01 -5.535e-01 -4.546e+00 -5.049e+00 -1.383e+01 -2.327e+00 -6.758e+00 -1.445e+01
+13.975 +11.677 15.781  1.533 0.375 0.000 1.000 -1.453e-01 -5.534e-01 -4.546e+00 -5.049e+00 -1.383e+01 -2.327e+00 -6.758e+00 -1.445e+01
+14.051 +11.703 15.823  1.533 0.375 0.000 1.000 -1.454e-01 -5.533e-01 -4.546e+00 -5.049e+00 -1.383e+01 -2.327e+00 -6.758e+00 -1.445e+01
+14.125 +11.705 15.867  1.533 0.375 0.000 1.000 -1.454e-01 -5.531e-01 -4.546e+00 -5.049e+00 -1.383e+01 -2.327e+00 -6.758e+00 -1.445e+01
+14.201 +11.707 15.916  1.533 0.375 0.000 1.000 -1.455e-01 -5.529e-01 -4.546e+00 -5.049e+00 -1.383e+01 -2.327e+00 -6.758e+00 -1.445e+01
+14.275 +11.721 15.966  1.533 0.375 0.000 1.000 -1.456e-01 -5.526e-01 -4.546e+00 -5.049e+00 -1.383e+01 -2.327e+00 -6.758e+00 -1.445e+01
+14.350 +11.676 16.020  1.533 0.375 0.000 1.000 -1.457e-01 -5.523e-01 -4.546e+00 -5.049e+00 -1.383e+01 -2.327e+00 -6.758e+00 -1.445e+01
+14.425 +11.650 16.075  1.533 0.375 0.000 1.000 -1.459e-01 -5.520e-01 -4.546e+00 -5.049e+00 -1.383e+01 -2.327e+00 -6.758e+00 -1.445e+01
+14.500 +11.687 16.134  1.533 0.375 0.000 1.000 -1.460e-01 -5.516e-01 -4.546e+00 -5.049e+00 -1.383e+01 -2.327e+00 -6.758e+00 -1.445e+01
+14.575 +11.704 16.194  1.533 0.375 0.000 1.000 -1.462e-01 -5.511e-01 -4.546e+00 -5.049e+00 -1.383e+01 -2.327e+00 -6.758e+00 -1.445e+01
+14.650 +11.700 16.257  1.532 0.375 0.000 1.000 -1.465e-01 -5.505e-01 -4.546e+00 -5.049e+00 -1.383e+01 -2.327e+00 -6.758e+00 -1.445e+01
+14.725 +11.871 16.321  1.532 0.375 0.000 1.000 -1.467e-01 -5.498e-01 -4.546e+00 -5.049e+00 -1.383e+01 -2.327e+00 -6.758e+00 -1.446e+01
+14.800 +11.651 16.386  1.532 0.375 0.000 1.000 -1.471e-01 -5.490e-01 -4.546e+00 -5.049e+00 -1.383e+01 -2.327e+00 -6.758e+00 -1.446e+01
+14.875 +11.674 16.453  1.531 0.375 0.000 1.000 -1.474e-01 -5.480e-01 -4.546e+00 -5.049e+00 -1.383e+01 -2.327e+00 -6.758e+00 -1.446e+01
+14.950 +11.720 16.521  1.531 0.375 0.000 1.000 -1.479e-01 -5.469e-01 -4.546e+00 -5.049e+00 -1.383e+01 -2.327e+00 -6.758e+00 -1.446e+01
+15.025 +11.468 16.590  1.530 0.375 0.000 1.000 -1.484e-01 -5.455e-01 -4.546e+00 -5.049e+00 -1.383e+01 -2.327e+00 -6.758e+00 -1.446e+01
+15.100 +11.594 16.659  1.530 0.375 0.000 1.000 -1.491e-01 -5.439e-01 -4.546e+00 -5.049e+00 -1.383e+01 -2.327e+00 -6.758e+00 -1.446e+01
+15.175 +11.676 16.730  1.529 0.375 0.000 1.000 -1.499e-01 -5.420e-01 -4.546e+00 -5.049e+00 -1.383e+01 -2.327e+00 -6.758e+00 -1.446e+01
+15.250 +11.735 16.801  1.528 0.375 0.000 1.000 -1.508e-01 -5.398e-01 -4.546e+00 -5.049e+00 -1.383e+01 -2.327e+00 -6.758e+00 -1.446e+01
+15.325 +11.706 16.872  1.527 0.375 0.000 1.000 -1.519e-01 -5.371e-01 -4.546e+00 -5.049e+00 -1.383e+01 -2.327e+00 -6.758e+00 -1.446e+01
+15.400 +11.662 16.944  1.526 0.375 0.000 1.000 -1.531e-01 -5.340e-01 -4.546e+00 -5.049e+00 -1.383e+01 -2.327e+00 -6.758e+00 -1.446e+01
+15.475 +11.693 17.016  1.524 0.375 0.000 1.000 -1.547e-01 -5.303e-01 -4.546e+00 -5.049e+00 -1.383e+01 -2.327e+00 -6.758e+00 -1.446e+01
+15.550 +11.658 17.088  1.522 0.375 0.000 1.000 -1.565e-01 -5.260e-01 -4.546e+00 -5.049e+00 -1.384e+01 -2.327e+00 -6.758e+00 -1.447e+01
+15.625 +11.721 17.160  1.520 0.375 0.000 1.000 -1.587e-01 -5.210e-01 -4.546e+00 -5.049e+00 -1.384e+01 -2.327e+00 -6.758e+00 -1.447e+01
+15.700 +11.705 17.233  1.518 0.375 0.000 1.000 -1.612e-01 -5.151e-01 -4.546e+00 -5.049e+00 -1.384e+01 -2.327e+00 -6.758e+00 -1.447e+01
+15.775 +11.712 17.305  1.515 0.375 0.000 1.000 -1.643e-01 -5.083e-01 -4.546e+00 -5.049e+00 -1.384e+01 -2.327e+00 -6.758e+00 -1.447e+01
+15.850 +11.670 17.378  1.511 0.375 0.000 1.000 -1.679e-01 -5.004e-01 -4.546e+00 -5.049e+00 -1.385e+01 -2.327e+00 -6.758e+00 -1.448e+01
+15.925 +11.666 17.450  1.507 0.375 0.000 1.000 -1.723e-01 -4.912e-01 -4.546e+00 -5.049e+00 -1.385e+01 -2.327e+00 -6.758e+00 -1.448e+01
+16.000 +11.666 17.521  1.501 0.375 0.000 1.000 -1.774e-01 -4.807e-01 -4.546e+00 -5.049e+00 -1.386e+01 -2.327e+00 -6.758e+00 -1.449e+01
+16.075 +11.736 17.593  1.495 0.375 0.000 1.000 -1.835e-01 -4.687e-01 -4.546e+00 -5.049e+00 -1.386e+01 -2.327e+00 -6.758e+00 -1.449e+01
+16.150 +11.674 17.664  1.488 0.375 0.000 1.000 -1.908e-01 -4.550e-01 -4.546e+00 -5.049e+00 -1.387e+01 -2.327e+00 -6.758e+00 -1.450e+01
+16.225 +11.682 17.734  1.479 0.375 0.000 1.000 -1.994e-01 -4.396e-01 -4.546e+00 -5.049e+00 -1.388e+01 -2.327e+00 -6.758e+00 -1.451e+01
+16.300 +11.500 17.804  1.469 0.375 0.000 1.000 -2.096e-01 -4.223e-01 -4.546e+00 -5.049e+00 -1.389e+01 -2.327e+00 -6.758e+00 -1.452e+01
+16.375 +11.810 17.873  1.457 0.375 0.000 1.000 -2.218e-01 -4.032e-01 -4.546e+00 -5.049e+00 -1.390e+01 -2.327e+00 -6.758e+00 -1.453e+01
+16.450 +11.696 17.940  1.443 0.375 0.000 1.000 -2.363e-01 -3.821e-01 -4.546e+00 -5.049e+00 -1.392e+01 -2.327e+00 -6.758e+00 -1.454e+01
+16.525 +11.770 18.007  1.425 0.375 0.000 1.000 -2.535e-01 -3.591e-01 -4.546e+00 -5.049e+00 -1.393e+01 -2.327e+00 -6.758e+00 -1.456e+01
+16.600 +11.792 18.072  1.405 0.375 0.000 1.000 -2.740e-01 -3.343e-01 -4.546e+00 -5.049e+00 -1.395e+01 -2.327e+00 -6.758e+00 -1.458e+01
+16.675 +11.793 18.135  1.381 0.375 0.000 1.000 -2.983e-01 -3.080e-01 -4.546e+00 -5.049e+00 -1.398e+01 -2.327e+00 -6.758e+00 -1.461e+01
+16.750 +11.746 18.197  1.352 0.375 0.000 1.000 -3.272e-01 -2.803e-01 -4.546e+00 -5.049e+00 -1.401e+01 -2.327e+00 -6.758e+00 -1.464e+01
+16.825 +11.800 18.256  1.317 0.375 0.000 1.000 -3.615e-01 -2.516e-01 -4.546e+00 -5.048e+00 -1.404e+01 -2.327e+00 -6.758e+00 -1.467e+01
+16.900 +11.810 18.312  1.277 0.375 0.000 1.000 -4.024e-01 -2.224e-01 -4.546e+00 -5.048e+00 -1.408e+01 -2.327e+00 -6.758e+00 -1.471e+01
+16.975 +11.823 18.365  1.228 0.375 0.000 1.000 -4.509e-01 -1.930e-01 -4.546e+00 -5.048e+00 -1.413e+01 -2.327e+00 -6.758e+00 -1.476e+01
+17.050 +11.982 18.415  1.171 0.375 0.000 1.000 -5.086e-01 -1.642e-01 -4.546e+00 -5.048e+00 -1.419e+01 -2.327e+00 -6.758e+00 -1.482e+01
+17.125 +11.676 18.461  1.102 0.375 0.000 1.000 -5.771e-01 -1.364e-01 -4.546e+00 -5.048e+00 -1.426e+01 -2.327e+00 -6.758e+00 -1.489e+01
+17.200 +11.913 18.503  1.021 0.375 0.000 1.000 -6.586e-01 -1.103e-01 -4.546e+00 -5.048e+00 -1.434e+01 -2.327e+00 -6.758e+00 -1.497e+01
+17.275 +11.898 18.539  0.924 0.375 0.000 1.000 -7.554e-01 -8.638e-02 -4.546e+00 -5.048e+00 -1.443e+01 -2.327e+00 -6.758e+00 -1.506e+01
+17.350 +11.937 18.571  0.809 0.375 0.000 1.000 -8.706e-01 -6.523e-02 -4.546e+00 -5.048e+00 -1.455e+01 -2.327e+00 -6.758e+00 -1.518e+01
+17.425 +12.088 18.597  0.672 0.375 0.000 1.000 -1.007e+00 -4.723e-02 -4.546e+00 -5.048e+00 -1.469e+01 -2.327e+00 -6.757e+00 -1.532e+01
+17.500 +12.167 18.618  0.509 0.375 0.000 1.000 -1.170e+00 -3.261e-02 -4.546e+00 -5.048e+00 -1.485e+01 -2.327e+00 -6.757e+00 -1.548e+01
+17.575 +12.259 18.634  0.316 0.375 0.000 1.000 -1.363e+00 -2.139e-02 -4.546e+00 -5.048e+00 -1.504e+01 -2.327e+00 -6.757e+00 -1.567e+01
+17.650 +12.523 18.646  0.086 0.375 0.000 1.000 -1.593e+00 -1.334e-02 -4.546e+00 -5.048e+00 -1.527e+01 -2.327e+00 -6.757e+00 -1.590e+01
+17.725 +12.540 18.653 -0.187 0.375 0.000 1.000 -1.866e+00 -8.042e-03 -4.546e+00 -5.048e+00 -1.555e+01 -2.327e+00 -6.757e+00 -1.617e+01
+17.800 +12.690 18.658 -0.511 0.375 0.000 1.000 -2.191e+00 -4.885e-03 -4.546e+00 -5.048e+00 -1.587e+01 -2.327e+00 -6.757e+00 -1.650e+01
+17.875 +12.831 18.660 -0.897 0.250 0.000 1.000 -2.577e+00 -3.222e-03 -4.546e+00 -5.048e+00 -1.626e+01 -2.327e+00 -6.757e+00 -1.688e+01
+17.950 +13.133 18.661 -1.356 0.250 0.000 1.000 -3.036e+00 -2.467e-03 -4.545e+00 -5.048e+00 -1.671e+01 -2.327e+00 -6.757e+00 -1.734e+01
+18.025 +13.368 18.661 -1.901 0.250 0.000 1.000 -3.581e+00 -2.179e-03 -4.545e+00 -5.048e+00 -1.726e+01 -2.327e+00 -6.757e+00 -1.789e+01
+18.100 +13.640 18.661 -2.549 0.250 0.000 1.000 -4.229e+00 -2.091e-03 -4.545e+00 -5.048e+00 -1.791e+01 -2.327e+00 -6.757e+00 -1.854e+01
+18.175 +14.062 18.661 -3.319 0.250 0.000 1.000 -4.999e+00 -2.069e-03 -4.545e+00 -5.048e+00 -1.868e+01 -2.327e+00 -6.757e+00 -1.931e+01
+18.250 +14.631 18.661 -4.235 0.250 0.000 1.000 -5.915e+00 -2.065e-03 -4.545e+00 -5.048e+00 -1.959e+01 -2.327e+00 -6.757e+00 -2.022e+01
+18.325 +15.095 18.661 -5.323 0.250 0.000 1.000 -7.004e+00 -2.065e-03 -4.545e+00 -5.047e+00 -2.068e+01 -2.327e+00 -6.756e+00 -2.131e+01
+18.401 +15.870 18.661 -6.624 0.250 0.000 1.000 -8.313e+00 -2.065e-03 -4.545e+00 -5.047e+00 -2.198e+01 -2.327e+00 -6.755e+00 -2.260e+01
+18.476 +16.434 18.661 -8.189 0.250 0.000 1.000 -9.900e+00 -2.065e-03 -4.545e+00 -5.047e+00 -2.342e+01 -2.327e+00 -6.755e+00 -2.378e+01
+18.555 +17.416 18.661 -10.066 0.250 0.143 1.000 -1.217e+01 -2.065e-03 -4.545e+00 -5.047e+00 -2.399e+01 -2.327e+00 -6.754e+00 -2.400e+01
+18.627 +17.627 18.661 -12.082 0.250 0.143 1.000   nan -2.065e-03 -4.545e+00 -5.047e+00 -2.400e+01 -2.327e+00 -6.754e+00 -2.400e+01
+18.712 +17.694 18.661 -15.065 0.250 0.143 1.000 -1.786e+01 -2.065e-03 -4.545e+00 -5.047e+00 -2.400e+01 -2.327e+00 -6.754e+00 -2.400e+01
+18.793 +17.793 18.661   -inf 0.000 0.000 1.000 -1.883e+01 -2.065e-03 -4.545e+00 -5.047e+00 -1.772e+01 -2.327e+00 -6.754e+00 -1.765e+01
+18.851 +17.851 18.661   -inf 0.250 0.286 1.000   nan -2.065e-03 -4.545e+00 -5.047e+00 -2.400e+01 -2.327e+00 -6.754e+00 -2.400e+01
+18.931 +17.863 18.661   -inf 0.250 0.286 1.000   nan -2.065e-03 -4.545e+00 -5.047e+00 -2.400e+01 -2.327e+00 -6.754e+00 -2.400e+01
+19.012 +18.008 18.661   -inf 0.250 0.429 1.000 -2.400e+01 -2.065e-03 -4.545e+00 -5.047e+00 -2.400e+01 -2.327e+00 -6.754e+00 -2.400e+01