# All quantities except Asy and RG_PE are log_10; dE/dt in erg/g/s
#   t      dt    |E|  |dE/dt|  Asy  RG_PE sumX   (2,2) (6,6) (8,8) (10,10) (12,12) (14,14) (16,16) (18,18) (20,20) (22,22) (24,24) (26,26) (28,28) (30,30) (32,32) (34,34) 
-16.000 -17.099 10.587 26.587 0.000 0.000 1.000 -7.461 -0.301 -0.301 -6.771 -8.346 -10.774 -25.557 -41.182 -57.993 -73.885 -92.274 -111.529 -131.233 -150.284 -170.589 -190.619
-15.810 -16.906 10.777 26.587 0.000 0.000 1.000 -7.271 -0.301 -0.301 -6.581 -8.156 -10.584 -24.987 -40.233 -56.664 -72.176 -90.184 -109.056 -128.373 -147.035 -166.947 -186.579
-15.620 -16.715 10.967 26.587 0.000 0.000 1.000 -7.081 -0.301 -0.301 -6.391 -7.966 -10.394 -24.417 -39.283 -55.334 -70.467 -88.095 -106.587 -125.524 -143.805 -163.335 -182.583
-15.430 -16.525 11.157 26.587 0.000 0.000 1.000 -6.891 -0.301 -0.301 -6.201 -7.776 -10.204 -23.847 -38.333 -54.004 -68.757 -86.005 -104.117 -122.674 -140.575 -159.725 -178.594
-15.240 -16.335 11.347 26.587 0.000 0.000 1.000 -6.701 -0.301 -0.301 -6.011 -7.586 -10.014 -23.277 -37.383 -52.674 -67.047 -83.915 -101.647 -119.824 -137.345 -156.115 -174.604
-15.050 -16.145 11.537 26.587 0.000 0.000 1.000 -6.511 -0.301 -0.301 -5.821 -7.396 -9.824 -22.707 -36.433 -51.344 -65.337 -81.825 -99.177 -116.974 -134.115 -152.505 -170.614
-14.860 -15.955 11.727 26.587 0.000 0.000 1.000 -6.321 -0.301 -0.301 -5.631 -7.206 -9.634 -22.137 -35.483 -50.014 -63.627 -79.735 -96.707 -114.124 -130.885 -148.895 -166.624
-14.670 -15.765 11.917 26.587 0.000 0.000 1.000 -6.131 -0.301 -0.301 -5.441 -7.016 -9.444 -21.567 -34.533 -48.684 -61.917 -77.645 -94.237 -111.274 -127.655 -145.285 -162.634
-14.480 -15.575 12.107 26.587 0.000 0.000 1.000 -5.941 -0.301 -0.301 -5.251 -6.826 -9.254 -20.997 -33.583 -47.354 -60.207 -75.555 -91.767 -108.424 -124.425 -141.675 -158.644
-14.290 -15.385 12.297 26.587 0.000 0.000 1.000 -5.751 -0.301 -0.301 -5.061 -6.636 -9.064 -20.427 -32.633 -46.024 -58.497 -73.465 -89.297 -105.574 -121.195 -138.065 -154.654
-14.100 -15.195 12.487 26.587 0.000 0.000 1.000 -5.561 -0.301 -0.301 -4.871 -6.446 -8.874 -19.857 -31.683 -44.694 -56.787 -71.375 -86.827 -102.724 -117.965 -134.455 -150.664
-13.910 -15.005 12.677 26.587 0.000 0.000 1.000 -5.371 -0.301 -0.301 -4.681 -6.256 -8.684 -19.287 -30.733 -43.364 -55.077 -69.285 -84.357 -99.874 -114.735 -130.845 -146.674
-13.720 -14.815 12.867 26.587 0.000 0.000 1.000 -5.181 -0.301 -0.301 -4.491 -6.066 -8.494 -18.717 -29.783 -42.034 -53.367 -67.195 -81.887 -97.024 -111.505 -127.236 -142.684
-13.530 -14.625 13.057 26.587 0.000 0.000 1.000 -4.991 -0.301 -0.301 -4.301 -5.876 -8.304 -18.147 -28.833 -40.704 -51.657 -65.105 -79.417 -94.174 -108.276 -123.626 -138.694
-13.340 -14.435 13.247 26.587 0.000 0.000 1.000 -4.801 -0.301 -0.301 -4.111 -5.686 -8.114 -17.577 -27.883 -39.375 -49.947 -63.015 -76.947 -91.324 -105.046 -120.016 -134.704
-13.150 -14.245 13.437 26.587 0.000 0.000 1.000 -4.611 -0.301 -0.301 -3.921 -5.496 -7.924 -17.007 -26.933 -38.045 -48.237 -60.925 -74.477 -88.475 -101.816 -116.406 -130.715
-12.960 -14.055 13.627 26.587 0.000 0.000 1.000 -4.421 -0.301 -0.301 -3.732 -5.306 -7.734 -16.437 -25.983 -36.715 -46.527 -58.835 -72.007 -85.625 -98.586 -112.796 -126.725
-12.770 -13.865 13.817 26.587 0.000 0.000 1.000 -4.231 -0.301 -0.301 -3.542 -5.116 -7.544 -15.867 -25.033 -35.385 -44.817 -56.746 -69.538 -82.775 -95.357 -109.187 -122.735
-12.580 -13.675 14.007 26.587 0.000 0.000 1.000 -4.041 -0.302 -0.301 -3.352 -4.926 -7.354 -15.297 -24.083 -34.055 -43.108 -54.656 -67.068 -79.926 -92.127 -105.577 -118.746
-12.390 -13.485 14.197 26.586 0.000 0.000 1.000 -3.851 -0.302 -0.301 -3.162 -4.736 -7.163 -14.727 -23.133 -32.725 -41.398 -52.567 -64.599 -77.077 -88.898 -101.969 -114.757
-12.200 -13.295 14.386 26.585 0.000 0.000 1.000 -3.662 -0.302 -0.301 -2.972 -4.547 -6.973 -14.157 -22.184 -31.396 -39.689 -50.478 -62.130 -74.228 -85.670 -98.360 -110.769
-12.010 -13.105 14.576 26.584 0.000 0.000 1.000 -3.472 -0.303 -0.301 -2.783 -4.357 -6.782 -13.587 -21.234 -30.067 -37.980 -48.389 -59.662 -71.380 -82.442 -94.753 -106.782
-11.820 -12.915 14.765 26.582 0.000 0.000 1.000 -3.283 -0.304 -0.301 -2.594 -4.167 -6.591 -13.017 -20.285 -28.738 -36.272 -46.302 -57.195 -68.534 -79.216 -91.147 -102.797
-11.630 -12.725 14.954 26.579 0.000 0.000 1.000 -3.095 -0.305 -0.301 -2.405 -3.978 -6.399 -12.447 -19.335 -27.410 -34.565 -44.215 -54.729 -65.689 -75.992 -87.544 -98.814
-11.440 -12.535 15.141 26.575 0.000 0.000 1.000 -2.907 -0.308 -0.301 -2.218 -3.789 -6.207 -11.876 -18.387 -26.083 -32.859 -42.131 -52.266 -62.847 -72.771 -83.944 -94.835
-11.250 -12.345 15.328 26.568 0.000 0.000 1.000 -2.720 -0.311 -0.301 -2.031 -3.600 -6.012 -11.306 -17.439 -24.757 -31.156 -40.050 -49.807 -60.009 -69.555 -80.349 -90.862
-11.060 -12.155 15.513 26.558 0.000 0.000 1.000 -2.535 -0.316 -0.301 -1.846 -3.412 -5.815 -10.734 -16.492 -23.434 -29.456 -37.973 -47.353 -57.178 -66.346 -76.763 -86.898
-10.870 -11.965 15.696 26.542 0.000 0.000 1.000 -2.353 -0.325 -0.301 -1.664 -3.224 -5.613 -10.162 -15.546 -22.114 -27.761 -35.903 -44.908 -54.357 -63.149 -73.190 -82.948
-10.680 -11.775 15.874 26.519 0.000 0.000 1.000 -2.174 -0.337 -0.302 -1.486 -3.035 -5.403 -9.587 -14.602 -20.799 -26.075 -33.844 -42.475 -51.551 -59.969 -69.635 -79.019
-10.490 -11.585 16.047 26.484 0.000 0.000 1.000 -2.002 -0.356 -0.302 -1.314 -2.844 -5.179 -9.007 -13.659 -19.491 -24.399 -31.799 -40.061 -48.767 -56.815 -66.110 -75.122
-10.300 -11.395 16.212 26.434 0.000 0.000 1.000 -1.838 -0.383 -0.302 -1.151 -2.645 -4.930 -8.416 -12.716 -18.190 -22.738 -29.776 -37.674 -46.015 -53.697 -62.626 -71.271
-10.110 -11.205 16.367 26.367 0.000 0.000 1.000 -1.687 -0.423 -0.303 -1.001 -2.429 -4.643 -7.808 -11.770 -16.898 -21.096 -27.782 -35.325 -43.309 -50.632 -59.201 -67.485
-9.920 -11.061 16.510 26.289 0.000 0.000 1.000 -1.552 -0.478 -0.303 -0.868 -2.187 -4.296 -7.163 -10.800 -15.589 -19.437 -25.767 -32.949 -40.568 -47.525 -55.725 -63.638
-9.730 -10.918 16.640 26.187 0.000 0.000 1.000 -1.439 -0.553 -0.304 -0.759 -1.914 -3.875 -6.470 -9.807 -14.277 -17.794 -23.779 -30.607 -37.862 -44.444 -52.262 -59.786
-9.540 -10.760 16.761 26.097 0.000 0.000 1.000 -1.352 -0.649 -0.304 -0.677 -1.622 -3.391 -5.732 -8.798 -12.985 -16.206 -21.886 -28.400 -35.334 -41.589 -49.072 -56.253
-9.350 -10.553 16.878 26.012 0.000 0.000 1.000 -1.297 -0.767 -0.304 -0.630 -1.335 -2.878 -4.974 -7.789 -11.717 -14.673 -20.082 -26.319 -32.969 -38.934 -46.121 -53.002
-9.160 -10.357 16.993 25.946 0.000 0.000 1.000 -1.278 -0.906 -0.303 -0.624 -1.076 -2.385 -4.246 -6.828 -10.524 -13.248 -18.423 -24.425 -30.838 -36.565 -43.511 -50.149
-8.970 -10.132 17.107 25.848 0.000 0.000 1.000 -1.300 -1.063 -0.301 -0.666 -0.865 -1.941 -3.574 -5.931 -9.405 -11.908 -16.861 -22.639 -28.828 -34.329 -41.048 -47.457
-8.780 -9.986 17.212 25.704 0.000 0.000 1.000 -1.367 -1.233 -0.299 -0.759 -0.713 -1.570 -2.989 -5.134 -8.397 -10.688 -15.424 -20.983 -26.951 -32.229 -38.720 -44.896
-8.590 -9.883 17.300 25.494 0.000 0.000 1.000 -1.479 -1.413 -0.296 -0.897 -0.620 -1.282 -2.513 -4.471 -7.547 -9.654 -14.196 -19.558 -25.325 -30.400 -36.681 -42.644
-8.400 -9.768 17.368 25.260 0.000 0.000 1.000 -1.635 -1.604 -0.292 -1.071 -0.577 -1.071 -2.144 -3.947 -6.869 -8.828 -13.208 -18.407 -24.007 -28.915 -35.023 -40.808
-8.210 -9.639 17.418 24.981 0.000 0.000 1.000 -1.839 -1.807 -0.290 -1.270 -0.568 -0.925 -1.871 -3.550 -6.350 -8.203 -12.453 -17.523 -22.993 -27.775 -33.747 -39.394
-8.020 -9.485 17.452 24.627 0.000 0.000 1.000 -2.090 -2.024 -0.287 -1.487 -0.580 -0.827 -1.680 -3.265 -5.972 -7.765 -11.908 -16.877 -22.247 -26.944 -32.812 -38.355
-7.830 -9.319 17.475 24.258 0.000 0.000 1.000 -2.379 -2.262 -0.285 -1.732 -0.599 -0.764 -1.552 -3.069 -5.707 -7.496 -11.542 -16.430 -21.727 -26.379 -32.166 -37.633
-7.640 -9.152 17.489 23.912 0.000 0.000 1.000 -2.684 -2.523 -0.284 -2.031 -0.619 -0.721 -1.473 -2.939 -5.526 -7.377 -11.312 -16.132 -21.372 -26.024 -31.741 -37.149
-7.450 -8.972 17.498 23.579 0.000 0.000 1.000 -2.982 -2.798 -0.285 -2.403 -0.637 -0.689 -1.427 -2.856 -5.399 -7.393 -11.178 -15.934 -21.128 -25.831 -31.472 -36.829
-7.260 -8.792 17.506 23.350 0.000 0.000 1.000 -3.214 -3.036 -0.288 -2.784 -0.653 -0.660 -1.406 -2.802 -5.305 -7.518 -11.105 -15.794 -20.946 -25.757 -31.307 -36.614
-7.070 -8.612 17.514 23.246 0.000 0.000 1.000 -3.311 -3.157 -0.295 -2.989 -0.671 -0.627 -1.399 -2.761 -5.216 -7.621 -11.055 -15.669 -20.773 -25.704 -31.187 -36.439
-6.880 -8.433 17.524 23.210 0.000 0.000 1.000 -3.330 -3.183 -0.306 -3.037 -0.696 -0.586 -1.391 -2.716 -5.109 -7.571 -10.999 -15.527 -20.565 -25.545 -31.046 -36.247
-6.690 -8.240 17.539 23.177 0.063 0.000 1.000 -3.337 -3.186 -0.322 -3.063 -0.733 -0.535 -1.372 -2.662 -4.974 -7.439 -10.909 -15.352 -20.303 -25.279 -30.810 -35.996
-6.500 -8.048 17.558 23.130 0.125 0.000 1.000 -3.341 -3.189 -0.346 -3.095 -0.790 -0.474 -1.329 -2.593 -4.806 -7.271 -10.762 -15.130 -19.982 -24.946 -30.452 -35.628
-6.310 -7.855 17.584 23.063 0.125 0.000 1.000 -3.337 -3.192 -0.382 -3.133 -0.874 -0.407 -1.258 -2.502 -4.605 -7.063 -10.534 -14.838 -19.590 -24.538 -29.985 -35.117
-6.120 -7.663 17.614 22.966 0.188 0.000 1.000 -3.322 -3.198 -0.434 -3.182 -1.002 -0.340 -1.159 -2.373 -4.363 -6.822 -10.218 -14.447 -19.101 -24.026 -29.406 -34.472
-5.930 -7.552 17.648 22.840 0.250 0.000 1.000 -3.288 -3.208 -0.508 -3.240 -1.194 -0.278 -1.044 -2.200 -4.067 -6.491 -9.791 -13.924 -18.472 -23.400 -28.707 -33.693
-5.740 -7.391 17.682 22.647 0.313 0.000 1.000 -3.234 -3.222 -0.611 -3.308 -1.468 -0.229 -0.924 -1.991 -3.703 -6.072 -9.234 -13.236 -17.653 -22.526 -27.748 -32.652
-5.550 -7.197 17.712 22.415 0.313 0.000 1.000 -3.172 -3.246 -0.747 -3.395 -1.788 -0.199 -0.814 -1.778 -3.288 -5.591 -8.563 -12.386 -16.633 -21.390 -26.559 -31.354
-5.360 -6.976 17.736 22.133 0.313 0.000 1.000 -3.120 -3.282 -0.925 -3.524 -2.058 -0.181 -0.733 -1.609 -2.875 -5.120 -7.849 -11.448 -15.483 -20.248 -25.246 -29.931
-5.170 -6.758 17.754 21.803 0.313 0.000 1.000 -3.087 -3.335 -1.147 -3.703 -2.283 -0.168 -0.680 -1.503 -2.520 -4.734 -7.180 -10.526 -14.322 -19.049 -23.956 -28.553
-4.980 -6.583 17.766 21.383 0.313 0.000 0.994 -3.069 -3.419 -1.420 -3.955 -2.479 -0.162 -0.654 -1.452 -2.247 -4.431 -6.600 -9.685 -13.232 -17.905 -22.775 -27.352
-4.790 -6.459 17.772 20.719 0.500 0.053 1.000 -3.066 -3.537 -1.745 -4.266 -2.612 -0.153 -0.639 -1.428 -2.048 -4.221 -6.106 -8.934 -12.233 -16.882 -21.752 -26.310
-4.600 -6.228 17.773 19.567 0.563 0.053 1.000 -3.068 -3.686 -2.117 -4.610 -2.683 -0.149 -0.637 -1.426 -1.935 -4.110 -5.713 -8.290 -11.351 -16.011 -20.873 -25.422
-4.410 -6.010 17.772 20.062 0.563 0.053 1.000 -3.068 -3.861 -2.485 -4.948 -2.711 -0.148 -0.636 -1.425 -1.880 -4.052 -5.390 -7.725 -10.555 -15.202 -20.062 -24.602
-4.220 -5.805 17.770 20.176 0.563 0.053 1.000 -3.067 -3.985 -2.742 -5.162 -2.722 -0.148 -0.635 -1.422 -1.856 -4.027 -5.116 -7.217 -9.823 -14.474 -19.313 -23.849
-4.030 -5.616 17.767 20.193 0.625 0.053 1.000 -3.064 -4.037 -2.836 -5.238 -2.727 -0.149 -0.633 -1.418 -1.846 -4.014 -4.876 -6.752 -9.138 -13.774 -18.607 -23.134
-3.840 -5.632 17.761 20.244 0.625 0.053 1.000 -3.061 -4.048 -2.857 -5.254 -2.732 -0.150 -0.631 -1.412 -1.836 -4.001 -4.657 -6.314 -8.484 -13.111 -17.918 -22.423
-3.650 -5.648 17.752 20.259 0.625 0.053 1.000 -3.055 -4.053 -2.867 -5.260 -2.739 -0.152 -0.627 -1.403 -1.821 -3.981 -4.450 -5.896 -7.853 -12.472 -17.261 -21.750
-3.460 -5.654 17.737 20.270 0.625 0.053 1.000 -3.047 -4.060 -2.881 -5.269 -2.750 -0.155 -0.622 -1.390 -1.799 -3.951 -4.252 -5.492 -7.238 -11.849 -16.622 -21.097
-3.270 -5.666 17.716 19.912 0.625 0.053 1.000 -3.035 -4.071 -2.901 -5.281 -2.766 -0.159 -0.614 -1.370 -1.768 -3.907 -4.059 -5.096 -6.633 -11.228 -15.986 -20.445
-3.080 -5.749 17.683 18.400 0.500 0.105 1.000 -3.010 -4.095 -2.944 -5.307 -2.800 -0.168 -0.601 -1.332 -1.702 -3.812 -3.860 -4.701 -6.028 -10.596 -15.326 -19.756
-2.890 -5.793 17.638 20.448 0.438 0.211 1.000 -2.966 -4.140 -3.028 -5.361 -2.861 -0.187 -0.577 -1.261 -1.588 -3.655 -3.618 -4.282 -5.399 -9.921 -14.602 -18.988
-2.700 -5.041 17.602 19.581 0.438 0.211 1.000 -2.815 -4.323 -3.338 -5.564 -3.083 -0.264 -0.517 -1.057 -1.233 -3.143 -3.039 -3.625 -4.582 -8.945 -13.486 -17.732
-2.510 -5.085 17.566 19.097 0.438 0.211 1.000 -2.744 -4.457 -3.547 -5.712 -3.218 -0.323 -0.493 -0.960 -1.063 -2.906 -2.616 -2.932 -3.628 -7.925 -12.382 -16.555
-2.320 -5.058 17.547 19.726 0.313 0.316 1.000 -2.659 -4.643 -3.803 -5.906 -3.379 -0.401 -0.489 -0.872 -0.897 -2.657 -2.253 -2.349 -2.752 -6.969 -11.346 -15.427
-2.130 -5.150 17.537 19.773 0.313 0.316 1.000 -2.607 -4.788 -3.986 -6.055 -3.497 -0.468 -0.500 -0.829 -0.803 -2.514 -2.013 -1.901 -1.998 -6.165 -10.489 -14.525
-1.940 -5.167 17.539 19.857 0.313 0.316 1.000 -2.582 -4.895 -4.123 -6.152 -3.577 -0.525 -0.525 -0.828 -0.760 -2.447 -1.889 -1.622 -1.426 -5.564 -9.860 -13.850
-1.750 -5.167 17.551 19.874 0.313 0.316 1.000 -2.563 -4.967 -4.205 -6.226 -3.650 -0.578 -0.563 -0.847 -0.773 -2.439 -1.848 -1.455 -1.022 -5.143 -9.420 -13.403
-1.560 -5.158 17.570 19.868 0.313 0.368 1.000 -2.563 -5.027 -4.282 -6.292 -3.706 -0.636 -0.616 -0.894 -0.818 -2.485 -1.854 -1.336 -0.744 -4.863 -9.139 -13.110
-1.370 -4.485 17.590 18.021 0.250 0.421 1.000 -2.543 -5.147 -4.410 -6.417 -3.823 -0.731 -0.695 -0.961 -0.866 -2.515 -1.853 -1.229 -0.541 -4.641 -8.899 -12.940
-1.180 -4.404 17.613 17.857 0.250 0.421 1.000 -2.536 -5.258 -4.534 -6.536 -3.937 -0.838 -0.795 -1.054 -0.952 -2.592 -1.880 -1.145 -0.393 -4.486 -8.736 -12.694
-0.990 -4.036 17.638 17.735 0.250 0.421 1.000 -2.524 -5.401 -4.687 -6.678 -4.070 -0.960 -0.904 -1.151 -1.037 -2.665 -1.904 -1.090 -0.298 -4.378 -8.615 -12.520
-0.800 -3.818 17.662 17.532 0.250 0.421 1.000 -2.507 -5.594 -4.887 -6.863 -4.246 -1.118 -1.046 -1.276 -1.147 -2.761 -1.936 -1.047 -0.219 -4.283 -8.503 -12.411
-0.610 -3.602 17.684 17.352 0.313 0.421 1.000 -2.487 -5.811 -5.103 -7.062 -4.431 -1.284 -1.192 -1.401 -1.251 -2.844 -1.968 -1.025 -0.169 -4.213 -8.414 -12.319
-0.420 -3.393 17.705 17.165 0.313 0.421 1.000 -2.468 -6.019 -5.306 -7.247 -4.602 -1.436 -1.324 -1.514 -1.342 -2.915 -1.999 -1.018 -0.137 -4.162 -8.345 -12.233
-0.230 -3.187 17.725 16.957 0.438 0.421 1.000 -2.449 -6.213 -5.494 -7.418 -4.759 -1.574 -1.444 -1.615 -1.424 -2.978 -2.029 -1.018 -0.116 -4.123 -8.287 -12.139
-0.040 -3.130 17.743 16.709 0.375 0.474 1.000 -2.429 -6.409 -5.681 -7.586 -4.911 -1.706 -1.556 -1.706 -1.495 -3.028 -2.058 -1.024 -0.101 -4.087 -8.231 -12.081
0.150 -3.607 17.749 15.301 0.250 0.526 1.000 -2.367 -6.993 -6.249 -8.096 -5.372 -2.106 -1.894 -1.982 -1.709 -3.202 -2.164 -1.058 -0.071 -3.995 -8.078 -11.870
0.340 -2.022 17.746 -9.223 0.000 1.000 1.000 -2.303 -7.477 -6.796 -8.586 -5.814 -2.484 -2.208 -2.233 -1.898 -3.350 -2.279 -1.106 -0.054 -3.915 -7.932 -11.651
0.530 -1.380 17.746 -9.223 0.000 1.000 1.000 -2.307 -7.482 -6.801 -8.591 -5.817 -2.490 -2.218 -2.246 -1.913 -3.356 -2.273 -1.102 -0.054 -3.918 -7.940 -11.667
0.720 -1.034 17.746 -9.223 0.000 1.000 1.000 -2.308 -7.485 -6.803 -8.593 -5.819 -2.493 -2.222 -2.251 -1.919 -3.359 -2.271 -1.101 -0.054 -3.920 -7.942 -11.667
0.910 -0.764 17.746 -9.223 0.000 1.000 1.000 -2.309 -7.486 -6.804 -8.595 -5.820 -2.495 -2.225 -2.255 -1.924 -3.360 -2.269 -1.100 -0.054 -3.921 -7.944 -11.667
1.100 -0.246 17.746 -9.223 0.000 1.000 1.000 -2.309 -7.487 -6.805 -8.595 -5.820 -2.496 -2.226 -2.256 -1.926 -3.361 -2.268 -1.099 -0.054 -3.921 -7.945 -11.673
1.290 0.143 17.746 -9.223 0.000 1.000 1.000 -2.310 -7.487 -6.805 -8.596 -5.820 -2.496 -2.227 -2.257 -1.927 -3.362 -2.268 -1.099 -0.054 -3.921 -7.946 -11.679
1.480 0.331 17.746 -9.223 0.000 1.000 1.000 -2.310 -7.487 -6.806 -8.596 -5.820 -2.497 -2.227 -2.258 -1.927 -3.362 -2.268 -1.099 -0.054 -3.921 -7.946 -11.673
1.670 0.521 17.746 -9.223 0.000 1.000 1.000 -2.310 -7.487 -6.806 -8.596 -5.821 -2.497 -2.228 -2.258 -1.928 -3.362 -2.267 -1.099 -0.054 -3.922 -7.947 -11.672
1.860 0.711 17.746 -9.223 0.000 1.000 1.000 -2.310 -7.488 -6.806 -8.597 -5.821 -2.497 -2.228 -2.259 -1.929 -3.363 -2.267 -1.099 -0.054 -3.922 -7.947 -11.675
2.050 0.901 17.746 -9.223 0.000 1.000 1.000 -2.310 -7.488 -6.807 -8.597 -5.821 -2.498 -2.229 -2.260 -1.930 -3.363 -2.267 -1.098 -0.054 -3.922 -7.947 -11.675
2.240 1.091 17.746 -9.223 0.000 1.000 1.000 -2.311 -7.488 -6.807 -8.597 -5.821 -2.498 -2.229 -2.260 -1.931 -3.363 -2.267 -1.098 -0.054 -3.922 -7.948 -11.672
2.430 1.281 17.746 -9.223 0.000 1.000 1.000 -2.311 -7.488 -6.807 -8.597 -5.821 -2.498 -2.230 -2.261 -1.931 -3.363 -2.266 -1.098 -0.054 -3.922 -7.948 -11.678
2.620 1.471 17.746 -9.223 0.000 1.000 1.000 -2.311 -7.489 -6.807 -8.597 -5.821 -2.499 -2.230 -2.261 -1.932 -3.364 -2.266 -1.098 -0.054 -3.922 -7.948 -11.676
2.810 1.661 17.746 -9.223 0.000 1.000 1.000 -2.311 -7.489 -6.807 -8.598 -5.822 -2.499 -2.230 -2.262 -1.933 -3.364 -2.266 -1.098 -0.054 -3.923 -7.948 -11.682
3.000 1.851 17.746 -9.223 0.000 1.000 1.000 -2.311 -7.489 -6.808 -8.598 -5.822 -2.499 -2.231 -2.263 -1.933 -3.364 -2.266 -1.098 -0.054 -3.923 -7.949 -11.674
