# All quantities except Asy and RG_PE are log_10; dE/dt in erg/g/s
#   t      dt    |E|  |dE/dt|  Asy  RG_PE sumX   (2,2) (6,6) (8,8) (10,10) (12,12) (14,14) (16,16) (18,18) (20,20) (22,22) (24,24) (26,26) (28,28) (30,30) (32,32) (34,34) 
-18.000 -19.112 8.583 26.587 0.000 0.000 1.000 -9.465 -0.301 -0.301 -8.776 -10.350 -12.779 -31.570 -51.202 -72.020 -91.921 -114.319 -137.583 -161.298 -184.362 -208.682 -232.728
-17.800 -18.908 8.785 26.587 0.000 0.000 1.000 -9.263 -0.301 -0.301 -8.574 -10.149 -12.577 -30.964 -50.192 -70.605 -90.098 -112.086 -134.938 -158.237 -180.882 -204.779 -228.399
-17.600 -18.706 8.986 26.587 0.000 0.000 1.000 -9.062 -0.301 -0.301 -8.373 -9.948 -12.376 -30.361 -49.186 -69.196 -88.286 -109.870 -132.318 -155.212 -177.450 -200.938 -224.147
-17.400 -18.506 9.186 26.587 0.000 0.000 1.000 -8.862 -0.301 -0.301 -8.172 -9.747 -12.175 -29.759 -48.183 -67.791 -86.479 -107.661 -129.707 -152.198 -174.033 -197.118 -219.923
-17.200 -18.306 9.387 26.587 0.000 0.000 1.000 -8.661 -0.301 -0.301 -7.972 -9.547 -11.975 -29.158 -47.181 -66.388 -84.675 -105.456 -127.100 -149.190 -170.624 -193.307 -215.710
-17.000 -18.106 9.587 26.587 0.000 0.000 1.000 -8.461 -0.301 -0.301 -7.772 -9.346 -11.775 -28.557 -46.179 -64.986 -82.872 -103.252 -124.496 -146.185 -167.218 -189.500 -211.502
-16.800 -17.906 9.787 26.587 0.000 0.000 1.000 -8.261 -0.301 -0.301 -7.572 -9.146 -11.574 -27.956 -45.178 -63.585 -81.070 -101.050 -121.893 -143.182 -163.814 -185.696 -207.297
-16.600 -17.706 9.987 26.587 0.000 0.000 1.000 -8.061 -0.301 -0.301 -7.372 -8.946 -11.374 -27.356 -44.178 -62.184 -79.269 -98.849 -119.292 -140.180 -160.411 -181.893 -203.094
-16.400 -17.506 10.187 26.587 0.000 0.000 1.000 -7.861 -0.301 -0.301 -7.171 -8.746 -11.174 -26.756 -43.177 -60.783 -77.469 -96.648 -116.691 -137.178 -157.010 -178.091 -198.892
-16.200 -17.306 10.387 26.587 0.000 0.000 1.000 -7.661 -0.301 -0.301 -6.971 -8.546 -10.974 -26.156 -42.177 -59.383 -75.668 -94.448 -114.090 -134.178 -153.609 -174.290 -194.690
-16.000 -17.106 10.587 26.587 0.000 0.000 1.000 -7.461 -0.301 -0.301 -6.771 -8.346 -10.774 -25.556 -41.177 -57.983 -73.868 -92.247 -111.490 -131.177 -150.208 -170.489 -190.490
-15.800 -16.906 10.787 26.587 0.000 0.000 1.000 -7.261 -0.301 -0.301 -6.571 -8.146 -10.574 -24.956 -40.177 -56.583 -72.068 -90.047 -108.889 -128.177 -146.808 -166.689 -186.289
-15.600 -16.706 10.987 26.587 0.000 0.000 1.000 -7.061 -0.301 -0.301 -6.371 -7.946 -10.374 -24.356 -39.177 -55.183 -70.268 -87.847 -106.289 -125.177 -143.408 -162.889 -182.089
-15.400 -16.506 11.187 26.587 0.000 0.000 1.000 -6.861 -0.301 -0.301 -6.171 -7.746 -10.174 -23.755 -38.177 -53.783 -68.467 -85.647 -103.689 -122.176 -140.008 -159.088 -177.889
-15.200 -16.306 11.387 26.587 0.000 0.000 1.000 -6.661 -0.301 -0.301 -5.971 -7.546 -9.974 -23.155 -37.177 -52.383 -66.667 -83.447 -101.089 -119.176 -136.608 -155.288 -173.688
-15.000 -16.106 11.587 26.587 0.000 0.000 1.000 -6.461 -0.301 -0.301 -5.771 -7.346 -9.774 -22.555 -36.177 -50.983 -64.867 -81.247 -98.489 -116.176 -133.208 -151.488 -169.488
-14.800 -15.906 11.787 26.587 0.000 0.000 1.000 -6.261 -0.301 -0.301 -5.571 -7.146 -9.574 -21.955 -35.177 -49.583 -63.067 -79.047 -95.889 -113.176 -129.807 -147.688 -165.288
-14.600 -15.706 11.987 26.587 0.000 0.000 1.000 -6.061 -0.301 -0.301 -5.371 -6.946 -9.374 -21.355 -34.177 -48.183 -61.267 -76.847 -93.289 -110.176 -126.407 -143.888 -161.088
-14.400 -15.506 12.187 26.587 0.000 0.000 1.000 -5.861 -0.301 -0.301 -5.171 -6.746 -9.174 -20.755 -33.177 -46.783 -59.467 -74.647 -90.689 -107.176 -123.007 -140.088 -156.888
-14.200 -15.306 12.387 26.587 0.000 0.000 1.000 -5.661 -0.301 -0.301 -4.971 -6.546 -8.974 -20.155 -32.177 -45.383 -57.667 -72.447 -88.089 -104.176 -119.607 -136.288 -152.688
-14.000 -15.106 12.587 26.587 0.000 0.000 1.000 -5.461 -0.301 -0.301 -4.771 -6.346 -8.774 -19.555 -31.177 -43.983 -55.867 -70.247 -85.489 -101.176 -116.207 -132.488 -148.488
-13.800 -14.906 12.787 26.587 0.000 0.000 1.000 -5.261 -0.301 -0.301 -4.571 -6.146 -8.574 -18.955 -30.177 -42.583 -54.067 -68.047 -82.889 -98.176 -112.808 -128.688 -144.288
-13.600 -14.706 12.987 26.587 0.000 0.000 1.000 -5.061 -0.301 -0.301 -4.371 -5.946 -8.374 -18.355 -29.177 -41.183 -52.267 -65.847 -80.289 -95.176 -109.408 -124.888 -140.088
-13.400 -14.506 13.187 26.587 0.000 0.000 1.000 -4.861 -0.301 -0.301 -4.171 -5.746 -8.174 -17.755 -28.177 -39.783 -50.467 -63.647 -77.689 -92.176 -106.008 -121.088 -135.889
-13.200 -14.306 13.387 26.587 0.000 0.000 1.000 -4.661 -0.301 -0.301 -3.971 -5.546 -7.974 -17.155 -27.177 -38.383 -48.668 -61.447 -75.089 -89.177 -102.608 -117.289 -131.689
-13.000 -14.106 13.587 26.587 0.000 0.000 1.000 -4.461 -0.301 -0.301 -3.772 -5.346 -7.774 -16.555 -26.177 -36.983 -46.868 -59.247 -72.489 -86.177 -99.208 -113.489 -127.489
-12.800 -13.906 13.787 26.587 0.000 0.000 1.000 -4.261 -0.301 -0.301 -3.572 -5.146 -7.574 -15.955 -25.177 -35.583 -45.068 -57.047 -69.890 -83.177 -95.809 -109.689 -123.290
-12.600 -13.706 13.987 26.587 0.000 0.000 1.000 -4.061 -0.302 -0.301 -3.372 -4.946 -7.374 -15.355 -24.177 -34.183 -43.268 -54.848 -67.290 -80.178 -92.409 -105.890 -119.090
-12.400 -13.506 14.187 26.586 0.000 0.000 1.000 -3.861 -0.302 -0.301 -3.172 -4.746 -7.173 -14.755 -23.177 -32.783 -41.469 -52.648 -64.691 -77.179 -89.010 -102.091 -114.892
-12.200 -13.306 14.386 26.585 0.000 0.000 1.000 -3.662 -0.302 -0.301 -2.972 -4.547 -6.973 -14.155 -22.178 -31.384 -39.670 -50.449 -62.092 -74.180 -85.612 -98.293 -110.694
-12.000 -13.106 14.586 26.584 0.000 0.000 1.000 -3.462 -0.303 -0.301 -2.773 -4.347 -6.772 -13.555 -21.178 -29.985 -37.871 -48.251 -59.494 -71.182 -82.215 -94.496 -106.497
-11.800 -12.906 14.785 26.582 0.000 0.000 1.000 -3.263 -0.304 -0.301 -2.574 -4.147 -6.571 -12.955 -20.179 -28.586 -36.073 -46.054 -56.897 -68.186 -78.819 -90.701 -102.302
-11.600 -12.706 14.983 26.579 0.000 0.000 1.000 -3.065 -0.306 -0.301 -2.376 -3.948 -6.369 -12.355 -19.180 -27.188 -34.276 -43.858 -54.302 -65.192 -75.425 -86.908 -98.110
-11.400 -12.506 15.181 26.574 0.000 0.000 1.000 -2.867 -0.308 -0.301 -2.178 -3.749 -6.166 -11.754 -18.181 -25.792 -32.481 -41.664 -51.710 -62.201 -72.036 -83.119 -93.922
-11.200 -12.306 15.377 26.566 0.000 0.000 1.000 -2.671 -0.312 -0.301 -1.982 -3.551 -5.961 -11.154 -17.184 -24.397 -30.689 -39.474 -49.123 -59.216 -68.652 -79.338 -89.742
-11.000 -12.106 15.571 26.554 0.000 0.000 1.000 -2.477 -0.319 -0.301 -1.788 -3.353 -5.752 -10.552 -16.187 -23.005 -28.901 -37.290 -46.542 -56.238 -65.278 -75.566 -85.574
-10.800 -11.906 15.762 26.536 0.000 0.000 1.000 -2.286 -0.329 -0.301 -1.598 -3.155 -5.537 -9.948 -15.192 -21.617 -27.120 -35.115 -43.972 -53.274 -61.918 -71.811 -81.422
-10.600 -11.706 15.948 26.507 0.000 0.000 1.000 -2.101 -0.344 -0.302 -1.413 -2.955 -5.311 -9.341 -14.199 -20.236 -25.348 -32.953 -41.419 -50.328 -58.580 -68.080 -77.299
-10.400 -11.506 16.126 26.465 0.000 0.000 1.000 -1.923 -0.367 -0.302 -1.236 -2.751 -5.065 -8.727 -13.207 -18.862 -23.591 -30.811 -38.890 -47.412 -55.276 -64.387 -73.216
-10.200 -11.306 16.295 26.405 0.000 0.000 1.000 -1.757 -0.402 -0.302 -1.070 -2.534 -4.784 -8.097 -12.213 -17.498 -21.853 -28.696 -36.396 -44.538 -52.021 -60.749 -69.194
-10.000 -11.106 16.452 26.323 0.000 0.000 1.000 -1.606 -0.453 -0.303 -0.922 -2.293 -4.451 -7.440 -11.213 -16.143 -20.138 -26.617 -33.951 -41.724 -48.835 -57.190 -65.259
-9.800 -10.906 16.594 26.224 0.000 0.000 1.000 -1.477 -0.524 -0.303 -0.795 -2.019 -4.043 -6.741 -10.196 -14.796 -18.452 -24.585 -31.569 -38.988 -45.741 -53.737 -61.444
-9.600 -10.706 16.725 26.121 0.000 0.000 1.000 -1.375 -0.617 -0.304 -0.698 -1.716 -3.557 -5.988 -9.155 -13.452 -16.795 -22.607 -29.264 -36.350 -42.767 -50.421 -57.784
-9.400 -10.506 16.848 26.031 0.000 0.000 1.000 -1.306 -0.736 -0.304 -0.637 -1.409 -3.022 -5.196 -8.095 -12.116 -15.173 -20.693 -27.049 -33.830 -39.935 -47.274 -54.316
-9.200 -10.306 16.970 25.953 0.000 0.000 1.000 -1.277 -0.878 -0.304 -0.621 -1.126 -2.490 -4.409 -7.053 -10.816 -13.612 -18.864 -24.948 -31.451 -37.275 -44.325 -51.074
-9.000 -10.106 17.091 25.859 0.000 0.000 1.000 -1.293 -1.040 -0.302 -0.656 -0.893 -2.008 -3.682 -6.084 -9.605 -12.158 -17.165 -23.002 -29.254 -34.823 -41.615 -48.101
-8.800 -9.906 17.203 25.718 0.000 0.000 1.000 -1.358 -1.219 -0.299 -0.747 -0.724 -1.606 -3.054 -5.234 -8.535 -10.870 -15.654 -21.267 -27.293 -32.634 -39.194 -45.446
-8.600 -9.706 17.298 25.516 0.000 0.000 1.000 -1.475 -1.412 -0.296 -0.893 -0.620 -1.294 -2.544 -4.529 -7.638 -9.784 -14.372 -19.789 -25.616 -30.758 -37.115 -43.160
-8.400 -9.506 17.371 25.255 0.000 0.000 1.000 -1.643 -1.618 -0.292 -1.082 -0.573 -1.068 -2.151 -3.973 -6.921 -8.913 -13.337 -18.586 -24.246 -29.221 -35.405 -41.275
-8.200 -9.306 17.423 24.942 0.000 0.000 1.000 -1.867 -1.837 -0.289 -1.300 -0.565 -0.914 -1.865 -3.556 -6.377 -8.257 -12.544 -17.659 -23.182 -28.026 -34.069 -39.796
-8.000 -9.106 17.457 24.578 0.000 0.000 1.000 -2.148 -2.074 -0.287 -1.537 -0.579 -0.815 -1.669 -3.263 -5.988 -7.806 -11.979 -16.987 -22.406 -27.158 -33.090 -38.707
-7.800 -8.906 17.479 24.181 0.000 0.000 1.000 -2.470 -2.333 -0.285 -1.809 -0.600 -0.754 -1.545 -3.070 -5.724 -7.544 -11.610 -16.534 -21.875 -26.580 -32.424 -37.957
-7.600 -8.706 17.492 23.802 0.000 0.000 1.000 -2.798 -2.619 -0.284 -2.154 -0.619 -0.713 -1.471 -2.947 -5.549 -7.450 -11.388 -16.240 -21.522 -26.230 -31.995 -37.463
-7.400 -8.506 17.501 23.481 0.000 0.000 1.000 -3.103 -2.910 -0.286 -2.579 -0.637 -0.682 -1.433 -2.871 -5.428 -7.509 -11.266 -16.047 -21.280 -26.053 -31.729 -37.141
-7.200 -8.983 17.508 23.292 0.000 0.000 1.000 -3.277 -3.111 -0.290 -2.911 -0.653 -0.651 -1.418 -2.821 -5.334 -7.652 -11.199 -15.904 -21.089 -25.981 -31.562 -36.914
-7.000 -8.389 17.517 23.226 0.063 0.000 1.000 -3.331 -3.176 -0.299 -3.023 -0.673 -0.615 -1.411 -2.777 -5.234 -7.688 -11.146 -15.762 -20.886 -25.868 -31.415 -36.701
-6.800 -9.016 17.529 23.195 0.000 0.000 1.000 -3.341 -3.185 -0.312 -3.052 -0.704 -0.567 -1.398 -2.725 -5.106 -7.579 -11.070 -15.591 -20.628 -25.622 -31.196 -36.441
-6.600 -8.369 17.547 23.156 0.063 0.000 1.000 -3.346 -3.187 -0.333 -3.081 -0.750 -0.509 -1.366 -2.658 -4.944 -7.417 -10.940 -15.375 -20.307 -25.287 -30.846 -36.073
-6.400 -8.223 17.570 23.098 0.063 0.000 1.000 -3.347 -3.190 -0.364 -3.120 -0.821 -0.441 -1.305 -2.572 -4.745 -7.214 -10.730 -15.092 -19.914 -24.879 -30.374 -35.555
-6.200 -8.223 17.600 23.014 0.063 0.000 1.000 -3.337 -3.196 -0.410 -3.167 -0.931 -0.369 -1.212 -2.451 -4.504 -6.959 -10.419 -14.709 -19.425 -24.369 -29.790 -34.898
-6.000 -8.177 17.635 22.892 0.063 0.000 1.000 -3.308 -3.204 -0.478 -3.224 -1.101 -0.300 -1.095 -2.283 -4.207 -6.631 -9.990 -14.184 -18.790 -23.698 -29.044 -34.074
-5.800 -8.295 17.671 22.723 0.063 0.000 1.000 -3.254 -3.217 -0.574 -3.287 -1.359 -0.244 -0.964 -2.067 -3.837 -6.205 -9.423 -13.480 -17.949 -22.797 -28.050 -32.988
-5.600 -9.058 17.705 22.496 0.000 0.000 1.000 -3.183 -3.239 -0.706 -3.365 -1.699 -0.207 -0.838 -1.827 -3.394 -5.687 -8.712 -12.585 -16.874 -21.642 -26.774 -31.593
-5.400 -8.722 17.733 22.223 0.000 0.000 1.000 -3.116 -3.273 -0.882 -3.483 -2.015 -0.188 -0.737 -1.618 -2.928 -5.151 -7.921 -11.556 -15.619 -20.311 -25.312 -30.002
-5.200 -8.299 17.754 21.900 0.063 0.000 1.000 -3.070 -3.328 -1.109 -3.665 -2.268 -0.176 -0.672 -1.482 -2.515 -4.691 -7.167 -10.529 -14.331 -18.970 -23.863 -28.448
-5.000 -8.370 17.768 21.516 0.000 0.000 1.000 -3.042 -3.414 -1.397 -3.921 -2.493 -0.169 -0.634 -1.406 -2.193 -4.339 -6.514 -9.597 -13.129 -17.736 -22.556 -27.072
-4.800 -8.358 17.777 21.065 0.000 0.000 1.000 -3.025 -3.542 -1.755 -4.252 -2.663 -0.167 -0.613 -1.363 -1.958 -4.088 -5.968 -8.776 -12.046 -16.632 -21.409 -25.883
-4.600 -8.497 17.781 20.542 0.000 0.000 1.000 -3.013 -3.722 -2.188 -4.653 -2.760 -0.168 -0.602 -1.337 -1.804 -3.921 -5.513 -8.055 -11.069 -15.642 -20.391 -24.839
-4.400 -8.592 17.783 19.976 0.000 0.000 1.000 -3.000 -3.937 -2.642 -5.058 -2.806 -0.173 -0.593 -1.314 -1.712 -3.815 -5.130 -7.414 -10.178 -14.737 -19.465 -23.893
-4.200 -8.612 17.784 19.555 0.000 0.000 1.000 -2.983 -4.089 -2.934 -5.293 -2.837 -0.180 -0.583 -1.286 -1.649 -3.735 -4.796 -6.830 -9.351 -13.892 -18.597 -23.004
-4.000 -8.410 17.785 19.417 0.000 0.000 1.000 -2.959 -4.142 -3.029 -5.361 -2.871 -0.191 -0.570 -1.250 -1.583 -3.646 -4.484 -6.279 -8.562 -13.079 -17.758 -22.139
-3.800 -8.627 17.786 19.318 0.000 0.000 1.000 -2.929 -4.179 -3.095 -5.404 -2.916 -0.205 -0.554 -1.203 -1.503 -3.535 -4.171 -5.739 -7.789 -12.275 -16.922 -21.271
-3.600 -8.450 17.787 19.250 0.000 0.000 1.000 -2.891 -4.227 -3.178 -5.460 -2.972 -0.225 -0.537 -1.148 -1.407 -3.402 -3.846 -5.192 -7.012 -11.461 -16.069 -20.380
-3.400 -8.706 17.789 19.133 0.000 0.000 1.000 -2.849 -4.287 -3.279 -5.528 -3.039 -0.250 -0.519 -1.088 -1.301 -3.253 -3.509 -4.631 -6.219 -10.625 -15.190 -19.458
-3.200 -8.196 17.791 19.007 0.063 0.000 1.000 -2.802 -4.360 -3.396 -5.611 -3.116 -0.281 -0.504 -1.026 -1.191 -3.096 -3.166 -4.060 -5.410 -9.770 -14.288 -18.508
-3.000 -8.200 17.793 18.861 0.063 0.000 1.000 -2.754 -4.445 -3.527 -5.704 -3.200 -0.318 -0.492 -0.966 -1.082 -2.939 -2.833 -3.493 -4.596 -8.908 -13.378 -17.550
-2.800 -8.400 17.795 18.703 0.000 0.000 1.000 -2.707 -4.541 -3.666 -5.806 -3.288 -0.359 -0.486 -0.913 -0.979 -2.790 -2.531 -2.955 -3.799 -8.064 -12.486 -16.611
-2.600 -8.102 17.798 18.542 0.000 0.000 1.000 -2.662 -4.645 -3.809 -5.913 -3.377 -0.404 -0.486 -0.868 -0.890 -2.655 -2.275 -2.473 -3.047 -7.267 -11.644 -15.724
-2.400 -8.001 17.801 18.410 0.063 0.000 1.000 -2.623 -4.751 -3.944 -6.016 -3.463 -0.451 -0.494 -0.836 -0.818 -2.544 -2.076 -2.073 -2.370 -6.550 -10.888 -14.929
-2.200 -7.916 17.804 18.296 0.125 0.000 1.000 -2.593 -4.845 -4.059 -6.106 -3.537 -0.496 -0.509 -0.821 -0.773 -2.469 -1.940 -1.773 -1.793 -5.943 -10.251 -14.261
-2.000 -7.824 17.809 18.246 0.125 0.000 1.000 -2.575 -4.916 -4.143 -6.176 -3.597 -0.538 -0.532 -0.827 -0.761 -2.439 -1.869 -1.572 -1.331 -5.464 -9.754 -13.746
-1.800 -6.955 17.815 18.184 0.250 0.000 1.000 -2.567 -4.969 -4.206 -6.232 -3.649 -0.581 -0.568 -0.854 -0.780 -2.450 -1.851 -1.438 -0.983 -5.108 -9.389 -13.374
-1.600 -7.772 17.824 18.127 0.188 0.000 1.000 -2.561 -5.028 -4.276 -6.298 -3.713 -0.640 -0.622 -0.903 -0.823 -2.488 -1.857 -1.325 -0.723 -4.842 -9.118 -13.098
-1.400 -7.726 17.835 18.017 0.125 0.000 1.001 -2.554 -5.117 -4.380 -6.396 -3.807 -0.727 -0.702 -0.976 -0.890 -2.547 -1.872 -1.218 -0.522 -4.634 -8.904 -12.876
-1.200 -7.726 17.848 17.849 0.125 0.000 1.001 -2.543 -5.256 -4.535 -6.542 -3.947 -0.855 -0.818 -1.081 -0.982 -2.629 -1.894 -1.126 -0.367 -4.467 -8.725 -12.685
-1.000 -7.680 17.860 17.606 0.125 0.000 1.002 -2.524 -5.467 -4.759 -6.750 -4.143 -1.033 -0.977 -1.220 -1.102 -2.729 -1.923 -1.058 -0.252 -4.333 -8.572 -12.513
-0.800 -7.543 17.870 17.281 0.188 0.000 1.003 -2.495 -5.762 -5.057 -7.023 -4.397 -1.258 -1.174 -1.389 -1.243 -2.842 -1.964 -1.022 -0.173 -4.226 -8.436 -12.349
-0.600 -7.360 17.876 16.890 0.188 0.000 1.003 -2.459 -6.127 -5.412 -7.345 -4.692 -1.518 -1.398 -1.577 -1.395 -2.958 -2.016 -1.013 -0.122 -4.139 -8.314 -12.191
-0.400 -7.223 17.880 16.457 0.188 0.000 1.004 -2.420 -6.524 -5.793 -7.689 -5.006 -1.792 -1.632 -1.772 -1.550 -3.073 -2.077 -1.024 -0.091 -4.068 -8.203 -12.041
-0.200 -7.040 17.883 15.993 0.250 0.000 1.005 -2.381 -6.908 -6.166 -8.026 -5.312 -2.059 -1.860 -1.960 -1.700 -3.184 -2.142 -1.045 -0.071 -4.009 -8.105 -11.904
-3.047E-14 -6.857 17.884 15.484 0.250 0.000 1.006 -2.347 -7.221 -6.490 -8.319 -5.578 -2.291 -2.058 -2.125 -1.830 -3.280 -2.200 -1.067 -0.059 -3.963 -8.025 -11.789
0.200 -6.795 17.884 14.993 0.313 0.000 1.008 -2.325 -7.394 -6.689 -8.499 -5.745 -2.436 -2.182 -2.227 -1.911 -3.339 -2.238 -1.083 -0.053 -3.936 -7.976 -11.719
0.400 -6.658 17.885 14.505 0.438 0.000 1.009 -2.315 -7.466 -6.780 -8.583 -5.822 -2.504 -2.239 -2.275 -1.948 -3.367 -2.255 -1.090 -0.050 -3.923 -7.953 -11.686
0.600 -6.292 17.885 14.042 0.625 0.000 1.011 -2.312 -7.490 -6.812 -8.612 -5.850 -2.528 -2.260 -2.291 -1.962 -3.377 -2.261 -1.092 -0.049 -3.918 -7.944 -11.674
0.800 -5.972 17.885 13.511 0.750 0.000 1.012 -2.311 -7.497 -6.822 -8.621 -5.858 -2.535 -2.266 -2.296 -1.966 -3.380 -2.262 -1.092 -0.048 -3.916 -7.942 -11.670
1.000 -5.664 17.885 14.566 0.750 0.000 1.012 -2.310 -7.499 -6.825 -8.624 -5.861 -2.537 -2.268 -2.298 -1.967 -3.380 -2.263 -1.092 -0.048 -3.915 -7.941 -11.669
1.200 -5.710 17.885 14.266 0.750 0.000 1.013 -2.310 -7.500 -6.827 -8.625 -5.862 -2.538 -2.269 -2.299 -1.967 -3.381 -2.263 -1.092 -0.047 -3.915 -7.940 -11.668
1.400 -5.707 17.885 14.458 0.750 0.000 1.013 -2.310 -7.500 -6.827 -8.626 -5.862 -2.539 -2.269 -2.299 -1.967 -3.381 -2.263 -1.092 -0.047 -3.915 -7.940 -11.668
1.600 -5.667 17.885 14.651 0.750 0.000 1.013 -2.310 -7.500 -6.827 -8.626 -5.862 -2.539 -2.269 -2.299 -1.967 -3.381 -2.263 -1.092 -0.047 -3.915 -7.940 -11.668
1.800 -5.696 17.885 14.739 0.750 0.000 1.013 -2.310 -7.500 -6.827 -8.626 -5.862 -2.539 -2.269 -2.299 -1.967 -3.381 -2.263 -1.092 -0.047 -3.915 -7.940 -11.668
2.000 -5.696 17.885 14.739 0.750 0.000 1.013 -2.310 -7.500 -6.827 -8.626 -5.862 -2.539 -2.269 -2.299 -1.967 -3.381 -2.263 -1.092 -0.047 -3.915 -7.940 -11.668
