# ASY method (with partition functions). 
# All quantities except Asy,RG_PE,and sumX are 
# log10(x). Log of absolute values for E and dE/dt,as
# they can be negative. UNITS: t and dt in s; E in erg; 
# dE/dt in erg/g/s; all others dimensionless 
#
#    t     dt     |E|  |dE/dt| Asy  Equil sumX    X(0)      X(1)      X(2)      X(3)      X(4)      X(5)      X(6)      X(7)      X(8)      X(9)      X(10)      X(11)      X(12)      X(13)      X(14)      X(15)    

-17.870 -18.870 10.346 28.219 0.000 0.000 1.000 -7.703e+00 -3.010e-01 -3.010e-01 -7.023e+00 -8.335e+00 -1.003e+01 -2.400e+01 -2.400e+01 -2.400e+01 -2.400e+01 -2.400e+01 -2.400e+01 -2.400e+01 -2.400e+01 -2.400e+01 -2.400e+01
-17.745 -18.745 10.471 28.219 0.000 0.000 1.000 -7.578e+00 -3.010e-01 -3.010e-01 -6.898e+00 -8.210e+00 -9.901e+00 -2.400e+01 -2.400e+01 -2.400e+01 -2.400e+01 -2.400e+01 -2.400e+01 -2.400e+01 -2.400e+01 -2.400e+01 -2.400e+01
-17.663 -18.663 10.554 28.219 0.000 0.000 1.000 -7.495e+00 -3.010e-01 -3.010e-01 -6.815e+00 -8.127e+00 -9.818e+00 -2.399e+01 -2.400e+01 -2.400e+01 -2.400e+01 -2.400e+01 -2.400e+01 -2.400e+01 -2.400e+01 -2.400e+01 -2.400e+01
-17.539 -18.539 10.679 28.219 0.000 0.000 1.000 -7.371e+00 -3.010e-01 -3.010e-01 -6.690e+00 -8.003e+00 -9.693e+00 -2.398e+01 -2.400e+01 -2.400e+01 -2.400e+01 -2.400e+01 -2.400e+01 -2.400e+01 -2.400e+01 -2.400e+01 -2.400e+01
-17.456 -18.456 10.762 28.219 0.000 0.000 1.000 -7.288e+00 -3.010e-01 -3.010e-01 -6.607e+00 -7.919e+00 -9.610e+00 -2.397e+01 -2.400e+01 -2.400e+01 -2.400e+01 -2.400e+01 -2.400e+01 -2.400e+01 -2.400e+01 -2.400e+01 -2.400e+01
-17.332 -18.332 10.886 28.219 0.000 0.000 1.000 -7.163e+00 -3.010e-01 -3.010e-01 -6.483e+00 -7.795e+00 -9.486e+00 -2.393e+01 -2.400e+01 -2.400e+01 -2.400e+01 -2.400e+01 -2.400e+01 -2.400e+01 -2.400e+01 -2.400e+01 -2.400e+01
-17.249 -18.249 10.969 28.219 0.000 0.000 1.000 -7.080e+00 -3.010e-01 -3.010e-01 -6.400e+00 -7.712e+00 -9.403e+00 -2.388e+01 -2.400e+01 -2.400e+01 -2.400e+01 -2.400e+01 -2.400e+01 -2.400e+01 -2.400e+01 -2.400e+01 -2.400e+01
-17.125 -18.125 11.094 28.219 0.000 0.000 1.000 -6.956e+00 -3.010e-01 -3.010e-01 -6.276e+00 -7.588e+00 -9.278e+00 -2.376e+01 -2.400e+01 -2.400e+01 -2.400e+01 -2.400e+01 -2.400e+01 -2.400e+01 -2.400e+01 -2.400e+01 -2.400e+01
-17.000 -18.000 11.218 28.219 0.000 0.000 1.000 -6.831e+00 -3.010e-01 -3.010e-01 -6.151e+00 -7.463e+00 -9.154e+00 -2.356e+01 -2.400e+01 -2.400e+01 -2.400e+01 -2.400e+01 -2.400e+01 -2.400e+01 -2.400e+01 -2.400e+01 -2.400e+01
-16.918 -17.918 11.301 28.219 0.000 0.000 1.000 -6.749e+00 -3.010e-01 -3.010e-01 -6.068e+00 -7.380e+00 -9.071e+00 -2.338e+01 -2.400e+01 -2.400e+01 -2.400e+01 -2.400e+01 -2.400e+01 -2.400e+01 -2.400e+01 -2.400e+01 -2.400e+01
-16.793 -17.793 11.425 28.219 0.000 0.000 1.000 -6.624e+00 -3.010e-01 -3.010e-01 -5.944e+00 -7.256e+00 -8.947e+00 -2.308e+01 -2.400e+01 -2.400e+01 -2.400e+01 -2.400e+01 -2.400e+01 -2.400e+01 -2.400e+01 -2.400e+01 -2.400e+01
-16.711 -17.711 11.508 28.219 0.000 0.000 1.000 -6.541e+00 -3.010e-01 -3.010e-01 -5.861e+00 -7.173e+00 -8.864e+00 -2.285e+01 -2.400e+01 -2.400e+01 -2.400e+01 -2.400e+01 -2.400e+01 -2.400e+01 -2.400e+01 -2.400e+01 -2.400e+01
-16.586 -17.586 11.632 28.219 0.000 0.000 1.000 -6.417e+00 -3.010e-01 -3.010e-01 -5.737e+00 -7.049e+00 -8.740e+00 -2.250e+01 -2.400e+01 -2.400e+01 -2.400e+01 -2.400e+01 -2.400e+01 -2.400e+01 -2.400e+01 -2.400e+01 -2.400e+01
-16.504 -17.504 11.715 28.219 0.000 0.000 1.000 -6.334e+00 -3.010e-01 -3.010e-01 -5.654e+00 -6.966e+00 -8.657e+00 -2.225e+01 -2.400e+01 -2.400e+01 -2.400e+01 -2.400e+01 -2.400e+01 -2.400e+01 -2.400e+01 -2.400e+01 -2.400e+01
-16.380 -17.380 11.839 28.219 0.000 0.000 1.000 -6.210e+00 -3.010e-01 -3.010e-01 -5.530e+00 -6.842e+00 -8.533e+00 -2.189e+01 -2.400e+01 -2.400e+01 -2.400e+01 -2.400e+01 -2.400e+01 -2.400e+01 -2.400e+01 -2.400e+01 -2.400e+01
-16.255 -17.255 11.963 28.219 0.000 0.000 1.000 -6.086e+00 -3.010e-01 -3.010e-01 -5.406e+00 -6.718e+00 -8.408e+00 -2.152e+01 -2.400e+01 -2.400e+01 -2.400e+01 -2.400e+01 -2.400e+01 -2.400e+01 -2.400e+01 -2.400e+01 -2.400e+01
-16.173 -17.173 12.046 28.219 0.000 0.000 1.000 -6.003e+00 -3.010e-01 -3.010e-01 -5.323e+00 -6.635e+00 -8.326e+00 -2.127e+01 -2.400e+01 -2.400e+01 -2.400e+01 -2.400e+01 -2.400e+01 -2.400e+01 -2.400e+01 -2.400e+01 -2.400e+01
-16.048 -17.048 12.170 28.219 0.000 0.000 1.000 -5.879e+00 -3.010e-01 -3.010e-01 -5.199e+00 -6.511e+00 -8.201e+00 -2.090e+01 -2.400e+01 -2.400e+01 -2.400e+01 -2.400e+01 -2.400e+01 -2.400e+01 -2.400e+01 -2.400e+01 -2.400e+01
-15.966 -16.966 12.253 28.219 0.000 0.000 1.000 -5.796e+00 -3.010e-01 -3.010e-01 -5.116e+00 -6.428e+00 -8.119e+00 -2.065e+01 -2.400e+01 -2.400e+01 -2.400e+01 -2.400e+01 -2.400e+01 -2.400e+01 -2.400e+01 -2.400e+01 -2.400e+01
-15.841 -16.841 12.377 28.219 0.000 0.000 1.000 -5.672e+00 -3.010e-01 -3.010e-01 -4.992e+00 -6.304e+00 -7.995e+00 -2.028e+01 -2.400e+01 -2.400e+01 -2.400e+01 -2.400e+01 -2.400e+01 -2.400e+01 -2.400e+01 -2.400e+01 -2.400e+01
-15.759 -16.759 12.460 28.219 0.000 0.000 1.000 -5.589e+00 -3.010e-01 -3.010e-01 -4.909e+00 -6.221e+00 -7.912e+00 -2.003e+01 -2.400e+01 -2.400e+01 -2.400e+01 -2.400e+01 -2.400e+01 -2.400e+01 -2.400e+01 -2.400e+01 -2.400e+01
-15.634 -16.634 12.584 28.219 0.000 0.000 1.000 -5.465e+00 -3.010e-01 -3.010e-01 -4.785e+00 -6.097e+00 -7.788e+00 -1.965e+01 -2.400e+01 -2.400e+01 -2.400e+01 -2.400e+01 -2.400e+01 -2.400e+01 -2.400e+01 -2.400e+01 -2.400e+01
-15.510 -16.510 12.708 28.219 0.000 0.000 1.000 -5.341e+00 -3.011e-01 -3.010e-01 -4.661e+00 -5.973e+00 -7.663e+00 -1.928e+01 -2.400e+01 -2.400e+01 -2.400e+01 -2.400e+01 -2.400e+01 -2.400e+01 -2.400e+01 -2.400e+01 -2.400e+01
-15.427 -16.427 12.791 28.219 0.000 0.000 1.000 -5.258e+00 -3.011e-01 -3.010e-01 -4.578e+00 -5.890e+00 -7.581e+00 -1.903e+01 -2.400e+01 -2.400e+01 -2.400e+01 -2.400e+01 -2.400e+01 -2.400e+01 -2.400e+01 -2.400e+01 -2.400e+01
-15.303 -16.303 12.915 28.219 0.000 0.000 1.000 -5.134e+00 -3.011e-01 -3.010e-01 -4.454e+00 -5.766e+00 -7.456e+00 -1.866e+01 -2.400e+01 -2.400e+01 -2.400e+01 -2.400e+01 -2.400e+01 -2.400e+01 -2.400e+01 -2.400e+01 -2.400e+01
-15.221 -16.221 12.998 28.219 0.000 0.000 1.000 -5.051e+00 -3.011e-01 -3.010e-01 -4.371e+00 -5.683e+00 -7.374e+00 -1.841e+01 -2.400e+01 -2.400e+01 -2.400e+01 -2.400e+01 -2.400e+01 -2.400e+01 -2.400e+01 -2.400e+01 -2.400e+01
-15.096 -16.096 13.122 28.219 0.000 0.000 1.000 -4.927e+00 -3.011e-01 -3.010e-01 -4.247e+00 -5.559e+00 -7.249e+00 -1.804e+01 -2.400e+01 -2.400e+01 -2.400e+01 -2.400e+01 -2.400e+01 -2.400e+01 -2.400e+01 -2.400e+01 -2.400e+01
-14.972 -15.972 13.246 28.219 0.000 0.000 1.000 -4.803e+00 -3.011e-01 -3.010e-01 -4.123e+00 -5.435e+00 -7.125e+00 -1.767e+01 -2.400e+01 -2.400e+01 -2.400e+01 -2.400e+01 -2.400e+01 -2.400e+01 -2.400e+01 -2.400e+01 -2.400e+01
-14.889 -15.889 13.329 28.219 0.000 0.000 1.000 -4.720e+00 -3.011e-01 -3.010e-01 -4.040e+00 -5.352e+00 -7.042e+00 -1.742e+01 -2.400e+01 -2.400e+01 -2.400e+01 -2.400e+01 -2.400e+01 -2.400e+01 -2.400e+01 -2.400e+01 -2.400e+01
-14.765 -15.765 13.453 28.219 0.000 0.000 1.000 -4.596e+00 -3.012e-01 -3.010e-01 -3.916e+00 -5.228e+00 -6.918e+00 -1.705e+01 -2.400e+01 -2.400e+01 -2.400e+01 -2.400e+01 -2.400e+01 -2.400e+01 -2.400e+01 -2.400e+01 -2.400e+01
-14.682 -15.682 13.536 28.218 0.000 0.000 1.000 -4.513e+00 -3.012e-01 -3.010e-01 -3.833e+00 -5.145e+00 -6.835e+00 -1.680e+01 -2.400e+01 -2.400e+01 -2.400e+01 -2.400e+01 -2.400e+01 -2.400e+01 -2.400e+01 -2.400e+01 -2.400e+01
-14.558 -15.558 13.660 28.218 0.000 0.000 1.000 -4.389e+00 -3.012e-01 -3.010e-01 -3.709e+00 -5.021e+00 -6.711e+00 -1.643e+01 -2.400e+01 -2.400e+01 -2.400e+01 -2.400e+01 -2.400e+01 -2.400e+01 -2.400e+01 -2.400e+01 -2.400e+01
-14.475 -15.475 13.743 28.218 0.000 0.000 1.000 -4.306e+00 -3.013e-01 -3.010e-01 -3.626e+00 -4.938e+00 -6.628e+00 -1.618e+01 -2.400e+01 -2.400e+01 -2.400e+01 -2.400e+01 -2.400e+01 -2.400e+01 -2.400e+01 -2.400e+01 -2.400e+01
-14.351 -15.351 13.867 28.218 0.000 0.000 1.000 -4.182e+00 -3.014e-01 -3.010e-01 -3.502e+00 -4.814e+00 -6.504e+00 -1.580e+01 -2.400e+01 -2.400e+01 -2.400e+01 -2.400e+01 -2.400e+01 -2.400e+01 -2.400e+01 -2.400e+01 -2.400e+01
-14.227 -15.227 13.991 28.218 0.000 0.000 1.000 -4.058e+00 -3.015e-01 -3.010e-01 -3.378e+00 -4.690e+00 -6.380e+00 -1.543e+01 -2.398e+01 -2.400e+01 -2.400e+01 -2.400e+01 -2.400e+01 -2.400e+01 -2.400e+01 -2.400e+01 -2.400e+01
-14.144 -15.144 14.074 28.218 0.000 0.000 1.000 -3.975e+00 -3.016e-01 -3.010e-01 -3.295e+00 -4.607e+00 -6.297e+00 -1.518e+01 -2.396e+01 -2.400e+01 -2.400e+01 -2.400e+01 -2.400e+01 -2.400e+01 -2.400e+01 -2.400e+01 -2.400e+01
-14.020 -15.020 14.198 28.217 0.000 0.000 1.000 -3.851e+00 -3.017e-01 -3.011e-01 -3.171e+00 -4.483e+00 -6.173e+00 -1.481e+01 -2.385e+01 -2.400e+01 -2.400e+01 -2.400e+01 -2.400e+01 -2.400e+01 -2.400e+01 -2.400e+01 -2.400e+01
-13.937 -14.937 14.281 28.217 0.000 0.000 1.000 -3.769e+00 -3.019e-01 -3.011e-01 -3.089e+00 -4.400e+00 -6.090e+00 -1.456e+01 -2.368e+01 -2.400e+01 -2.400e+01 -2.400e+01 -2.400e+01 -2.400e+01 -2.400e+01 -2.400e+01 -2.400e+01
-13.813 -14.813 14.404 28.217 0.000 0.000 1.000 -3.645e+00 -3.022e-01 -3.011e-01 -2.965e+00 -4.276e+00 -5.966e+00 -1.419e+01 -2.326e+01 -2.400e+01 -2.400e+01 -2.400e+01 -2.400e+01 -2.400e+01 -2.400e+01 -2.400e+01 -2.400e+01
-13.730 -14.730 14.487 28.216 0.000 0.000 1.000 -3.562e+00 -3.024e-01 -3.011e-01 -2.882e+00 -4.194e+00 -5.883e+00 -1.394e+01 -2.290e+01 -2.400e+01 -2.400e+01 -2.400e+01 -2.400e+01 -2.400e+01 -2.400e+01 -2.400e+01 -2.400e+01
-13.606 -14.606 14.611 28.215 0.000 0.000 1.000 -3.439e+00 -3.029e-01 -3.011e-01 -2.758e+00 -4.070e+00 -5.759e+00 -1.357e+01 -2.230e+01 -2.400e+01 -2.400e+01 -2.400e+01 -2.400e+01 -2.400e+01 -2.400e+01 -2.400e+01 -2.400e+01
-13.482 -14.482 14.734 28.214 0.000 0.000 1.000 -3.315e+00 -3.035e-01 -3.011e-01 -2.635e+00 -3.946e+00 -5.634e+00 -1.320e+01 -2.169e+01 -2.400e+01 -2.400e+01 -2.400e+01 -2.400e+01 -2.400e+01 -2.400e+01 -2.400e+01 -2.400e+01
-13.399 -14.399 14.817 28.213 0.000 0.000 1.000 -3.233e+00 -3.040e-01 -3.011e-01 -2.553e+00 -3.863e+00 -5.551e+00 -1.295e+01 -2.128e+01 -2.400e+01 -2.400e+01 -2.400e+01 -2.400e+01 -2.400e+01 -2.400e+01 -2.400e+01 -2.400e+01
-13.275 -14.275 14.940 28.211 0.000 0.000 1.000 -3.109e+00 -3.050e-01 -3.011e-01 -2.429e+00 -3.740e+00 -5.427e+00 -1.258e+01 -2.066e+01 -2.400e+01 -2.400e+01 -2.400e+01 -2.400e+01 -2.400e+01 -2.400e+01 -2.400e+01 -2.400e+01
-13.192 -14.192 15.022 28.210 0.000 0.000 1.000 -3.027e+00 -3.058e-01 -3.012e-01 -2.348e+00 -3.657e+00 -5.344e+00 -1.233e+01 -2.024e+01 -2.400e+01 -2.400e+01 -2.400e+01 -2.400e+01 -2.400e+01 -2.400e+01 -2.400e+01 -2.400e+01
-13.068 -14.068 15.144 28.207 0.000 0.000 1.000 -2.905e+00 -3.074e-01 -3.012e-01 -2.225e+00 -3.534e+00 -5.219e+00 -1.196e+01 -1.962e+01 -2.400e+01 -2.400e+01 -2.400e+01 -2.400e+01 -2.400e+01 -2.400e+01 -2.400e+01 -2.400e+01
-12.985 -13.985 15.226 28.204 0.000 0.000 1.000 -2.823e+00 -3.087e-01 -3.012e-01 -2.144e+00 -3.452e+00 -5.135e+00 -1.171e+01 -1.921e+01 -2.400e+01 -2.400e+01 -2.400e+01 -2.400e+01 -2.400e+01 -2.400e+01 -2.400e+01 -2.400e+01
-12.861 -13.861 15.348 28.200 0.000 0.000 1.000 -2.701e+00 -3.113e-01 -3.013e-01 -2.022e+00 -3.329e+00 -5.010e+00 -1.134e+01 -1.859e+01 -2.400e+01 -2.400e+01 -2.400e+01 -2.400e+01 -2.400e+01 -2.400e+01 -2.400e+01 -2.400e+01
-12.737 -13.737 15.468 28.193 0.000 0.000 1.000 -2.580e+00 -3.146e-01 -3.014e-01 -1.901e+00 -3.206e+00 -4.885e+00 -1.097e+01 -1.798e+01 -2.399e+01 -2.400e+01 -2.400e+01 -2.400e+01 -2.400e+01 -2.400e+01 -2.400e+01 -2.400e+01
-12.654 -13.654 15.548 28.188 0.000 0.000 1.000 -2.500e+00 -3.174e-01 -3.015e-01 -1.821e+00 -3.125e+00 -4.801e+00 -1.072e+01 -1.757e+01 -2.397e+01 -2.400e+01 -2.400e+01 -2.400e+01 -2.400e+01 -2.400e+01 -2.400e+01 -2.400e+01
-12.530 -13.530 15.667 28.178 0.000 0.000 1.000 -2.381e+00 -3.227e-01 -3.016e-01 -1.702e+00 -3.003e+00 -4.675e+00 -1.035e+01 -1.695e+01 -2.381e+01 -2.400e+01 -2.400e+01 -2.400e+01 -2.400e+01 -2.400e+01 -2.400e+01 -2.400e+01
-12.447 -13.447 15.746 28.170 0.000 0.000 1.000 -2.302e+00 -3.271e-01 -3.017e-01 -1.624e+00 -2.923e+00 -4.591e+00 -1.010e+01 -1.654e+01 -2.351e+01 -2.400e+01 -2.400e+01 -2.400e+01 -2.400e+01 -2.400e+01 -2.400e+01 -2.400e+01
-12.323 -13.323 15.862 28.154 0.000 0.000 1.000 -2.185e+00 -3.354e-01 -3.020e-01 -1.508e+00 -2.803e+00 -4.464e+00 -9.734e+00 -1.593e+01 -2.280e+01 -2.400e+01 -2.400e+01 -2.400e+01 -2.400e+01 -2.400e+01 -2.400e+01 -2.400e+01
-12.199 -13.199 15.975 28.133 0.000 0.000 1.000 -2.071e+00 -3.463e-01 -3.022e-01 -1.395e+00 -2.684e+00 -4.336e+00 -9.366e+00 -1.532e+01 -2.197e+01 -2.400e+01 -2.400e+01 -2.400e+01 -2.400e+01 -2.400e+01 -2.400e+01 -2.400e+01
-12.116 -13.116 16.049 28.116 0.000 0.000 1.000 -1.997e+00 -3.553e-01 -3.024e-01 -1.321e+00 -2.606e+00 -4.250e+00 -9.122e+00 -1.492e+01 -2.141e+01 -2.400e+01 -2.400e+01 -2.400e+01 -2.400e+01 -2.400e+01 -2.400e+01 -2.400e+01
-11.992 -12.992 16.157 28.085 0.000 0.000 1.000 -1.888e+00 -3.719e-01 -3.028e-01 -1.214e+00 -2.490e+00 -4.121e+00 -8.757e+00 -1.432e+01 -2.057e+01 -2.400e+01 -2.400e+01 -2.400e+01 -2.400e+01 -2.400e+01 -2.400e+01 -2.400e+01
-11.909 -12.909 16.226 28.059 0.000 0.000 1.000 -1.817e+00 -3.855e-01 -3.031e-01 -1.145e+00 -2.414e+00 -4.034e+00 -8.515e+00 -1.392e+01 -2.002e+01 -2.399e+01 -2.400e+01 -2.400e+01 -2.400e+01 -2.400e+01 -2.400e+01 -2.400e+01
-11.785 -12.785 16.326 28.011 0.000 0.000 1.000 -1.716e+00 -4.104e-01 -3.036e-01 -1.047e+00 -2.302e+00 -3.904e+00 -8.154e+00 -1.332e+01 -1.919e+01 -2.390e+01 -2.400e+01 -2.400e+01 -2.400e+01 -2.400e+01 -2.400e+01 -2.400e+01
-11.702 -12.702 16.389 27.972 0.000 0.000 1.000 -1.651e+00 -4.304e-01 -3.039e-01 -9.843e-01 -2.229e+00 -3.816e+00 -7.916e+00 -1.293e+01 -1.865e+01 -2.364e+01 -2.400e+01 -2.400e+01 -2.400e+01 -2.400e+01 -2.400e+01 -2.400e+01
-11.578 -12.578 16.477 27.902 0.000 0.000 1.000 -1.560e+00 -4.663e-01 -3.043e-01 -8.972e-01 -2.122e+00 -3.683e+00 -7.562e+00 -1.236e+01 -1.784e+01 -2.282e+01 -2.400e+01 -2.400e+01 -2.400e+01 -2.400e+01 -2.400e+01 -2.400e+01
-11.454 -12.454 16.558 27.815 0.000 0.000 1.000 -1.475e+00 -5.101e-01 -3.047e-01 -8.186e-01 -2.018e+00 -3.550e+00 -7.213e+00 -1.179e+01 -1.706e+01 -2.184e+01 -2.400e+01 -2.400e+01 -2.400e+01 -2.400e+01 -2.400e+01 -2.400e+01
-11.371 -12.371 16.607 27.746 0.000 0.000 1.000 -1.422e+00 -5.442e-01 -3.047e-01 -7.715e-01 -1.952e+00 -3.461e+00 -6.983e+00 -1.142e+01 -1.654e+01 -2.118e+01 -2.400e+01 -2.400e+01 -2.400e+01 -2.400e+01 -2.400e+01 -2.400e+01
-11.247 -12.247 16.672 27.625 0.000 0.000 1.000 -1.350e+00 -6.028e-01 -3.044e-01 -7.095e-01 -1.855e+00 -3.327e+00 -6.644e+00 -1.087e+01 -1.579e+01 -2.022e+01 -2.400e+01 -2.400e+01 -2.400e+01 -2.400e+01 -2.400e+01 -2.400e+01
-11.164 -12.164 16.709 27.531 0.000 0.000 1.000 -1.306e+00 -6.471e-01 -3.039e-01 -6.742e-01 -1.792e+00 -3.238e+00 -6.422e+00 -1.051e+01 -1.529e+01 -1.959e+01 -2.399e+01 -2.400e+01 -2.400e+01 -2.400e+01 -2.400e+01 -2.400e+01
-11.040 -12.040 16.757 27.366 0.000 0.000 1.000 -1.246e+00 -7.213e-01 -3.021e-01 -6.311e-01 -1.701e+00 -3.103e+00 -6.094e+00 -9.988e+00 -1.457e+01 -1.867e+01 -2.393e+01 -2.400e+01 -2.400e+01 -2.400e+01 -2.400e+01 -2.400e+01
-10.957 -11.957 16.784 27.238 0.000 0.000 1.000 -1.209e+00 -7.759e-01 -3.002e-01 -6.091e-01 -1.642e+00 -3.012e+00 -5.879e+00 -9.646e+00 -1.410e+01 -1.807e+01 -2.372e+01 -2.400e+01 -2.400e+01 -2.400e+01 -2.400e+01 -2.400e+01
-10.833 -11.833 16.815 27.008 0.000 0.000 1.000 -1.159e+00 -8.648e-01 -2.958e-01 -5.868e-01 -1.556e+00 -2.874e+00 -5.562e+00 -9.143e+00 -1.341e+01 -1.719e+01 -2.293e+01 -2.400e+01 -2.400e+01 -2.400e+01 -2.400e+01 -2.400e+01
-10.709 -11.709 16.835 26.707 0.000 0.000 1.000 -1.113e+00 -9.616e-01 -2.891e-01 -5.781e-01 -1.472e+00 -2.733e+00 -5.248e+00 -8.651e+00 -1.274e+01 -1.633e+01 -2.193e+01 -2.400e+01 -2.400e+01 -2.400e+01 -2.400e+01 -2.400e+01
-10.626 -11.626 16.844 26.430 0.000 0.000 1.000 -1.084e+00 -1.030e+00 -2.832e-01 -5.804e-01 -1.417e+00 -2.636e+00 -5.040e+00 -8.327e+00 -1.229e+01 -1.578e+01 -2.125e+01 -2.400e+01 -2.400e+01 -2.400e+01 -2.400e+01 -2.400e+01
-10.502 -11.502 16.848 25.443 0.000 0.000 1.000 -1.043e+00 -1.138e+00 -2.721e-01 -5.975e-01 -1.335e+00 -2.486e+00 -4.729e+00 -7.846e+00 -1.164e+01 -1.495e+01 -2.025e+01 -2.400e+01 -2.400e+01 -2.400e+01 -2.400e+01 -2.400e+01
-10.419 -11.419 16.846 25.833 0.000 0.000 1.000 -1.016e+00 -1.213e+00 -2.631e-01 -6.193e-01 -1.282e+00 -2.382e+00 -4.520e+00 -7.528e+00 -1.121e+01 -1.441e+01 -1.960e+01 -2.399e+01 -2.400e+01 -2.400e+01 -2.400e+01 -2.400e+01
-10.295 -11.295 16.837 26.139 0.000 0.000 1.000 -9.773e-01 -1.328e+00 -2.477e-01 -6.702e-01 -1.205e+00 -2.220e+00 -4.206e+00 -7.051e+00 -1.057e+01 -1.360e+01 -1.862e+01 -2.383e+01 -2.400e+01 -2.400e+01 -2.400e+01 -2.400e+01
-10.212 -11.212 16.827 26.166 0.000 0.000 1.000 -9.522e-01 -1.406e+00 -2.366e-01 -7.184e-01 -1.155e+00 -2.108e+00 -3.993e+00 -6.733e+00 -1.014e+01 -1.307e+01 -1.798e+01 -2.344e+01 -2.400e+01 -2.400e+01 -2.400e+01 -2.400e+01
-10.088 -11.088 16.809 26.087 0.000 0.000 1.000 -9.165e-01 -1.522e+00 -2.200e-01 -8.170e-01 -1.086e+00 -1.934e+00 -3.672e+00 -6.255e+00 -9.503e+00 -1.227e+01 -1.702e+01 -2.244e+01 -2.400e+01 -2.400e+01 -2.400e+01 -2.400e+01
-9.964 -10.964 16.792 25.856 0.000 0.000 1.000 -8.840e-01 -1.632e+00 -2.055e-01 -9.538e-01 -1.027e+00 -1.757e+00 -3.349e+00 -5.776e+00 -8.866e+00 -1.148e+01 -1.607e+01 -2.134e+01 -2.400e+01 -2.400e+01 -2.400e+01 -2.400e+01
-9.881 -10.881 16.786 25.519 0.000 0.000 1.000 -8.648e-01 -1.699e+00 -1.983e-01 -1.070e+00 -9.943e-01 -1.640e+00 -3.135e+00 -5.458e+00 -8.444e+00 -1.096e+01 -1.544e+01 -2.060e+01 -2.400e+01 -2.400e+01 -2.400e+01 -2.400e+01
-9.757 -10.757 16.787 25.318 0.000 0.000 1.000 -8.402e-01 -1.784e+00 -1.931e-01 -1.283e+00 -9.579e-01 -1.467e+00 -2.818e+00 -4.987e+00 -7.817e+00 -1.019e+01 -1.451e+01 -1.952e+01 -2.396e+01 -2.400e+01 -2.400e+01 -2.400e+01
-9.674 -10.674 16.798 25.691 0.000 0.000 1.000 -8.266e-01 -1.828e+00 -1.941e-01 -1.445e+00 -9.429e-01 -1.356e+00 -2.613e+00 -4.679e+00 -7.405e+00 -9.686e+00 -1.390e+01 -1.880e+01 -2.377e+01 -2.400e+01 -2.400e+01 -2.400e+01
-9.550 -10.550 16.831 25.887 0.000 0.000 1.000 -8.097e-01 -1.871e+00 -2.031e-01 -1.683e+00 -9.340e-01 -1.201e+00 -2.319e+00 -4.231e+00 -6.803e+00 -8.949e+00 -1.300e+01 -1.775e+01 -2.292e+01 -2.400e+01 -2.400e+01 -2.400e+01
-9.426 -10.426 16.880 25.952 0.000 0.000 1.000 -7.954e-01 -1.895e+00 -2.208e-01 -1.848e+00 -9.398e-01 -1.059e+00 -2.046e+00 -3.804e+00 -6.221e+00 -8.239e+00 -1.214e+01 -1.673e+01 -2.178e+01 -2.400e+01 -2.400e+01 -2.400e+01
-9.343 -10.343 16.919 25.964 0.000 0.000 1.000 -7.863e-01 -1.905e+00 -2.372e-01 -1.902e+00 -9.506e-01 -9.719e-01 -1.877e+00 -3.533e+00 -5.846e+00 -7.783e+00 -1.158e+01 -1.607e+01 -2.102e+01 -2.399e+01 -2.400e+01 -2.400e+01
-9.219 -10.219 16.986 25.960 0.000 0.000 1.000 -7.727e-01 -1.918e+00 -2.688e-01 -1.942e+00 -9.768e-01 -8.532e-01 -1.643e+00 -3.147e+00 -5.303e+00 -7.127e+00 -1.076e+01 -1.510e+01 -1.990e+01 -2.385e+01 -2.400e+01 -2.400e+01
-9.136 -10.136 17.034 25.946 0.000 0.000 1.000 -7.635e-01 -1.927e+00 -2.949e-01 -1.963e+00 -1.002e+00 -7.812e-01 -1.502e+00 -2.905e+00 -4.956e+00 -6.709e+00 -1.024e+01 -1.447e+01 -1.917e+01 -2.344e+01 -2.400e+01 -2.400e+01
-9.018 -10.018 17.104 25.910 0.000 0.000 1.000 -7.506e-01 -1.943e+00 -3.400e-01 -1.999e+00 -1.050e+00 -6.891e-01 -1.323e+00 -2.582e+00 -4.478e+00 -6.136e+00 -9.504e+00 -1.358e+01 -1.812e+01 -2.237e+01 -2.400e+01 -2.400e+01
-8.930 -10.015 17.157 25.867 0.000 0.000 1.000 -7.412e-01 -1.958e+00 -3.809e-01 -2.033e+00 -1.098e+00 -6.277e-01 -1.205e+00 -2.361e+00 -4.139e+00 -5.733e+00 -8.978e+00 -1.293e+01 -1.735e+01 -2.149e+01 -2.400e+01 -2.400e+01
-8.814 -9.950 17.225 25.793 0.000 0.000 1.000 -7.292e-01 -1.983e+00 -4.461e-01 -2.089e+00 -1.178e+00 -5.564e-01 -1.072e+00 -2.098e+00 -3.719e+00 -5.240e+00 -8.321e+00 -1.212e+01 -1.638e+01 -2.038e+01 -2.399e+01 -2.400e+01
-8.711 -10.020 17.280 25.702 0.000 0.000 1.000 -7.192e-01 -2.009e+00 -5.161e-01 -2.152e+00 -1.267e+00 -5.029e-01 -9.746e-01 -1.893e+00 -3.374e+00 -4.842e+00 -7.775e+00 -1.143e+01 -1.554e+01 -1.942e+01 -2.386e+01 -2.400e+01
-8.612 -9.935 17.327 25.598 0.000 0.000 1.000 -7.099e-01 -2.041e+00 -5.962e-01 -2.224e+00 -1.366e+00 -4.598e-01 -8.974e-01 -1.723e+00 -3.069e+00 -4.495e+00 -7.286e+00 -1.080e+01 -1.479e+01 -1.856e+01 -2.333e+01 -2.400e+01
-8.501 -9.895 17.373 25.455 0.000 0.000 1.000 -7.002e-01 -2.084e+00 -7.028e-01 -2.323e+00 -1.489e+00 -4.210e-01 -8.284e-01 -1.564e+00 -2.759e+00 -4.145e+00 -6.776e+00 -1.014e+01 -1.397e+01 -1.763e+01 -2.235e+01 -2.400e+01
-8.394 -9.880 17.410 25.295 0.000 0.000 1.000 -6.916e-01 -2.135e+00 -8.240e-01 -2.435e+00 -1.616e+00 -3.926e-01 -7.775e-01 -1.442e+00 -2.494e+00 -3.852e+00 -6.327e+00 -9.541e+00 -1.324e+01 -1.678e+01 -2.138e+01 -2.397e+01
-8.292 -9.892 17.438 25.120 0.000 0.000 1.000 -6.843e-01 -2.193e+00 -9.586e-01 -2.562e+00 -1.738e+00 -3.725e-01 -7.407e-01 -1.354e+00 -2.274e+00 -3.609e+00 -5.936e+00 -9.010e+00 -1.257e+01 -1.603e+01 -2.050e+01 -2.380e+01
-8.185 -9.956 17.460 24.910 0.000 0.000 1.000 -6.776e-01 -2.266e+00 -1.123e+00 -2.717e+00 -1.861e+00 -3.576e-01 -7.126e-01 -1.285e+00 -2.074e+00 -3.392e+00 -5.562e+00 -8.490e+00 -1.191e+01 -1.529e+01 -1.963e+01 -2.317e+01
-8.077 -9.936 17.477 24.674 0.000 0.053 1.000 -6.722e-01 -2.355e+00 -1.314e+00 -2.898e+00 -1.972e+00 -3.480e-01 -6.931e-01 -1.238e+00 -1.906e+00 -3.211e+00 -5.222e+00 -8.004e+00 -1.128e+01 -1.459e+01 -1.880e+01 -2.231e+01
-7.973 -9.986 17.488 24.413 0.000 0.053 1.000 -6.681e-01 -2.456e+00 -1.524e+00 -3.096e+00 -2.058e+00 -3.428e-01 -6.812e-01 -1.207e+00 -1.774e+00 -3.070e+00 -4.927e+00 -7.567e+00 -1.071e+01 -1.396e+01 -1.806e+01 -2.147e+01
-7.865 -9.995 17.496 24.092 0.000 0.053 1.000 -6.648e-01 -2.576e+00 -1.765e+00 -3.320e+00 -2.122e+00 -3.408e-01 -6.742e-01 -1.186e+00 -1.667e+00 -2.956e+00 -4.654e+00 -7.150e+00 -1.016e+01 -1.336e+01 -1.734e+01 -2.067e+01
-7.759 -9.972 17.500 23.658 0.000 0.158 1.000 -6.621e-01 -2.709e+00 -2.016e+00 -3.546e+00 -2.163e+00 -3.411e-01 -6.709e-01 -1.173e+00 -1.588e+00 -2.872e+00 -4.413e+00 -6.767e+00 -9.638e+00 -1.280e+01 -1.668e+01 -1.994e+01
-7.653 -9.961 17.501 22.197 0.000 0.263 1.000 -6.593e-01 -2.842e+00 -2.253e+00 -3.746e+00 -2.187e+00 -3.430e-01 -6.696e-01 -1.165e+00 -1.533e+00 -2.813e+00 -4.199e+00 -6.413e+00 -9.151e+00 -1.229e+01 -1.607e+01 -1.926e+01
-7.547 -10.014 17.500 23.324 0.000 0.316 1.000 -6.559e-01 -2.956e+00 -2.437e+00 -3.890e+00 -2.203e+00 -3.461e-01 -6.690e-01 -1.158e+00 -1.497e+00 -2.772e+00 -4.008e+00 -6.083e+00 -8.688e+00 -1.180e+01 -1.550e+01 -1.864e+01
-7.439 -9.884 17.498 23.488 0.000 0.316 1.000 -6.516e-01 -3.029e+00 -2.545e+00 -3.969e+00 -2.214e+00 -3.502e-01 -6.686e-01 -1.152e+00 -1.473e+00 -2.744e+00 -3.834e+00 -5.771e+00 -8.245e+00 -1.134e+01 -1.496e+01 -1.806e+01
-7.333 -9.940 17.493 23.523 0.000 0.316 1.000 -6.461e-01 -3.065e+00 -2.594e+00 -4.005e+00 -2.226e+00 -3.553e-01 -6.681e-01 -1.146e+00 -1.456e+00 -2.721e+00 -3.674e+00 -5.478e+00 -7.822e+00 -1.090e+01 -1.446e+01 -1.752e+01
-7.226 -9.944 17.487 23.516 0.000 0.316 1.000 -6.393e-01 -3.083e+00 -2.618e+00 -4.025e+00 -2.239e+00 -3.615e-01 -6.675e-01 -1.138e+00 -1.440e+00 -2.698e+00 -3.526e+00 -5.200e+00 -7.417e+00 -1.048e+01 -1.398e+01 -1.702e+01
-7.120 -9.797 17.479 23.495 0.000 0.316 1.000 -6.312e-01 -3.097e+00 -2.637e+00 -4.042e+00 -2.254e+00 -3.690e-01 -6.670e-01 -1.129e+00 -1.422e+00 -2.672e+00 -3.384e+00 -4.931e+00 -7.022e+00 -1.007e+01 -1.353e+01 -1.654e+01
-7.013 -9.828 17.470 23.466 0.000 0.316 1.000 -6.217e-01 -3.113e+00 -2.659e+00 -4.062e+00 -2.272e+00 -3.782e-01 -6.666e-01 -1.119e+00 -1.402e+00 -2.642e+00 -3.246e+00 -4.670e+00 -6.637e+00 -9.669e+00 -1.309e+01 -1.608e+01
-6.907 -9.792 17.459 23.431 0.000 0.421 1.000 -6.106e-01 -3.132e+00 -2.684e+00 -4.084e+00 -2.294e+00 -3.891e-01 -6.664e-01 -1.108e+00 -1.378e+00 -2.608e+00 -3.110e+00 -4.414e+00 -6.258e+00 -9.275e+00 -1.266e+01 -1.563e+01
-6.800 -9.756 17.445 23.390 0.000 0.421 1.000 -5.980e-01 -3.154e+00 -2.713e+00 -4.111e+00 -2.319e+00 -4.020e-01 -6.667e-01 -1.096e+00 -1.353e+00 -2.569e+00 -2.975e+00 -4.161e+00 -5.883e+00 -8.885e+00 -1.224e+01 -1.519e+01
-6.693 -9.668 17.429 23.342 0.000 0.421 1.000 -5.840e-01 -3.180e+00 -2.746e+00 -4.141e+00 -2.347e+00 -4.170e-01 -6.677e-01 -1.082e+00 -1.325e+00 -2.527e+00 -2.842e+00 -3.910e+00 -5.512e+00 -8.497e+00 -1.182e+01 -1.475e+01
-6.587 -9.747 17.410 23.287 0.000 0.421 1.000 -5.686e-01 -3.210e+00 -2.783e+00 -4.176e+00 -2.379e+00 -4.343e-01 -6.696e-01 -1.069e+00 -1.295e+00 -2.482e+00 -2.709e+00 -3.661e+00 -5.142e+00 -8.110e+00 -1.141e+01 -1.432e+01
-6.480 -9.637 17.387 23.223 0.000 0.421 1.000 -5.521e-01 -3.244e+00 -2.824e+00 -4.214e+00 -2.415e+00 -4.538e-01 -6.726e-01 -1.055e+00 -1.264e+00 -2.435e+00 -2.577e+00 -3.414e+00 -4.772e+00 -7.723e+00 -1.099e+01 -1.389e+01
-6.373 -9.597 17.361 23.152 0.062 0.474 1.000 -5.347e-01 -3.282e+00 -2.870e+00 -4.255e+00 -2.453e+00 -4.755e-01 -6.769e-01 -1.042e+00 -1.233e+00 -2.386e+00 -2.449e+00 -3.170e+00 -4.405e+00 -7.338e+00 -1.058e+01 -1.346e+01
-6.267 -9.582 17.331 23.072 0.062 0.474 1.000 -5.169e-01 -3.323e+00 -2.918e+00 -4.300e+00 -2.494e+00 -4.994e-01 -6.829e-01 -1.030e+00 -1.202e+00 -2.338e+00 -2.326e+00 -2.931e+00 -4.042e+00 -6.955e+00 -1.018e+01 -1.303e+01
-6.160 -9.445 17.298 22.983 0.062 0.474 1.000 -4.988e-01 -3.368e+00 -2.969e+00 -4.347e+00 -2.538e+00 -5.251e-01 -6.906e-01 -1.020e+00 -1.174e+00 -2.291e+00 -2.209e+00 -2.700e+00 -3.684e+00 -6.579e+00 -9.778e+00 -1.261e+01
-6.053 -9.485 17.260 22.885 0.062 0.474 1.000 -4.809e-01 -3.416e+00 -3.023e+00 -4.396e+00 -2.583e+00 -5.527e-01 -7.002e-01 -1.011e+00 -1.147e+00 -2.246e+00 -2.102e+00 -2.479e+00 -3.334e+00 -6.210e+00 -9.388e+00 -1.220e+01
-5.947 -9.506 17.218 22.777 0.062 0.474 1.000 -4.635e-01 -3.467e+00 -3.078e+00 -4.446e+00 -2.628e+00 -5.817e-01 -7.119e-01 -1.005e+00 -1.124e+00 -2.206e+00 -2.005e+00 -2.271e+00 -2.996e+00 -5.855e+00 -9.013e+00 -1.181e+01
-5.840 -9.594 17.173 22.656 0.062 0.474 1.000 -4.470e-01 -3.519e+00 -3.134e+00 -4.497e+00 -2.675e+00 -6.121e-01 -7.257e-01 -1.003e+00 -1.104e+00 -2.170e+00 -1.921e+00 -2.081e+00 -2.675e+00 -5.517e+00 -8.655e+00 -1.143e+01
-5.733 -9.580 17.124 22.522 0.062 0.474 1.000 -4.315e-01 -3.572e+00 -3.191e+00 -4.549e+00 -2.722e+00 -6.437e-01 -7.419e-01 -1.003e+00 -1.089e+00 -2.139e+00 -1.848e+00 -1.910e+00 -2.373e+00 -5.200e+00 -8.321e+00 -1.108e+01
-5.627 -9.492 17.075 22.370 0.062 0.474 1.000 -4.174e-01 -3.626e+00 -3.246e+00 -4.600e+00 -2.768e+00 -6.765e-01 -7.605e-01 -1.008e+00 -1.079e+00 -2.115e+00 -1.788e+00 -1.760e+00 -2.095e+00 -4.907e+00 -8.012e+00 -1.076e+01
-5.520 -9.570 17.026 22.195 0.062 0.474 1.000 -4.050e-01 -3.679e+00 -3.301e+00 -4.650e+00 -2.814e+00 -7.104e-01 -7.820e-01 -1.017e+00 -1.076e+00 -2.099e+00 -1.740e+00 -1.630e+00 -1.842e+00 -4.641e+00 -7.733e+00 -1.047e+01
-5.413 -9.388 16.981 21.989 0.062 0.474 1.000 -3.942e-01 -3.730e+00 -3.354e+00 -4.699e+00 -2.860e+00 -7.457e-01 -8.066e-01 -1.031e+00 -1.079e+00 -2.092e+00 -1.703e+00 -1.520e+00 -1.616e+00 -4.405e+00 -7.485e+00 -1.021e+01
-5.307 -9.486 16.943 21.740 0.062 0.474 1.000 -3.853e-01 -3.780e+00 -3.405e+00 -4.748e+00 -2.906e+00 -7.828e-01 -8.347e-01 -1.050e+00 -1.089e+00 -2.093e+00 -1.677e+00 -1.427e+00 -1.419e+00 -4.199e+00 -7.270e+00 -9.984e+00
-5.200 -9.574 16.916 21.434 0.062 0.474 1.000 -3.782e-01 -3.828e+00 -3.456e+00 -4.796e+00 -2.952e+00 -8.220e-01 -8.668e-01 -1.075e+00 -1.107e+00 -2.104e+00 -1.661e+00 -1.347e+00 -1.250e+00 -4.023e+00 -7.086e+00 -9.793e+00
-5.093 -9.466 16.899 21.049 0.062 0.474 1.000 -3.726e-01 -3.874e+00 -3.505e+00 -4.844e+00 -2.999e+00 -8.637e-01 -9.029e-01 -1.105e+00 -1.132e+00 -2.123e+00 -1.654e+00 -1.279e+00 -1.109e+00 -3.875e+00 -6.933e+00 -9.634e+00
-4.987 -9.526 16.890 20.597 0.062 0.474 1.000 -3.681e-01 -3.921e+00 -3.554e+00 -4.893e+00 -3.048e+00 -9.079e-01 -9.426e-01 -1.141e+00 -1.162e+00 -2.149e+00 -1.652e+00 -1.220e+00 -9.930e-01 -3.755e+00 -6.808e+00 -9.505e+00
-4.880 -9.517 16.886 20.318 0.062 0.474 1.000 -3.643e-01 -3.967e+00 -3.603e+00 -4.942e+00 -3.097e+00 -9.537e-01 -9.846e-01 -1.179e+00 -1.197e+00 -2.179e+00 -1.654e+00 -1.171e+00 -9.011e-01 -3.660e+00 -6.709e+00 -9.401e+00
-4.773 -9.459 16.881 20.406 0.062 0.474 1.000 -3.608e-01 -4.012e+00 -3.652e+00 -4.991e+00 -3.146e+00 -9.991e-01 -1.027e+00 -1.217e+00 -1.232e+00 -2.211e+00 -1.657e+00 -1.132e+00 -8.311e-01 -3.586e+00 -6.632e+00 -9.321e+00
-4.667 -9.414 16.873 20.507 0.062 0.474 1.000 -3.574e-01 -4.054e+00 -3.696e+00 -5.036e+00 -3.191e+00 -1.041e+00 -1.065e+00 -1.252e+00 -1.263e+00 -2.239e+00 -1.661e+00 -1.103e+00 -7.804e-01 -3.532e+00 -6.574e+00 -9.260e+00
-4.560 -9.203 16.862 20.483 0.062 0.474 1.000 -3.543e-01 -4.091e+00 -3.735e+00 -5.073e+00 -3.229e+00 -1.076e+00 -1.097e+00 -1.281e+00 -1.289e+00 -2.262e+00 -1.664e+00 -1.083e+00 -7.462e-01 -3.495e+00 -6.534e+00 -9.216e+00
-4.453 -9.311 16.850 20.335 0.062 0.632 1.000 -3.517e-01 -4.118e+00 -3.763e+00 -5.102e+00 -3.258e+00 -1.102e+00 -1.120e+00 -1.302e+00 -1.307e+00 -2.277e+00 -1.667e+00 -1.071e+00 -7.250e-01 -3.471e+00 -6.507e+00 -9.187e+00
-4.347 -9.229 16.840 20.058 0.062 0.737 1.000 -3.500e-01 -4.135e+00 -3.781e+00 -5.120e+00 -3.276e+00 -1.118e+00 -1.135e+00 -1.314e+00 -1.318e+00 -2.286e+00 -1.669e+00 -1.065e+00 -7.134e-01 -3.457e+00 -6.492e+00 -9.170e+00
-4.240 -9.308 16.834 19.645 0.062 0.842 1.000 -3.490e-01 -4.144e+00 -3.791e+00 -5.129e+00 -3.285e+00 -1.126e+00 -1.142e+00 -1.321e+00 -1.323e+00 -2.290e+00 -1.669e+00 -1.061e+00 -7.079e-01 -3.451e+00 -6.485e+00 -9.162e+00
-4.133 -9.083 16.831 19.077 0.125 1.000 1.000 -3.486e-01 -4.148e+00 -3.795e+00 -5.133e+00 -3.288e+00 -1.130e+00 -1.145e+00 -1.323e+00 -1.325e+00 -2.292e+00 -1.670e+00 -1.060e+00 -7.058e-01 -3.448e+00 -6.482e+00 -9.158e+00
-4.027 -8.686 16.831 18.277 0.312 1.000 1.000 -3.484e-01 -4.149e+00 -3.796e+00 -5.134e+00 -3.289e+00 -1.131e+00 -1.146e+00 -1.324e+00 -1.326e+00 -2.292e+00 -1.670e+00 -1.060e+00 -7.051e-01 -3.448e+00 -6.481e+00 -9.157e+00
-3.920 -8.272 16.831 17.574 0.438 1.000 1.001 -3.484e-01 -4.149e+00 -3.796e+00 -5.134e+00 -3.290e+00 -1.131e+00 -1.146e+00 -1.324e+00 -1.326e+00 -2.292e+00 -1.669e+00 -1.060e+00 -7.048e-01 -3.447e+00 -6.480e+00 -9.157e+00
-3.813 -7.849 16.830 16.862 0.688 1.000 1.001 -3.484e-01 -4.149e+00 -3.796e+00 -5.134e+00 -3.290e+00 -1.131e+00 -1.146e+00 -1.324e+00 -1.326e+00 -2.292e+00 -1.669e+00 -1.060e+00 -7.048e-01 -3.447e+00 -6.480e+00 -9.157e+00
-3.707 -7.475 16.830 16.212 0.750 1.000 1.001 -3.484e-01 -4.149e+00 -3.796e+00 -5.134e+00 -3.290e+00 -1.131e+00 -1.146e+00 -1.324e+00 -1.326e+00 -2.292e+00 -1.669e+00 -1.060e+00 -7.047e-01 -3.447e+00 -6.480e+00 -9.157e+00
-3.600 -7.360 16.830 16.044 0.750 1.000 1.001 -3.484e-01 -4.149e+00 -3.796e+00 -5.134e+00 -3.290e+00 -1.131e+00 -1.146e+00 -1.324e+00 -1.326e+00 -2.292e+00 -1.669e+00 -1.060e+00 -7.047e-01 -3.447e+00 -6.480e+00 -9.157e+00
-3.493 -7.406 16.830 16.662 0.750 1.000 1.001 -3.484e-01 -4.149e+00 -3.796e+00 -5.134e+00 -3.290e+00 -1.131e+00 -1.146e+00 -1.324e+00 -1.326e+00 -2.292e+00 -1.669e+00 -1.060e+00 -7.047e-01 -3.447e+00 -6.480e+00 -9.157e+00
-3.387 -7.958 16.830 17.619 0.688 1.000 1.001 -3.484e-01 -4.149e+00 -3.796e+00 -5.134e+00 -3.290e+00 -1.131e+00 -1.146e+00 -1.324e+00 -1.326e+00 -2.292e+00 -1.669e+00 -1.060e+00 -7.047e-01 -3.447e+00 -6.480e+00 -9.157e+00
-3.280 -7.440 16.830 16.926 0.750 1.000 1.001 -3.484e-01 -4.149e+00 -3.796e+00 -5.134e+00 -3.290e+00 -1.131e+00 -1.146e+00 -1.324e+00 -1.326e+00 -2.292e+00 -1.669e+00 -1.060e+00 -7.047e-01 -3.447e+00 -6.480e+00 -9.157e+00
-3.173 -7.426 16.830 16.607 0.750 1.000 1.001 -3.484e-01 -4.149e+00 -3.796e+00 -5.134e+00 -3.290e+00 -1.131e+00 -1.146e+00 -1.324e+00 -1.326e+00 -2.292e+00 -1.669e+00 -1.060e+00 -7.047e-01 -3.447e+00 -6.480e+00 -9.157e+00
-3.067 -7.739 16.830 17.159 0.688 1.000 1.001 -3.484e-01 -4.149e+00 -3.796e+00 -5.134e+00 -3.290e+00 -1.131e+00 -1.146e+00 -1.324e+00 -1.326e+00 -2.292e+00 -1.669e+00 -1.060e+00 -7.047e-01 -3.447e+00 -6.480e+00 -9.157e+00
-2.960 -7.420 16.830 16.780 0.750 1.000 1.001 -3.484e-01 -4.149e+00 -3.796e+00 -5.134e+00 -3.290e+00 -1.131e+00 -1.146e+00 -1.324e+00 -1.326e+00 -2.292e+00 -1.669e+00 -1.060e+00 -7.047e-01 -3.447e+00 -6.480e+00 -9.157e+00
-2.853 -7.386 16.830 16.346 0.750 1.000 1.001 -3.484e-01 -4.149e+00 -3.796e+00 -5.134e+00 -3.290e+00 -1.131e+00 -1.146e+00 -1.324e+00 -1.326e+00 -2.293e+00 -1.669e+00 -1.060e+00 -7.048e-01 -3.447e+00 -6.480e+00 -9.157e+00
-2.747 -7.400 16.829 16.631 0.750 1.000 1.001 -3.484e-01 -4.149e+00 -3.796e+00 -5.134e+00 -3.290e+00 -1.131e+00 -1.146e+00 -1.324e+00 -1.326e+00 -2.293e+00 -1.669e+00 -1.060e+00 -7.048e-01 -3.447e+00 -6.480e+00 -9.157e+00
-2.640 -7.975 16.829 17.617 0.688 1.000 1.001 -3.484e-01 -4.149e+00 -3.796e+00 -5.134e+00 -3.290e+00 -1.131e+00 -1.146e+00 -1.324e+00 -1.326e+00 -2.293e+00 -1.669e+00 -1.060e+00 -7.048e-01 -3.447e+00 -6.480e+00 -9.157e+00
-2.533 -7.726 16.828 17.135 0.688 1.000 1.001 -3.484e-01 -4.149e+00 -3.796e+00 -5.134e+00 -3.290e+00 -1.131e+00 -1.146e+00 -1.324e+00 -1.326e+00 -2.293e+00 -1.669e+00 -1.060e+00 -7.048e-01 -3.447e+00 -6.480e+00 -9.157e+00
-2.427 -7.934 16.828 17.562 0.688 1.000 1.001 -3.484e-01 -4.149e+00 -3.796e+00 -5.134e+00 -3.290e+00 -1.131e+00 -1.146e+00 -1.324e+00 -1.326e+00 -2.293e+00 -1.669e+00 -1.060e+00 -7.048e-01 -3.447e+00 -6.480e+00 -9.157e+00
-2.320 -7.449 16.827 16.686 0.750 1.000 1.001 -3.484e-01 -4.149e+00 -3.796e+00 -5.134e+00 -3.290e+00 -1.131e+00 -1.146e+00 -1.324e+00 -1.326e+00 -2.293e+00 -1.670e+00 -1.060e+00 -7.049e-01 -3.447e+00 -6.480e+00 -9.157e+00
-2.213 -7.989 16.826 17.699 0.688 1.000 1.000 -3.484e-01 -4.149e+00 -3.796e+00 -5.134e+00 -3.290e+00 -1.131e+00 -1.146e+00 -1.324e+00 -1.326e+00 -2.293e+00 -1.670e+00 -1.060e+00 -7.049e-01 -3.447e+00 -6.480e+00 -9.157e+00
-2.107 -7.389 16.824 16.544 0.750 1.000 1.000 -3.484e-01 -4.149e+00 -3.796e+00 -5.134e+00 -3.290e+00 -1.131e+00 -1.146e+00 -1.324e+00 -1.326e+00 -2.293e+00 -1.670e+00 -1.060e+00 -7.049e-01 -3.447e+00 -6.480e+00 -9.157e+00
-2.000 -7.912 16.823 17.537 0.688 1.000 1.000 -3.484e-01 -4.149e+00 -3.796e+00 -5.134e+00 -3.290e+00 -1.131e+00 -1.146e+00 -1.324e+00 -1.326e+00 -2.293e+00 -1.670e+00 -1.060e+00 -7.050e-01 -3.447e+00 -6.481e+00 -9.157e+00