# All quantities except Asy and RG_PE are log_10; dE/dt in erg/g/s
#   t      dt    |E|  |dE/dt|  Asy  RG_PE sumX   (2,2) (6,6) (8,8) (10,10) (12,12) (14,14) (16,16) (18,18) (20,20) (22,22) (24,24) (26,26) (28,28) (30,30) (32,32) (34,34) 
-16.000 -17.099 6.266 22.266 0.000 0.000 1.000 -11.778 -0.301 -0.301 -11.081 -13.508 -17.136 -38.464 -60.826 -84.874 -108.342 -134.980 -162.715 -191.054 -218.331 -246.683 -275.504
-15.830 -16.954 6.436 22.266 0.000 0.000 1.000 -11.608 -0.301 -0.301 -10.911 -13.338 -16.966 -37.953 -59.974 -83.682 -106.809 -133.105 -160.500 -188.498 -215.433 -243.443 -271.921
-15.660 -16.790 6.606 22.266 0.000 0.000 1.000 -11.438 -0.301 -0.301 -10.741 -13.168 -16.796 -37.443 -59.124 -82.490 -105.277 -131.233 -158.287 -185.944 -212.539 -240.208 -268.345
-15.490 -16.620 6.776 22.266 0.000 0.000 1.000 -11.268 -0.301 -0.301 -10.571 -12.998 -16.626 -36.933 -58.274 -81.300 -103.746 -129.361 -156.075 -183.392 -209.646 -236.975 -264.772
-15.320 -16.450 6.946 22.266 0.000 0.000 1.000 -11.098 -0.301 -0.301 -10.401 -12.828 -16.456 -36.423 -57.423 -80.110 -102.216 -127.491 -153.865 -180.841 -206.755 -233.744 -261.200
-15.150 -16.280 7.116 22.266 0.000 0.000 1.000 -10.928 -0.301 -0.301 -10.231 -12.658 -16.286 -35.913 -56.573 -78.920 -100.686 -125.621 -151.654 -178.291 -203.865 -230.513 -257.629
-14.980 -16.110 7.286 22.266 0.000 0.000 1.000 -10.758 -0.301 -0.301 -10.061 -12.488 -16.116 -35.403 -55.723 -77.730 -99.156 -123.751 -149.444 -175.741 -200.975 -227.283 -254.059
-14.810 -15.940 7.456 22.266 0.000 0.000 1.000 -10.588 -0.301 -0.301 -9.891 -12.318 -15.946 -34.893 -54.873 -76.540 -97.626 -121.881 -147.234 -173.191 -198.085 -224.053 -250.489
-14.640 -15.770 7.626 22.266 0.000 0.000 1.000 -10.418 -0.301 -0.301 -9.721 -12.148 -15.776 -34.383 -54.023 -75.350 -96.096 -120.011 -145.024 -170.641 -195.195 -220.823 -246.919
-14.470 -15.600 7.796 22.266 0.000 0.000 1.000 -10.248 -0.301 -0.301 -9.551 -11.978 -15.606 -33.873 -53.173 -74.160 -94.566 -118.141 -142.814 -168.091 -192.305 -217.593 -243.349
-14.300 -15.430 7.966 22.266 0.000 0.000 1.000 -10.078 -0.301 -0.301 -9.381 -11.808 -15.436 -33.363 -52.323 -72.970 -93.036 -116.271 -140.604 -165.541 -189.415 -214.363 -239.779
-14.130 -15.260 8.136 22.266 0.000 0.000 1.000 -9.908 -0.301 -0.301 -9.211 -11.638 -15.266 -32.853 -51.473 -71.780 -91.506 -114.401 -138.394 -162.991 -186.525 -211.133 -236.209
-13.960 -15.090 8.306 22.266 0.000 0.000 1.000 -9.738 -0.301 -0.301 -9.041 -11.468 -15.096 -32.343 -50.623 -70.590 -89.976 -112.531 -136.184 -160.441 -183.635 -207.903 -232.639
-13.790 -14.920 8.476 22.266 0.000 0.000 1.000 -9.568 -0.301 -0.301 -8.871 -11.298 -14.926 -31.833 -49.773 -69.400 -88.446 -110.661 -133.974 -157.891 -180.745 -204.673 -229.069
-13.620 -14.750 8.646 22.266 0.000 0.000 1.000 -9.398 -0.301 -0.301 -8.701 -11.128 -14.756 -31.323 -48.923 -68.210 -86.916 -108.791 -131.764 -155.341 -177.855 -201.443 -225.499
-13.450 -14.580 8.816 22.266 0.000 0.000 1.000 -9.228 -0.301 -0.301 -8.531 -10.958 -14.586 -30.813 -48.073 -67.020 -85.386 -106.921 -129.554 -152.791 -174.965 -198.213 -221.929
-13.280 -14.410 8.986 22.266 0.000 0.000 1.000 -9.058 -0.301 -0.301 -8.361 -10.788 -14.416 -30.303 -47.223 -65.830 -83.856 -105.051 -127.344 -150.241 -172.075 -194.983 -218.359
-13.110 -14.240 9.156 22.266 0.000 0.000 1.000 -8.888 -0.301 -0.301 -8.191 -10.618 -14.246 -29.793 -46.373 -64.640 -82.326 -103.181 -125.134 -147.691 -169.185 -191.753 -214.789
-12.940 -14.070 9.326 22.266 0.000 0.000 1.000 -8.718 -0.301 -0.301 -8.021 -10.448 -14.076 -29.283 -45.523 -63.450 -80.796 -101.311 -122.924 -145.141 -166.295 -188.523 -211.219
-12.770 -13.900 9.496 22.266 0.000 0.000 1.000 -8.548 -0.301 -0.301 -7.851 -10.278 -13.906 -28.773 -44.673 -62.260 -79.266 -99.441 -120.714 -142.591 -163.405 -185.293 -207.649
-12.600 -13.730 9.666 22.266 0.000 0.000 1.000 -8.378 -0.301 -0.301 -7.681 -10.108 -13.736 -28.263 -43.823 -61.070 -77.736 -97.571 -118.504 -140.041 -160.515 -182.063 -204.079
-12.430 -13.560 9.836 22.266 0.000 0.000 1.000 -8.208 -0.301 -0.301 -7.511 -9.938 -13.566 -27.753 -42.973 -59.880 -76.206 -95.701 -116.294 -137.491 -157.625 -178.833 -200.509
-12.260 -13.390 10.006 22.266 0.000 0.000 1.000 -8.038 -0.301 -0.301 -7.341 -9.768 -13.396 -27.243 -42.123 -58.690 -74.676 -93.831 -114.084 -134.941 -154.735 -175.603 -196.939
-12.090 -13.220 10.176 22.266 0.000 0.000 1.000 -7.868 -0.301 -0.301 -7.171 -9.598 -13.226 -26.733 -41.273 -57.500 -73.146 -91.961 -111.874 -132.391 -151.845 -172.373 -193.369
-11.920 -13.050 10.346 22.266 0.000 0.000 1.000 -7.698 -0.301 -0.301 -7.001 -9.428 -13.056 -26.223 -40.423 -56.310 -71.616 -90.091 -109.664 -129.841 -148.955 -169.143 -189.799
-11.750 -12.880 10.516 22.266 0.000 0.000 1.000 -7.528 -0.301 -0.301 -6.831 -9.258 -12.886 -25.713 -39.573 -55.120 -70.086 -88.221 -107.454 -127.291 -146.065 -165.913 -186.229
-11.580 -12.710 10.686 22.266 0.000 0.000 1.000 -7.358 -0.301 -0.301 -6.661 -9.088 -12.716 -25.203 -38.723 -53.930 -68.556 -86.351 -105.244 -124.741 -143.175 -162.683 -182.659
-11.410 -12.540 10.856 22.266 0.000 0.000 1.000 -7.188 -0.301 -0.301 -6.491 -8.918 -12.546 -24.693 -37.873 -52.740 -67.026 -84.481 -103.034 -122.191 -140.285 -159.453 -179.089
-11.240 -12.370 11.026 22.266 0.000 0.000 1.000 -7.018 -0.301 -0.301 -6.321 -8.748 -12.376 -24.183 -37.023 -51.550 -65.496 -82.611 -100.824 -119.641 -137.395 -156.223 -175.519
-11.070 -12.200 11.196 22.266 0.000 0.000 1.000 -6.848 -0.301 -0.301 -6.151 -8.578 -12.206 -23.673 -36.173 -50.360 -63.966 -80.741 -98.614 -117.091 -134.505 -152.993 -171.949
-10.900 -12.030 11.366 22.266 0.000 0.000 1.000 -6.678 -0.301 -0.301 -5.981 -8.408 -12.036 -23.163 -35.323 -49.170 -62.436 -78.871 -96.404 -114.541 -131.615 -149.763 -168.379
-10.730 -11.860 11.536 22.266 0.000 0.000 1.000 -6.508 -0.301 -0.301 -5.811 -8.238 -11.866 -22.653 -34.473 -47.980 -60.906 -77.001 -94.194 -111.991 -128.725 -146.533 -164.809
-10.560 -11.690 11.706 22.266 0.000 0.000 1.000 -6.338 -0.301 -0.301 -5.641 -8.068 -11.696 -22.143 -33.623 -46.790 -59.376 -75.131 -91.984 -109.441 -125.835 -143.303 -161.239
-10.390 -11.520 11.876 22.266 0.000 0.000 1.000 -6.168 -0.301 -0.301 -5.471 -7.898 -11.526 -21.633 -32.773 -45.600 -57.846 -73.261 -89.774 -106.891 -122.945 -140.073 -157.669
-10.220 -11.350 12.046 22.266 0.000 0.000 1.000 -5.998 -0.301 -0.301 -5.301 -7.728 -11.356 -21.123 -31.923 -44.410 -56.316 -71.391 -87.564 -104.341 -120.055 -136.843 -154.099
-10.050 -11.180 12.216 22.266 0.000 0.000 1.000 -5.828 -0.301 -0.301 -5.131 -7.558 -11.186 -20.613 -31.073 -43.220 -54.786 -69.521 -85.354 -101.791 -117.165 -133.613 -150.529
-9.880 -11.010 12.386 22.266 0.000 0.000 1.000 -5.658 -0.301 -0.301 -4.961 -7.388 -11.016 -20.103 -30.223 -42.030 -53.256 -67.651 -83.144 -99.241 -114.275 -130.383 -146.959
-9.710 -10.840 12.556 22.266 0.000 0.000 1.000 -5.488 -0.301 -0.301 -4.791 -7.218 -10.846 -19.593 -29.373 -40.840 -51.726 -65.781 -80.934 -96.691 -111.385 -127.153 -143.389
-9.540 -10.670 12.726 22.266 0.000 0.000 1.000 -5.318 -0.301 -0.301 -4.621 -7.048 -10.676 -19.083 -28.523 -39.650 -50.196 -63.911 -78.724 -94.141 -108.495 -123.923 -139.819
-9.370 -10.500 12.896 22.266 0.000 0.000 1.000 -5.148 -0.301 -0.301 -4.451 -6.878 -10.506 -18.573 -27.673 -38.460 -48.666 -62.041 -76.514 -91.591 -105.605 -120.693 -136.249
-9.200 -10.330 13.066 22.266 0.000 0.000 1.000 -4.978 -0.301 -0.301 -4.280 -6.708 -10.336 -18.063 -26.823 -37.270 -47.136 -60.171 -74.305 -89.041 -102.715 -117.464 -132.679
-9.030 -10.160 13.236 22.267 0.000 0.000 1.000 -4.808 -0.301 -0.301 -4.110 -6.538 -10.166 -17.553 -25.973 -36.080 -45.606 -58.301 -72.095 -86.492 -99.825 -114.234 -129.110
-8.860 -9.990 13.406 22.267 0.000 0.000 1.000 -4.638 -0.301 -0.301 -3.940 -6.368 -9.995 -17.043 -25.123 -34.890 -44.076 -56.432 -69.885 -83.942 -96.936 -111.004 -125.540
-8.690 -9.820 13.577 22.267 0.000 0.000 1.000 -4.469 -0.301 -0.301 -3.770 -6.198 -9.824 -16.532 -24.273 -33.700 -42.546 -54.562 -67.675 -81.392 -94.046 -107.775 -121.971
-8.520 -9.650 13.747 22.267 0.000 0.000 1.000 -4.299 -0.301 -0.301 -3.600 -6.027 -9.652 -16.021 -23.423 -32.510 -41.016 -52.692 -65.466 -78.843 -91.157 -104.546 -118.402
-8.350 -9.480 13.917 22.270 0.000 0.000 1.000 -4.129 -0.301 -0.301 -3.430 -5.856 -9.478 -15.509 -22.571 -31.319 -39.485 -50.821 -63.255 -76.292 -88.266 -101.315 -114.831
-8.180 -9.310 14.088 22.270 0.000 0.000 1.000 -3.959 -0.302 -0.301 -3.259 -5.682 -9.300 -14.994 -21.717 -30.125 -37.951 -48.946 -61.039 -73.735 -85.369 -98.078 -111.253
-8.010 -9.140 14.259 22.270 0.000 0.000 1.000 -3.789 -0.302 -0.301 -3.089 -5.506 -9.113 -14.474 -20.860 -28.929 -36.416 -47.072 -58.825 -71.181 -82.474 -94.842 -107.677
-7.840 -8.970 14.430 22.274 0.000 0.000 1.000 -3.619 -0.302 -0.301 -2.917 -5.323 -8.910 -13.944 -19.996 -27.727 -34.876 -45.191 -56.604 -68.619 -79.572 -91.600 -104.094
-7.670 -8.800 14.602 22.279 0.000 0.000 1.000 -3.449 -0.303 -0.301 -2.745 -5.126 -8.673 -13.394 -19.117 -26.515 -33.327 -43.303 -54.377 -66.052 -76.665 -88.352 -100.506
-7.500 -8.630 14.776 22.285 0.000 0.000 1.000 -3.280 -0.304 -0.301 -2.573 -4.903 -8.377 -12.804 -18.211 -25.282 -31.760 -41.400 -52.135 -63.471 -73.744 -85.092 -96.904
-7.330 -8.460 14.951 22.296 0.000 0.000 1.000 -3.110 -0.305 -0.301 -2.399 -4.636 -7.987 -12.144 -17.251 -24.006 -30.159 -39.468 -49.868 -60.866 -70.801 -81.810 -93.282
-7.160 -8.290 15.130 22.316 0.000 0.000 1.000 -2.940 -0.307 -0.301 -2.222 -4.306 -7.476 -11.377 -16.200 -22.654 -28.492 -37.478 -47.549 -58.214 -67.814 -78.487 -89.620
-6.990 -8.120 15.315 22.346 0.000 0.000 1.000 -2.772 -0.310 -0.301 -2.044 -3.908 -6.840 -10.476 -15.021 -21.185 -26.720 -35.392 -45.144 -55.483 -64.754 -75.097 -85.894
-6.820 -7.950 15.510 22.404 0.000 0.000 1.000 -2.603 -0.315 -0.301 -1.862 -3.452 -6.100 -9.445 -13.697 -19.565 -24.794 -33.154 -42.589 -52.607 -61.556 -71.577 -82.043
-6.650 -7.780 15.726 22.501 0.000 0.000 1.000 -2.435 -0.323 -0.302 -1.673 -2.953 -5.283 -8.309 -12.240 -17.786 -22.685 -30.712 -39.817 -49.502 -58.126 -67.827 -77.961
-6.480 -7.610 15.980 22.667 0.000 0.000 1.000 -2.269 -0.337 -0.303 -1.477 -2.418 -4.408 -7.087 -10.664 -15.856 -20.382 -28.033 -36.766 -46.083 -54.356 -63.721 -73.505
-6.310 -7.440 16.304 22.934 0.000 0.000 1.000 -2.107 -0.367 -0.306 -1.269 -1.847 -3.470 -5.771 -8.955 -13.744 -17.834 -25.033 -33.324 -42.203 -50.072 -59.064 -68.445
-6.140 -7.270 16.746 23.336 0.000 0.000 1.000 -1.965 -0.456 -0.312 -1.050 -1.228 -2.442 -4.314 -7.038 -11.340 -14.880 -21.489 -29.205 -37.518 -44.895 -53.451 -62.329
-5.970 -7.678 17.239 23.485 0.000 0.000 1.000 -2.131 -0.815 -0.316 -0.974 -0.679 -1.403 -2.736 -4.839 -8.397 -11.035 -16.546 -23.047 -30.036 -36.103 -43.351 -50.739
-5.800 -7.220 17.411 22.940 0.063 0.000 1.000 -2.552 -1.357 -0.288 -1.350 -0.552 -0.982 -2.034 -3.839 -7.053 -9.327 -14.374 -20.386 -26.863 -32.456 -39.213 -46.028
-5.630 -7.168 17.456 22.249 0.000 0.000 1.000 -2.971 -1.764 -0.269 -1.986 -0.576 -0.826 -1.731 -3.385 -6.428 -8.590 -13.378 -19.128 -25.329 -30.713 -37.175 -43.661
-5.460 -7.115 17.473 21.724 0.000 0.000 1.000 -3.486 -2.097 -0.264 -2.626 -0.603 -0.768 -1.612 -3.198 -6.162 -8.432 -13.015 -18.635 -24.720 -30.170 -36.459 -42.790
-5.290 -7.559 17.481 21.263 0.000 0.000 1.000 -3.920 -2.393 -0.264 -3.188 -0.616 -0.742 -1.574 -3.126 -6.047 -8.614 -12.907 -18.438 -24.463 -30.178 -36.273 -42.486
-5.120 -7.317 17.485 20.957 0.000 0.000 1.000 -4.188 -2.671 -0.265 -3.580 -0.624 -0.724 -1.568 -3.096 -5.980 -8.931 -12.874 -18.332 -24.313 -30.344 -36.287 -42.378
-4.950 -7.160 17.489 20.776 0.000 0.000 1.000 -4.303 -2.917 -0.267 -3.779 -0.632 -0.704 -1.580 -3.082 -5.921 -9.114 -12.859 -18.243 -24.178 -30.384 -36.386 -42.353
-4.780 -6.916 17.493 20.722 0.063 0.000 1.000 -4.318 -3.067 -0.270 -3.847 -0.644 -0.679 -1.608 -3.078 -5.851 -9.119 -12.842 -18.141 -24.014 -30.266 -36.508 -42.387
-4.610 -6.916 17.499 20.772 0.063 0.000 1.000 -4.265 -3.086 -0.274 -3.851 -0.665 -0.642 -1.650 -3.087 -5.758 -9.031 -12.812 -18.003 -23.781 -30.011 -36.469 -42.452
-4.440 -6.916 17.510 20.899 0.063 0.000 1.000 -4.146 -3.034 -0.283 -3.821 -0.704 -0.586 -1.691 -3.118 -5.624 -8.865 -12.736 -17.786 -23.412 -29.571 -36.015 -42.210
-4.270 -6.916 17.533 21.127 0.125 0.000 1.000 -3.897 -2.938 -0.305 -3.747 -0.796 -0.495 -1.647 -3.142 -5.412 -8.559 -12.479 -17.357 -22.741 -28.737 -35.014 -41.069
-4.100 -7.514 17.600 21.517 0.000 0.000 1.000 -3.241 -2.766 -0.388 -3.516 -1.224 -0.329 -1.246 -2.594 -4.663 -7.455 -11.117 -15.654 -20.604 -26.113 -31.924 -37.484
-3.930 -7.898 17.710 21.318 0.000 0.000 1.000 -2.598 -2.775 -0.717 -3.400 -2.235 -0.256 -0.687 -1.465 -2.545 -4.831 -7.445 -10.976 -14.946 -19.878 -25.015 -29.860
-3.760 -7.781 17.761 20.751 0.000 0.000 1.000 -2.535 -2.962 -1.205 -3.829 -2.706 -0.219 -0.583 -1.283 -1.852 -4.075 -6.039 -8.957 -12.335 -17.200 -22.224 -26.947
-3.590 -7.626 17.778 20.099 0.063 0.000 1.000 -2.519 -3.229 -1.792 -4.398 -3.020 -0.209 -0.556 -1.237 -1.607 -3.815 -5.367 -7.906 -10.918 -15.767 -20.764 -25.459
-3.420 -8.401 17.783 19.348 0.000 0.000 1.000 -2.510 -3.601 -2.498 -5.088 -3.143 -0.209 -0.547 -1.218 -1.512 -3.711 -4.934 -7.172 -9.896 -14.735 -19.719 -24.399
-3.250 -7.665 17.785 18.561 0.000 0.000 1.000 -2.501 -4.019 -3.159 -5.705 -3.177 -0.213 -0.542 -1.204 -1.473 -3.663 -4.613 -6.592 -9.064 -13.895 -18.867 -23.536
-3.080 -7.344 17.785 18.219 0.063 0.000 1.000 -2.489 -4.178 -3.361 -5.874 -3.195 -0.219 -0.537 -1.188 -1.444 -3.622 -4.346 -6.092 -8.336 -13.155 -18.114 -22.770
-2.910 -7.161 17.785 18.092 0.125 0.000 1.000 -2.472 -4.211 -3.401 -5.900 -3.216 -0.227 -0.531 -1.167 -1.408 -3.571 -4.103 -5.636 -7.667 -12.469 -17.412 -22.052
-2.740 -7.724 17.786 18.062 0.000 0.000 1.000 -2.450 -4.246 -3.445 -5.927 -3.244 -0.237 -0.523 -1.140 -1.361 -3.505 -3.867 -5.200 -7.025 -11.807 -16.729 -21.348
-2.570 -7.501 17.787 18.070 0.063 0.000 1.000 -2.421 -4.291 -3.501 -5.962 -3.279 -0.252 -0.513 -1.107 -1.303 -3.422 -3.628 -4.768 -6.392 -11.147 -16.042 -20.634
-2.400 -7.731 17.788 17.999 0.000 0.000 1.000 -2.387 -4.351 -3.572 -6.007 -3.324 -0.270 -0.503 -1.068 -1.235 -3.323 -3.384 -4.333 -5.755 -10.479 -15.342 -19.902
-2.230 -7.341 17.789 17.882 0.125 0.000 1.000 -2.346 -4.425 -3.656 -6.061 -3.376 -0.294 -0.494 -1.025 -1.158 -3.212 -3.134 -3.890 -5.108 -9.793 -14.619 -19.142
-2.060 -7.533 17.790 17.752 0.063 0.000 1.000 -2.299 -4.513 -3.755 -6.124 -3.436 -0.322 -0.486 -0.980 -1.076 -3.090 -2.882 -3.443 -4.447 -9.089 -13.871 -18.351
-1.890 -7.370 17.792 17.651 0.000 0.000 1.000 -2.246 -4.616 -3.865 -6.196 -3.503 -0.356 -0.481 -0.935 -0.993 -2.963 -2.639 -3.002 -3.780 -8.375 -13.111 -17.544
-1.720 -8.039 17.793 17.549 0.000 0.000 1.000 -2.190 -4.731 -3.983 -6.274 -3.573 -0.394 -0.480 -0.894 -0.913 -2.839 -2.418 -2.585 -3.122 -7.667 -12.354 -16.738
-1.550 -7.417 17.795 17.461 0.125 0.000 1.000 -2.134 -4.850 -4.104 -6.355 -3.645 -0.436 -0.485 -0.861 -0.842 -2.725 -2.229 -2.217 -2.499 -6.995 -11.634 -15.970
-1.380 -7.914 17.798 17.392 0.000 0.000 1.000 -2.082 -4.963 -4.215 -6.431 -3.712 -0.480 -0.497 -0.840 -0.789 -2.634 -2.083 -1.920 -1.937 -6.390 -10.985 -15.277
-1.210 -7.442 17.801 17.405 0.125 0.000 1.000 -2.036 -5.050 -4.302 -6.490 -3.767 -0.522 -0.517 -0.836 -0.763 -2.580 -1.989 -1.704 -1.461 -5.877 -10.435 -14.692
-1.040 -6.808 17.806 17.416 0.188 0.000 1.000 -1.999 -5.107 -4.362 -6.531 -3.810 -0.565 -0.548 -0.855 -0.771 -2.568 -1.951 -1.553 -1.081 -5.469 -10.001 -14.232
-0.870 -7.506 17.814 17.414 0.125 0.000 1.000 -1.961 -5.155 -4.416 -6.570 -3.857 -0.620 -0.598 -0.897 -0.809 -2.591 -1.947 -1.428 -0.787 -5.151 -9.659 -13.866
-0.700 -7.516 17.825 17.375 0.063 0.000 1.000 -1.911 -5.227 -4.498 -6.632 -3.931 -0.706 -0.679 -0.971 -0.878 -2.641 -1.957 -1.302 -0.555 -4.885 -9.362 -13.538
-0.530 -7.548 17.838 17.252 0.063 0.000 1.000 -1.821 -5.358 -4.643 -6.742 -4.060 -0.856 -0.818 -1.095 -0.992 -2.721 -1.970 -1.176 -0.365 -4.635 -9.055 -13.174
-0.360 -7.608 17.848 16.527 0.125 0.000 1.001 -1.622 -5.629 -4.936 -6.955 -4.309 -1.145 -1.079 -1.319 -1.190 -2.839 -1.985 -1.062 -0.214 -4.352 -8.645 -12.638
-0.190 -7.988 17.781 17.969 0.125 0.000 1.001 -0.979 -5.882 -5.320 -7.105 -4.615 -1.628 -1.504 -1.653 -1.477 -2.889 -1.957 -0.989 -0.174 -3.893 -7.789 -11.386
-0.020 -7.759 17.724 17.497 0.250 0.000 0.999 -0.813 -5.723 -5.210 -6.948 -4.524 -1.611 -1.494 -1.638 -1.471 -2.835 -1.927 -0.988 -0.211 -3.829 -7.633 -11.135
0.150 -6.442 17.712 14.405 0.688 0.000 1.000 -0.787 -5.690 -5.183 -6.914 -4.502 -1.602 -1.486 -1.631 -1.466 -2.824 -1.921 -0.989 -0.218 -3.821 -7.611 -11.099
0.320 -6.442 17.712 14.394 0.688 0.000 1.000 -0.787 -5.690 -5.183 -6.914 -4.502 -1.602 -1.486 -1.631 -1.466 -2.824 -1.921 -0.989 -0.218 -3.821 -7.611 -11.099
0.490 -6.396 17.712 14.462 0.688 0.000 1.000 -0.787 -5.690 -5.183 -6.914 -4.502 -1.602 -1.486 -1.631 -1.466 -2.824 -1.921 -0.989 -0.218 -3.821 -7.611 -11.099
0.660 -6.442 17.712 14.244 0.688 0.000 1.000 -0.787 -5.690 -5.183 -6.914 -4.502 -1.602 -1.486 -1.631 -1.466 -2.824 -1.921 -0.989 -0.218 -3.821 -7.611 -11.099
0.830 -6.442 17.712 14.193 0.688 0.000 1.000 -0.787 -5.690 -5.183 -6.914 -4.502 -1.602 -1.486 -1.631 -1.466 -2.824 -1.921 -0.989 -0.218 -3.821 -7.611 -11.099
1.000 -6.442 17.712 14.292 0.688 0.000 1.000 -0.787 -5.690 -5.183 -6.914 -4.502 -1.602 -1.486 -1.631 -1.466 -2.824 -1.921 -0.989 -0.218 -3.821 -7.611 -11.099
