# All quantities actual values (not log10) 
#
# time(s)    dt(s)      dE(erg)  E(erg/g/s)    T(K)    rho(g/cm^3) 2/Rmax(s)
1.1088e-05 1.1088e-06 0.0000e+00 0.0000e+00 2.0000e+07 2.0000e+01 1.8697e+02
1.2197e-05 1.2197e-06 0.0000e+00 0.0000e+00 2.0000e+07 2.0000e+01 1.8697e+02
1.3416e-05 1.3416e-06 0.0000e+00 0.0000e+00 2.0000e+07 2.0000e+01 1.8697e+02
1.4758e-05 1.4758e-06 0.0000e+00 0.0000e+00 2.0000e+07 2.0000e+01 1.8697e+02
1.6234e-05 1.6234e-06 0.0000e+00 0.0000e+00 2.0000e+07 2.0000e+01 1.8697e+02
1.7857e-05 1.7857e-06 0.0000e+00 0.0000e+00 2.0000e+07 2.0000e+01 1.8697e+02
1.9643e-05 1.9643e-06 0.0000e+00 0.0000e+00 2.0000e+07 2.0000e+01 1.8697e+02
2.1607e-05 2.1607e-06 0.0000e+00 0.0000e+00 2.0000e+07 2.0000e+01 1.8697e+02
2.3768e-05 2.3768e-06 0.0000e+00 0.0000e+00 2.0000e+07 2.0000e+01 1.8697e+02
2.6067e-05 2.6067e-06 0.0000e+00 0.0000e+00 2.0000e+07 2.0000e+01 1.8697e+02
2.7548e-05 2.7548e-06 0.0000e+00 0.0000e+00 2.0000e+07 2.0000e+01 1.8697e+02
2.9113e-05 2.9113e-06 0.0000e+00 0.0000e+00 2.0000e+07 2.0000e+01 1.8697e+02
3.0767e-05 3.0767e-06 0.0000e+00 0.0000e+00 2.0000e+07 2.0000e+01 1.8697e+02
3.2516e-05 3.2516e-06 0.0000e+00 0.0000e+00 2.0000e+07 2.0000e+01 1.8697e+02
3.4363e-05 3.4363e-06 0.0000e+00 0.0000e+00 2.0000e+07 2.0000e+01 1.8697e+02
3.6315e-05 3.6315e-06 0.0000e+00 0.0000e+00 2.0000e+07 2.0000e+01 1.8697e+02
3.8379e-05 3.8379e-06 0.0000e+00 0.0000e+00 2.0000e+07 2.0000e+01 1.8697e+02
4.0559e-05 4.0559e-06 0.0000e+00 0.0000e+00 2.0000e+07 2.0000e+01 1.8697e+02
4.2864e-05 4.2864e-06 0.0000e+00 0.0000e+00 2.0000e+07 2.0000e+01 1.8697e+02
4.5299e-05 4.5299e-06 0.0000e+00 0.0000e+00 2.0000e+07 2.0000e+01 1.8697e+02
4.7873e-05 4.7873e-06 0.0000e+00 0.0000e+00 2.0000e+07 2.0000e+01 1.8697e+02
5.0593e-05 5.0593e-06 0.0000e+00 0.0000e+00 2.0000e+07 2.0000e+01 1.8697e+02
5.3468e-05 5.3468e-06 0.0000e+00 0.0000e+00 2.0000e+07 2.0000e+01 1.8697e+02
5.6506e-05 5.6506e-06 0.0000e+00 0.0000e+00 2.0000e+07 2.0000e+01 1.8697e+02
5.9716e-05 5.9716e-06 0.0000e+00 0.0000e+00 2.0000e+07 2.0000e+01 1.8697e+02
6.3109e-05 6.3109e-06 0.0000e+00 0.0000e+00 2.0000e+07 2.0000e+01 1.8697e+02
6.6695e-05 6.6695e-06 0.0000e+00 0.0000e+00 2.0000e+07 2.0000e+01 1.8697e+02
7.0484e-05 7.0484e-06 0.0000e+00 0.0000e+00 2.0000e+07 2.0000e+01 1.8697e+02
7.4489e-05 7.4489e-06 0.0000e+00 0.0000e+00 2.0000e+07 2.0000e+01 1.8697e+02
7.8721e-05 7.8721e-06 0.0000e+00 0.0000e+00 2.0000e+07 2.0000e+01 1.8697e+02
8.3194e-05 8.3194e-06 0.0000e+00 0.0000e+00 2.0000e+07 2.0000e+01 1.8697e+02
8.7921e-05 8.7921e-06 0.0000e+00 0.0000e+00 2.0000e+07 2.0000e+01 1.8697e+02
9.2916e-05 9.2916e-06 0.0000e+00 0.0000e+00 2.0000e+07 2.0000e+01 1.8697e+02
9.8195e-05 9.8195e-06 0.0000e+00 0.0000e+00 2.0000e+07 2.0000e+01 1.8697e+02
1.0377e-04 1.0377e-05 0.0000e+00 0.0000e+00 2.0000e+07 2.0000e+01 1.8697e+02
1.0967e-04 1.0967e-05 0.0000e+00 0.0000e+00 2.0000e+07 2.0000e+01 1.8697e+02
1.1590e-04 1.1590e-05 0.0000e+00 0.0000e+00 2.0000e+07 2.0000e+01 1.8697e+02
1.2249e-04 1.2249e-05 0.0000e+00 0.0000e+00 2.0000e+07 2.0000e+01 1.8697e+02
1.2945e-04 1.2945e-05 0.0000e+00 0.0000e+00 2.0000e+07 2.0000e+01 1.8697e+02
1.3680e-04 1.3680e-05 0.0000e+00 0.0000e+00 2.0000e+07 2.0000e+01 1.8697e+02
1.4457e-04 1.4457e-05 0.0000e+00 0.0000e+00 2.0000e+07 2.0000e+01 1.8697e+02
1.5279e-04 1.5279e-05 0.0000e+00 0.0000e+00 2.0000e+07 2.0000e+01 1.8697e+02
1.6147e-04 1.6147e-05 0.0000e+00 0.0000e+00 2.0000e+07 2.0000e+01 1.8697e+02
1.7064e-04 1.7064e-05 0.0000e+00 0.0000e+00 2.0000e+07 2.0000e+01 1.8697e+02
1.8034e-04 1.8034e-05 0.0000e+00 0.0000e+00 2.0000e+07 2.0000e+01 1.8697e+02
1.9059e-04 1.9059e-05 0.0000e+00 0.0000e+00 2.0000e+07 2.0000e+01 1.8697e+02
2.0141e-04 2.0141e-05 0.0000e+00 0.0000e+00 2.0000e+07 2.0000e+01 1.8697e+02
2.1286e-04 2.1286e-05 0.0000e+00 0.0000e+00 2.0000e+07 2.0000e+01 1.8697e+02
2.2495e-04 2.2495e-05 0.0000e+00 0.0000e+00 2.0000e+07 2.0000e+01 1.8697e+02
2.3773e-04 2.3773e-05 0.0000e+00 0.0000e+00 2.0000e+07 2.0000e+01 1.8697e+02
2.5124e-04 2.5124e-05 0.0000e+00 0.0000e+00 2.0000e+07 2.0000e+01 1.8697e+02
2.6552e-04 2.6552e-05 0.0000e+00 0.0000e+00 2.0000e+07 2.0000e+01 1.8697e+02
2.8060e-04 2.8060e-05 0.0000e+00 0.0000e+00 2.0000e+07 2.0000e+01 1.8697e+02
2.9655e-04 2.9655e-05 0.0000e+00 0.0000e+00 2.0000e+07 2.0000e+01 1.8697e+02
3.1339e-04 3.1339e-05 0.0000e+00 0.0000e+00 2.0000e+07 2.0000e+01 1.8697e+02
3.3120e-04 3.3120e-05 0.0000e+00 0.0000e+00 2.0000e+07 2.0000e+01 1.8697e+02
3.5002e-04 3.5002e-05 0.0000e+00 0.0000e+00 2.0000e+07 2.0000e+01 1.8697e+02
3.6991e-04 3.6991e-05 0.0000e+00 0.0000e+00 2.0000e+07 2.0000e+01 1.8697e+02
3.9092e-04 3.9092e-05 0.0000e+00 0.0000e+00 2.0000e+07 2.0000e+01 1.8697e+02
4.1313e-04 4.1313e-05 0.0000e+00 0.0000e+00 2.0000e+07 2.0000e+01 1.8697e+02
4.3661e-04 4.3661e-05 0.0000e+00 0.0000e+00 2.0000e+07 2.0000e+01 1.8697e+02
4.6141e-04 4.6141e-05 0.0000e+00 0.0000e+00 2.0000e+07 2.0000e+01 1.8697e+02
4.8763e-04 4.8763e-05 0.0000e+00 0.0000e+00 2.0000e+07 2.0000e+01 1.8697e+02
5.1534e-04 5.1534e-05 0.0000e+00 0.0000e+00 2.0000e+07 2.0000e+01 1.8697e+02
5.4462e-04 5.4462e-05 0.0000e+00 0.0000e+00 2.0000e+07 2.0000e+01 1.8697e+02
5.7556e-04 5.7556e-05 0.0000e+00 0.0000e+00 2.0000e+07 2.0000e+01 1.8697e+02
6.0826e-04 6.0826e-05 0.0000e+00 0.0000e+00 2.0000e+07 2.0000e+01 1.8697e+02
6.4282e-04 6.4282e-05 0.0000e+00 0.0000e+00 2.0000e+07 2.0000e+01 1.8697e+02
6.7935e-04 6.7935e-05 0.0000e+00 0.0000e+00 2.0000e+07 2.0000e+01 1.8697e+02
7.1795e-04 7.1795e-05 0.0000e+00 0.0000e+00 2.0000e+07 2.0000e+01 1.8697e+02
7.5874e-04 7.5874e-05 0.0000e+00 0.0000e+00 2.0000e+07 2.0000e+01 1.8697e+02
8.0185e-04 8.0185e-05 0.0000e+00 0.0000e+00 2.0000e+07 2.0000e+01 1.8697e+02
8.4741e-04 8.4741e-05 0.0000e+00 0.0000e+00 2.0000e+07 2.0000e+01 1.8697e+02
8.9555e-04 8.9555e-05 0.0000e+00 0.0000e+00 2.0000e+07 2.0000e+01 1.8697e+02
9.4644e-04 9.4644e-05 0.0000e+00 0.0000e+00 2.0000e+07 2.0000e+01 1.8697e+02
1.0002e-03 1.0002e-04 0.0000e+00 0.0000e+00 2.0000e+07 2.0000e+01 1.8697e+02
1.0570e-03 1.0570e-04 0.0000e+00 0.0000e+00 2.0000e+07 2.0000e+01 1.8697e+02
1.1171e-03 1.1171e-04 0.0000e+00 0.0000e+00 2.0000e+07 2.0000e+01 1.8697e+02
1.1806e-03 1.1806e-04 0.0000e+00 0.0000e+00 2.0000e+07 2.0000e+01 1.8697e+02
1.2476e-03 1.2476e-04 0.0000e+00 0.0000e+00 2.0000e+07 2.0000e+01 1.8697e+02
1.3185e-03 1.3185e-04 0.0000e+00 0.0000e+00 2.0000e+07 2.0000e+01 1.8697e+02
1.3934e-03 1.3934e-04 0.0000e+00 0.0000e+00 2.0000e+07 2.0000e+01 1.8697e+02
1.4726e-03 1.4726e-04 0.0000e+00 0.0000e+00 2.0000e+07 2.0000e+01 1.8697e+02
1.5563e-03 1.5563e-04 0.0000e+00 0.0000e+00 2.0000e+07 2.0000e+01 1.8697e+02
1.6447e-03 1.6447e-04 0.0000e+00 0.0000e+00 2.0000e+07 2.0000e+01 1.8697e+02
1.7382e-03 1.7382e-04 0.0000e+00 0.0000e+00 2.0000e+07 2.0000e+01 1.8697e+02
1.8369e-03 1.8369e-04 0.0000e+00 0.0000e+00 2.0000e+07 2.0000e+01 1.8697e+02
1.9413e-03 1.9413e-04 0.0000e+00 0.0000e+00 2.0000e+07 2.0000e+01 1.8697e+02
2.0516e-03 2.0516e-04 0.0000e+00 0.0000e+00 2.0000e+07 2.0000e+01 1.8697e+02
2.1682e-03 2.1682e-04 0.0000e+00 0.0000e+00 2.0000e+07 2.0000e+01 1.8697e+02
2.2913e-03 2.2913e-04 0.0000e+00 0.0000e+00 2.0000e+07 2.0000e+01 1.8697e+02
2.4215e-03 2.4215e-04 0.0000e+00 0.0000e+00 2.0000e+07 2.0000e+01 1.8697e+02
2.5591e-03 2.5591e-04 0.0000e+00 0.0000e+00 2.0000e+07 2.0000e+01 1.8697e+02
2.7045e-03 2.7045e-04 0.0000e+00 0.0000e+00 2.0000e+07 2.0000e+01 1.8697e+02
2.8582e-03 2.8582e-04 0.0000e+00 0.0000e+00 2.0000e+07 2.0000e+01 1.8697e+02
3.0206e-03 3.0206e-04 0.0000e+00 0.0000e+00 2.0000e+07 2.0000e+01 1.8697e+02
3.1922e-03 3.1922e-04 0.0000e+00 0.0000e+00 2.0000e+07 2.0000e+01 1.8697e+02
3.3736e-03 3.3736e-04 0.0000e+00 0.0000e+00 2.0000e+07 2.0000e+01 1.8697e+02
3.5653e-03 3.5653e-04 0.0000e+00 0.0000e+00 2.0000e+07 2.0000e+01 1.8697e+02
3.7678e-03 3.7678e-04 0.0000e+00 0.0000e+00 2.0000e+07 2.0000e+01 1.8697e+02
3.9819e-03 3.9819e-04 0.0000e+00 0.0000e+00 2.0000e+07 2.0000e+01 1.8697e+02
4.2082e-03 4.2082e-04 0.0000e+00 0.0000e+00 2.0000e+07 2.0000e+01 1.8697e+02
4.4472e-03 4.4472e-04 0.0000e+00 0.0000e+00 2.0000e+07 2.0000e+01 1.8697e+02
4.6999e-03 4.6999e-04 0.0000e+00 0.0000e+00 2.0000e+07 2.0000e+01 1.8697e+02
4.9670e-03 4.9670e-04 0.0000e+00 0.0000e+00 2.0000e+07 2.0000e+01 1.8697e+02
5.2492e-03 5.2492e-04 0.0000e+00 0.0000e+00 2.0000e+07 2.0000e+01 1.8697e+02
5.5474e-03 5.5474e-04 0.0000e+00 0.0000e+00 2.0000e+07 2.0000e+01 1.8697e+02
5.8626e-03 5.8626e-04 0.0000e+00 0.0000e+00 2.0000e+07 2.0000e+01 1.8697e+02
6.1957e-03 6.1957e-04 0.0000e+00 0.0000e+00 2.0000e+07 2.0000e+01 1.8697e+02
6.5477e-03 6.5477e-04 0.0000e+00 0.0000e+00 2.0000e+07 2.0000e+01 1.8697e+02
6.9198e-03 6.9198e-04 0.0000e+00 0.0000e+00 2.0000e+07 2.0000e+01 1.8697e+02
7.3129e-03 7.3129e-04 0.0000e+00 0.0000e+00 2.0000e+07 2.0000e+01 1.8697e+02
7.7284e-03 7.7284e-04 0.0000e+00 0.0000e+00 2.0000e+07 2.0000e+01 1.8697e+02
8.1675e-03 8.1675e-04 0.0000e+00 0.0000e+00 2.0000e+07 2.0000e+01 1.8697e+02
8.6316e-03 8.6316e-04 0.0000e+00 0.0000e+00 2.0000e+07 2.0000e+01 1.8697e+02
9.1220e-03 9.1220e-04 0.0000e+00 0.0000e+00 2.0000e+07 2.0000e+01 1.8697e+02
9.6403e-03 9.6403e-04 0.0000e+00 0.0000e+00 2.0000e+07 2.0000e+01 1.8697e+02
1.0188e-02 1.0188e-03 0.0000e+00 0.0000e+00 2.0000e+07 2.0000e+01 1.8697e+02
1.0767e-02 1.0767e-03 0.0000e+00 0.0000e+00 2.0000e+07 2.0000e+01 1.8697e+02
1.1379e-02 1.1379e-03 0.0000e+00 0.0000e+00 2.0000e+07 2.0000e+01 1.8697e+02
1.2025e-02 1.2025e-03 0.0000e+00 0.0000e+00 2.0000e+07 2.0000e+01 1.8697e+02
1.2708e-02 1.2708e-03 0.0000e+00 0.0000e+00 2.0000e+07 2.0000e+01 1.8697e+02
1.3430e-02 1.3430e-03 0.0000e+00 0.0000e+00 2.0000e+07 2.0000e+01 1.8697e+02
1.4194e-02 1.4194e-03 0.0000e+00 0.0000e+00 2.0000e+07 2.0000e+01 1.8697e+02
1.5000e-02 1.5000e-03 0.0000e+00 0.0000e+00 2.0000e+07 2.0000e+01 1.8697e+02
1.5852e-02 1.5852e-03 0.0000e+00 0.0000e+00 2.0000e+07 2.0000e+01 1.8697e+02
1.6753e-02 1.6753e-03 0.0000e+00 0.0000e+00 2.0000e+07 2.0000e+01 1.8697e+02
1.7705e-02 1.7705e-03 0.0000e+00 0.0000e+00 2.0000e+07 2.0000e+01 1.8697e+02
1.8711e-02 1.8711e-03 0.0000e+00 0.0000e+00 2.0000e+07 2.0000e+01 1.8697e+02
1.9774e-02 1.9774e-03 0.0000e+00 0.0000e+00 2.0000e+07 2.0000e+01 1.8697e+02
2.0897e-02 2.0897e-03 0.0000e+00 0.0000e+00 2.0000e+07 2.0000e+01 1.8697e+02
2.2085e-02 2.2085e-03 0.0000e+00 0.0000e+00 2.0000e+07 2.0000e+01 1.8697e+02
2.3339e-02 2.3339e-03 0.0000e+00 0.0000e+00 2.0000e+07 2.0000e+01 1.8697e+02
2.4666e-02 2.4666e-03 0.0000e+00 0.0000e+00 2.0000e+07 2.0000e+01 1.8697e+02
2.6067e-02 2.6067e-03 0.0000e+00 0.0000e+00 2.0000e+07 2.0000e+01 1.8697e+02
2.7548e-02 2.7548e-03 0.0000e+00 0.0000e+00 2.0000e+07 2.0000e+01 1.8697e+02
2.9113e-02 2.9113e-03 0.0000e+00 0.0000e+00 2.0000e+07 2.0000e+01 1.8697e+02
3.0767e-02 3.0767e-03 0.0000e+00 0.0000e+00 2.0000e+07 2.0000e+01 1.8697e+02
3.2516e-02 3.2516e-03 0.0000e+00 0.0000e+00 2.0000e+07 2.0000e+01 1.8697e+02
3.4363e-02 3.4363e-03 0.0000e+00 0.0000e+00 2.0000e+07 2.0000e+01 1.8697e+02
3.6315e-02 3.6315e-03 0.0000e+00 0.0000e+00 2.0000e+07 2.0000e+01 1.8697e+02
3.8379e-02 3.8379e-03 0.0000e+00 0.0000e+00 2.0000e+07 2.0000e+01 1.8697e+02
4.0559e-02 4.0559e-03 0.0000e+00 0.0000e+00 2.0000e+07 2.0000e+01 1.8697e+02
4.2864e-02 4.2864e-03 0.0000e+00 0.0000e+00 2.0000e+07 2.0000e+01 1.8697e+02
4.5299e-02 4.5299e-03 0.0000e+00 0.0000e+00 2.0000e+07 2.0000e+01 1.8697e+02
4.7873e-02 4.7873e-03 0.0000e+00 0.0000e+00 2.0000e+07 2.0000e+01 1.8697e+02
5.0593e-02 5.0593e-03 0.0000e+00 0.0000e+00 2.0000e+07 2.0000e+01 1.8697e+02
5.3468e-02 5.3468e-03 0.0000e+00 0.0000e+00 2.0000e+07 2.0000e+01 1.8697e+02
5.6506e-02 5.6506e-03 0.0000e+00 0.0000e+00 2.0000e+07 2.0000e+01 1.8697e+02
5.9716e-02 5.9716e-03 0.0000e+00 0.0000e+00 2.0000e+07 2.0000e+01 1.8697e+02
6.3109e-02 6.3109e-03 0.0000e+00 0.0000e+00 2.0000e+07 2.0000e+01 1.8697e+02
6.6695e-02 6.6695e-03 0.0000e+00 0.0000e+00 2.0000e+07 2.0000e+01 1.8697e+02
7.0484e-02 7.0484e-03 0.0000e+00 0.0000e+00 2.0000e+07 2.0000e+01 1.8697e+02
7.4489e-02 7.4489e-03 0.0000e+00 0.0000e+00 2.0000e+07 2.0000e+01 1.8697e+02
7.8721e-02 7.8721e-03 0.0000e+00 0.0000e+00 2.0000e+07 2.0000e+01 1.8697e+02
8.3194e-02 8.3194e-03 0.0000e+00 0.0000e+00 2.0000e+07 2.0000e+01 1.8697e+02
8.7921e-02 8.7921e-03 0.0000e+00 0.0000e+00 2.0000e+07 2.0000e+01 1.8697e+02
9.2916e-02 9.2916e-03 0.0000e+00 0.0000e+00 2.0000e+07 2.0000e+01 1.8697e+02
9.8195e-02 9.8195e-03 0.0000e+00 0.0000e+00 2.0000e+07 2.0000e+01 1.8697e+02
1.0377e-01 1.0377e-02 0.0000e+00 0.0000e+00 2.0000e+07 2.0000e+01 1.8697e+02
1.0967e-01 1.0967e-02 0.0000e+00 0.0000e+00 2.0000e+07 2.0000e+01 1.8697e+02
1.1590e-01 1.1590e-02 0.0000e+00 0.0000e+00 2.0000e+07 2.0000e+01 1.8697e+02
1.2249e-01 1.2249e-02 0.0000e+00 0.0000e+00 2.0000e+07 2.0000e+01 1.8697e+02
1.2945e-01 1.2945e-02 0.0000e+00 0.0000e+00 2.0000e+07 2.0000e+01 1.8697e+02
1.3680e-01 1.3680e-02 0.0000e+00 0.0000e+00 2.0000e+07 2.0000e+01 1.8697e+02
1.4457e-01 1.4457e-02 0.0000e+00 0.0000e+00 2.0000e+07 2.0000e+01 1.8697e+02
1.5279e-01 1.5279e-02 0.0000e+00 0.0000e+00 2.0000e+07 2.0000e+01 1.8697e+02
1.6147e-01 1.6147e-02 0.0000e+00 0.0000e+00 2.0000e+07 2.0000e+01 1.8697e+02
1.7064e-01 1.7064e-02 0.0000e+00 0.0000e+00 2.0000e+07 2.0000e+01 1.8697e+02
1.8034e-01 1.8034e-02 0.0000e+00 0.0000e+00 2.0000e+07 2.0000e+01 1.8697e+02
1.9059e-01 1.9059e-02 0.0000e+00 0.0000e+00 2.0000e+07 2.0000e+01 1.8697e+02
2.0141e-01 2.0141e-02 0.0000e+00 0.0000e+00 2.0000e+07 2.0000e+01 1.8697e+02
2.1286e-01 2.1286e-02 0.0000e+00 0.0000e+00 2.0000e+07 2.0000e+01 1.8697e+02
2.2495e-01 2.2495e-02 0.0000e+00 0.0000e+00 2.0000e+07 2.0000e+01 1.8697e+02
2.3773e-01 2.3773e-02 0.0000e+00 0.0000e+00 2.0000e+07 2.0000e+01 1.8697e+02
2.5124e-01 2.5124e-02 0.0000e+00 0.0000e+00 2.0000e+07 2.0000e+01 1.8697e+02
2.6552e-01 2.6552e-02 0.0000e+00 0.0000e+00 2.0000e+07 2.0000e+01 1.8697e+02
2.8060e-01 2.8060e-02 0.0000e+00 0.0000e+00 2.0000e+07 2.0000e+01 1.8697e+02
2.9655e-01 2.9655e-02 0.0000e+00 0.0000e+00 2.0000e+07 2.0000e+01 1.8697e+02
3.1339e-01 3.1339e-02 0.0000e+00 0.0000e+00 2.0000e+07 2.0000e+01 1.8697e+02
3.3120e-01 3.3120e-02 0.0000e+00 0.0000e+00 2.0000e+07 2.0000e+01 1.8697e+02
3.5002e-01 3.5002e-02 0.0000e+00 0.0000e+00 2.0000e+07 2.0000e+01 1.8697e+02
3.6991e-01 3.6991e-02 0.0000e+00 0.0000e+00 2.0000e+07 2.0000e+01 1.8697e+02
3.9092e-01 3.9092e-02 0.0000e+00 0.0000e+00 2.0000e+07 2.0000e+01 1.8697e+02
4.1313e-01 4.1313e-02 0.0000e+00 0.0000e+00 2.0000e+07 2.0000e+01 1.8697e+02
4.3661e-01 4.3661e-02 0.0000e+00 0.0000e+00 2.0000e+07 2.0000e+01 1.8697e+02
4.6141e-01 4.6141e-02 0.0000e+00 0.0000e+00 2.0000e+07 2.0000e+01 1.8697e+02
4.8763e-01 4.8763e-02 0.0000e+00 0.0000e+00 2.0000e+07 2.0000e+01 1.8697e+02
5.1534e-01 5.1534e-02 0.0000e+00 0.0000e+00 2.0000e+07 2.0000e+01 1.8697e+02
5.4462e-01 5.4462e-02 0.0000e+00 0.0000e+00 2.0000e+07 2.0000e+01 1.8697e+02
5.7556e-01 5.7556e-02 0.0000e+00 0.0000e+00 2.0000e+07 2.0000e+01 1.8697e+02
6.0826e-01 6.0826e-02 -2.6010e+04 -8.5059e+02 2.0000e+07 2.0000e+01 1.8697e+02
6.4282e-01 6.4282e-02 0.0000e+00 -8.5059e+02 2.0000e+07 2.0000e+01 1.8697e+02
6.7935e-01 6.7935e-02 0.0000e+00 -8.5059e+02 2.0000e+07 2.0000e+01 1.8697e+02
7.1795e-01 7.1795e-02 0.0000e+00 -8.5059e+02 2.0000e+07 2.0000e+01 1.8697e+02
7.5874e-01 7.5874e-02 0.0000e+00 -8.5059e+02 2.0000e+07 2.0000e+01 1.8697e+02
8.0185e-01 8.0185e-02 0.0000e+00 -8.5059e+02 2.0000e+07 2.0000e+01 1.8697e+02
8.4741e-01 8.4741e-02 0.0000e+00 -8.5059e+02 2.0000e+07 2.0000e+01 1.8697e+02
8.9555e-01 8.9555e-02 0.0000e+00 -8.5059e+02 2.0000e+07 2.0000e+01 1.8697e+02
9.4644e-01 9.4644e-02 0.0000e+00 -8.5059e+02 2.0000e+07 2.0000e+01 1.8697e+02
1.0002e+00 1.0002e-01 0.0000e+00 -8.5059e+02 2.0000e+07 2.0000e+01 1.8697e+02
1.0570e+00 1.0570e-01 0.0000e+00 -8.5059e+02 2.0000e+07 2.0000e+01 1.8697e+02
1.1171e+00 1.1171e-01 0.0000e+00 -8.5059e+02 2.0000e+07 2.0000e+01 1.8697e+02
1.1806e+00 1.1806e-01 0.0000e+00 -8.5059e+02 2.0000e+07 2.0000e+01 1.8697e+02
1.2476e+00 1.2476e-01 0.0000e+00 -8.5059e+02 2.0000e+07 2.0000e+01 1.8697e+02
1.3185e+00 1.3185e-01 0.0000e+00 -8.5059e+02 2.0000e+07 2.0000e+01 1.8697e+02
1.3934e+00 1.3934e-01 0.0000e+00 -8.5059e+02 2.0000e+07 2.0000e+01 1.8697e+02
1.4726e+00 1.4726e-01 0.0000e+00 -8.5059e+02 2.0000e+07 2.0000e+01 1.8697e+02
1.5563e+00 1.5563e-01 0.0000e+00 -8.5059e+02 2.0000e+07 2.0000e+01 1.8697e+02
1.6447e+00 1.6447e-01 0.0000e+00 -8.5059e+02 2.0000e+07 2.0000e+01 1.8697e+02
1.7382e+00 1.7382e-01 0.0000e+00 -8.5059e+02 2.0000e+07 2.0000e+01 1.8697e+02
1.8369e+00 1.8369e-01 -8.6129e+03 -1.7012e+03 2.0000e+07 2.0000e+01 1.8697e+02
1.9413e+00 1.9413e-01 0.0000e+00 -1.7012e+03 2.0000e+07 2.0000e+01 1.8697e+02
2.0516e+00 2.0516e-01 0.0000e+00 -1.7012e+03 2.0000e+07 2.0000e+01 1.8697e+02
2.1682e+00 2.1682e-01 0.0000e+00 -1.7012e+03 2.0000e+07 2.0000e+01 1.8697e+02
2.2913e+00 2.2913e-01 0.0000e+00 -1.7012e+03 2.0000e+07 2.0000e+01 1.8697e+02
2.4215e+00 2.4215e-01 0.0000e+00 -1.7012e+03 2.0000e+07 2.0000e+01 1.8697e+02
2.5591e+00 2.5591e-01 0.0000e+00 -1.7012e+03 2.0000e+07 2.0000e+01 1.8697e+02
2.7045e+00 2.7045e-01 0.0000e+00 -1.7012e+03 2.0000e+07 2.0000e+01 1.8697e+02
2.8582e+00 2.8582e-01 0.0000e+00 -1.7012e+03 2.0000e+07 2.0000e+01 1.8697e+02
3.0206e+00 3.0206e-01 -5.2378e+03 -2.5518e+03 2.0000e+07 2.0000e+01 1.8697e+02
3.1922e+00 3.1922e-01 0.0000e+00 -2.5518e+03 2.0000e+07 2.0000e+01 1.8697e+02
3.3736e+00 3.3736e-01 0.0000e+00 -2.5518e+03 2.0000e+07 2.0000e+01 1.8697e+02
3.5653e+00 3.5653e-01 0.0000e+00 -2.5518e+03 2.0000e+07 2.0000e+01 1.8697e+02
3.7678e+00 3.7678e-01 0.0000e+00 -2.5518e+03 2.0000e+07 2.0000e+01 1.8697e+02
3.9819e+00 3.9819e-01 0.0000e+00 -2.5518e+03 2.0000e+07 2.0000e+01 1.8697e+02
4.2082e+00 4.2082e-01 -3.7596e+03 -3.4024e+03 2.0000e+07 2.0000e+01 1.8697e+02
4.4472e+00 4.4472e-01 0.0000e+00 -3.4024e+03 2.0000e+07 2.0000e+01 1.8697e+02
4.6999e+00 4.6999e-01 0.0000e+00 -3.4024e+03 2.0000e+07 2.0000e+01 1.8697e+02
4.9670e+00 4.9670e-01 0.0000e+00 -3.4024e+03 2.0000e+07 2.0000e+01 1.8697e+02
5.2492e+00 5.2492e-01 0.0000e+00 -3.4024e+03 2.0000e+07 2.0000e+01 1.8697e+02
5.5474e+00 5.5474e-01 -2.8520e+03 -4.2530e+03 2.0000e+07 2.0000e+01 1.8697e+02
5.8626e+00 5.8626e-01 0.0000e+00 -4.2530e+03 2.0000e+07 2.0000e+01 1.8697e+02
6.1957e+00 6.1957e-01 0.0000e+00 -4.2530e+03 2.0000e+07 2.0000e+01 1.8697e+02
6.5477e+00 6.5477e-01 -2.4163e+03 -5.1035e+03 2.0000e+07 2.0000e+01 1.8697e+02
6.9198e+00 6.9198e-01 0.0000e+00 -5.1035e+03 2.0000e+07 2.0000e+01 1.8697e+02
7.3129e+00 7.3129e-01 0.0000e+00 -5.1035e+03 2.0000e+07 2.0000e+01 1.8697e+02
7.7284e+00 7.7284e-01 -2.0471e+03 -5.9541e+03 2.0000e+07 2.0000e+01 1.8697e+02
8.1675e+00 8.1675e-01 0.0000e+00 -5.9541e+03 2.0000e+07 2.0000e+01 1.8697e+02
8.6316e+00 8.6316e-01 0.0000e+00 -5.9541e+03 2.0000e+07 2.0000e+01 1.8697e+02
9.1220e+00 9.1220e-01 -1.7344e+03 -6.8047e+03 2.0000e+07 2.0000e+01 1.8697e+02
9.6403e+00 9.6403e-01 0.0000e+00 -6.8047e+03 2.0000e+07 2.0000e+01 1.8697e+02
1.0188e+01 1.0188e+00 -1.5529e+03 -7.6553e+03 2.0000e+07 2.0000e+01 1.8697e+02
1.0767e+01 1.0767e+00 0.0000e+00 -7.6553e+03 2.0000e+07 2.0000e+01 1.8697e+02
1.1379e+01 1.1379e+00 -1.3904e+03 -8.5059e+03 2.0000e+07 2.0000e+01 1.8697e+02
1.2025e+01 1.2025e+00 1.3157e+03 -7.6553e+03 2.0000e+07 2.0000e+01 1.8697e+02
1.2708e+01 1.2708e+00 1.2449e+03 -6.8047e+03 2.0000e+07 2.0000e+01 1.8697e+02
1.3430e+01 1.3430e+00 2.3560e+03 -5.1035e+03 2.0000e+07 2.0000e+01 1.8697e+02
1.4194e+01 1.4194e+00 0.0000e+00 -5.1035e+03 2.0000e+07 2.0000e+01 1.8697e+02
1.5000e+01 1.5000e+00 1.0547e+03 -4.2530e+03 2.0000e+07 2.0000e+01 1.8697e+02
1.5852e+01 1.5852e+00 1.9961e+03 -2.5518e+03 2.0000e+07 2.0000e+01 1.8697e+02
1.6753e+01 1.6753e+00 9.4438e+02 -1.7012e+03 2.0000e+07 2.0000e+01 1.8697e+02
1.7705e+01 1.7705e+00 8.9361e+02 -8.5059e+02 2.0000e+07 2.0000e+01 1.8697e+02
1.8711e+01 1.8711e+00 8.4557e+02 0.0000e+00 2.0000e+07 2.0000e+01 1.8697e+02
1.9774e+01 1.9774e+00 8.0011e+02 8.5059e+02 2.0000e+07 2.0000e+01 1.8697e+02
2.0897e+01 2.0897e+00 7.5709e+02 1.7012e+03 2.0000e+07 2.0000e+01 1.8697e+02
2.2085e+01 2.2085e+00 -7.1639e+02 8.5059e+02 2.0000e+07 2.0000e+01 1.8697e+02
2.3339e+01 2.3339e+00 6.7787e+02 1.7012e+03 2.0000e+07 2.0000e+01 1.8697e+02
2.4666e+01 2.4666e+00 6.4143e+02 2.5518e+03 2.0000e+07 2.0000e+01 1.8697e+02
2.6067e+01 2.6067e+00 0.0000e+00 2.5518e+03 2.0000e+07 2.0000e+01 1.8697e+02
2.7548e+01 2.7548e+00 5.7431e+02 3.4024e+03 2.0000e+07 2.0000e+01 1.8697e+02
2.9113e+01 2.9113e+00 5.4343e+02 4.2530e+03 2.0000e+07 2.0000e+01 1.8697e+02
3.0767e+01 3.0767e+00 -5.1422e+02 3.4024e+03 2.0000e+07 2.0000e+01 1.8697e+02
3.2516e+01 3.2516e+00 4.8657e+02 4.2530e+03 2.0000e+07 2.0000e+01 1.8697e+02
3.4363e+01 3.4363e+00 9.2083e+02 5.9541e+03 2.0000e+07 2.0000e+01 1.8697e+02
3.6315e+01 3.6315e+00 8.7132e+02 7.6553e+03 2.0000e+07 2.0000e+01 1.8697e+02
3.8379e+01 3.8379e+00 4.1224e+02 8.5059e+03 2.0000e+07 2.0000e+01 1.8697e+02
4.0559e+01 4.0559e+00 7.8015e+02 1.0207e+04 2.0000e+07 2.0000e+01 1.8697e+02
4.2864e+01 4.2864e+00 3.6910e+02 1.1058e+04 2.0000e+07 2.0000e+01 1.8697e+02
4.5299e+01 4.5299e+00 3.4926e+02 1.1908e+04 2.0000e+07 2.0000e+01 1.8697e+02
4.7873e+01 4.7873e+00 3.3048e+02 1.2759e+04 2.0000e+07 2.0000e+01 1.8697e+02
5.0593e+01 5.0593e+00 3.1271e+02 1.3609e+04 2.0000e+07 2.0000e+01 1.8697e+02
5.3468e+01 5.3468e+00 2.9590e+02 1.4460e+04 2.0000e+07 2.0000e+01 1.8697e+02
5.6506e+01 5.6506e+00 2.7999e+02 1.5311e+04 2.0000e+07 2.0000e+01 1.8697e+02
5.9716e+01 5.9716e+00 5.2988e+02 1.7012e+04 2.0000e+07 2.0000e+01 1.8697e+02
6.3109e+01 6.3109e+00 7.5209e+02 1.9564e+04 2.0000e+07 2.0000e+01 1.8697e+02
6.6695e+01 6.6695e+00 4.7444e+02 2.1265e+04 2.0000e+07 2.0000e+01 1.8697e+02
7.0484e+01 7.0484e+00 4.4893e+02 2.2966e+04 2.0000e+07 2.0000e+01 1.8697e+02
7.4489e+01 7.4489e+00 4.2479e+02 2.4667e+04 2.0000e+07 2.0000e+01 1.8697e+02
7.8721e+01 7.8721e+00 4.0195e+02 2.6368e+04 2.0000e+07 2.0000e+01 1.8697e+02
8.3194e+01 8.3194e+00 3.8034e+02 2.8069e+04 2.0000e+07 2.0000e+01 1.8697e+02
8.7921e+01 8.7921e+00 7.1979e+02 3.1472e+04 2.0000e+07 2.0000e+01 1.8697e+02
9.2916e+01 9.2916e+00 3.4055e+02 3.3173e+04 2.0000e+07 2.0000e+01 1.8697e+02
9.8195e+01 9.8195e+00 4.8336e+02 3.5725e+04 2.0000e+07 2.0000e+01 1.8697e+02
1.0377e+02 1.0377e+01 6.0983e+02 3.9127e+04 2.0000e+07 2.0000e+01 1.8697e+02
1.0967e+02 1.0967e+01 5.7704e+02 4.2530e+04 2.0000e+07 2.0000e+01 1.8697e+02
1.1590e+02 1.1590e+01 5.4602e+02 4.5932e+04 2.0000e+07 2.0000e+01 1.8697e+02
1.2249e+02 1.2249e+01 6.4583e+02 5.0185e+04 2.0000e+07 2.0000e+01 1.8697e+02
1.2945e+02 1.2945e+01 4.8889e+02 5.3587e+04 2.0000e+07 2.0000e+01 1.8697e+02
1.3680e+02 1.3680e+01 4.6260e+02 5.6990e+04 2.0000e+07 2.0000e+01 1.8697e+02
1.4457e+02 1.4457e+01 4.3773e+02 6.0392e+04 2.0000e+07 2.0000e+01 1.8697e+02
1.5279e+02 1.5279e+01 6.2130e+02 6.5495e+04 2.0000e+07 2.0000e+01 1.8697e+02
1.6147e+02 1.6147e+01 3.9193e+02 6.8898e+04 2.0000e+07 2.0000e+01 1.8697e+02
1.7064e+02 1.7064e+01 4.6357e+02 7.3151e+04 2.0000e+07 2.0000e+01 1.8697e+02
1.8034e+02 1.8034e+01 5.2638e+02 7.8254e+04 2.0000e+07 2.0000e+01 1.8697e+02
1.9059e+02 1.9059e+01 4.9808e+02 8.3358e+04 2.0000e+07 2.0000e+01 1.8697e+02
2.0141e+02 2.0141e+01 6.2840e+02 9.0163e+04 2.0000e+07 2.0000e+01 1.8697e+02
2.1286e+02 2.1286e+01 3.7164e+02 9.4416e+04 2.0000e+07 2.0000e+01 1.8697e+02
2.2495e+02 2.2495e+01 4.9232e+02 1.0037e+05 2.0000e+07 2.0000e+01 1.8697e+02
2.3773e+02 2.3773e+01 5.9895e+02 1.0803e+05 2.0000e+07 2.0000e+01 1.8697e+02
2.5124e+02 2.5124e+01 5.6675e+02 1.1568e+05 2.0000e+07 2.0000e+01 1.8697e+02
2.6552e+02 2.6552e+01 4.7669e+02 1.2249e+05 2.0000e+07 2.0000e+01 1.8697e+02
2.8060e+02 2.8060e+01 5.0745e+02 1.3014e+05 2.0000e+07 2.0000e+01 1.8697e+02
2.9655e+02 2.9655e+01 5.8687e+02 1.3950e+05 2.0000e+07 2.0000e+01 1.8697e+02
3.1339e+02 3.1339e+01 6.0580e+02 1.4970e+05 2.0000e+07 2.0000e+01 1.8697e+02
3.3120e+02 3.3120e+01 5.2546e+02 1.5906e+05 2.0000e+07 2.0000e+01 1.8697e+02
3.5002e+02 3.5002e+01 4.9721e+02 1.6842e+05 2.0000e+07 2.0000e+01 1.8697e+02
3.6991e+02 3.6991e+01 5.5602e+02 1.7947e+05 2.0000e+07 2.0000e+01 1.8697e+02
3.9092e+02 3.9092e+01 5.6660e+02 1.9138e+05 2.0000e+07 2.0000e+01 1.8697e+02
4.1313e+02 4.1313e+01 5.7443e+02 2.0414e+05 2.0000e+07 2.0000e+01 1.8697e+02
4.3661e+02 4.3661e+01 6.1602e+02 2.1860e+05 2.0000e+07 2.0000e+01 1.8697e+02
4.6141e+02 4.6141e+01 5.4861e+02 2.3221e+05 2.0000e+07 2.0000e+01 1.8697e+02
4.8763e+02 4.8763e+01 6.1645e+02 2.4837e+05 2.0000e+07 2.0000e+01 1.8697e+02
5.1534e+02 5.1534e+01 5.8331e+02 2.6453e+05 2.0000e+07 2.0000e+01 1.8697e+02
5.4462e+02 5.4462e+01 5.8100e+02 2.8155e+05 2.0000e+07 2.0000e+01 1.8697e+02
5.7556e+02 5.7556e+01 6.5972e+02 3.0196e+05 2.0000e+07 2.0000e+01 1.8697e+02
6.0826e+02 6.0826e+01 5.9824e+02 3.2152e+05 2.0000e+07 2.0000e+01 1.8697e+02
6.4282e+02 6.4282e+01 6.1530e+02 3.4279e+05 2.0000e+07 2.0000e+01 1.8697e+02
6.7935e+02 6.7935e+01 6.7538e+02 3.6746e+05 2.0000e+07 2.0000e+01 1.8697e+02
7.1795e+02 7.1795e+01 5.9499e+02 3.9042e+05 2.0000e+07 2.0000e+01 1.8697e+02
7.5874e+02 7.5874e+01 6.0471e+02 4.1509e+05 2.0000e+07 2.0000e+01 1.8697e+02
8.0185e+02 8.0185e+01 6.5112e+02 4.4316e+05 2.0000e+07 2.0000e+01 1.8697e+02
8.4741e+02 8.4741e+01 6.5345e+02 4.7293e+05 2.0000e+07 2.0000e+01 1.8697e+02
8.9555e+02 8.9555e+01 6.5366e+02 5.0440e+05 2.0000e+07 2.0000e+01 1.8697e+02
9.4644e+02 9.4644e+01 6.5195e+02 5.3757e+05 2.0000e+07 2.0000e+01 1.8697e+02
1.0002e+03 1.0002e+02 6.6435e+02 5.7330e+05 2.0000e+07 2.0000e+01 1.8697e+02
1.0570e+03 1.0570e+02 6.7353e+02 6.1157e+05 2.0000e+07 2.0000e+01 1.8697e+02
1.1171e+03 1.1171e+02 6.7981e+02 6.5240e+05 2.0000e+07 2.0000e+01 1.8697e+02
1.1806e+03 1.1806e+02 6.9687e+02 6.9663e+05 2.0000e+07 2.0000e+01 1.8697e+02
1.2476e+03 1.2476e+02 7.2281e+02 7.4512e+05 2.0000e+07 2.0000e+01 1.8697e+02
1.3185e+03 1.3185e+02 6.8395e+02 7.9360e+05 2.0000e+07 2.0000e+01 1.8697e+02
1.3934e+03 1.3934e+02 7.0395e+02 8.4634e+05 2.0000e+07 2.0000e+01 1.8697e+02
1.4726e+03 1.4726e+02 7.1982e+02 9.0333e+05 2.0000e+07 2.0000e+01 1.8697e+02
1.5563e+03 1.5563e+02 7.0145e+02 9.6202e+05 2.0000e+07 2.0000e+01 1.8697e+02
1.6447e+03 1.6447e+02 7.1183e+02 1.0250e+06 2.0000e+07 2.0000e+01 1.8697e+02
1.7382e+03 1.7382e+02 7.2818e+02 1.0930e+06 2.0000e+07 2.0000e+01 1.8697e+02
1.8369e+03 1.8369e+02 7.2348e+02 1.1645e+06 2.0000e+07 2.0000e+01 1.8697e+02
1.9413e+03 1.9413e+02 7.3348e+02 1.2410e+06 2.0000e+07 2.0000e+01 1.8697e+02
2.0516e+03 2.0516e+02 7.4803e+02 1.3235e+06 2.0000e+07 2.0000e+01 1.8697e+02
2.1682e+03 2.1682e+02 7.2970e+02 1.4086e+06 2.0000e+07 2.0000e+01 1.8697e+02
2.2913e+03 2.2913e+02 7.5262e+02 1.5013e+06 2.0000e+07 2.0000e+01 1.8697e+02
2.4215e+03 2.4215e+02 7.3829e+02 1.5974e+06 2.0000e+07 2.0000e+01 1.8697e+02
2.5591e+03 2.5591e+02 7.5424e+02 1.7012e+06 2.0000e+07 2.0000e+01 1.8697e+02
2.7045e+03 2.7045e+02 7.4294e+02 1.8092e+06 2.0000e+07 2.0000e+01 1.8697e+02
2.8582e+03 2.8582e+02 7.6388e+02 1.9266e+06 2.0000e+07 2.0000e+01 1.8697e+02
3.0206e+03 3.0206e+02 7.5424e+02 2.0491e+06 2.0000e+07 2.0000e+01 1.8697e+02
3.1922e+03 3.1922e+02 7.5334e+02 2.1784e+06 2.0000e+07 2.0000e+01 1.8697e+02
3.3736e+03 3.3736e+02 7.5036e+02 2.3145e+06 2.0000e+07 2.0000e+01 1.8697e+02
3.5653e+03 3.5653e+02 7.6327e+02 2.4608e+06 2.0000e+07 2.0000e+01 1.8697e+02
3.7678e+03 3.7678e+02 7.6422e+02 2.6156e+06 2.0000e+07 2.0000e+01 1.8697e+02
3.9819e+03 3.9819e+02 7.5889e+02 2.7780e+06 2.0000e+07 2.0000e+01 1.8697e+02
4.2082e+03 4.2082e+02 7.7073e+02 2.9524e+06 2.0000e+07 2.0000e+01 1.8697e+02
4.4472e+03 4.4472e+02 7.5775e+02 3.1336e+06 2.0000e+07 2.0000e+01 1.8697e+02
4.6999e+03 4.6999e+02 7.6414e+02 3.3267e+06 2.0000e+07 2.0000e+01 1.8697e+02
4.9670e+03 4.9670e+02 7.5491e+02 3.5283e+06 2.0000e+07 2.0000e+01 1.8697e+02
5.2492e+03 5.2492e+02 7.6858e+02 3.7452e+06 2.0000e+07 2.0000e+01 1.8697e+02
5.5474e+03 5.5474e+02 7.6148e+02 3.9723e+06 2.0000e+07 2.0000e+01 1.8697e+02
5.8626e+03 5.8626e+02 7.6102e+02 4.2121e+06 2.0000e+07 2.0000e+01 1.8697e+02
6.1957e+03 6.1957e+02 7.6862e+02 4.4682e+06 2.0000e+07 2.0000e+01 1.8697e+02
6.5477e+03 6.5477e+02 7.5871e+02 4.7352e+06 2.0000e+07 2.0000e+01 1.8697e+02
6.9198e+03 6.9198e+02 7.6365e+02 5.0193e+06 2.0000e+07 2.0000e+01 1.8697e+02
7.3129e+03 7.3129e+02 7.6370e+02 5.3196e+06 2.0000e+07 2.0000e+01 1.8697e+02
7.7284e+03 7.7284e+02 7.6972e+02 5.6394e+06 2.0000e+07 2.0000e+01 1.8697e+02
8.1675e+03 8.1675e+02 7.6127e+02 5.9737e+06 2.0000e+07 2.0000e+01 1.8697e+02
8.6316e+03 8.6316e+02 7.6433e+02 6.3284e+06 2.0000e+07 2.0000e+01 1.8697e+02
9.1220e+03 9.1220e+02 7.6313e+02 6.7027e+06 2.0000e+07 2.0000e+01 1.8697e+02
9.6403e+03 9.6403e+02 7.6477e+02 7.0990e+06 2.0000e+07 2.0000e+01 1.8697e+02
1.0188e+04 1.0188e+03 7.6248e+02 7.5167e+06 2.0000e+07 2.0000e+01 1.8697e+02
1.0767e+04 1.0767e+03 7.6557e+02 7.9598e+06 2.0000e+07 2.0000e+01 1.8697e+02
1.1379e+04 1.1379e+03 7.6473e+02 8.4277e+06 2.0000e+07 2.0000e+01 1.8697e+02
1.2025e+04 1.2025e+03 7.6309e+02 8.9210e+06 2.0000e+07 2.0000e+01 1.8697e+02
1.2708e+04 1.2708e+03 7.6439e+02 9.4433e+06 2.0000e+07 2.0000e+01 1.8697e+02
1.3430e+04 1.3430e+03 7.6335e+02 9.9944e+06 2.0000e+07 2.0000e+01 1.8697e+02
1.4194e+04 1.4194e+03 7.6467e+02 1.0578e+07 2.0000e+07 2.0000e+01 1.8697e+02
1.5000e+04 1.5000e+03 7.6469e+02 1.1195e+07 2.0000e+07 2.0000e+01 1.8697e+02
1.5852e+04 1.5852e+03 7.6350e+02 1.1845e+07 2.0000e+07 2.0000e+01 1.8697e+02
1.6753e+04 1.6753e+03 7.6306e+02 1.2533e+07 2.0000e+07 2.0000e+01 1.8697e+02
1.7705e+04 1.7705e+03 7.6582e+02 1.3262e+07 2.0000e+07 2.0000e+01 1.8697e+02
1.8711e+04 1.8711e+03 7.6270e+02 1.4029e+07 2.0000e+07 2.0000e+01 1.8697e+02
1.9774e+04 1.9774e+03 7.6410e+02 1.4841e+07 2.0000e+07 2.0000e+01 1.8697e+02
2.0897e+04 2.0897e+03 7.6466e+02 1.5700e+07 2.0000e+07 2.0000e+01 1.8697e+02
2.2085e+04 2.2085e+03 7.6510e+02 1.6609e+07 2.0000e+07 2.0000e+01 1.8697e+02
2.3339e+04 2.3339e+03 7.6532e+02 1.7569e+07 2.0000e+07 2.0000e+01 1.8697e+02
2.4666e+04 2.4666e+03 7.6330e+02 1.8581e+07 2.0000e+07 2.0000e+01 1.8697e+02
2.6067e+04 2.6067e+03 7.6414e+02 1.9652e+07 2.0000e+07 2.0000e+01 1.8697e+02
2.7548e+04 2.7548e+03 7.6383e+02 2.0783e+07 2.0000e+07 2.0000e+01 1.8697e+02
2.9113e+04 2.9113e+03 7.6461e+02 2.1980e+07 2.0000e+07 2.0000e+01 1.8697e+02
3.0767e+04 3.0767e+03 7.6413e+02 2.3244e+07 2.0000e+07 2.0000e+01 1.8697e+02
3.2516e+04 3.2516e+03 7.6392e+02 2.4580e+07 2.0000e+07 2.0000e+01 1.8697e+02
3.4363e+04 3.4363e+03 7.6475e+02 2.5992e+07 2.0000e+07 2.0000e+01 1.8697e+02
3.6315e+04 3.6315e+03 7.6371e+02 2.7483e+07 2.0000e+07 2.0000e+01 1.8697e+02
3.8379e+04 3.8379e+03 7.6429e+02 2.9060e+07 2.0000e+07 2.0000e+01 1.8697e+02
4.0559e+04 4.0559e+03 7.6494e+02 3.0728e+07 2.0000e+07 2.0000e+01 1.8697e+02
4.2864e+04 4.2864e+03 7.6441e+02 3.2490e+07 2.0000e+07 2.0000e+01 1.8697e+02
4.5299e+04 4.5299e+03 7.6383e+02 3.4350e+07 2.0000e+07 2.0000e+01 1.8697e+02
4.7873e+04 4.7873e+03 7.6407e+02 3.6317e+07 2.0000e+07 2.0000e+01 1.8697e+02
5.0593e+04 5.0593e+03 7.6427e+02 3.8396e+07 2.0000e+07 2.0000e+01 1.8697e+02
5.3468e+04 5.3468e+03 7.6491e+02 4.0594e+07 2.0000e+07 2.0000e+01 1.8697e+02
5.6506e+04 5.6506e+03 7.6382e+02 4.2915e+07 2.0000e+07 2.0000e+01 1.8697e+02
5.9716e+04 5.9716e+03 7.6462e+02 4.5370e+07 2.0000e+07 2.0000e+01 1.8697e+02
6.3109e+04 6.3109e+03 7.6437e+02 4.7963e+07 2.0000e+07 2.0000e+01 1.8697e+02
6.6695e+04 6.6695e+03 7.6455e+02 5.0705e+07 2.0000e+07 2.0000e+01 1.8697e+02
7.0484e+04 7.0484e+03 7.6363e+02 5.3598e+07 2.0000e+07 2.0000e+01 1.8697e+02
7.4489e+04 7.4489e+03 7.6463e+02 5.6660e+07 2.0000e+07 2.0000e+01 1.8697e+02
7.8721e+04 7.8721e+03 7.6432e+02 5.9895e+07 2.0000e+07 2.0000e+01 1.8697e+02
8.3194e+04 8.3194e+03 7.6430e+02 6.3314e+07 2.0000e+07 2.0000e+01 1.8697e+02
8.7921e+04 8.7921e+03 7.6406e+02 6.6925e+07 2.0000e+07 2.0000e+01 1.8697e+02
9.2916e+04 9.2916e+03 7.6470e+02 7.0745e+07 2.0000e+07 2.0000e+01 1.8697e+02
9.8195e+04 9.8195e+03 7.6435e+02 7.4781e+07 2.0000e+07 2.0000e+01 1.8697e+02
1.0377e+05 1.0377e+04 7.6427e+02 7.9045e+07 2.0000e+07 2.0000e+01 1.8697e+02
1.0967e+05 1.0967e+04 7.6444e+02 8.3552e+07 2.0000e+07 2.0000e+01 1.8697e+02
1.1590e+05 1.1590e+04 7.6429e+02 8.8314e+07 2.0000e+07 2.0000e+01 1.8697e+02
1.2249e+05 1.2249e+04 7.6453e+02 9.3349e+07 2.0000e+07 2.0000e+01 1.8697e+02
1.2945e+05 1.2945e+04 7.6413e+02 9.8667e+07 2.0000e+07 2.0000e+01 1.8697e+02
1.3680e+05 1.3680e+04 7.6433e+02 1.0429e+08 2.0000e+07 2.0000e+01 1.8697e+02
1.4457e+05 1.4457e+04 7.6439e+02 1.1023e+08 2.0000e+07 2.0000e+01 1.8697e+02
1.5279e+05 1.5279e+04 7.6419e+02 1.1651e+08 2.0000e+07 2.0000e+01 1.8697e+02
1.6147e+05 1.6147e+04 7.6456e+02 1.2314e+08 2.0000e+07 2.0000e+01 1.8697e+02
1.7064e+05 1.7064e+04 7.6415e+02 1.3015e+08 2.0000e+07 2.0000e+01 1.8697e+02
1.8034e+05 1.8034e+04 7.6439e+02 1.3757e+08 2.0000e+07 2.0000e+01 1.8697e+02
1.9059e+05 1.9059e+04 7.6414e+02 1.4540e+08 2.0000e+07 2.0000e+01 1.8697e+02
2.0141e+05 2.0141e+04 7.6437e+02 1.5367e+08 2.0000e+07 2.0000e+01 1.8697e+02
2.1286e+05 2.1286e+04 7.6408e+02 1.6242e+08 2.0000e+07 2.0000e+01 1.8697e+02
2.2495e+05 2.2495e+04 7.6436e+02 1.7166e+08 2.0000e+07 2.0000e+01 1.8697e+02
2.3773e+05 2.3773e+04 7.6439e+02 1.8143e+08 2.0000e+07 2.0000e+01 1.8697e+02
2.5124e+05 2.5124e+04 7.6423e+02 1.9175e+08 2.0000e+07 2.0000e+01 1.8697e+02
2.6552e+05 2.6552e+04 7.6449e+02 2.0267e+08 2.0000e+07 2.0000e+01 1.8697e+02
2.8060e+05 2.8060e+04 7.6421e+02 2.1420e+08 2.0000e+07 2.0000e+01 1.8697e+02
2.9655e+05 2.9655e+04 7.6431e+02 2.2638e+08 2.0000e+07 2.0000e+01 1.8697e+02
3.1339e+05 3.1339e+04 7.6427e+02 2.3926e+08 2.0000e+07 2.0000e+01 1.8697e+02
3.3120e+05 3.3120e+04 7.6431e+02 2.5287e+08 2.0000e+07 2.0000e+01 1.8697e+02
3.5002e+05 3.5002e+04 7.6426e+02 2.6725e+08 2.0000e+07 2.0000e+01 1.8697e+02
3.6991e+05 3.6991e+04 7.6436e+02 2.8245e+08 2.0000e+07 2.0000e+01 1.8697e+02
3.9092e+05 3.9092e+04 7.6438e+02 2.9852e+08 2.0000e+07 2.0000e+01 1.8697e+02
4.1313e+05 4.1313e+04 7.6434e+02 3.1549e+08 2.0000e+07 2.0000e+01 1.8697e+02
4.3661e+05 4.3661e+04 7.6423e+02 3.3343e+08 2.0000e+07 2.0000e+01 1.8697e+02
4.6141e+05 4.6141e+04 7.6425e+02 3.5239e+08 2.0000e+07 2.0000e+01 1.8697e+02
4.8763e+05 4.8763e+04 7.6434e+02 3.7243e+08 2.0000e+07 2.0000e+01 1.8697e+02
5.1534e+05 5.1534e+04 7.6435e+02 3.9361e+08 2.0000e+07 2.0000e+01 1.8697e+02
5.4462e+05 5.4462e+04 7.6428e+02 4.1598e+08 2.0000e+07 2.0000e+01 1.8697e+02
5.7556e+05 5.7556e+04 7.6428e+02 4.3963e+08 2.0000e+07 2.0000e+01 1.8697e+02
6.0826e+05 6.0826e+04 7.6434e+02 4.6463e+08 2.0000e+07 2.0000e+01 1.8697e+02
6.4282e+05 6.4282e+04 7.6423e+02 4.9104e+08 2.0000e+07 2.0000e+01 1.8697e+02
6.7935e+05 6.7935e+04 7.6434e+02 5.1896e+08 2.0000e+07 2.0000e+01 1.8697e+02
7.1795e+05 7.1795e+04 7.6428e+02 5.4846e+08 2.0000e+07 2.0000e+01 1.8697e+02
7.5874e+05 7.5874e+04 7.6431e+02 5.7964e+08 2.0000e+07 2.0000e+01 1.8697e+02
8.0185e+05 8.0185e+04 7.6432e+02 6.1258e+08 2.0000e+07 2.0000e+01 1.8697e+02
8.4741e+05 8.4741e+04 7.6426e+02 6.4740e+08 2.0000e+07 2.0000e+01 1.8697e+02
8.9555e+05 8.9555e+04 7.6430e+02 6.8420e+08 2.0000e+07 2.0000e+01 1.8697e+02
9.4644e+05 9.4644e+04 7.6430e+02 7.2309e+08 2.0000e+07 2.0000e+01 1.8697e+02
1.0002e+06 1.0002e+05 7.6430e+02 7.6419e+08 2.0000e+07 2.0000e+01 1.8697e+02
1.0570e+06 1.0570e+05 7.6427e+02 8.0762e+08 2.0000e+07 2.0000e+01 1.8697e+02
1.1171e+06 1.1171e+05 7.6431e+02 8.5353e+08 2.0000e+07 2.0000e+01 1.8697e+02
1.1806e+06 1.1806e+05 7.6429e+02 9.0204e+08 2.0000e+07 2.0000e+01 1.8697e+02
1.2476e+06 1.2476e+05 7.6427e+02 9.5330e+08 2.0000e+07 2.0000e+01 1.8697e+02
1.3185e+06 1.3185e+05 7.6430e+02 1.0075e+09 2.0000e+07 2.0000e+01 1.8697e+02
1.3934e+06 1.3934e+05 7.6427e+02 1.0647e+09 2.0000e+07 2.0000e+01 1.8697e+02
1.4726e+06 1.4726e+05 7.6430e+02 1.1252e+09 2.0000e+07 2.0000e+01 1.8697e+02
1.5563e+06 1.5563e+05 7.6430e+02 1.1892e+09 2.0000e+07 2.0000e+01 1.8697e+02
1.6447e+06 1.6447e+05 7.6428e+02 1.2568e+09 2.0000e+07 2.0000e+01 1.8697e+02
1.7382e+06 1.7382e+05 7.6429e+02 1.3282e+09 2.0000e+07 2.0000e+01 1.8697e+02
1.8369e+06 1.8369e+05 7.6427e+02 1.4037e+09 2.0000e+07 2.0000e+01 1.8697e+02
1.9413e+06 1.9413e+05 7.6430e+02 1.4835e+09 2.0000e+07 2.0000e+01 1.8697e+02
2.0516e+06 2.0516e+05 7.6426e+02 1.5677e+09 2.0000e+07 2.0000e+01 1.8697e+02
2.1682e+06 2.1682e+05 7.6428e+02 1.6568e+09 2.0000e+07 2.0000e+01 1.8697e+02
2.2913e+06 2.2913e+05 7.6427e+02 1.7510e+09 2.0000e+07 2.0000e+01 1.8697e+02
2.4215e+06 2.4215e+05 7.6428e+02 1.8505e+09 2.0000e+07 2.0000e+01 1.8697e+02
2.5591e+06 2.5591e+05 7.6426e+02 1.9556e+09 2.0000e+07 2.0000e+01 1.8697e+02
2.7045e+06 2.7045e+05 7.6426e+02 2.0668e+09 2.0000e+07 2.0000e+01 1.8697e+02
2.8582e+06 2.8582e+05 7.6426e+02 2.1842e+09 2.0000e+07 2.0000e+01 1.8697e+02
3.0206e+06 3.0206e+05 7.6426e+02 2.3083e+09 2.0000e+07 2.0000e+01 1.8697e+02
3.1922e+06 3.1922e+05 7.6426e+02 2.4395e+09 2.0000e+07 2.0000e+01 1.8697e+02
3.3736e+06 3.3736e+05 7.6427e+02 2.5781e+09 2.0000e+07 2.0000e+01 1.8697e+02
3.5653e+06 3.5653e+05 7.6426e+02 2.7246e+09 2.0000e+07 2.0000e+01 1.8697e+02
3.7678e+06 3.7678e+05 7.6425e+02 2.8794e+09 2.0000e+07 2.0000e+01 1.8697e+02
3.9819e+06 3.9819e+05 7.6424e+02 3.0430e+09 2.0000e+07 2.0000e+01 1.8697e+02
4.2082e+06 4.2082e+05 7.6425e+02 3.2159e+09 2.0000e+07 2.0000e+01 1.8697e+02
4.4472e+06 4.4472e+05 7.6423e+02 3.3986e+09 2.0000e+07 2.0000e+01 1.8697e+02
4.6999e+06 4.6999e+05 7.6423e+02 3.5918e+09 2.0000e+07 2.0000e+01 1.8697e+02
4.9670e+06 4.9670e+05 7.6423e+02 3.7958e+09 2.0000e+07 2.0000e+01 1.8697e+02
5.2492e+06 5.2492e+05 7.6423e+02 4.0115e+09 2.0000e+07 2.0000e+01 1.8697e+02
5.5474e+06 5.5474e+05 7.6423e+02 4.2394e+09 2.0000e+07 2.0000e+01 1.8697e+02
5.8626e+06 5.8626e+05 7.6422e+02 4.4803e+09 2.0000e+07 2.0000e+01 1.8697e+02
6.1957e+06 6.1957e+05 7.6422e+02 4.7349e+09 2.0000e+07 2.0000e+01 1.8697e+02
6.5477e+06 6.5477e+05 7.6421e+02 5.0039e+09 2.0000e+07 2.0000e+01 1.8697e+02
6.9198e+06 6.9198e+05 7.6420e+02 5.2882e+09 2.0000e+07 2.0000e+01 1.8697e+02
7.3129e+06 7.3129e+05 7.6420e+02 5.5886e+09 2.0000e+07 2.0000e+01 1.8697e+02
7.7284e+06 7.7284e+05 7.6419e+02 5.9062e+09 2.0000e+07 2.0000e+01 1.8697e+02
8.1675e+06 8.1675e+05 7.6419e+02 6.2417e+09 2.0000e+07 2.0000e+01 1.8697e+02
8.6316e+06 8.6316e+05 7.6417e+02 6.5964e+09 2.0000e+07 2.0000e+01 1.8697e+02
9.1220e+06 9.1220e+05 7.6417e+02 6.9711e+09 2.0000e+07 2.0000e+01 1.8697e+02
9.6403e+06 9.6403e+05 7.6416e+02 7.3672e+09 2.0000e+07 2.0000e+01 1.8697e+02
1.0188e+07 1.0188e+06 7.6415e+02 7.7857e+09 2.0000e+07 2.0000e+01 1.8697e+02
1.0767e+07 1.0767e+06 7.6414e+02 8.2281e+09 2.0000e+07 2.0000e+01 1.8697e+02
1.1379e+07 1.1379e+06 7.6413e+02 8.6955e+09 2.0000e+07 2.0000e+01 1.8697e+02
1.2025e+07 1.2025e+06 7.6412e+02 9.1895e+09 2.0000e+07 2.0000e+01 1.8697e+02
1.2708e+07 1.2708e+06 7.6411e+02 9.7116e+09 2.0000e+07 2.0000e+01 1.8697e+02
1.3430e+07 1.3430e+06 7.6410e+02 1.0263e+10 2.0000e+07 2.0000e+01 1.8697e+02
1.4194e+07 1.4194e+06 7.6409e+02 1.0846e+10 2.0000e+07 2.0000e+01 1.8697e+02
1.5000e+07 1.5000e+06 7.6408e+02 1.1463e+10 2.0000e+07 2.0000e+01 1.8697e+02
1.5852e+07 1.5852e+06 7.6407e+02 1.2114e+10 2.0000e+07 2.0000e+01 1.8697e+02
1.6753e+07 1.6753e+06 7.6405e+02 1.2802e+10 2.0000e+07 2.0000e+01 1.8697e+02
1.7705e+07 1.7705e+06 7.6404e+02 1.3529e+10 2.0000e+07 2.0000e+01 1.8697e+02
1.8711e+07 1.8711e+06 7.6402e+02 1.4298e+10 2.0000e+07 2.0000e+01 1.8697e+02
1.9774e+07 1.9774e+06 7.6401e+02 1.5110e+10 2.0000e+07 2.0000e+01 1.8697e+02
2.0897e+07 2.0897e+06 7.6399e+02 1.5968e+10 2.0000e+07 2.0000e+01 1.8697e+02
2.2085e+07 2.2085e+06 7.6397e+02 1.6875e+10 2.0000e+07 2.0000e+01 1.8697e+02
2.3339e+07 2.3339e+06 7.6395e+02 1.7834e+10 2.0000e+07 2.0000e+01 1.8697e+02
2.4666e+07 2.4666e+06 7.6393e+02 1.8847e+10 2.0000e+07 2.0000e+01 1.8697e+02
2.6067e+07 2.6067e+06 7.6391e+02 1.9918e+10 2.0000e+07 2.0000e+01 1.8697e+02
2.7548e+07 2.7548e+06 7.6389e+02 2.1049e+10 2.0000e+07 2.0000e+01 1.8697e+02
2.9113e+07 2.9113e+06 7.6386e+02 2.2245e+10 2.0000e+07 2.0000e+01 1.8697e+02
3.0767e+07 3.0767e+06 7.6384e+02 2.3508e+10 2.0000e+07 2.0000e+01 1.8697e+02
3.2516e+07 3.2516e+06 7.6381e+02 2.4843e+10 2.0000e+07 2.0000e+01 1.8697e+02
3.4363e+07 3.4363e+06 7.6378e+02 2.6254e+10 2.0000e+07 2.0000e+01 1.8697e+02
3.6315e+07 3.6315e+06 7.6375e+02 2.7746e+10 2.0000e+07 2.0000e+01 1.8697e+02
3.8379e+07 3.8379e+06 7.6372e+02 2.9321e+10 2.0000e+07 2.0000e+01 1.8697e+02
4.0559e+07 4.0559e+06 7.6369e+02 3.0987e+10 2.0000e+07 2.0000e+01 1.8697e+02
4.2864e+07 4.2864e+06 7.6365e+02 3.2746e+10 2.0000e+07 2.0000e+01 1.8697e+02
4.5299e+07 4.5299e+06 7.6362e+02 3.4606e+10 2.0000e+07 2.0000e+01 1.8697e+02
4.7873e+07 4.7873e+06 7.6358e+02 3.6572e+10 2.0000e+07 2.0000e+01 1.8697e+02
5.0593e+07 5.0593e+06 7.6353e+02 3.8648e+10 2.0000e+07 2.0000e+01 1.8697e+02
5.3468e+07 5.3468e+06 7.6349e+02 4.0843e+10 2.0000e+07 2.0000e+01 1.8697e+02
5.6506e+07 5.6506e+06 7.6344e+02 4.3162e+10 2.0000e+07 2.0000e+01 1.8697e+02
5.9716e+07 5.9716e+06 7.6339e+02 4.5613e+10 2.0000e+07 2.0000e+01 1.8697e+02
6.3109e+07 6.3109e+06 7.6334e+02 4.8203e+10 2.0000e+07 2.0000e+01 1.8697e+02
6.6695e+07 6.6695e+06 7.6329e+02 5.0940e+10 2.0000e+07 2.0000e+01 1.8697e+02
7.0484e+07 7.0484e+06 7.6323e+02 5.3832e+10 2.0000e+07 2.0000e+01 1.8697e+02
7.4489e+07 7.4489e+06 7.6317e+02 5.6889e+10 2.0000e+07 2.0000e+01 1.8697e+02
7.8721e+07 7.8721e+06 7.6311e+02 6.0118e+10 2.0000e+07 2.0000e+01 1.8697e+02
8.3194e+07 8.3194e+06 7.6304e+02 6.3531e+10 2.0000e+07 2.0000e+01 1.8697e+02
8.7921e+07 8.7921e+06 7.6297e+02 6.7138e+10 2.0000e+07 2.0000e+01 1.8697e+02
9.2916e+07 9.2916e+06 7.6289e+02 7.0949e+10 2.0000e+07 2.0000e+01 1.8697e+02
9.8195e+07 9.8195e+06 7.6281e+02 7.4976e+10 2.0000e+07 2.0000e+01 1.8697e+02
1.0377e+08 1.0377e+07 7.6272e+02 7.9231e+10 2.0000e+07 2.0000e+01 1.8697e+02
1.0967e+08 1.0967e+07 7.6264e+02 8.3728e+10 2.0000e+07 2.0000e+01 1.8697e+02
1.1590e+08 1.1590e+07 7.6254e+02 8.8479e+10 2.0000e+07 2.0000e+01 1.8697e+02
1.2249e+08 1.2249e+07 7.6244e+02 9.3500e+10 2.0000e+07 2.0000e+01 1.8697e+02
1.2945e+08 1.2945e+07 7.6234e+02 9.8806e+10 2.0000e+07 2.0000e+01 1.8697e+02
1.3680e+08 1.3680e+07 7.6222e+02 1.0441e+11 2.0000e+07 2.0000e+01 1.8697e+02
1.4457e+08 1.4457e+07 7.6211e+02 1.1034e+11 2.0000e+07 2.0000e+01 1.8697e+02
1.5279e+08 1.5279e+07 7.6198e+02 1.1659e+11 2.0000e+07 2.0000e+01 1.8697e+02
1.6147e+08 1.6147e+07 7.6185e+02 1.2321e+11 2.0000e+07 2.0000e+01 1.8697e+02
1.7064e+08 1.7064e+07 7.6171e+02 1.3020e+11 2.0000e+07 2.0000e+01 1.8697e+02
1.8034e+08 1.8034e+07 7.6157e+02 1.3758e+11 2.0000e+07 2.0000e+01 1.8697e+02
1.9059e+08 1.9059e+07 7.6141e+02 1.4538e+11 2.0000e+07 2.0000e+01 1.8697e+02
2.0141e+08 2.0141e+07 7.6125e+02 1.5363e+11 2.0000e+07 2.0000e+01 1.8697e+02
2.1286e+08 2.1286e+07 7.6108e+02 1.6233e+11 2.0000e+07 2.0000e+01 1.8697e+02
2.2495e+08 2.2495e+07 7.6090e+02 1.7154e+11 2.0000e+07 2.0000e+01 1.8697e+02
2.3773e+08 2.3773e+07 7.6071e+02 1.8126e+11 2.0000e+07 2.0000e+01 1.8697e+02
2.5124e+08 2.5124e+07 7.6051e+02 1.9153e+11 2.0000e+07 2.0000e+01 1.8697e+02
2.6552e+08 2.6552e+07 7.6029e+02 2.0239e+11 2.0000e+07 2.0000e+01 1.8697e+02
2.8060e+08 2.8060e+07 7.6007e+02 2.1385e+11 2.0000e+07 2.0000e+01 1.8697e+02
2.9655e+08 2.9655e+07 7.5983e+02 2.2597e+11 2.0000e+07 2.0000e+01 1.8697e+02
3.1339e+08 3.1339e+07 7.5958e+02 2.3876e+11 2.0000e+07 2.0000e+01 1.8697e+02
3.3120e+08 3.3120e+07 7.5932e+02 2.5228e+11 2.0000e+07 2.0000e+01 1.8697e+02
3.5002e+08 3.5002e+07 7.5904e+02 2.6657e+11 2.0000e+07 2.0000e+01 1.8697e+02
3.6991e+08 3.6991e+07 7.5875e+02 2.8166e+11 2.0000e+07 2.0000e+01 1.8697e+02
3.9092e+08 3.9092e+07 7.5844e+02 2.9760e+11 2.0000e+07 2.0000e+01 1.8697e+02
4.1313e+08 4.1313e+07 7.5811e+02 3.1444e+11 2.0000e+07 2.0000e+01 1.8697e+02
4.3661e+08 4.3661e+07 7.5777e+02 3.3222e+11 2.0000e+07 2.0000e+01 1.8697e+02
4.6141e+08 4.6141e+07 7.5741e+02 3.5101e+11 2.0000e+07 2.0000e+01 1.8697e+02
4.8763e+08 4.8763e+07 7.5703e+02 3.7086e+11 2.0000e+07 2.0000e+01 1.8697e+02
5.1534e+08 5.1534e+07 7.5663e+02 3.9182e+11 2.0000e+07 2.0000e+01 1.8697e+02
5.4462e+08 5.4462e+07 7.5620e+02 4.1396e+11 2.0000e+07 2.0000e+01 1.8697e+02
5.7556e+08 5.7556e+07 7.5576e+02 4.3735e+11 2.0000e+07 2.0000e+01 1.8697e+02
6.0826e+08 6.0826e+07 7.5529e+02 4.6205e+11 2.0000e+07 2.0000e+01 1.8697e+02
6.4282e+08 6.4282e+07 7.5480e+02 4.8814e+11 2.0000e+07 2.0000e+01 1.8697e+02
6.7935e+08 6.7935e+07 7.5428e+02 5.1568e+11 2.0000e+07 2.0000e+01 1.8697e+02
7.1795e+08 7.1795e+07 7.5373e+02 5.4478e+11 2.0000e+07 2.0000e+01 1.8697e+02
7.5874e+08 7.5874e+07 7.5316e+02 5.7550e+11 2.0000e+07 2.0000e+01 1.8697e+02
8.0185e+08 8.0185e+07 7.5255e+02 6.0794e+11 2.0000e+07 2.0000e+01 1.8697e+02
8.4741e+08 8.4741e+07 7.5192e+02 6.4220e+11 2.0000e+07 2.0000e+01 1.8697e+02
8.9555e+08 8.9555e+07 7.5125e+02 6.7837e+11 2.0000e+07 2.0000e+01 1.8697e+02
9.4644e+08 9.4644e+07 7.5055e+02 7.1656e+11 2.0000e+07 2.0000e+01 1.8697e+02
1.0002e+09 1.0002e+08 7.4981e+02 7.5688e+11 2.0000e+07 2.0000e+01 1.8697e+02
1.0570e+09 1.0570e+08 7.4904e+02 7.9945e+11 2.0000e+07 2.0000e+01 1.8697e+02
1.1171e+09 1.1171e+08 7.4823e+02 8.4439e+11 2.0000e+07 2.0000e+01 1.8697e+02
1.1806e+09 1.1806e+08 7.4738e+02 8.9182e+11 2.0000e+07 2.0000e+01 1.8697e+02
1.2476e+09 1.2476e+08 7.4649e+02 9.4190e+11 2.0000e+07 2.0000e+01 1.8697e+02
1.3185e+09 1.3185e+08 7.4555e+02 9.9475e+11 2.0000e+07 2.0000e+01 1.8697e+02
1.3934e+09 1.3934e+08 7.4457e+02 1.0505e+12 2.0000e+07 2.0000e+01 1.8697e+02
1.4726e+09 1.4726e+08 7.4355e+02 1.1094e+12 2.0000e+07 2.0000e+01 1.8697e+02
1.5563e+09 1.5563e+08 7.4247e+02 1.1715e+12 2.0000e+07 2.0000e+01 1.8697e+02
1.6447e+09 1.6447e+08 7.4135e+02 1.2371e+12 2.0000e+07 2.0000e+01 1.8697e+02
1.7382e+09 1.7382e+08 7.4018e+02 1.3062e+12 2.0000e+07 2.0000e+01 1.8697e+02
1.8369e+09 1.8369e+08 7.3895e+02 1.3792e+12 2.0000e+07 2.0000e+01 1.8697e+02
1.9269e+09 1.8002e+08 7.3771e+02 1.4456e+12 2.0000e+07 2.0000e+01 1.8697e+02
2.0516e+09 2.0516e+08 7.3647e+02 1.5374e+12 2.0000e+07 2.0000e+01 1.8697e+02
2.1220e+09 1.4074e+08 7.3508e+02 1.5892e+12 2.0000e+07 2.0000e+01 1.8697e+02
2.2627e+09 2.2627e+08 7.3400e+02 1.6925e+12 2.0000e+07 2.0000e+01 1.8697e+02
2.3403e+09 1.5522e+08 7.3248e+02 1.7493e+12 2.0000e+07 2.0000e+01 1.8697e+02
2.4490e+09 2.1731e+08 7.3147e+02 1.8288e+12 2.0000e+07 2.0000e+01 1.8697e+02
2.5554e+09 2.1296e+08 7.3019e+02 1.9065e+12 2.0000e+07 2.0000e+01 1.8697e+02
2.6598e+09 2.0870e+08 7.2895e+02 1.9826e+12 2.0000e+07 2.0000e+01 1.8697e+02
2.7621e+09 2.0453e+08 7.2776e+02 2.0570e+12 2.0000e+07 2.0000e+01 1.8697e+02
2.8623e+09 2.0044e+08 7.2660e+02 2.1298e+12 2.0000e+07 2.0000e+01 1.8697e+02
2.9605e+09 1.9643e+08 7.2548e+02 2.2011e+12 2.0000e+07 2.0000e+01 1.8697e+02
3.0568e+09 1.9250e+08 7.2440e+02 2.2708e+12 2.0000e+07 2.0000e+01 1.8697e+02
3.1511e+09 1.8865e+08 7.2336e+02 2.3391e+12 2.0000e+07 2.0000e+01 1.8697e+02
3.2435e+09 1.8488e+08 7.2235e+02 2.4058e+12 2.0000e+07 2.0000e+01 1.8697e+02
3.3341e+09 1.8118e+08 7.2137e+02 2.4712e+12 2.0000e+07 2.0000e+01 1.8697e+02
3.4609e+09 2.5365e+08 7.2032e+02 2.5625e+12 2.0000e+07 2.0000e+01 1.8697e+02
3.5479e+09 1.7401e+08 7.1910e+02 2.6251e+12 2.0000e+07 2.0000e+01 1.8697e+02
3.6697e+09 2.4361e+08 7.1812e+02 2.7126e+12 2.0000e+07 2.0000e+01 1.8697e+02
3.7533e+09 1.6712e+08 7.1699e+02 2.7725e+12 2.0000e+07 2.0000e+01 1.8697e+02
3.8703e+09 2.3396e+08 7.1607e+02 2.8562e+12 2.0000e+07 2.0000e+01 1.8697e+02
3.9505e+09 1.6050e+08 7.1501e+02 2.9136e+12 2.0000e+07 2.0000e+01 1.8697e+02
4.1400e+09 1.5414e+08 7.1316e+02 3.0488e+12 2.0000e+07 2.0000e+01 1.8697e+02
4.4572e+09 2.0725e+08 7.1039e+02 3.2745e+12 2.0000e+07 2.0000e+01 1.8697e+02
4.6583e+09 1.9905e+08 7.0854e+02 3.4171e+12 2.0000e+07 2.0000e+01 1.8697e+02
4.9451e+09 1.8734e+08 7.0600e+02 3.6198e+12 2.0000e+07 2.0000e+01 1.8697e+02
5.2150e+09 1.7632e+08 7.0370e+02 3.8099e+12 2.0000e+07 2.0000e+01 1.8697e+02
5.5416e+09 2.3708e+08 7.0124e+02 4.0393e+12 2.0000e+07 2.0000e+01 1.8697e+02
5.8149e+09 1.5620e+08 6.9888e+02 4.2305e+12 2.0000e+07 2.0000e+01 1.8697e+02
6.1043e+09 2.1001e+08 6.9687e+02 4.4323e+12 2.0000e+07 2.0000e+01 1.8697e+02
6.5037e+09 1.9371e+08 6.9398e+02 4.7099e+12 2.0000e+07 2.0000e+01 1.8697e+02
6.8721e+09 1.7867e+08 6.9146e+02 4.9650e+12 2.0000e+07 2.0000e+01 1.8697e+02
7.2840e+09 2.3543e+08 6.8896e+02 5.2492e+12 2.0000e+07 2.0000e+01 1.8697e+02
7.6640e+09 2.1715e+08 6.8661e+02 5.5104e+12 2.0000e+07 2.0000e+01 1.8697e+02
8.0451e+09 2.0030e+08 6.8439e+02 5.7715e+12 2.0000e+07 2.0000e+01 1.8697e+02
8.5166e+09 1.8105e+08 6.8182e+02 6.0934e+12 2.0000e+07 2.0000e+01 1.8697e+02
9.0143e+09 2.3379e+08 6.7942e+02 6.4321e+12 2.0000e+07 2.0000e+01 1.8697e+02
9.4656e+09 1.4793e+08 6.7716e+02 6.7381e+12 2.0000e+07 2.0000e+01 1.8697e+02
1.0057e+10 1.8721e+08 6.7468e+02 7.1375e+12 2.0000e+07 2.0000e+01 1.8697e+02
1.0617e+10 1.6584e+08 6.7244e+02 7.5145e+12 2.0000e+07 2.0000e+01 1.8697e+02
1.1181e+10 1.4690e+08 6.7038e+02 7.8932e+12 2.0000e+07 2.0000e+01 1.8697e+02
1.1859e+10 1.8219e+08 6.6822e+02 8.3469e+12 2.0000e+07 2.0000e+01 1.8697e+02
1.2518e+10 1.5816e+08 6.6627e+02 8.7867e+12 2.0000e+07 2.0000e+01 1.8697e+02
1.3184e+10 1.9615e+08 6.6458e+02 9.2299e+12 2.0000e+07 2.0000e+01 1.8697e+02
1.3937e+10 2.3839e+08 6.6290e+02 9.7296e+12 2.0000e+07 2.0000e+01 1.8697e+02
1.4776e+10 1.9876e+08 6.6123e+02 1.0285e+13 2.0000e+07 2.0000e+01 1.8697e+02
1.5621e+10 2.3674e+08 6.5986e+02 1.0843e+13 2.0000e+07 2.0000e+01 1.8697e+02
1.6454e+10 1.9738e+08 6.5871e+02 1.1392e+13 2.0000e+07 2.0000e+01 1.8697e+02
1.7487e+10 2.2578e+08 6.5761e+02 1.2072e+13 2.0000e+07 2.0000e+01 1.8697e+02
1.8403e+10 1.8448e+08 6.5686e+02 1.2674e+13 2.0000e+07 2.0000e+01 1.8697e+02
1.9439e+10 2.1103e+08 6.5628e+02 1.3354e+13 2.0000e+07 2.0000e+01 1.8697e+02
2.0556e+10 2.3657e+08 6.5591e+02 1.4087e+13 2.0000e+07 2.0000e+01 1.8697e+02
2.1764e+10 1.8193e+08 6.5576e+02 1.4879e+13 2.0000e+07 2.0000e+01 1.8697e+02
2.2956e+10 1.9986e+08 6.5587e+02 1.5661e+13 2.0000e+07 2.0000e+01 1.8697e+02
2.4263e+10 2.1518e+08 6.5621e+02 1.6518e+13 2.0000e+07 2.0000e+01 1.8697e+02
2.5645e+10 1.4325e+08 6.5682e+02 1.7425e+13 2.0000e+07 2.0000e+01 1.8697e+02
2.7057e+10 2.1592e+08 6.5761e+02 1.8353e+13 2.0000e+07 2.0000e+01 1.8697e+02
2.8601e+10 1.5315e+08 6.5872e+02 1.9370e+13 2.0000e+07 2.0000e+01 1.8697e+02
3.0287e+10 1.9659e+08 6.6010e+02 2.0482e+13 2.0000e+07 2.0000e+01 1.8697e+02
3.1947e+10 1.9523e+08 6.6164e+02 2.1579e+13 2.0000e+07 2.0000e+01 1.8697e+02
3.3784e+10 1.1776e+08 6.6353e+02 2.2796e+13 2.0000e+07 2.0000e+01 1.8697e+02
3.5646e+10 1.6045e+08 6.6553e+02 2.4033e+13 2.0000e+07 2.0000e+01 1.8697e+02
3.7769e+10 2.0575e+08 6.6794e+02 2.5449e+13 2.0000e+07 2.0000e+01 1.8697e+02
3.9891e+10 1.6733e+08 6.7050e+02 2.6869e+13 2.0000e+07 2.0000e+01 1.8697e+02
4.2112e+10 1.4720e+08 6.7324e+02 2.8361e+13 2.0000e+07 2.0000e+01 1.8697e+02
4.4534e+10 1.6064e+08 6.7629e+02 2.9996e+13 2.0000e+07 2.0000e+01 1.8697e+02
4.7056e+10 2.4605e+08 6.7949e+02 3.1706e+13 2.0000e+07 2.0000e+01 1.8697e+02
4.9729e+10 1.9565e+08 6.8297e+02 3.3526e+13 2.0000e+07 2.0000e+01 1.8697e+02
5.2519e+10 1.9702e+08 6.8661e+02 3.5438e+13 2.0000e+07 2.0000e+01 1.8697e+02
5.5465e+10 1.4745e+08 6.9049e+02 3.7466e+13 2.0000e+07 2.0000e+01 1.8697e+02
5.8644e+10 1.9609e+08 6.9462e+02 3.9667e+13 2.0000e+07 2.0000e+01 1.8697e+02
6.1993e+10 1.7497e+08 6.9899e+02 4.2002e+13 2.0000e+07 2.0000e+01 1.8697e+02
6.5532e+10 1.5021e+08 7.0358e+02 4.4483e+13 2.0000e+07 2.0000e+01 1.8697e+02
6.9185e+10 2.5750e+08 7.0821e+02 4.7062e+13 2.0000e+07 2.0000e+01 1.8697e+02
7.3162e+10 1.5431e+08 7.1333e+02 4.9890e+13 2.0000e+07 2.0000e+01 1.8697e+02
7.7377e+10 2.3470e+08 7.1860e+02 5.2908e+13 2.0000e+07 2.0000e+01 1.8697e+02
8.1664e+10 1.7116e+08 7.2396e+02 5.6000e+13 2.0000e+07 2.0000e+01 1.8697e+02
8.6361e+10 2.3527e+08 7.2969e+02 5.9414e+13 2.0000e+07 2.0000e+01 1.8697e+02
9.1240e+10 2.1717e+08 7.3560e+02 6.2989e+13 2.0000e+07 2.0000e+01 1.8697e+02
9.6389e+10 1.1969e+08 7.4178e+02 6.6793e+13 2.0000e+07 2.0000e+01 1.8697e+02
1.0187e+11 1.9994e+08 7.4815e+02 7.0873e+13 2.0000e+07 2.0000e+01 1.8697e+02
1.0770e+11 1.5079e+08 7.5489e+02 7.5256e+13 2.0000e+07 2.0000e+01 1.8697e+02
1.1383e+11 2.1869e+08 7.6179e+02 7.9910e+13 2.0000e+07 2.0000e+01 1.8697e+02
1.2027e+11 1.8916e+08 7.6893e+02 8.4838e+13 2.0000e+07 2.0000e+01 1.8697e+02
1.2707e+11 2.3789e+08 7.7628e+02 9.0094e+13 2.0000e+07 2.0000e+01 1.8697e+02
1.3428e+11 1.7503e+08 7.8395e+02 9.5719e+13 2.0000e+07 2.0000e+01 1.8697e+02
1.4191e+11 2.4243e+08 7.9181e+02 1.0173e+14 2.0000e+07 2.0000e+01 1.8697e+02
1.4998e+11 1.6440e+08 7.9997e+02 1.0815e+14 2.0000e+07 2.0000e+01 1.8697e+02
1.5859e+11 2.0517e+08 8.0840e+02 1.1508e+14 2.0000e+07 2.0000e+01 1.8697e+02
1.6750e+11 1.6809e+08 8.1689e+02 1.2231e+14 2.0000e+07 2.0000e+01 1.8697e+02
1.7712e+11 2.4379e+08 8.2574e+02 1.3022e+14 2.0000e+07 2.0000e+01 1.8697e+02
1.8711e+11 1.5992e+08 8.3469e+02 1.3852e+14 2.0000e+07 2.0000e+01 1.8697e+02
1.9775e+11 2.4405e+08 8.4382e+02 1.4745e+14 2.0000e+07 2.0000e+01 1.8697e+02
2.0898e+11 1.7932e+08 8.5314e+02 1.5697e+14 2.0000e+07 2.0000e+01 1.8697e+02
2.2084e+11 1.5029e+08 8.6258e+02 1.6715e+14 2.0000e+07 2.0000e+01 1.8697e+02
2.3344e+11 2.4787e+08 8.7213e+02 1.7807e+14 2.0000e+07 2.0000e+01 1.8697e+02
2.4666e+11 2.2823e+08 8.8172e+02 1.8967e+14 2.0000e+07 2.0000e+01 1.8697e+02
2.6062e+11 2.6064e+08 8.9133e+02 2.0205e+14 2.0000e+07 2.0000e+01 1.8697e+02
2.7550e+11 1.9275e+08 9.0104e+02 2.1539e+14 2.0000e+07 2.0000e+01 1.8697e+02
2.9108e+11 2.3229e+08 9.1058e+02 2.2950e+14 2.0000e+07 2.0000e+01 1.8697e+02
3.0769e+11 1.6010e+08 9.2014e+02 2.4470e+14 2.0000e+07 2.0000e+01 1.8697e+02
3.2510e+11 1.9551e+08 9.2944e+02 2.6081e+14 2.0000e+07 2.0000e+01 1.8697e+02
3.4361e+11 1.7578e+08 9.3859e+02 2.7810e+14 2.0000e+07 2.0000e+01 1.8697e+02
3.6312e+11 2.0894e+08 9.4743e+02 2.9650e+14 2.0000e+07 2.0000e+01 1.8697e+02
3.8377e+11 2.0289e+08 9.5594e+02 3.1615e+14 2.0000e+07 2.0000e+01 1.8697e+02
4.0556e+11 2.0721e+08 9.6401e+02 3.3707e+14 2.0000e+07 2.0000e+01 1.8697e+02
4.2865e+11 2.4210e+08 9.7158e+02 3.5942e+14 2.0000e+07 2.0000e+01 1.8697e+02
4.5299e+11 2.5142e+08 9.7855e+02 3.8315e+14 2.0000e+07 2.0000e+01 1.8697e+02
4.7864e+11 1.8836e+08 9.8483e+02 4.0834e+14 2.0000e+07 2.0000e+01 1.8697e+02
5.0583e+11 2.9095e+08 9.9032e+02 4.3519e+14 2.0000e+07 2.0000e+01 1.8697e+02
5.3464e+11 1.8422e+08 9.9498e+02 4.6379e+14 2.0000e+07 2.0000e+01 1.8697e+02
5.6501e+11 1.8682e+08 9.9862e+02 4.9407e+14 2.0000e+07 2.0000e+01 1.8697e+02
5.9705e+11 1.8754e+08 1.0012e+03 5.2611e+14 2.0000e+07 2.0000e+01 1.8697e+02
6.3101e+11 1.3904e+08 1.0026e+03 5.6014e+14 2.0000e+07 2.0000e+01 1.8697e+02
6.6686e+11 1.7601e+08 1.0026e+03 5.9609e+14 2.0000e+07 2.0000e+01 1.8697e+02
7.0480e+11 2.7266e+08 1.0013e+03 6.3411e+14 2.0000e+07 2.0000e+01 1.8697e+02
7.4477e+11 2.4242e+08 9.9852e+02 6.7408e+14 2.0000e+07 2.0000e+01 1.8697e+02
7.8707e+11 2.2286e+08 9.9412e+02 7.1623e+14 2.0000e+07 2.0000e+01 1.8697e+02
8.3184e+11 1.8726e+08 9.8802e+02 7.6060e+14 2.0000e+07 2.0000e+01 1.8697e+02
8.7907e+11 2.3219e+08 9.8017e+02 8.0708e+14 2.0000e+07 2.0000e+01 1.8697e+02
9.2898e+11 2.9222e+08 9.7050e+02 8.5577e+14 2.0000e+07 2.0000e+01 1.8697e+02
9.8186e+11 2.5015e+08 9.5889e+02 9.0679e+14 2.0000e+07 2.0000e+01 1.8697e+02
1.0375e+12 2.8559e+08 9.4539e+02 9.5981e+14 2.0000e+07 2.0000e+01 1.8697e+02
1.0965e+12 3.1725e+08 9.2991e+02 1.0151e+15 2.0000e+07 2.0000e+01 1.8697e+02
1.1588e+12 1.6815e+08 9.1243e+02 1.0725e+15 2.0000e+07 2.0000e+01 1.8697e+02
1.2247e+12 2.5291e+08 8.9297e+02 1.1320e+15 2.0000e+07 2.0000e+01 1.8697e+02
1.2943e+12 2.6456e+08 8.7160e+02 1.1934e+15 2.0000e+07 2.0000e+01 1.8697e+02
1.3677e+12 2.4292e+08 8.4836e+02 1.2566e+15 2.0000e+07 2.0000e+01 1.8697e+02
1.4455e+12 3.1024e+08 8.2329e+02 1.3215e+15 2.0000e+07 2.0000e+01 1.8697e+02
1.5277e+12 2.6461e+08 7.9646e+02 1.3881e+15 2.0000e+07 2.0000e+01 1.8697e+02
1.6145e+12 2.2432e+08 7.6807e+02 1.4560e+15 2.0000e+07 2.0000e+01 1.8697e+02
1.7062e+12 3.4781e+08 7.3826e+02 1.5250e+15 2.0000e+07 2.0000e+01 1.8697e+02
1.8031e+12 2.8508e+08 7.0712e+02 1.5951e+15 2.0000e+07 2.0000e+01 1.8697e+02
1.9056e+12 2.9943e+08 6.7486e+02 1.6659e+15 2.0000e+07 2.0000e+01 1.8697e+02
2.0137e+12 2.0571e+08 6.4174e+02 1.7371e+15 2.0000e+07 2.0000e+01 1.8697e+02
2.1283e+12 3.1754e+08 6.0785e+02 1.8086e+15 2.0000e+07 2.0000e+01 1.8697e+02
2.2491e+12 4.7663e+08 5.7357e+02 1.8800e+15 2.0000e+07 2.0000e+01 1.8697e+02
2.3768e+12 2.8724e+08 5.3900e+02 1.9510e+15 2.0000e+07 2.0000e+01 1.8697e+02
2.5119e+12 3.4388e+08 5.0441e+02 2.0215e+15 2.0000e+07 2.0000e+01 1.8697e+02
2.6547e+12 3.2338e+08 4.7003e+02 2.0910e+15 2.0000e+07 2.0000e+01 1.8697e+02
2.8055e+12 5.0852e+08 4.3615e+02 2.1593e+15 2.0000e+07 2.0000e+01 1.8697e+02
2.9649e+12 4.2199e+08 4.0291e+02 2.2261e+15 2.0000e+07 2.0000e+01 1.8697e+02
3.1335e+12 4.7171e+08 3.7053e+02 2.2913e+15 2.0000e+07 2.0000e+01 1.8697e+02
3.3114e+12 3.0859e+08 3.3925e+02 2.3544e+15 2.0000e+07 2.0000e+01 1.8697e+02
3.4995e+12 4.3103e+08 3.0923e+02 2.4153e+15 2.0000e+07 2.0000e+01 1.8697e+02
3.6983e+12 4.1263e+08 2.8060e+02 2.4739e+15 2.0000e+07 2.0000e+01 1.8697e+02
3.9084e+12 5.3422e+08 2.5350e+02 2.5300e+15 2.0000e+07 2.0000e+01 1.8697e+02
4.1305e+12 5.8317e+08 2.2804e+02 2.5834e+15 2.0000e+07 2.0000e+01 1.8697e+02
4.3652e+12 6.6566e+08 2.0431e+02 2.6340e+15 2.0000e+07 2.0000e+01 1.8697e+02
4.6134e+12 7.0642e+08 1.8234e+02 2.6820e+15 2.0000e+07 2.0000e+01 1.8697e+02
4.8755e+12 4.7925e+08 1.6220e+02 2.7270e+15 2.0000e+07 2.0000e+01 1.8697e+02
5.1526e+12 8.3825e+08 1.4388e+02 2.7694e+15 2.0000e+07 2.0000e+01 1.8697e+02
5.4455e+12 1.0400e+09 1.2736e+02 2.8090e+15 2.0000e+07 2.0000e+01 1.8697e+02
5.7548e+12 9.7301e+08 1.1261e+02 2.8461e+15 2.0000e+07 2.0000e+01 1.8697e+02
6.0814e+12 1.1444e+09 9.9572e+01 2.8807e+15 2.0000e+07 2.0000e+01 1.8697e+02
6.4273e+12 1.1884e+09 8.8124e+01 2.9131e+15 2.0000e+07 2.0000e+01 1.8697e+02
6.7924e+12 1.3174e+09 7.8218e+01 2.9434e+15 2.0000e+07 2.0000e+01 1.8697e+02
7.1784e+12 1.1119e+09 6.9726e+01 2.9718e+15 2.0000e+07 2.0000e+01 1.8697e+02
7.5859e+12 1.5412e+09 6.2542e+01 2.9987e+15 2.0000e+07 2.0000e+01 1.8697e+02
8.0172e+12 2.4104e+09 5.6524e+01 3.0244e+15 2.0000e+07 2.0000e+01 1.8697e+02
8.4723e+12 1.5936e+09 5.1551e+01 3.0489e+15 2.0000e+07 2.0000e+01 1.8697e+02
8.9539e+12 2.3935e+09 4.7499e+01 3.0727e+15 2.0000e+07 2.0000e+01 1.8697e+02
9.4624e+12 2.0101e+09 4.4241e+01 3.0960e+15 2.0000e+07 2.0000e+01 1.8697e+02
1.0001e+13 3.8588e+09 4.1656e+01 3.1191e+15 2.0000e+07 2.0000e+01 1.8697e+02
1.0569e+13 3.1710e+09 3.9642e+01 3.1422e+15 2.0000e+07 2.0000e+01 1.8697e+02
1.1170e+13 2.6650e+09 3.8093e+01 3.1655e+15 2.0000e+07 2.0000e+01 1.8697e+02
1.1805e+13 5.3515e+09 3.6920e+01 3.1893e+15 2.0000e+07 2.0000e+01 1.8697e+02
1.2475e+13 6.0211e+09 3.6044e+01 3.2137e+15 2.0000e+07 2.0000e+01 1.8697e+02
1.3185e+13 8.3107e+09 3.5399e+01 3.2390e+15 2.0000e+07 2.0000e+01 1.8697e+02
1.3934e+13 9.3039e+09 3.4930e+01 3.2654e+15 2.0000e+07 2.0000e+01 1.8697e+02
1.4726e+13 6.7609e+09 3.4591e+01 3.2929e+15 2.0000e+07 2.0000e+01 1.8697e+02
1.5563e+13 1.1176e+10 3.4350e+01 3.3217e+15 2.0000e+07 2.0000e+01 1.8697e+02
1.6446e+13 1.4901e+10 3.4178e+01 3.3520e+15 2.0000e+07 2.0000e+01 1.8697e+02
1.7383e+13 1.4971e+10 3.4052e+01 3.3839e+15 2.0000e+07 2.0000e+01 1.8697e+02
1.8373e+13 1.5477e+10 3.3961e+01 3.4176e+15 2.0000e+07 2.0000e+01 1.8697e+02
1.9419e+13 2.4381e+10 3.3893e+01 3.4531e+15 2.0000e+07 2.0000e+01 1.8697e+02
2.0513e+13 2.4026e+10 3.3842e+01 3.4902e+15 2.0000e+07 2.0000e+01 1.8697e+02
2.1692e+13 3.5176e+10 3.3800e+01 3.5300e+15 2.0000e+07 2.0000e+01 1.8697e+02
2.2910e+13 3.5788e+10 3.3767e+01 3.5712e+15 2.0000e+07 2.0000e+01 1.8697e+02
2.4212e+13 3.1974e+10 3.3740e+01 3.6151e+15 2.0000e+07 2.0000e+01 1.8697e+02
2.5602e+13 2.8298e+10 3.3717e+01 3.6620e+15 2.0000e+07 2.0000e+01 1.8697e+02
2.7049e+13 3.4266e+10 3.3698e+01 3.7108e+15 2.0000e+07 2.0000e+01 1.8697e+02
2.8600e+13 5.7736e+10 3.3682e+01 3.7630e+15 2.0000e+07 2.0000e+01 1.8697e+02
3.0203e+13 6.2034e+10 3.3669e+01 3.8170e+15 2.0000e+07 2.0000e+01 1.8697e+02
3.1932e+13 7.0081e+10 3.3658e+01 3.8752e+15 2.0000e+07 2.0000e+01 1.8697e+02
3.3744e+13 5.6438e+10 3.3649e+01 3.9362e+15 2.0000e+07 2.0000e+01 1.8697e+02
3.5645e+13 8.4122e+10 3.3642e+01 4.0002e+15 2.0000e+07 2.0000e+01 1.8697e+02
3.7721e+13 1.0403e+11 3.3636e+01 4.0700e+15 2.0000e+07 2.0000e+01 1.8697e+02
3.9814e+13 1.5928e+11 3.3632e+01 4.1404e+15 2.0000e+07 2.0000e+01 1.8697e+02
4.2085e+13 1.3175e+11 3.3628e+01 4.2167e+15 2.0000e+07 2.0000e+01 1.8697e+02
4.4482e+13 1.3116e+11 3.3625e+01 4.2973e+15 2.0000e+07 2.0000e+01 1.8697e+02
4.7031e+13 1.6340e+11 3.3622e+01 4.3831e+15 2.0000e+07 2.0000e+01 1.8697e+02
4.9747e+13 2.1333e+11 3.3620e+01 4.4744e+15 2.0000e+07 2.0000e+01 1.8697e+02
5.2521e+13 2.7695e+11 3.3619e+01 4.5676e+15 2.0000e+07 2.0000e+01 1.8697e+02
5.5542e+13 2.1819e+11 3.3617e+01 4.6692e+15 2.0000e+07 2.0000e+01 1.8697e+02
5.8641e+13 1.8259e+11 3.3616e+01 4.7734e+15 2.0000e+07 2.0000e+01 1.8697e+02
6.1944e+13 2.5557e+11 3.3615e+01 4.8844e+15 2.0000e+07 2.0000e+01 1.8697e+02
6.5585e+13 2.6829e+11 3.3613e+01 5.0068e+15 2.0000e+07 2.0000e+01 1.8697e+02
6.9233e+13 2.8068e+11 3.3612e+01 5.1294e+15 2.0000e+07 2.0000e+01 1.8697e+02
7.3117e+13 3.2464e+11 3.3611e+01 5.2599e+15 2.0000e+07 2.0000e+01 1.8697e+02
7.7310e+13 3.3974e+11 3.3610e+01 5.4009e+15 2.0000e+07 2.0000e+01 1.8697e+02
8.1672e+13 2.4630e+11 3.3609e+01 5.5475e+15 2.0000e+07 2.0000e+01 1.8697e+02
8.6401e+13 2.4898e+11 3.3607e+01 5.7064e+15 2.0000e+07 2.0000e+01 1.8697e+02
9.1315e+13 2.5066e+11 3.3606e+01 5.8716e+15 2.0000e+07 2.0000e+01 1.8697e+02
9.6434e+13 3.5262e+11 3.3604e+01 6.0436e+15 2.0000e+07 2.0000e+01 1.8697e+02
1.0202e+14 3.2673e+11 3.3603e+01 6.2313e+15 2.0000e+07 2.0000e+01 1.8697e+02
1.0778e+14 2.9658e+11 3.3601e+01 6.4249e+15 2.0000e+07 2.0000e+01 1.8697e+02
1.1390e+14 3.5795e+11 3.3599e+01 6.6306e+15 2.0000e+07 2.0000e+01 1.8697e+02
1.2035e+14 2.9960e+11 3.3598e+01 6.8472e+15 2.0000e+07 2.0000e+01 1.8697e+02
1.2716e+14 3.3334e+11 3.3596e+01 7.0761e+15 2.0000e+07 2.0000e+01 1.8697e+02
1.3429e+14 2.4963e+11 3.3594e+01 7.3154e+15 2.0000e+07 2.0000e+01 1.8697e+02
1.4197e+14 2.5106e+11 3.3592e+01 7.5734e+15 2.0000e+07 2.0000e+01 1.8697e+02
1.5002e+14 3.5407e+11 3.3590e+01 7.8438e+15 2.0000e+07 2.0000e+01 1.8697e+02
1.5854e+14 4.0750e+11 3.3587e+01 8.1300e+15 2.0000e+07 2.0000e+01 1.8697e+02
1.6760e+14 3.4507e+11 3.3585e+01 8.4343e+15 2.0000e+07 2.0000e+01 1.8697e+02
1.7706e+14 2.9551e+11 3.3582e+01 8.7519e+15 2.0000e+07 2.0000e+01 1.8697e+02
1.8712e+14 3.3572e+11 3.3580e+01 9.0898e+15 2.0000e+07 2.0000e+01 1.8697e+02
1.9786e+14 3.5220e+11 3.3577e+01 9.4504e+15 2.0000e+07 2.0000e+01 1.8697e+02
2.0903e+14 3.5486e+11 3.3574e+01 9.8255e+15 2.0000e+07 2.0000e+01 1.8697e+02
2.2081e+14 3.3660e+11 3.3571e+01 1.0221e+16 2.0000e+07 2.0000e+01 1.8697e+02
2.3352e+14 4.3493e+11 3.3568e+01 1.0648e+16 2.0000e+07 2.0000e+01 1.8697e+02
2.4669e+14 3.3566e+11 3.3564e+01 1.1090e+16 2.0000e+07 2.0000e+01 1.8697e+02
2.6068e+14 3.6031e+11 3.3561e+01 1.1559e+16 2.0000e+07 2.0000e+01 1.8697e+02
2.7554e+14 3.5706e+11 3.3557e+01 1.2058e+16 2.0000e+07 2.0000e+01 1.8697e+02
2.9109e+14 3.3296e+11 3.3553e+01 1.2580e+16 2.0000e+07 2.0000e+01 1.8697e+02
3.0764e+14 1.9168e+11 3.3549e+01 1.3135e+16 2.0000e+07 2.0000e+01 1.8697e+02
3.2514e+14 3.4709e+11 3.3545e+01 1.3722e+16 2.0000e+07 2.0000e+01 1.8697e+02
3.4363e+14 3.9232e+11 3.3541e+01 1.4342e+16 2.0000e+07 2.0000e+01 1.8697e+02
3.6313e+14 3.4266e+11 3.3537e+01 1.4996e+16 2.0000e+07 2.0000e+01 1.8697e+02
3.8380e+14 4.0715e+11 3.3532e+01 1.5689e+16 2.0000e+07 2.0000e+01 1.8697e+02
4.0553e+14 3.4269e+11 3.3527e+01 1.6418e+16 2.0000e+07 2.0000e+01 1.8697e+02
4.2864e+14 3.5136e+11 3.3522e+01 1.7193e+16 2.0000e+07 2.0000e+01 1.8697e+02
4.5293e+14 3.8047e+11 3.3517e+01 1.8007e+16 2.0000e+07 2.0000e+01 1.8697e+02
4.7864e+14 3.6547e+11 3.3512e+01 1.8869e+16 2.0000e+07 2.0000e+01 1.8697e+02
5.0585e+14 4.1196e+11 3.3507e+01 1.9781e+16 2.0000e+07 2.0000e+01 1.8697e+02
5.3480e+14 6.0444e+11 3.3501e+01 2.0750e+16 2.0000e+07 2.0000e+01 1.8697e+02
5.6517e+14 6.2514e+11 3.3495e+01 2.1768e+16 2.0000e+07 2.0000e+01 1.8697e+02
5.9706e+14 6.5828e+11 3.3489e+01 2.2836e+16 2.0000e+07 2.0000e+01 1.8697e+02
6.3108e+14 3.0561e+11 3.3484e+01 2.3975e+16 2.0000e+07 2.0000e+01 1.8697e+02
6.6683e+14 4.0977e+11 3.3478e+01 2.5172e+16 2.0000e+07 2.0000e+01 1.8697e+02
7.0486e+14 4.2203e+11 3.3471e+01 2.6445e+16 2.0000e+07 2.0000e+01 1.8697e+02
7.4483e+14 5.9223e+11 3.3465e+01 2.7783e+16 2.0000e+07 2.0000e+01 1.8697e+02
7.8713e+14 3.8402e+11 3.3459e+01 2.9198e+16 2.0000e+07 2.0000e+01 1.8697e+02
8.3186e+14 4.0933e+11 3.3453e+01 3.0695e+16 2.0000e+07 2.0000e+01 1.8697e+02
8.7946e+14 3.5870e+11 3.3447e+01 3.2287e+16 2.0000e+07 2.0000e+01 1.8697e+02
9.2955e+14 3.4726e+11 3.3441e+01 3.3962e+16 2.0000e+07 2.0000e+01 1.8697e+02
9.8198e+14 7.8791e+11 3.3436e+01 3.5715e+16 2.0000e+07 2.0000e+01 1.8697e+02
1.0378e+15 9.1866e+11 3.3430e+01 3.7583e+16 2.0000e+07 2.0000e+01 1.8697e+02
1.0966e+15 7.4433e+11 3.3425e+01 3.9547e+16 2.0000e+07 2.0000e+01 1.8697e+02
1.1589e+15 7.4792e+11 3.3420e+01 4.1631e+16 2.0000e+07 2.0000e+01 1.8697e+02
1.2248e+15 1.0151e+12 3.3416e+01 4.3833e+16 2.0000e+07 2.0000e+01 1.8697e+02
1.2944e+15 1.0055e+12 3.3412e+01 4.6157e+16 2.0000e+07 2.0000e+01 1.8697e+02
1.3679e+15 8.4174e+11 3.3409e+01 4.8611e+16 2.0000e+07 2.0000e+01 1.8697e+02
1.4457e+15 5.3441e+11 3.3407e+01 5.1211e+16 2.0000e+07 2.0000e+01 1.8697e+02
1.5277e+15 5.3583e+11 3.3406e+01 5.3950e+16 2.0000e+07 2.0000e+01 1.8697e+02
1.6145e+15 3.9930e+11 3.3406e+01 5.6850e+16 2.0000e+07 2.0000e+01 1.8697e+02
1.7063e+15 5.3390e+11 3.3408e+01 5.9917e+16 2.0000e+07 2.0000e+01 1.8697e+02
1.8032e+15 4.1087e+11 3.3411e+01 6.3155e+16 2.0000e+07 2.0000e+01 1.8697e+02
1.9056e+15 3.4526e+11 3.3416e+01 6.6577e+16 2.0000e+07 2.0000e+01 1.8697e+02
2.0138e+15 2.7067e+11 3.3422e+01 7.0194e+16 2.0000e+07 2.0000e+01 1.8697e+02
2.1281e+15 2.9562e+11 3.3432e+01 7.4015e+16 2.0000e+07 2.0000e+01 1.8697e+02
2.2491e+15 3.9572e+11 3.3444e+01 7.8060e+16 2.0000e+07 2.0000e+01 1.8697e+02
2.3769e+15 3.0465e+11 3.3459e+01 8.2336e+16 2.0000e+07 2.0000e+01 1.8697e+02
2.5119e+15 3.7459e+11 3.3477e+01 8.6852e+16 2.0000e+07 2.0000e+01 1.8697e+02
2.6547e+15 2.4404e+11 3.3499e+01 9.1633e+16 2.0000e+07 2.0000e+01 1.8697e+02
2.8054e+15 2.3357e+11 3.3525e+01 9.6686e+16 2.0000e+07 2.0000e+01 1.8697e+02
2.9649e+15 3.6665e+11 3.3557e+01 1.0204e+17 2.0000e+07 2.0000e+01 1.8697e+02
3.1334e+15 1.6469e+11 3.3593e+01 1.0769e+17 2.0000e+07 2.0000e+01 1.8697e+02
3.3114e+15 1.6891e+11 3.3635e+01 1.1367e+17 2.0000e+07 2.0000e+01 1.8697e+02
3.4995e+15 2.5014e+11 3.3684e+01 1.2001e+17 2.0000e+07 2.0000e+01 1.8697e+02
3.6983e+15 2.9712e+11 3.3740e+01 1.2671e+17 2.0000e+07 2.0000e+01 1.8697e+02
3.9085e+15 1.5107e+11 3.3803e+01 1.3381e+17 2.0000e+07 2.0000e+01 1.8697e+02
4.1306e+15 2.8516e+11 3.3876e+01 1.4132e+17 2.0000e+07 2.0000e+01 1.8697e+02
4.3652e+15 1.9156e+11 3.3957e+01 1.4928e+17 2.0000e+07 2.0000e+01 1.8697e+02
4.6132e+15 1.9489e+11 3.4049e+01 1.5771e+17 2.0000e+07 2.0000e+01 1.8697e+02
4.8753e+15 2.1200e+11 3.4152e+01 1.6665e+17 2.0000e+07 2.0000e+01 1.8697e+02
5.1524e+15 2.0080e+11 3.4267e+01 1.7613e+17 2.0000e+07 2.0000e+01 1.8697e+02
5.4451e+15 1.9755e+11 3.4395e+01 1.8618e+17 2.0000e+07 2.0000e+01 1.8697e+02
5.7544e+15 1.8673e+11 3.4536e+01 1.9684e+17 2.0000e+07 2.0000e+01 1.8697e+02
6.0814e+15 1.7384e+11 3.4693e+01 2.0816e+17 2.0000e+07 2.0000e+01 1.8697e+02
6.4269e+15 1.7517e+11 3.4865e+01 2.2017e+17 2.0000e+07 2.0000e+01 1.8697e+02
6.7921e+15 1.8012e+11 3.5054e+01 2.3294e+17 2.0000e+07 2.0000e+01 1.8697e+02
7.1780e+15 1.8179e+11 3.5260e+01 2.4650e+17 2.0000e+07 2.0000e+01 1.8697e+02
7.5859e+15 1.6681e+11 3.5485e+01 2.6093e+17 2.0000e+07 2.0000e+01 1.8697e+02
8.0169e+15 1.9061e+11 3.5729e+01 2.7628e+17 2.0000e+07 2.0000e+01 1.8697e+02
8.4724e+15 1.8925e+11 3.5993e+01 2.9261e+17 2.0000e+07 2.0000e+01 1.8697e+02
8.9537e+15 1.5691e+11 3.6278e+01 3.1001e+17 2.0000e+07 2.0000e+01 1.8697e+02
9.4624e+15 1.7026e+11 3.6582e+01 3.2854e+17 2.0000e+07 2.0000e+01 1.8697e+02
1.0000e+16 1.8787e+11 3.6908e+01 3.4829e+17 2.0000e+07 2.0000e+01 1.8697e+02
1.0568e+16 1.2875e+11 3.7254e+01 3.6936e+17 2.0000e+07 2.0000e+01 1.8697e+02
1.1169e+16 1.6982e+11 3.7620e+01 3.9184e+17 2.0000e+07 2.0000e+01 1.8697e+02
1.1803e+16 1.6392e+11 3.8006e+01 4.1584e+17 2.0000e+07 2.0000e+01 1.8697e+02
1.2474e+16 1.6831e+11 3.8409e+01 4.4146e+17 2.0000e+07 2.0000e+01 1.8697e+02
1.3183e+16 1.8135e+11 3.8828e+01 4.6883e+17 2.0000e+07 2.0000e+01 1.8697e+02
1.3932e+16 1.5819e+11 3.9262e+01 4.9808e+17 2.0000e+07 2.0000e+01 1.8697e+02
1.4723e+16 1.7013e+11 3.9706e+01 5.2933e+17 2.0000e+07 2.0000e+01 1.8697e+02
1.5560e+16 1.5924e+11 4.0157e+01 5.6274e+17 2.0000e+07 2.0000e+01 1.8697e+02
1.6444e+16 1.7575e+11 4.0612e+01 5.9844e+17 2.0000e+07 2.0000e+01 1.8697e+02
1.7378e+16 1.8692e+11 4.1066e+01 6.3660e+17 2.0000e+07 2.0000e+01 1.8697e+02
1.8365e+16 1.7675e+11 4.1512e+01 6.7737e+17 2.0000e+07 2.0000e+01 1.8697e+02
1.9409e+16 1.6775e+11 4.1945e+01 7.2092e+17 2.0000e+07 2.0000e+01 1.8697e+02
2.0512e+16 2.0807e+11 4.2356e+01 7.6740e+17 2.0000e+07 2.0000e+01 1.8697e+02
2.1677e+16 2.3458e+11 4.2740e+01 8.1699e+17 2.0000e+07 2.0000e+01 1.8697e+02
2.2909e+16 2.0433e+11 4.3087e+01 8.6985e+17 2.0000e+07 2.0000e+01 1.8697e+02
2.4210e+16 2.0668e+11 4.3388e+01 9.2614e+17 2.0000e+07 2.0000e+01 1.8697e+02
2.5586e+16 2.1781e+11 4.3633e+01 9.8600e+17 2.0000e+07 2.0000e+01 1.8697e+02
2.7040e+16 2.7988e+11 4.3814e+01 1.0496e+18 2.0000e+07 2.0000e+01 1.8697e+02
2.8576e+16 2.5065e+11 4.3921e+01 1.1170e+18 2.0000e+07 2.0000e+01 1.8697e+02
3.0200e+16 2.4837e+11 4.3944e+01 1.1883e+18 2.0000e+07 2.0000e+01 1.8697e+02
3.1915e+16 4.8509e+11 4.3874e+01 1.2637e+18 2.0000e+07 2.0000e+01 1.8697e+02
3.3729e+16 5.2790e+11 4.3701e+01 1.3431e+18 2.0000e+07 2.0000e+01 1.8697e+02
3.5645e+16 7.0922e+11 4.3419e+01 1.4266e+18 2.0000e+07 2.0000e+01 1.8697e+02
3.7671e+16 1.4327e+12 4.3021e+01 1.5141e+18 2.0000e+07 2.0000e+01 1.8697e+02
3.9811e+16 5.5213e+11 4.2501e+01 1.6057e+18 2.0000e+07 2.0000e+01 1.8697e+02
4.2073e+16 4.8792e+11 4.1856e+01 1.7011e+18 2.0000e+07 2.0000e+01 1.8697e+02
4.4463e+16 2.7712e+11 4.1083e+01 1.8002e+18 2.0000e+07 2.0000e+01 1.8697e+02
4.6990e+16 5.0614e+11 4.0183e+01 1.9029e+18 2.0000e+07 2.0000e+01 1.8697e+02
4.9659e+16 2.2973e+11 3.9156e+01 2.0088e+18 2.0000e+07 2.0000e+01 1.8697e+02
5.2481e+16 3.1256e+11 3.8007e+01 2.1177e+18 2.0000e+07 2.0000e+01 1.8697e+02
5.5463e+16 2.8717e+11 3.6742e+01 2.2292e+18 2.0000e+07 2.0000e+01 1.8697e+02
5.8614e+16 2.5698e+11 3.5369e+01 2.3428e+18 2.0000e+07 2.0000e+01 1.8697e+02
6.1944e+16 3.4654e+11 3.3896e+01 2.4581e+18 2.0000e+07 2.0000e+01 1.8697e+02
6.5464e+16 2.4736e+11 3.2336e+01 2.5747e+18 2.0000e+07 2.0000e+01 1.8697e+02
6.9183e+16 2.7445e+11 3.0700e+01 2.6919e+18 2.0000e+07 2.0000e+01 1.8697e+02
7.3114e+16 2.6553e+11 2.9004e+01 2.8092e+18 2.0000e+07 2.0000e+01 1.8697e+02
7.7268e+16 3.2118e+11 2.7260e+01 2.9261e+18 2.0000e+07 2.0000e+01 1.8697e+02
8.1658e+16 2.8999e+11 2.5485e+01 3.0418e+18 2.0000e+07 2.0000e+01 1.8697e+02
8.6298e+16 2.9654e+11 2.3695e+01 3.1559e+18 2.0000e+07 2.0000e+01 1.8697e+02
9.1201e+16 3.8854e+11 2.1904e+01 3.2676e+18 2.0000e+07 2.0000e+01 1.8697e+02
9.6383e+16 2.8380e+11 2.0128e+01 3.3765e+18 2.0000e+07 2.0000e+01 1.8697e+02
1.0186e+17 4.0787e+11 1.8382e+01 3.4819e+18 2.0000e+07 2.0000e+01 1.8697e+02
1.0765e+17 2.5781e+11 1.6679e+01 3.5833e+18 2.0000e+07 2.0000e+01 1.8697e+02
1.1376e+17 4.4607e+11 1.5033e+01 3.6802e+18 2.0000e+07 2.0000e+01 1.8697e+02
1.2023e+17 3.7464e+11 1.3455e+01 3.7721e+18 2.0000e+07 2.0000e+01 1.8697e+02
1.2706e+17 3.8497e+11 1.1954e+01 3.8588e+18 2.0000e+07 2.0000e+01 1.8697e+02
1.3428e+17 4.2161e+11 1.0540e+01 3.9399e+18 2.0000e+07 2.0000e+01 1.8697e+02
1.4191e+17 4.4538e+11 9.2189e+00 4.0152e+18 2.0000e+07 2.0000e+01 1.8697e+02
1.4997e+17 4.5486e+11 7.9961e+00 4.0845e+18 2.0000e+07 2.0000e+01 1.8697e+02
1.5849e+17 6.3908e+11 6.8748e+00 4.1477e+18 2.0000e+07 2.0000e+01 1.8697e+02
1.6749e+17 5.8292e+11 5.8564e+00 4.2049e+18 2.0000e+07 2.0000e+01 1.8697e+02
1.7701e+17 6.8459e+11 4.9408e+00 4.2562e+18 2.0000e+07 2.0000e+01 1.8697e+02
1.8707e+17 7.7659e+11 4.1261e+00 4.3016e+18 2.0000e+07 2.0000e+01 1.8697e+02
1.9770e+17 5.5452e+11 3.4091e+00 4.3416e+18 2.0000e+07 2.0000e+01 1.8697e+02
2.0893e+17 7.5821e+11 2.7851e+00 4.3762e+18 2.0000e+07 2.0000e+01 1.8697e+02
2.2080e+17 9.2338e+11 2.2486e+00 4.4060e+18 2.0000e+07 2.0000e+01 1.8697e+02
2.3335e+17 9.8299e+11 1.7928e+00 4.4312e+18 2.0000e+07 2.0000e+01 1.8697e+02
2.4660e+17 1.4089e+12 1.4108e+00 4.4524e+18 2.0000e+07 2.0000e+01 1.8697e+02
2.6062e+17 9.5897e+11 1.0949e+00 4.4698e+18 2.0000e+07 2.0000e+01 1.8697e+02
2.7542e+17 1.3726e+12 8.3742e-01 4.4841e+18 2.0000e+07 2.0000e+01 1.8697e+02
2.9107e+17 1.6335e+12 6.3069e-01 4.4955e+18 2.0000e+07 2.0000e+01 1.8697e+02
3.0761e+17 2.4456e+12 4.6734e-01 4.5045e+18 2.0000e+07 2.0000e+01 1.8697e+02
3.2509e+17 2.2387e+12 3.4040e-01 4.5115e+18 2.0000e+07 2.0000e+01 1.8697e+02
3.4356e+17 2.4876e+12 2.4350e-01 4.5168e+18 2.0000e+07 2.0000e+01 1.8697e+02
3.6308e+17 3.3114e+12 1.7088e-01 4.5208e+18 2.0000e+07 2.0000e+01 1.8697e+02
3.8371e+17 3.0443e+12 1.1752e-01 4.5238e+18 2.0000e+07 2.0000e+01 1.8697e+02
4.0551e+17 4.7732e+12 7.9125e-02 4.5259e+18 2.0000e+07 2.0000e+01 1.8697e+02
4.2855e+17 5.9892e+12 5.2083e-02 4.5274e+18 2.0000e+07 2.0000e+01 1.8697e+02
4.5290e+17 9.1130e+12 3.3480e-02 4.5284e+18 2.0000e+07 2.0000e+01 1.8697e+02
4.7863e+17 9.2146e+12 2.0986e-02 4.5291e+18 2.0000e+07 2.0000e+01 1.8697e+02
5.0582e+17 9.6305e+12 1.2810e-02 4.5295e+18 2.0000e+07 2.0000e+01 1.8697e+02
5.3457e+17 1.8898e+13 7.6029e-03 4.5298e+18 2.0000e+07 2.0000e+01 1.8697e+02
5.6494e+17 1.9232e+13 4.3805e-03 4.5300e+18 2.0000e+07 2.0000e+01 1.8697e+02
5.9704e+17 2.3212e+13 2.4461e-03 4.5301e+18 2.0000e+07 2.0000e+01 1.8697e+02
6.3097e+17 4.6022e+13 1.3214e-03 4.5302e+18 2.0000e+07 2.0000e+01 1.8697e+02
6.6681e+17 4.3634e+13 6.8935e-04 4.5302e+18 2.0000e+07 2.0000e+01 1.8697e+02
7.0470e+17 5.8336e+13 3.4647e-04 4.5302e+18 2.0000e+07 2.0000e+01 1.8697e+02
7.4475e+17 1.0305e+14 1.6749e-04 4.5302e+18 2.0000e+07 2.0000e+01 1.8697e+02
7.8710e+17 1.4502e+14 7.7633e-05 4.5302e+18 2.0000e+07 2.0000e+01 1.8697e+02
8.3183e+17 2.1079e+14 3.4463e-05 4.5302e+18 2.0000e+07 2.0000e+01 1.8697e+02
8.7908e+17 3.5986e+14 1.4619e-05 4.5302e+18 2.0000e+07 2.0000e+01 1.8697e+02
9.2913e+17 5.4199e+14 5.8923e-06 4.5302e+18 2.0000e+07 2.0000e+01 1.8697e+02
9.8210e+17 7.6043e+14 2.2509e-06 4.5302e+18 2.0000e+07 2.0000e+01 1.8697e+02
1.0379e+18 1.8094e+15 8.2056e-07 4.5302e+18 2.0000e+07 2.0000e+01 1.8697e+02
1.0974e+18 1.9844e+15 2.7706e-07 4.5302e+18 2.0000e+07 2.0000e+01 1.8697e+02
1.1595e+18 3.6812e+15 8.9888e-08 4.5302e+18 2.0000e+07 2.0000e+01 1.8697e+02
1.2275e+18 6.5448e+15 2.6112e-08 4.5302e+18 2.0000e+07 2.0000e+01 1.8697e+02
1.3005e+18 1.4674e+16 7.0596e-09 4.5302e+18 2.0000e+07 2.0000e+01 1.8697e+02
1.3759e+18 2.9484e+16 1.8418e-09 4.5302e+18 2.0000e+07 2.0000e+01 1.8697e+02
1.4699e+18 6.9136e+16 3.6785e-10 4.5302e+18 2.0000e+07 2.0000e+01 1.8697e+02
1.5715e+18 1.3551e+17 5.6756e-11 4.5302e+18 2.0000e+07 2.0000e+01 1.8697e+02
1.6663e+18 1.6663e+17 9.5894e-12 4.5302e+18 2.0000e+07 2.0000e+01 1.8697e+02
1.8330e+18 1.8330e+17 -7.4016e-14 4.5302e+18 2.0000e+07 2.0000e+01 1.8697e+02
2.0163e+18 2.0163e+17 -2.1636e-13 4.5302e+18 2.0000e+07 2.0000e+01 1.8697e+02
2.0163e+18 1.0780e+05 -1.4867e+00 4.5302e+18 2.0000e+07 2.0000e+01 1.8697e+02
2.0163e+18 1.0564e+05 1.3909e+00 4.5302e+18 2.0000e+07 2.0000e+01 1.8697e+02
2.1526e+18 1.3626e+17 1.2485e-14 4.5302e+18 2.0000e+07 2.0000e+01 1.8697e+02
2.2888e+18 2.2888e+17 7.8030e-16 4.5302e+18 2.0000e+07 2.0000e+01 1.8697e+02
2.5177e+18 2.5177e+17 0.0000e+00 4.5302e+18 2.0000e+07 2.0000e+01 1.8697e+02
2.5177e+18 4.2994e+07 -3.4820e-03 4.5302e+18 2.0000e+07 2.0000e+01 1.8697e+02
2.7315e+18 2.1233e+17 0.0000e+00 4.5302e+18 2.0000e+07 2.0000e+01 1.8697e+02
2.9438e+18 2.9438e+17 0.0000e+00 4.5302e+18 2.0000e+07 2.0000e+01 1.8697e+02
3.2382e+18 3.2382e+17 0.0000e+00 4.5302e+18 2.0000e+07 2.0000e+01 1.8697e+02
3.2382e+18 2.0204e+11 -8.8303e-07 4.5302e+18 2.0000e+07 2.0000e+01 1.8697e+02
3.3441e+18 1.0593e+17 0.0000e+00 4.5302e+18 2.0000e+07 2.0000e+01 1.8697e+02
3.6619e+18 3.6619e+17 0.0000e+00 4.5302e+18 2.0000e+07 2.0000e+01 1.8697e+02
4.0281e+18 4.0281e+17 0.0000e+00 4.5302e+18 2.0000e+07 2.0000e+01 1.8697e+02
4.0284e+18 5.9388e+14 -3.0236e-10 4.5302e+18 2.0000e+07 2.0000e+01 1.8697e+02
4.1305e+18 1.5640e+10 -1.0292e-05 4.5302e+18 2.0000e+07 2.0000e+01 1.8697e+02
4.3652e+18 2.9816e+10 5.7341e-06 4.5302e+18 2.0000e+07 2.0000e+01 1.8697e+02
4.6132e+18 4.0818e+10 4.3656e-06 4.5302e+18 2.0000e+07 2.0000e+01 1.8697e+02
4.8753e+18 4.8091e+10 3.6258e-06 4.5302e+18 2.0000e+07 2.0000e+01 1.8697e+02
5.1523e+18 6.1258e+10 3.1520e-06 4.5302e+18 2.0000e+07 2.0000e+01 1.8697e+02
5.4450e+18 6.8756e+10 2.8083e-06 4.5302e+18 2.0000e+07 2.0000e+01 1.8697e+02