# ASY method (with partition functions). 
# All quantities except Asy, RG_PE, and sumX are 
# log10(x). Log of absolute values for E and dE/dt, as
# they can be negative. UNITS: t and dt in s; E in erg; 
# dE/dt in erg/g/s; all others dimensionless 
#
#    t     dt     |E|  |dE/dt| Asy  Equil sumX    X(0)      X(1)      X(2)      X(3)      X(4)      X(5)      X(6)      X(7)      X(8)      X(9)      X(10)      X(11)      X(12)      X(13)      X(14)    

-4.914 -5.914   -inf   -inf 0.000 0.000 1.000 -1.496e-01 -5.591e-01 -2.517e+00 -4.436e+00 -1.744e+01 -2.957e+00 -5.359e+00 -1.987e+01 -2.017e+00 -5.305e+00 -4.662e+00 -2.065e+01 -2.362e+01 -2.275e+01 -2.806e+00
-4.831 -5.831   -inf   -inf 0.000 0.000 1.000 -1.496e-01 -5.591e-01 -2.517e+00 -4.436e+00 -1.736e+01 -2.957e+00 -5.359e+00 -1.979e+01 -2.017e+00 -5.305e+00 -4.662e+00 -2.057e+01 -2.357e+01 -2.267e+01 -2.806e+00
-4.748 -5.748   -inf   -inf 0.000 0.000 1.000 -1.496e-01 -5.591e-01 -2.517e+00 -4.436e+00 -1.728e+01 -2.957e+00 -5.359e+00 -1.971e+01 -2.017e+00 -5.305e+00 -4.662e+00 -2.049e+01 -2.352e+01 -2.259e+01 -2.806e+00
-4.665 -5.665   -inf   -inf 0.000 0.000 1.000 -1.496e-01 -5.591e-01 -2.517e+00 -4.436e+00 -1.719e+01 -2.957e+00 -5.359e+00 -1.963e+01 -2.017e+00 -5.305e+00 -4.662e+00 -2.041e+01 -2.346e+01 -2.251e+01 -2.806e+00
-4.583 -5.583   -inf   -inf 0.000 0.000 1.000 -1.496e-01 -5.591e-01 -2.517e+00 -4.436e+00 -1.711e+01 -2.957e+00 -5.359e+00 -1.954e+01 -2.017e+00 -5.305e+00 -4.662e+00 -2.032e+01 -2.340e+01 -2.243e+01 -2.806e+00
-4.500 -5.500   -inf   -inf 0.000 0.000 1.000 -1.496e-01 -5.591e-01 -2.517e+00 -4.436e+00 -1.703e+01 -2.957e+00 -5.359e+00 -1.946e+01 -2.017e+00 -5.305e+00 -4.662e+00 -2.024e+01 -2.334e+01 -2.235e+01 -2.806e+00
-4.458 -5.458   -inf   -inf 0.000 0.000 1.000 -1.496e-01 -5.591e-01 -2.517e+00 -4.436e+00 -1.699e+01 -2.957e+00 -5.359e+00 -1.942e+01 -2.017e+00 -5.305e+00 -4.662e+00 -2.020e+01 -2.331e+01 -2.231e+01 -2.806e+00
-4.376 -5.376   -inf   -inf 0.000 0.000 1.000 -1.496e-01 -5.591e-01 -2.517e+00 -4.436e+00 -1.690e+01 -2.957e+00 -5.359e+00 -1.934e+01 -2.017e+00 -5.305e+00 -4.662e+00 -2.012e+01 -2.324e+01 -2.223e+01 -2.806e+00
-4.293 -5.293   -inf   -inf 0.000 0.000 1.000 -1.496e-01 -5.591e-01 -2.517e+00 -4.436e+00 -1.682e+01 -2.957e+00 -5.359e+00 -1.925e+01 -2.017e+00 -5.305e+00 -4.662e+00 -2.003e+01 -2.317e+01 -2.215e+01 -2.806e+00
-4.210 -5.210   -inf   -inf 0.000 0.000 1.000 -1.496e-01 -5.591e-01 -2.517e+00 -4.436e+00 -1.674e+01 -2.957e+00 -5.359e+00 -1.917e+01 -2.017e+00 -5.305e+00 -4.662e+00 -1.995e+01 -2.310e+01 -2.207e+01 -2.806e+00
-4.127 -5.127   -inf   -inf 0.000 0.000 1.000 -1.496e-01 -5.591e-01 -2.517e+00 -4.436e+00 -1.666e+01 -2.957e+00 -5.359e+00 -1.909e+01 -2.017e+00 -5.305e+00 -4.662e+00 -1.987e+01 -2.302e+01 -2.199e+01 -2.806e+00
-4.045 -5.045   -inf   -inf 0.000 0.000 1.000 -1.496e-01 -5.591e-01 -2.517e+00 -4.436e+00 -1.657e+01 -2.957e+00 -5.359e+00 -1.901e+01 -2.017e+00 -5.305e+00 -4.662e+00 -1.979e+01 -2.295e+01 -2.190e+01 -2.806e+00
-4.003 -5.003   -inf   -inf 0.000 0.000 1.000 -1.496e-01 -5.591e-01 -2.517e+00 -4.436e+00 -1.653e+01 -2.957e+00 -5.359e+00 -1.896e+01 -2.017e+00 -5.305e+00 -4.662e+00 -1.974e+01 -2.291e+01 -2.186e+01 -2.806e+00
-3.920 -4.920   -inf   -inf 0.000 0.000 1.000 -1.496e-01 -5.591e-01 -2.517e+00 -4.436e+00 -1.645e+01 -2.957e+00 -5.359e+00 -1.888e+01 -2.017e+00 -5.305e+00 -4.662e+00 -1.966e+01 -2.283e+01 -2.178e+01 -2.806e+00
-3.838 -4.838   -inf   -inf 0.000 0.000 1.000 -1.496e-01 -5.591e-01 -2.517e+00 -4.436e+00 -1.637e+01 -2.957e+00 -5.359e+00 -1.880e+01 -2.017e+00 -5.305e+00 -4.662e+00 -1.958e+01 -2.276e+01 -2.170e+01 -2.806e+00
-3.755 -4.755   -inf   -inf 0.000 0.000 1.000 -1.496e-01 -5.591e-01 -2.517e+00 -4.436e+00 -1.628e+01 -2.957e+00 -5.359e+00 -1.872e+01 -2.017e+00 -5.305e+00 -4.662e+00 -1.950e+01 -2.268e+01 -2.162e+01 -2.806e+00
-3.672 -4.672   -inf   -inf 0.000 0.000 1.000 -1.496e-01 -5.591e-01 -2.517e+00 -4.436e+00 -1.620e+01 -2.957e+00 -5.359e+00 -1.863e+01 -2.017e+00 -5.305e+00 -4.662e+00 -1.941e+01 -2.260e+01 -2.153e+01 -2.806e+00
-3.589 -4.589   -inf   -inf 0.000 0.000 1.000 -1.496e-01 -5.591e-01 -2.517e+00 -4.436e+00 -1.612e+01 -2.957e+00 -5.359e+00 -1.855e+01 -2.017e+00 -5.305e+00 -4.662e+00 -1.933e+01 -2.252e+01 -2.145e+01 -2.806e+00
-3.506 -4.506   -inf   -inf 0.000 0.000 1.000 -1.496e-01 -5.591e-01 -2.517e+00 -4.436e+00 -1.603e+01 -2.957e+00 -5.359e+00 -1.847e+01 -2.017e+00 -5.305e+00 -4.662e+00 -1.925e+01 -2.244e+01 -2.137e+01 -2.806e+00
-3.465 -4.465   -inf   -inf 0.000 0.000 1.000 -1.496e-01 -5.591e-01 -2.517e+00 -4.436e+00 -1.599e+01 -2.957e+00 -5.359e+00 -1.843e+01 -2.017e+00 -5.305e+00 -4.662e+00 -1.921e+01 -2.240e+01 -2.133e+01 -2.806e+00
-3.382 -4.382   -inf   -inf 0.000 0.000 1.000 -1.496e-01 -5.591e-01 -2.517e+00 -4.436e+00 -1.591e+01 -2.957e+00 -5.359e+00 -1.834e+01 -2.017e+00 -5.305e+00 -4.662e+00 -1.912e+01 -2.232e+01 -2.124e+01 -2.806e+00
-3.299 -4.299   -inf   -inf 0.000 0.000 1.000 -1.496e-01 -5.591e-01 -2.517e+00 -4.436e+00 -1.583e+01 -2.957e+00 -5.359e+00 -1.826e+01 -2.017e+00 -5.305e+00 -4.662e+00 -1.904e+01 -2.224e+01 -2.116e+01 -2.806e+00
-3.217 -4.217   -inf   -inf 0.000 0.000 1.000 -1.496e-01 -5.591e-01 -2.517e+00 -4.436e+00 -1.574e+01 -2.957e+00 -5.359e+00 -1.818e+01 -2.017e+00 -5.305e+00 -4.662e+00 -1.896e+01 -2.216e+01 -2.108e+01 -2.806e+00
-3.134 -4.134   -inf   -inf 0.000 0.000 1.000 -1.496e-01 -5.591e-01 -2.517e+00 -4.436e+00 -1.566e+01 -2.957e+00 -5.359e+00 -1.809e+01 -2.017e+00 -5.305e+00 -4.662e+00 -1.887e+01 -2.207e+01 -2.100e+01 -2.806e+00
-3.051 -4.051   -inf   -inf 0.000 0.000 1.000 -1.496e-01 -5.591e-01 -2.517e+00 -4.436e+00 -1.558e+01 -2.957e+00 -5.359e+00 -1.801e+01 -2.017e+00 -5.305e+00 -4.662e+00 -1.879e+01 -2.199e+01 -2.091e+01 -2.806e+00
-2.968 -3.968   -inf   -inf 0.000 0.000 1.000 -1.496e-01 -5.591e-01 -2.517e+00 -4.436e+00 -1.550e+01 -2.957e+00 -5.359e+00 -1.793e+01 -2.017e+00 -5.305e+00 -4.662e+00 -1.871e+01 -2.191e+01 -2.083e+01 -2.806e+00
-2.927 -3.927   -inf   -inf 0.000 0.000 1.000 -1.496e-01 -5.591e-01 -2.517e+00 -4.436e+00 -1.545e+01 -2.957e+00 -5.359e+00 -1.789e+01 -2.017e+00 -5.305e+00 -4.662e+00 -1.867e+01 -2.187e+01 -2.079e+01 -2.806e+00
-2.844 -3.844   -inf   -inf 0.000 0.000 1.000 -1.496e-01 -5.591e-01 -2.517e+00 -4.436e+00 -1.537e+01 -2.957e+00 -5.359e+00 -1.780e+01 -2.017e+00 -5.305e+00 -4.662e+00 -1.858e+01 -2.179e+01 -2.071e+01 -2.806e+00
-2.761 -3.761   -inf   -inf 0.000 0.000 1.000 -1.496e-01 -5.591e-01 -2.517e+00 -4.436e+00 -1.529e+01 -2.957e+00 -5.359e+00 -1.772e+01 -2.017e+00 -5.305e+00 -4.662e+00 -1.850e+01 -2.170e+01 -2.062e+01 -2.806e+00
-2.679 -3.679   -inf   -inf 0.000 0.000 1.000 -1.496e-01 -5.591e-01 -2.517e+00 -4.436e+00 -1.521e+01 -2.957e+00 -5.359e+00 -1.764e+01 -2.017e+00 -5.305e+00 -4.662e+00 -1.842e+01 -2.162e+01 -2.054e+01 -2.806e+00
-2.596 -3.596   -inf   -inf 0.000 0.000 1.000 -1.496e-01 -5.591e-01 -2.517e+00 -4.436e+00 -1.512e+01 -2.957e+00 -5.359e+00 -1.756e+01 -2.017e+00 -5.305e+00 -4.662e+00 -1.834e+01 -2.154e+01 -2.046e+01 -2.806e+00
-2.513 -3.513   -inf   -inf 0.000 0.000 1.000 -1.496e-01 -5.591e-01 -2.517e+00 -4.436e+00 -1.504e+01 -2.957e+00 -5.359e+00 -1.747e+01 -2.017e+00 -5.305e+00 -4.662e+00 -1.825e+01 -2.146e+01 -2.038e+01 -2.806e+00
-2.430 -3.430  2.930  6.401 0.000 0.000 1.000 -1.496e-01 -5.591e-01 -2.517e+00 -4.436e+00 -1.496e+01 -2.957e+00 -5.359e+00 -1.739e+01 -2.017e+00 -5.305e+00 -4.662e+00 -1.817e+01 -2.137e+01 -2.029e+01 -2.806e+00
-2.389 -3.389  2.930   -inf 0.000 0.000 1.000 -1.496e-01 -5.591e-01 -2.517e+00 -4.436e+00 -1.492e+01 -2.957e+00 -5.359e+00 -1.735e+01 -2.017e+00 -5.305e+00 -4.662e+00 -1.813e+01 -2.133e+01 -2.025e+01 -2.806e+00
-2.306 -3.306  2.930   -inf 0.000 0.000 1.000 -1.496e-01 -5.591e-01 -2.517e+00 -4.436e+00 -1.483e+01 -2.957e+00 -5.359e+00 -1.727e+01 -2.017e+00 -5.305e+00 -4.662e+00 -1.805e+01 -2.125e+01 -2.017e+01 -2.806e+00
-2.223 -3.223  2.930   -inf 0.000 0.000 1.000 -1.496e-01 -5.591e-01 -2.517e+00 -4.436e+00 -1.475e+01 -2.957e+00 -5.359e+00 -1.718e+01 -2.017e+00 -5.305e+00 -4.662e+00 -1.796e+01 -2.117e+01 -2.009e+01 -2.806e+00
-2.140 -3.140  2.930   -inf 0.000 0.000 1.000 -1.496e-01 -5.591e-01 -2.517e+00 -4.436e+00 -1.467e+01 -2.957e+00 -5.359e+00 -1.710e+01 -2.017e+00 -5.305e+00 -4.662e+00 -1.788e+01 -2.109e+01 -2.000e+01 -2.806e+00
-2.058 -3.058  2.930   -inf 0.000 0.000 1.000 -1.496e-01 -5.591e-01 -2.517e+00 -4.436e+00 -1.459e+01 -2.957e+00 -5.359e+00 -1.702e+01 -2.017e+00 -5.305e+00 -4.662e+00 -1.780e+01 -2.100e+01 -1.992e+01 -2.806e+00
-1.975 -2.975  2.930   -inf 0.000 0.000 1.000 -1.496e-01 -5.591e-01 -2.517e+00 -4.436e+00 -1.450e+01 -2.957e+00 -5.359e+00 -1.694e+01 -2.017e+00 -5.305e+00 -4.662e+00 -1.772e+01 -2.092e+01 -1.984e+01 -2.806e+00
-1.892 -2.892  3.231   -inf 0.000 0.000 1.000 -1.496e-01 -5.591e-01 -2.517e+00 -4.436e+00 -1.442e+01 -2.957e+00 -5.359e+00 -1.685e+01 -2.017e+00 -5.305e+00 -4.662e+00 -1.763e+01 -2.084e+01 -1.976e+01 -2.806e+00
-1.851 -2.851  3.231   -inf 0.000 0.000 1.000 -1.496e-01 -5.591e-01 -2.517e+00 -4.436e+00 -1.438e+01 -2.957e+00 -5.359e+00 -1.681e+01 -2.017e+00 -5.305e+00 -4.662e+00 -1.759e+01 -2.080e+01 -1.971e+01 -2.806e+00
-1.768 -2.768  3.231   -inf 0.000 0.000 1.000 -1.496e-01 -5.591e-01 -2.517e+00 -4.436e+00 -1.430e+01 -2.957e+00 -5.359e+00 -1.673e+01 -2.017e+00 -5.305e+00 -4.662e+00 -1.751e+01 -2.071e+01 -1.963e+01 -2.806e+00
-1.685 -2.685  3.407   -inf 0.000 0.000 1.000 -1.496e-01 -5.591e-01 -2.517e+00 -4.436e+00 -1.421e+01 -2.957e+00 -5.359e+00 -1.665e+01 -2.017e+00 -5.305e+00 -4.662e+00 -1.743e+01 -2.063e+01 -1.955e+01 -2.806e+00
-1.602 -2.602  3.407   -inf 0.000 0.000 1.000 -1.496e-01 -5.591e-01 -2.517e+00 -4.436e+00 -1.413e+01 -2.957e+00 -5.359e+00 -1.656e+01 -2.017e+00 -5.305e+00 -4.662e+00 -1.734e+01 -2.055e+01 -1.947e+01 -2.806e+00
-1.520 -2.520  3.532   -inf 0.000 0.000 1.000 -1.496e-01 -5.591e-01 -2.517e+00 -4.436e+00 -1.405e+01 -2.957e+00 -5.359e+00 -1.648e+01 -2.017e+00 -5.305e+00 -4.662e+00 -1.726e+01 -2.046e+01 -1.938e+01 -2.806e+00
-1.437 -2.437  3.629   -inf 0.000 0.000 1.000 -1.496e-01 -5.591e-01 -2.517e+00 -4.436e+00 -1.396e+01 -2.957e+00 -5.359e+00 -1.640e+01 -2.017e+00 -5.305e+00 -4.662e+00 -1.718e+01 -2.038e+01 -1.930e+01 -2.806e+00
-1.395 -2.395  3.629   -inf 0.000 0.000 1.000 -1.496e-01 -5.591e-01 -2.517e+00 -4.436e+00 -1.392e+01 -2.957e+00 -5.359e+00 -1.636e+01 -2.017e+00 -5.305e+00 -4.662e+00 -1.714e+01 -2.034e+01 -1.926e+01 -2.806e+00
-1.313 -2.313  3.231  5.284 0.000 0.000 1.000 -1.496e-01 -5.591e-01 -2.517e+00 -4.436e+00 -1.384e+01 -2.957e+00 -5.359e+00 -1.627e+01 -2.017e+00 -5.305e+00 -4.662e+00 -1.705e+01 -2.026e+01 -1.918e+01 -2.806e+00
-1.230 -2.230   -inf  5.201 0.000 0.000 1.000 -1.496e-01 -5.591e-01 -2.517e+00 -4.436e+00 -1.376e+01 -2.957e+00 -5.359e+00 -1.619e+01 -2.017e+00 -5.305e+00 -4.662e+00 -1.697e+01 -2.017e+01 -1.909e+01 -2.806e+00
-1.147 -2.147  2.930   -inf 0.000 0.000 1.000 -1.496e-01 -5.591e-01 -2.517e+00 -4.436e+00 -1.368e+01 -2.957e+00 -5.359e+00 -1.611e+01 -2.017e+00 -5.305e+00 -4.662e+00 -1.689e+01 -2.009e+01 -1.901e+01 -2.806e+00
-1.064 -2.064  3.532  5.035 0.000 0.000 1.000 -1.496e-01 -5.591e-01 -2.517e+00 -4.436e+00 -1.359e+01 -2.957e+00 -5.359e+00 -1.603e+01 -2.017e+00 -5.305e+00 -4.662e+00 -1.680e+01 -2.001e+01 -1.893e+01 -2.806e+00
-0.981 -1.981  3.629   -inf 0.000 0.000 1.000 -1.496e-01 -5.591e-01 -2.517e+00 -4.436e+00 -1.351e+01 -2.957e+00 -5.359e+00 -1.594e+01 -2.017e+00 -5.305e+00 -4.662e+00 -1.672e+01 -1.993e+01 -1.884e+01 -2.806e+00
-0.899 -1.899  3.708  5.171 0.000 0.000 1.000 -1.496e-01 -5.591e-01 -2.517e+00 -4.436e+00 -1.343e+01 -2.957e+00 -5.359e+00 -1.586e+01 -2.017e+00 -5.305e+00 -4.662e+00 -1.664e+01 -1.984e+01 -1.876e+01 -2.806e+00
-0.857 -1.857  3.775  4.828 0.000 0.000 1.000 -1.496e-01 -5.591e-01 -2.517e+00 -4.436e+00 -1.339e+01 -2.957e+00 -5.359e+00 -1.582e+01 -2.017e+00 -5.305e+00 -4.662e+00 -1.660e+01 -1.980e+01 -1.872e+01 -2.806e+00
-0.774 -1.774  3.884  5.047 0.000 0.000 1.000 -1.496e-01 -5.591e-01 -2.517e+00 -4.436e+00 -1.330e+01 -2.957e+00 -5.359e+00 -1.574e+01 -2.017e+00 -5.305e+00 -4.662e+00 -1.652e+01 -1.972e+01 -1.864e+01 -2.806e+00
-0.692 -1.692  4.009  4.663 0.000 0.000 1.000 -1.496e-01 -5.591e-01 -2.517e+00 -4.436e+00 -1.322e+01 -2.957e+00 -5.359e+00 -1.565e+01 -2.017e+00 -5.305e+00 -4.662e+00 -1.643e+01 -1.964e+01 -1.855e+01 -2.806e+00
-0.609 -1.609  4.134  4.580 0.000 0.000 1.000 -1.496e-01 -5.591e-01 -2.517e+00 -4.436e+00 -1.314e+01 -2.957e+00 -5.359e+00 -1.557e+01 -2.017e+00 -5.305e+00 -4.662e+00 -1.635e+01 -1.955e+01 -1.847e+01 -2.806e+00
-0.526 -1.526  4.291  4.974 0.000 0.000 1.000 -1.496e-01 -5.591e-01 -2.517e+00 -4.436e+00 -1.305e+01 -2.957e+00 -5.359e+00 -1.549e+01 -2.017e+00 -5.305e+00 -4.662e+00 -1.627e+01 -1.947e+01 -1.839e+01 -2.806e+00
-0.443 -1.443  4.407  5.017 0.000 0.000 1.000 -1.496e-01 -5.591e-01 -2.517e+00 -4.436e+00 -1.297e+01 -2.957e+00 -5.359e+00 -1.540e+01 -2.017e+00 -5.305e+00 -4.662e+00 -1.618e+01 -1.939e+01 -1.831e+01 -2.806e+00
-0.361 -1.361  4.510  5.031 0.000 0.000 1.000 -1.496e-01 -5.591e-01 -2.517e+00 -4.436e+00 -1.289e+01 -2.957e+00 -5.359e+00 -1.532e+01 -2.017e+00 -5.305e+00 -4.662e+00 -1.610e+01 -1.931e+01 -1.822e+01 -2.806e+00
-0.319 -1.319  4.553  4.892 0.000 0.000 1.000 -1.496e-01 -5.591e-01 -2.517e+00 -4.436e+00 -1.285e+01 -2.957e+00 -5.359e+00 -1.528e+01 -2.017e+00 -5.305e+00 -4.662e+00 -1.606e+01 -1.926e+01 -1.818e+01 -2.806e+00
-0.236 -1.236  4.654  4.906 0.000 0.000 1.000 -1.496e-01 -5.591e-01 -2.517e+00 -4.436e+00 -1.276e+01 -2.957e+00 -5.359e+00 -1.520e+01 -2.017e+00 -5.305e+00 -4.662e+00 -1.598e+01 -1.918e+01 -1.810e+01 -2.806e+00
-0.154 -1.154  4.749  4.970 0.000 0.000 1.000 -1.496e-01 -5.591e-01 -2.517e+00 -4.436e+00 -1.268e+01 -2.957e+00 -5.359e+00 -1.512e+01 -2.017e+00 -5.305e+00 -4.662e+00 -1.590e+01 -1.910e+01 -1.802e+01 -2.806e+00
-0.071 -1.071  4.838  4.887 0.000 0.000 1.000 -1.496e-01 -5.591e-01 -2.517e+00 -4.436e+00 -1.260e+01 -2.957e+00 -5.359e+00 -1.503e+01 -2.017e+00 -5.305e+00 -4.662e+00 -1.581e+01 -1.902e+01 -1.793e+01 -2.806e+00
+0.012 -0.988  4.921  4.913 0.000 0.000 1.000 -1.496e-01 -5.591e-01 -2.517e+00 -4.436e+00 -1.252e+01 -2.957e+00 -5.359e+00 -1.495e+01 -2.017e+00 -5.305e+00 -4.662e+00 -1.573e+01 -1.893e+01 -1.785e+01 -2.806e+00
+0.095 -0.905  5.013  4.918 0.000 0.000 1.000 -1.496e-01 -5.591e-01 -2.517e+00 -4.436e+00 -1.243e+01 -2.957e+00 -5.359e+00 -1.487e+01 -2.017e+00 -5.305e+00 -4.662e+00 -1.565e+01 -1.885e+01 -1.777e+01 -2.806e+00
+0.178 -0.822  5.103  5.024 0.000 0.000 1.000 -1.496e-01 -5.591e-01 -2.517e+00 -4.436e+00 -1.235e+01 -2.957e+00 -5.359e+00 -1.478e+01 -2.017e+00 -5.305e+00 -4.662e+00 -1.557e+01 -1.877e+01 -1.769e+01 -2.806e+00
+0.219 -0.781  5.145  4.928 0.000 0.000 1.000 -1.496e-01 -5.591e-01 -2.517e+00 -4.436e+00 -1.231e+01 -2.957e+00 -5.359e+00 -1.474e+01 -2.017e+00 -5.305e+00 -4.662e+00 -1.553e+01 -1.873e+01 -1.764e+01 -2.806e+00
+0.302 -0.698  5.231  4.925 0.000 0.000 1.000 -1.496e-01 -5.591e-01 -2.517e+00 -4.436e+00 -1.223e+01 -2.957e+00 -5.359e+00 -1.466e+01 -2.017e+00 -5.305e+00 -4.662e+00 -1.544e+01 -1.864e+01 -1.756e+01 -2.806e+00
+0.385 -0.615  5.317  4.967 0.000 0.000 1.000 -1.496e-01 -5.591e-01 -2.517e+00 -4.436e+00 -1.214e+01 -2.957e+00 -5.359e+00 -1.458e+01 -2.017e+00 -5.305e+00 -4.662e+00 -1.536e+01 -1.856e+01 -1.748e+01 -2.806e+00
+0.467 -0.533  5.401  4.966 0.000 0.000 1.000 -1.496e-01 -5.591e-01 -2.517e+00 -4.436e+00 -1.206e+01 -2.957e+00 -5.359e+00 -1.450e+01 -2.017e+00 -5.305e+00 -4.662e+00 -1.528e+01 -1.848e+01 -1.740e+01 -2.806e+00
+0.550 -0.450  5.485  4.953 0.000 0.000 1.000 -1.496e-01 -5.591e-01 -2.517e+00 -4.436e+00 -1.198e+01 -2.957e+00 -5.359e+00 -1.441e+01 -2.017e+00 -5.305e+00 -4.662e+00 -1.520e+01 -1.840e+01 -1.731e+01 -2.806e+00
+0.633 -0.367  5.570  4.940 0.000 0.000 1.000 -1.496e-01 -5.591e-01 -2.517e+00 -4.436e+00 -1.190e+01 -2.957e+00 -5.359e+00 -1.433e+01 -2.017e+00 -5.305e+00 -4.662e+00 -1.512e+01 -1.831e+01 -1.723e+01 -2.806e+00
+0.674 -0.326  5.611  4.930 0.000 0.000 1.000 -1.496e-01 -5.591e-01 -2.517e+00 -4.436e+00 -1.185e+01 -2.957e+00 -5.359e+00 -1.429e+01 -2.017e+00 -5.305e+00 -4.662e+00 -1.508e+01 -1.827e+01 -1.719e+01 -2.806e+00
+0.757 -0.243  5.695  4.946 0.000 0.000 1.000 -1.496e-01 -5.591e-01 -2.517e+00 -4.436e+00 -1.177e+01 -2.957e+00 -5.359e+00 -1.421e+01 -2.017e+00 -5.305e+00 -4.662e+00 -1.500e+01 -1.819e+01 -1.711e+01 -2.806e+00
+0.840 -0.160  5.779  4.951 0.000 0.000 1.000 -1.496e-01 -5.591e-01 -2.517e+00 -4.436e+00 -1.169e+01 -2.957e+00 -5.359e+00 -1.413e+01 -2.017e+00 -5.305e+00 -4.662e+00 -1.492e+01 -1.811e+01 -1.702e+01 -2.806e+00
+0.923 -0.077  5.861  4.935 0.000 0.000 1.000 -1.496e-01 -5.591e-01 -2.517e+00 -4.436e+00 -1.161e+01 -2.957e+00 -5.359e+00 -1.405e+01 -2.017e+00 -5.305e+00 -4.662e+00 -1.484e+01 -1.802e+01 -1.694e+01 -2.806e+00
+1.005 +0.005  5.944  4.939 0.000 0.000 1.000 -1.496e-01 -5.591e-01 -2.517e+00 -4.436e+00 -1.153e+01 -2.957e+00 -5.359e+00 -1.397e+01 -2.017e+00 -5.305e+00 -4.662e+00 -1.476e+01 -1.794e+01 -1.686e+01 -2.806e+00
+1.088 +0.088  6.027  4.940 0.000 0.000 1.000 -1.496e-01 -5.591e-01 -2.517e+00 -4.436e+00 -1.144e+01 -2.957e+00 -5.359e+00 -1.389e+01 -2.017e+00 -5.305e+00 -4.662e+00 -1.468e+01 -1.786e+01 -1.677e+01 -2.806e+00
+1.171 +0.171  6.110  4.937 0.000 0.000 1.000 -1.496e-01 -5.591e-01 -2.517e+00 -4.436e+00 -1.136e+01 -2.957e+00 -5.359e+00 -1.381e+01 -2.017e+00 -5.305e+00 -4.662e+00 -1.460e+01 -1.777e+01 -1.669e+01 -2.806e+00
+1.212 +0.212  6.152  4.941 0.000 0.000 1.000 -1.496e-01 -5.591e-01 -2.517e+00 -4.436e+00 -1.132e+01 -2.957e+00 -5.359e+00 -1.377e+01 -2.017e+00 -5.305e+00 -4.662e+00 -1.456e+01 -1.773e+01 -1.665e+01 -2.806e+00
+1.295 +0.295  6.236  4.948 0.000 0.000 1.000 -1.496e-01 -5.591e-01 -2.517e+00 -4.436e+00 -1.124e+01 -2.957e+00 -5.359e+00 -1.369e+01 -2.017e+00 -5.305e+00 -4.662e+00 -1.449e+01 -1.765e+01 -1.657e+01 -2.806e+00
+1.378 +0.378  6.320  4.951 0.000 0.000 1.000 -1.496e-01 -5.591e-01 -2.517e+00 -4.436e+00 -1.116e+01 -2.957e+00 -5.359e+00 -1.361e+01 -2.017e+00 -5.305e+00 -4.662e+00 -1.442e+01 -1.757e+01 -1.649e+01 -2.806e+00
+1.461 +0.461  6.403  4.950 0.000 0.000 1.000 -1.496e-01 -5.591e-01 -2.517e+00 -4.436e+00 -1.107e+01 -2.957e+00 -5.359e+00 -1.353e+01 -2.017e+00 -5.305e+00 -4.662e+00 -1.434e+01 -1.749e+01 -1.640e+01 -2.806e+00
+1.544 +0.544  6.487  4.950 0.000 0.000 1.000 -1.496e-01 -5.591e-01 -2.517e+00 -4.436e+00 -1.099e+01 -2.957e+00 -5.359e+00 -1.346e+01 -2.017e+00 -5.305e+00 -4.662e+00 -1.427e+01 -1.740e+01 -1.632e+01 -2.806e+00
+1.626 +0.626  6.571  4.949 0.000 0.000 1.000 -1.496e-01 -5.591e-01 -2.517e+00 -4.436e+00 -1.091e+01 -2.957e+00 -5.359e+00 -1.338e+01 -2.017e+00 -5.305e+00 -4.662e+00 -1.421e+01 -1.732e+01 -1.624e+01 -2.806e+00
+1.709 +0.709  6.655  4.952 0.000 0.000 1.000 -1.496e-01 -5.591e-01 -2.517e+00 -4.436e+00 -1.083e+01 -2.957e+00 -5.359e+00 -1.331e+01 -2.017e+00 -5.305e+00 -4.662e+00 -1.414e+01 -1.724e+01 -1.615e+01 -2.806e+00
+1.750 +0.750  6.697  4.954 0.000 0.000 1.000 -1.496e-01 -5.591e-01 -2.517e+00 -4.436e+00 -1.079e+01 -2.957e+00 -5.359e+00 -1.328e+01 -2.017e+00 -5.305e+00 -4.662e+00 -1.411e+01 -1.720e+01 -1.611e+01 -2.806e+00
+1.833 +0.833  6.781  4.955 0.000 0.000 1.000 -1.496e-01 -5.591e-01 -2.517e+00 -4.436e+00 -1.071e+01 -2.957e+00 -5.359e+00 -1.321e+01 -2.017e+00 -5.305e+00 -4.662e+00 -1.405e+01 -1.711e+01 -1.603e+01 -2.806e+00
+1.916 +0.916  6.866  4.960 0.000 0.000 1.000 -1.496e-01 -5.591e-01 -2.517e+00 -4.436e+00 -1.063e+01 -2.957e+00 -5.359e+00 -1.314e+01 -2.017e+00 -5.305e+00 -4.662e+00 -1.400e+01 -1.703e+01 -1.595e+01 -2.806e+00
+1.999 +0.999  6.951  4.964 0.000 0.000 1.000 -1.496e-01 -5.591e-01 -2.517e+00 -4.436e+00 -1.055e+01 -2.957e+00 -5.359e+00 -1.308e+01 -2.017e+00 -5.305e+00 -4.662e+00 -1.395e+01 -1.695e+01 -1.586e+01 -2.806e+00
+2.082 +1.082  7.036  4.968 0.000 0.000 1.000 -1.496e-01 -5.591e-01 -2.517e+00 -4.436e+00 -1.048e+01 -2.957e+00 -5.359e+00 -1.302e+01 -2.017e+00 -5.305e+00 -4.662e+00 -1.391e+01 -1.687e+01 -1.578e+01 -2.806e+00
+2.164 +1.164  7.122  4.974 0.000 0.000 1.000 -1.496e-01 -5.591e-01 -2.517e+00 -4.436e+00 -1.040e+01 -2.957e+00 -5.359e+00 -1.296e+01 -2.017e+00 -5.305e+00 -4.662e+00 -1.387e+01 -1.678e+01 -1.570e+01 -2.806e+00
+2.247 +1.247  7.209  4.980 0.000 0.000 1.000 -1.496e-01 -5.591e-01 -2.517e+00 -4.436e+00 -1.032e+01 -2.957e+00 -5.359e+00 -1.291e+01 -2.017e+00 -5.305e+00 -4.662e+00 -1.384e+01 -1.670e+01 -1.562e+01 -2.806e+00
+2.289 +1.289  7.252  4.984 0.000 0.000 1.000 -1.496e-01 -5.591e-01 -2.517e+00 -4.436e+00 -1.029e+01 -2.957e+00 -5.359e+00 -1.289e+01 -2.017e+00 -5.305e+00 -4.662e+00 -1.382e+01 -1.666e+01 -1.557e+01 -2.806e+00
+2.371 +1.371  7.339  4.991 0.000 0.000 1.000 -1.496e-01 -5.591e-01 -2.517e+00 -4.436e+00 -1.021e+01 -2.957e+00 -5.359e+00 -1.284e+01 -2.017e+00 -5.305e+00 -4.662e+00 -1.380e+01 -1.658e+01 -1.549e+01 -2.806e+00
+2.454 +1.454  7.427  4.999 0.000 0.000 1.000 -1.496e-01 -5.591e-01 -2.517e+00 -4.436e+00 -1.014e+01 -2.957e+00 -5.359e+00 -1.281e+01 -2.017e+00 -5.305e+00 -4.662e+00 -1.379e+01 -1.650e+01 -1.541e+01 -2.806e+00
+2.537 +1.537  7.516  5.009 0.000 0.000 1.000 -1.496e-01 -5.591e-01 -2.517e+00 -4.436e+00 -1.007e+01 -2.957e+00 -5.359e+00 -1.278e+01 -2.017e+00 -5.305e+00 -4.662e+00 -1.378e+01 -1.642e+01 -1.533e+01 -2.806e+00
+2.620 +1.620  7.606  5.020 0.000 0.000 1.000 -1.496e-01 -5.591e-01 -2.517e+00 -4.436e+00 -1.001e+01 -2.957e+00 -5.359e+00 -1.276e+01 -2.017e+00 -5.305e+00 -4.662e+00 -1.377e+01 -1.633e+01 -1.524e+01 -2.806e+00
+2.702 +1.702  7.696  5.032 0.000 0.000 1.000 -1.496e-01 -5.591e-01 -2.517e+00 -4.436e+00 -9.944e+00 -2.957e+00 -5.359e+00 -1.274e+01 -2.017e+00 -5.305e+00 -4.662e+00 -1.377e+01 -1.625e+01 -1.516e+01 -2.806e+00
+2.744 +1.744  7.742  5.038 0.000 0.000 1.000 -1.496e-01 -5.591e-01 -2.517e+00 -4.436e+00 -9.914e+00 -2.957e+00 -5.359e+00 -1.273e+01 -2.017e+00 -5.305e+00 -4.662e+00 -1.377e+01 -1.621e+01 -1.512e+01 -2.806e+00
+2.827 +1.827  7.834  5.050 0.000 0.000 1.000 -1.496e-01 -5.591e-01 -2.517e+00 -4.436e+00 -9.857e+00 -2.957e+00 -5.359e+00 -1.272e+01 -2.017e+00 -5.305e+00 -4.662e+00 -1.377e+01 -1.613e+01 -1.504e+01 -2.806e+00
+2.909 +1.909  7.926  5.063 0.000 0.000 1.000 -1.496e-01 -5.591e-01 -2.517e+00 -4.436e+00 -9.804e+00 -2.957e+00 -5.359e+00 -1.272e+01 -2.017e+00 -5.305e+00 -4.662e+00 -1.377e+01 -1.605e+01 -1.495e+01 -2.806e+00
+2.992 +1.992  8.019  5.076 0.000 0.000 1.000 -1.496e-01 -5.591e-01 -2.517e+00 -4.436e+00 -9.757e+00 -2.957e+00 -5.359e+00 -1.272e+01 -2.017e+00 -5.305e+00 -4.662e+00 -1.377e+01 -1.597e+01 -1.487e+01 -2.806e+00
+3.075 +2.075  8.113  5.088 0.000 0.000 1.000 -1.496e-01 -5.591e-01 -2.517e+00 -4.436e+00 -9.715e+00 -2.957e+00 -5.359e+00 -1.272e+01 -2.017e+00 -5.305e+00 -4.662e+00 -1.377e+01 -1.590e+01 -1.479e+01 -2.806e+00
+3.158 +2.158  8.206  5.099 0.000 0.000 1.000 -1.496e-01 -5.591e-01 -2.517e+00 -4.436e+00 -9.680e+00 -2.957e+00 -5.359e+00 -1.272e+01 -2.017e+00 -5.305e+00 -4.662e+00 -1.377e+01 -1.582e+01 -1.471e+01 -2.806e+00
+3.241 +2.241  8.300  5.109 0.000 0.000 1.000 -1.496e-01 -5.591e-01 -2.517e+00 -4.436e+00 -9.651e+00 -2.957e+00 -5.359e+00 -1.272e+01 -2.017e+00 -5.305e+00 -4.662e+00 -1.377e+01 -1.574e+01 -1.462e+01 -2.806e+00
+3.282 +2.282  8.346  5.113 0.000 0.000 1.000 -1.496e-01 -5.591e-01 -2.517e+00 -4.436e+00 -9.639e+00 -2.957e+00 -5.359e+00 -1.272e+01 -2.017e+00 -5.305e+00 -4.662e+00 -1.377e+01 -1.571e+01 -1.458e+01 -2.806e+00
+3.365 +2.365  8.439  5.120 0.067 0.000 1.000 -1.496e-01 -5.591e-01 -2.517e+00 -4.436e+00 -9.620e+00 -2.957e+00 -5.359e+00 -1.272e+01 -2.017e+00 -5.305e+00 -4.662e+00 -1.377e+01 -1.563e+01 -1.450e+01 -2.806e+00
+3.448 +2.448  8.531  5.125 0.067 0.000 1.000 -1.496e-01 -5.591e-01 -2.517e+00 -4.436e+00 -9.607e+00 -2.957e+00 -5.359e+00 -1.272e+01 -2.017e+00 -5.305e+00 -4.662e+00 -1.377e+01 -1.556e+01 -1.442e+01 -2.806e+00
+3.530 +2.530  8.622  5.129 0.067 0.000 1.000 -1.496e-01 -5.591e-01 -2.517e+00 -4.436e+00 -9.599e+00 -2.957e+00 -5.359e+00 -1.272e+01 -2.017e+00 -5.305e+00 -4.662e+00 -1.377e+01 -1.549e+01 -1.433e+01 -2.806e+00
+3.613 +2.613  8.712  5.131 0.133 0.000 1.000 -1.496e-01 -5.591e-01 -2.517e+00 -4.436e+00 -9.595e+00 -2.957e+00 -5.359e+00 -1.272e+01 -2.017e+00 -5.305e+00 -4.662e+00 -1.377e+01 -1.542e+01 -1.425e+01 -2.806e+00
+3.696 +2.696  8.800  5.132 0.133 0.000 1.000 -1.496e-01 -5.591e-01 -2.517e+00 -4.436e+00 -9.593e+00 -2.957e+00 -5.359e+00 -1.272e+01 -2.017e+00 -5.305e+00 -4.662e+00 -1.377e+01 -1.536e+01 -1.417e+01 -2.806e+00
+3.779 +2.779  8.888  5.132 0.133 0.000 1.000 -1.496e-01 -5.591e-01 -2.517e+00 -4.436e+00 -9.593e+00 -2.957e+00 -5.359e+00 -1.272e+01 -2.017e+00 -5.305e+00 -4.662e+00 -1.377e+01 -1.529e+01 -1.408e+01 -2.806e+00
+3.820 +2.820  8.932  5.132 0.133 0.000 1.000 -1.496e-01 -5.591e-01 -2.517e+00 -4.436e+00 -9.592e+00 -2.957e+00 -5.359e+00 -1.272e+01 -2.017e+00 -5.305e+00 -4.662e+00 -1.377e+01 -1.527e+01 -1.404e+01 -2.806e+00
+3.903 +2.903  9.018  5.132 0.133 0.000 1.000 -1.496e-01 -5.591e-01 -2.517e+00 -4.436e+00 -9.592e+00 -2.957e+00 -5.359e+00 -1.272e+01 -2.017e+00 -5.305e+00 -4.662e+00 -1.377e+01 -1.521e+01 -1.396e+01 -2.806e+00
+3.986 +2.986  9.104  5.132 0.133 0.000 1.000 -1.496e-01 -5.591e-01 -2.517e+00 -4.436e+00 -9.592e+00 -2.957e+00 -5.359e+00 -1.272e+01 -2.017e+00 -5.305e+00 -4.662e+00 -1.377e+01 -1.516e+01 -1.388e+01 -2.806e+00
+4.068 +3.068  9.189  5.132 0.133 0.000 1.000 -1.496e-01 -5.591e-01 -2.517e+00 -4.436e+00 -9.592e+00 -2.957e+00 -5.359e+00 -1.272e+01 -2.017e+00 -5.305e+00 -4.662e+00 -1.377e+01 -1.511e+01 -1.379e+01 -2.806e+00
+4.151 +3.151  9.274  5.132 0.133 0.000 1.000 -1.496e-01 -5.591e-01 -2.517e+00 -4.436e+00 -9.592e+00 -2.957e+00 -5.359e+00 -1.272e+01 -2.017e+00 -5.305e+00 -4.662e+00 -1.377e+01 -1.508e+01 -1.371e+01 -2.806e+00
+4.234 +3.234  9.358  5.132 0.133 0.000 1.000 -1.496e-01 -5.591e-01 -2.517e+00 -4.436e+00 -9.592e+00 -2.957e+00 -5.359e+00 -1.272e+01 -2.017e+00 -5.305e+00 -4.662e+00 -1.377e+01 -1.504e+01 -1.363e+01 -2.806e+00
+4.317 +3.317  9.443  5.132 0.200 0.000 1.000 -1.496e-01 -5.591e-01 -2.517e+00 -4.436e+00 -9.592e+00 -2.957e+00 -5.359e+00 -1.272e+01 -2.017e+00 -5.305e+00 -4.662e+00 -1.377e+01 -1.502e+01 -1.355e+01 -2.806e+00
+4.358 +3.358  9.484  5.132 0.200 0.000 1.000 -1.496e-01 -5.591e-01 -2.517e+00 -4.436e+00 -9.592e+00 -2.957e+00 -5.359e+00 -1.272e+01 -2.017e+00 -5.305e+00 -4.662e+00 -1.377e+01 -1.501e+01 -1.350e+01 -2.806e+00
+4.441 +3.441  9.568  5.132 0.200 0.000 1.000 -1.496e-01 -5.591e-01 -2.517e+00 -4.436e+00 -9.592e+00 -2.957e+00 -5.359e+00 -1.272e+01 -2.017e+00 -5.305e+00 -4.662e+00 -1.377e+01 -1.499e+01 -1.342e+01 -2.806e+00
+4.524 +3.524  9.652  5.132 0.200 0.000 1.000 -1.496e-01 -5.591e-01 -2.517e+00 -4.436e+00 -9.592e+00 -2.957e+00 -5.359e+00 -1.272e+01 -2.017e+00 -5.305e+00 -4.662e+00 -1.377e+01 -1.498e+01 -1.334e+01 -2.806e+00
+4.607 +3.607  9.735  5.132 0.200 0.000 1.000 -1.496e-01 -5.591e-01 -2.517e+00 -4.436e+00 -9.592e+00 -2.957e+00 -5.359e+00 -1.272e+01 -2.017e+00 -5.305e+00 -4.662e+00 -1.377e+01 -1.497e+01 -1.326e+01 -2.806e+00
+4.689 +3.689  9.819  5.132 0.200 0.000 1.000 -1.496e-01 -5.591e-01 -2.517e+00 -4.436e+00 -9.592e+00 -2.957e+00 -5.360e+00 -1.272e+01 -2.017e+00 -5.305e+00 -4.662e+00 -1.377e+01 -1.497e+01 -1.317e+01 -2.806e+00
+4.772 +3.772  9.902  5.132 0.200 0.000 1.000 -1.496e-01 -5.591e-01 -2.517e+00 -4.436e+00 -9.592e+00 -2.957e+00 -5.360e+00 -1.272e+01 -2.017e+00 -5.305e+00 -4.662e+00 -1.377e+01 -1.497e+01 -1.309e+01 -2.806e+00
+4.814 +3.814  9.944  5.132 0.200 0.000 1.000 -1.496e-01 -5.591e-01 -2.517e+00 -4.436e+00 -9.592e+00 -2.957e+00 -5.360e+00 -1.272e+01 -2.017e+00 -5.305e+00 -4.662e+00 -1.377e+01 -1.497e+01 -1.305e+01 -2.806e+00
+4.896 +3.896 10.027  5.132 0.200 0.000 1.000 -1.496e-01 -5.591e-01 -2.517e+00 -4.436e+00 -9.592e+00 -2.957e+00 -5.360e+00 -1.272e+01 -2.017e+00 -5.305e+00 -4.662e+00 -1.377e+01 -1.497e+01 -1.297e+01 -2.806e+00
+4.979 +3.979 10.110  5.132 0.200 0.000 1.000 -1.496e-01 -5.591e-01 -2.517e+00 -4.436e+00 -9.592e+00 -2.957e+00 -5.360e+00 -1.272e+01 -2.017e+00 -5.305e+00 -4.662e+00 -1.377e+01 -1.497e+01 -1.288e+01 -2.806e+00
+5.062 +4.062 10.193  5.132 0.200 0.000 1.000 -1.496e-01 -5.591e-01 -2.517e+00 -4.436e+00 -9.592e+00 -2.957e+00 -5.360e+00 -1.272e+01 -2.017e+00 -5.305e+00 -4.662e+00 -1.377e+01 -1.497e+01 -1.280e+01 -2.806e+00
+5.145 +4.145 10.276  5.132 0.200 0.000 1.000 -1.496e-01 -5.591e-01 -2.517e+00 -4.436e+00 -9.592e+00 -2.957e+00 -5.361e+00 -1.272e+01 -2.017e+00 -5.305e+00 -4.662e+00 -1.377e+01 -1.497e+01 -1.272e+01 -2.806e+00
+5.227 +4.227 10.359  5.132 0.200 0.000 1.000 -1.496e-01 -5.591e-01 -2.517e+00 -4.436e+00 -9.592e+00 -2.957e+00 -5.361e+00 -1.272e+01 -2.017e+00 -5.305e+00 -4.662e+00 -1.377e+01 -1.497e+01 -1.264e+01 -2.806e+00
+5.310 +4.310 10.442  5.132 0.200 0.000 1.000 -1.496e-01 -5.591e-01 -2.517e+00 -4.435e+00 -9.592e+00 -2.957e+00 -5.361e+00 -1.272e+01 -2.017e+00 -5.305e+00 -4.662e+00 -1.377e+01 -1.497e+01 -1.255e+01 -2.806e+00
+5.352 +4.352 10.483  5.132 0.267 0.000 1.000 -1.496e-01 -5.591e-01 -2.517e+00 -4.435e+00 -9.592e+00 -2.957e+00 -5.362e+00 -1.272e+01 -2.017e+00 -5.305e+00 -4.662e+00 -1.377e+01 -1.497e+01 -1.251e+01 -2.806e+00
+5.434 +4.434 10.566  5.131 0.267 0.000 1.000 -1.496e-01 -5.591e-01 -2.517e+00 -4.435e+00 -9.592e+00 -2.957e+00 -5.362e+00 -1.272e+01 -2.017e+00 -5.305e+00 -4.662e+00 -1.377e+01 -1.497e+01 -1.243e+01 -2.806e+00
+5.517 +4.517 10.649  5.131 0.267 0.000 1.000 -1.496e-01 -5.591e-01 -2.517e+00 -4.435e+00 -9.592e+00 -2.957e+00 -5.363e+00 -1.272e+01 -2.017e+00 -5.305e+00 -4.662e+00 -1.377e+01 -1.497e+01 -1.235e+01 -2.806e+00
+5.600 +4.600 10.731  5.131 0.267 0.000 1.000 -1.496e-01 -5.591e-01 -2.517e+00 -4.435e+00 -9.592e+00 -2.957e+00 -5.364e+00 -1.272e+01 -2.017e+00 -5.305e+00 -4.662e+00 -1.377e+01 -1.497e+01 -1.226e+01 -2.806e+00
+5.683 +4.683 10.814  5.131 0.267 0.000 1.000 -1.496e-01 -5.591e-01 -2.517e+00 -4.434e+00 -9.592e+00 -2.957e+00 -5.365e+00 -1.272e+01 -2.017e+00 -5.305e+00 -4.662e+00 -1.377e+01 -1.497e+01 -1.218e+01 -2.806e+00
+5.766 +4.766 10.897  5.131 0.267 0.000 1.000 -1.496e-01 -5.591e-01 -2.517e+00 -4.434e+00 -9.592e+00 -2.957e+00 -5.366e+00 -1.272e+01 -2.017e+00 -5.305e+00 -4.662e+00 -1.377e+01 -1.497e+01 -1.210e+01 -2.806e+00
+5.848 +4.848 10.979  5.130 0.267 0.000 1.000 -1.496e-01 -5.591e-01 -2.517e+00 -4.434e+00 -9.592e+00 -2.957e+00 -5.367e+00 -1.272e+01 -2.017e+00 -5.305e+00 -4.662e+00 -1.377e+01 -1.497e+01 -1.201e+01 -2.806e+00
+5.890 +4.890 11.021  5.130 0.267 0.000 1.000 -1.496e-01 -5.591e-01 -2.517e+00 -4.434e+00 -9.592e+00 -2.957e+00 -5.368e+00 -1.272e+01 -2.017e+00 -5.305e+00 -4.662e+00 -1.377e+01 -1.497e+01 -1.197e+01 -2.806e+00
+5.973 +4.973 11.103  5.130 0.267 0.000 1.000 -1.496e-01 -5.591e-01 -2.517e+00 -4.433e+00 -9.592e+00 -2.957e+00 -5.370e+00 -1.272e+01 -2.017e+00 -5.305e+00 -4.662e+00 -1.377e+01 -1.497e+01 -1.189e+01 -2.806e+00
+6.055 +5.055 11.186  5.129 0.267 0.000 1.000 -1.496e-01 -5.591e-01 -2.517e+00 -4.432e+00 -9.592e+00 -2.957e+00 -5.372e+00 -1.272e+01 -2.017e+00 -5.305e+00 -4.662e+00 -1.377e+01 -1.497e+01 -1.181e+01 -2.806e+00
+6.138 +5.138 11.268  5.128 0.267 0.000 1.000 -1.496e-01 -5.591e-01 -2.517e+00 -4.431e+00 -9.592e+00 -2.957e+00 -5.375e+00 -1.272e+01 -2.017e+00 -5.305e+00 -4.662e+00 -1.377e+01 -1.497e+01 -1.173e+01 -2.806e+00
+6.221 +5.221 11.351  5.128 0.267 0.000 1.000 -1.496e-01 -5.591e-01 -2.517e+00 -4.431e+00 -9.592e+00 -2.957e+00 -5.378e+00 -1.272e+01 -2.017e+00 -5.305e+00 -4.662e+00 -1.377e+01 -1.497e+01 -1.164e+01 -2.806e+00
+6.304 +5.304 11.433  5.127 0.267 0.000 1.000 -1.496e-01 -5.591e-01 -2.517e+00 -4.429e+00 -9.592e+00 -2.957e+00 -5.382e+00 -1.272e+01 -2.017e+00 -5.305e+00 -4.662e+00 -1.377e+01 -1.497e+01 -1.156e+01 -2.806e+00
+6.386 +5.386 11.515  5.126 0.267 0.000 1.000 -1.496e-01 -5.591e-01 -2.517e+00 -4.428e+00 -9.592e+00 -2.957e+00 -5.387e+00 -1.272e+01 -2.017e+00 -5.305e+00 -4.662e+00 -1.377e+01 -1.497e+01 -1.148e+01 -2.806e+00
+6.428 +5.428 11.556  5.125 0.267 0.000 1.000 -1.496e-01 -5.591e-01 -2.517e+00 -4.427e+00 -9.592e+00 -2.957e+00 -5.390e+00 -1.272e+01 -2.017e+00 -5.305e+00 -4.662e+00 -1.377e+01 -1.497e+01 -1.144e+01 -2.806e+00
+6.511 +5.511 11.638  5.123 0.267 0.000 1.000 -1.496e-01 -5.591e-01 -2.517e+00 -4.425e+00 -9.592e+00 -2.957e+00 -5.396e+00 -1.272e+01 -2.017e+00 -5.305e+00 -4.662e+00 -1.377e+01 -1.497e+01 -1.135e+01 -2.806e+00
+6.581 +5.581 11.708  5.122 0.267 0.000 1.000 -1.496e-01 -5.591e-01 -2.517e+00 -4.423e+00 -9.593e+00 -2.957e+00 -5.403e+00 -1.272e+01 -2.017e+00 -5.305e+00 -4.662e+00 -1.377e+01 -1.497e+01 -1.128e+01 -2.806e+00
+6.682 +5.682 11.808  5.119 0.267 0.000 1.000 -1.496e-01 -5.591e-01 -2.517e+00 -4.420e+00 -9.593e+00 -2.957e+00 -5.414e+00 -1.272e+01 -2.017e+00 -5.305e+00 -4.662e+00 -1.377e+01 -1.497e+01 -1.118e+01 -2.806e+00
+6.731 +5.731 11.855  5.118 0.267 0.000 1.000 -1.496e-01 -5.591e-01 -2.517e+00 -4.418e+00 -9.593e+00 -2.957e+00 -5.421e+00 -1.272e+01 -2.017e+00 -5.305e+00 -4.662e+00 -1.377e+01 -1.497e+01 -1.113e+01 -2.806e+00
+6.821 +5.821 11.944  5.114 0.267 0.000 1.000 -1.496e-01 -5.591e-01 -2.517e+00 -4.414e+00 -9.593e+00 -2.957e+00 -5.435e+00 -1.272e+01 -2.017e+00 -5.305e+00 -4.662e+00 -1.377e+01 -1.497e+01 -1.104e+01 -2.806e+00
+6.893 +5.846 12.015  5.111 0.267 0.000 1.000 -1.496e-01 -5.591e-01 -2.517e+00 -4.410e+00 -9.593e+00 -2.957e+00 -5.449e+00 -1.272e+01 -2.017e+00 -5.305e+00 -4.662e+00 -1.377e+01 -1.497e+01 -1.097e+01 -2.806e+00
+6.967 +5.802 12.086  5.107 0.267 0.000 1.000 -1.496e-01 -5.591e-01 -2.517e+00 -4.406e+00 -9.593e+00 -2.957e+00 -5.465e+00 -1.272e+01 -2.017e+00 -5.304e+00 -4.662e+00 -1.377e+01 -1.497e+01 -1.090e+01 -2.806e+00
+7.043 +5.749 12.160  5.103 0.267 0.000 1.000 -1.496e-01 -5.591e-01 -2.517e+00 -4.400e+00 -9.593e+00 -2.957e+00 -5.485e+00 -1.272e+01 -2.017e+00 -5.304e+00 -4.662e+00 -1.377e+01 -1.497e+01 -1.082e+01 -2.806e+00
+7.116 +5.688 12.231  5.098 0.267 0.000 1.000 -1.496e-01 -5.591e-01 -2.517e+00 -4.394e+00 -9.593e+00 -2.957e+00 -5.509e+00 -1.272e+01 -2.017e+00 -5.304e+00 -4.662e+00 -1.377e+01 -1.497e+01 -1.075e+01 -2.806e+00
+7.196 +5.764 12.308  5.093 0.267 0.000 1.000 -1.496e-01 -5.591e-01 -2.517e+00 -4.386e+00 -9.593e+00 -2.957e+00 -5.539e+00 -1.272e+01 -2.017e+00 -5.304e+00 -4.662e+00 -1.377e+01 -1.497e+01 -1.067e+01 -2.806e+00
+7.268 +5.676 12.376  5.087 0.267 0.000 1.000 -1.496e-01 -5.591e-01 -2.517e+00 -4.378e+00 -9.593e+00 -2.957e+00 -5.571e+00 -1.272e+01 -2.017e+00 -5.304e+00 -4.662e+00 -1.377e+01 -1.497e+01 -1.060e+01 -2.806e+00
+7.346 +5.717 12.450  5.080 0.267 0.000 1.000 -1.496e-01 -5.591e-01 -2.518e+00 -4.367e+00 -9.593e+00 -2.957e+00 -5.612e+00 -1.272e+01 -2.017e+00 -5.304e+00 -4.663e+00 -1.377e+01 -1.497e+01 -1.052e+01 -2.806e+00
+7.422 +5.740 12.522  5.073 0.267 0.000 1.000 -1.496e-01 -5.591e-01 -2.518e+00 -4.355e+00 -9.593e+00 -2.957e+00 -5.660e+00 -1.272e+01 -2.017e+00 -5.304e+00 -4.663e+00 -1.377e+01 -1.497e+01 -1.044e+01 -2.806e+00
+7.500 +5.728 12.595  5.065 0.267 0.000 1.000 -1.496e-01 -5.591e-01 -2.518e+00 -4.341e+00 -9.593e+00 -2.957e+00 -5.718e+00 -1.272e+01 -2.017e+00 -5.304e+00 -4.663e+00 -1.377e+01 -1.497e+01 -1.036e+01 -2.806e+00
+7.574 +5.690 12.664  5.057 0.267 0.000 1.000 -1.496e-01 -5.591e-01 -2.518e+00 -4.326e+00 -9.594e+00 -2.957e+00 -5.784e+00 -1.272e+01 -2.017e+00 -5.304e+00 -4.663e+00 -1.377e+01 -1.497e+01 -1.029e+01 -2.806e+00
+7.651 +5.763 12.735  5.049 0.267 0.000 1.000 -1.496e-01 -5.591e-01 -2.518e+00 -4.307e+00 -9.594e+00 -2.957e+00 -5.865e+00 -1.272e+01 -2.017e+00 -5.304e+00 -4.663e+00 -1.377e+01 -1.497e+01 -1.021e+01 -2.806e+00
+7.727 +5.792 12.805  5.041 0.267 0.000 1.000 -1.496e-01 -5.591e-01 -2.519e+00 -4.287e+00 -9.594e+00 -2.957e+00 -5.959e+00 -1.272e+01 -2.017e+00 -5.304e+00 -4.663e+00 -1.377e+01 -1.497e+01 -1.014e+01 -2.806e+00
+7.805 +5.751 12.876  5.034 0.267 0.000 1.000 -1.496e-01 -5.591e-01 -2.519e+00 -4.263e+00 -9.594e+00 -2.957e+00 -6.071e+00 -1.272e+01 -2.017e+00 -5.304e+00 -4.663e+00 -1.377e+01 -1.497e+01 -1.006e+01 -2.806e+00
+7.881 +5.803 12.947  5.029 0.267 0.000 1.000 -1.496e-01 -5.591e-01 -2.519e+00 -4.237e+00 -9.595e+00 -2.957e+00 -6.200e+00 -1.272e+01 -2.017e+00 -5.303e+00 -4.664e+00 -1.377e+01 -1.497e+01 -9.983e+00 -2.806e+00
+7.957 +5.777 13.016  5.025 0.267 0.000 1.000 -1.496e-01 -5.591e-01 -2.520e+00 -4.208e+00 -9.595e+00 -2.956e+00 -6.344e+00 -1.272e+01 -2.017e+00 -5.303e+00 -4.664e+00 -1.377e+01 -1.497e+01 -9.907e+00 -2.806e+00
+8.034 +5.642 13.088  5.023 0.267 0.000 1.000 -1.496e-01 -5.591e-01 -2.521e+00 -4.175e+00 -9.596e+00 -2.956e+00 -6.508e+00 -1.272e+01 -2.017e+00 -5.303e+00 -4.664e+00 -1.377e+01 -1.497e+01 -9.830e+00 -2.806e+00
+8.110 +5.839 13.159  5.023 0.267 0.000 1.000 -1.496e-01 -5.591e-01 -2.522e+00 -4.140e+00 -9.597e+00 -2.956e+00 -6.677e+00 -1.272e+01 -2.017e+00 -5.303e+00 -4.665e+00 -1.377e+01 -1.497e+01 -9.754e+00 -2.806e+00
+8.187 +5.861 13.232  5.024 0.267 0.000 1.000 -1.496e-01 -5.591e-01 -2.522e+00 -4.101e+00 -9.598e+00 -2.956e+00 -6.839e+00 -1.271e+01 -2.017e+00 -5.302e+00 -4.666e+00 -1.377e+01 -1.497e+01 -9.678e+00 -2.806e+00
+8.264 +5.843 13.306  5.028 0.267 0.000 1.000 -1.496e-01 -5.591e-01 -2.524e+00 -4.060e+00 -9.599e+00 -2.956e+00 -6.970e+00 -1.271e+01 -2.017e+00 -5.302e+00 -4.666e+00 -1.377e+01 -1.496e+01 -9.601e+00 -2.806e+00
+8.340 +5.688 13.380  5.033 0.267 0.000 1.000 -1.496e-01 -5.591e-01 -2.525e+00 -4.016e+00 -9.600e+00 -2.955e+00 -7.054e+00 -1.271e+01 -2.017e+00 -5.301e+00 -4.667e+00 -1.377e+01 -1.496e+01 -9.525e+00 -2.806e+00
+8.417 +5.769 13.456  5.039 0.267 0.000 1.000 -1.496e-01 -5.591e-01 -2.527e+00 -3.969e+00 -9.602e+00 -2.955e+00 -7.096e+00 -1.271e+01 -2.017e+00 -5.301e+00 -4.668e+00 -1.377e+01 -1.496e+01 -9.449e+00 -2.806e+00
+8.494 +5.642 13.533  5.046 0.267 0.000 1.000 -1.496e-01 -5.591e-01 -2.529e+00 -3.920e+00 -9.604e+00 -2.954e+00 -7.112e+00 -1.271e+01 -2.017e+00 -5.300e+00 -4.669e+00 -1.377e+01 -1.496e+01 -9.373e+00 -2.806e+00
+8.570 +5.754 13.612  5.054 0.267 0.000 1.000 -1.496e-01 -5.591e-01 -2.531e+00 -3.870e+00 -9.606e+00 -2.953e+00 -7.117e+00 -1.271e+01 -2.017e+00 -5.299e+00 -4.671e+00 -1.377e+01 -1.496e+01 -9.297e+00 -2.806e+00
+8.647 +5.627 13.691  5.063 0.267 0.000 1.000 -1.496e-01 -5.591e-01 -2.534e+00 -3.817e+00 -9.609e+00 -2.952e+00 -7.118e+00 -1.271e+01 -2.017e+00 -5.298e+00 -4.672e+00 -1.377e+01 -1.496e+01 -9.221e+00 -2.806e+00
+8.724 +5.845 13.772  5.074 0.267 0.000 1.000 -1.496e-01 -5.591e-01 -2.537e+00 -3.764e+00 -9.612e+00 -2.950e+00 -7.118e+00 -1.271e+01 -2.017e+00 -5.296e+00 -4.674e+00 -1.377e+01 -1.496e+01 -9.146e+00 -2.806e+00
+8.800 +5.651 13.854  5.085 0.267 0.000 1.000 -1.496e-01 -5.591e-01 -2.541e+00 -3.710e+00 -9.616e+00 -2.947e+00 -7.118e+00 -1.271e+01 -2.017e+00 -5.295e+00 -4.677e+00 -1.377e+01 -1.496e+01 -9.070e+00 -2.806e+00
+8.877 +5.869 13.937  5.098 0.267 0.000 1.000 -1.496e-01 -5.591e-01 -2.546e+00 -3.655e+00 -9.621e+00 -2.944e+00 -7.117e+00 -1.270e+01 -2.017e+00 -5.293e+00 -4.679e+00 -1.377e+01 -1.496e+01 -8.995e+00 -2.806e+00
+8.953 +5.655 14.021  5.112 0.267 0.000 1.000 -1.496e-01 -5.591e-01 -2.551e+00 -3.601e+00 -9.627e+00 -2.940e+00 -7.117e+00 -1.270e+01 -2.017e+00 -5.291e+00 -4.683e+00 -1.377e+01 -1.495e+01 -8.920e+00 -2.806e+00
+9.030 +5.803 14.106  5.126 0.267 0.000 1.000 -1.496e-01 -5.591e-01 -2.558e+00 -3.548e+00 -9.634e+00 -2.934e+00 -7.115e+00 -1.269e+01 -2.017e+00 -5.288e+00 -4.687e+00 -1.377e+01 -1.495e+01 -8.845e+00 -2.806e+00
+9.107 +5.631 14.193  5.141 0.267 0.000 1.000 -1.496e-01 -5.591e-01 -2.566e+00 -3.496e+00 -9.642e+00 -2.926e+00 -7.113e+00 -1.269e+01 -2.017e+00 -5.285e+00 -4.691e+00 -1.377e+01 -1.495e+01 -8.771e+00 -2.806e+00
+9.183 +5.835 14.280  5.156 0.267 0.000 1.000 -1.496e-01 -5.591e-01 -2.576e+00 -3.447e+00 -9.651e+00 -2.916e+00 -7.110e+00 -1.268e+01 -2.017e+00 -5.281e+00 -4.697e+00 -1.377e+01 -1.494e+01 -8.697e+00 -2.806e+00
+9.260 +5.871 14.369  5.171 0.267 0.000 1.000 -1.496e-01 -5.591e-01 -2.587e+00 -3.400e+00 -9.663e+00 -2.903e+00 -7.105e+00 -1.266e+01 -2.017e+00 -5.277e+00 -4.704e+00 -1.377e+01 -1.494e+01 -8.624e+00 -2.806e+00
+9.337 +5.895 14.457  5.185 0.267 0.000 1.000 -1.496e-01 -5.591e-01 -2.601e+00 -3.357e+00 -9.676e+00 -2.886e+00 -7.099e+00 -1.265e+01 -2.017e+00 -5.271e+00 -4.712e+00 -1.377e+01 -1.493e+01 -8.551e+00 -2.806e+00
+9.413 +5.836 14.546  5.197 0.267 0.000 1.000 -1.496e-01 -5.591e-01 -2.617e+00 -3.319e+00 -9.692e+00 -2.865e+00 -7.090e+00 -1.262e+01 -2.017e+00 -5.265e+00 -4.722e+00 -1.377e+01 -1.493e+01 -8.479e+00 -2.806e+00
+9.490 +5.864 14.635  5.206 0.267 0.000 1.000 -1.497e-01 -5.591e-01 -2.636e+00 -3.287e+00 -9.712e+00 -2.840e+00 -7.078e+00 -1.260e+01 -2.017e+00 -5.258e+00 -4.733e+00 -1.377e+01 -1.492e+01 -8.408e+00 -2.806e+00
+9.567 +5.913 14.723  5.212 0.267 0.000 1.000 -1.497e-01 -5.591e-01 -2.660e+00 -3.261e+00 -9.735e+00 -2.809e+00 -7.063e+00 -1.257e+01 -2.017e+00 -5.250e+00 -4.747e+00 -1.377e+01 -1.491e+01 -8.339e+00 -2.806e+00
+9.643 +5.724 14.809  5.212 0.267 0.440 1.000 -1.497e-01 -5.591e-01 -2.687e+00 -3.244e+00 -9.763e+00 -2.773e+00 -7.044e+00 -1.253e+01 -2.017e+00 -5.240e+00 -4.763e+00 -1.377e+01 -1.490e+01 -8.270e+00 -2.806e+00
+9.720 +5.921 14.893  5.205 0.267 0.880 1.000 -1.497e-01 -5.591e-01 -2.720e+00 -3.236e+00 -9.795e+00 -2.733e+00 -7.021e+00 -1.249e+01 -2.017e+00 -5.228e+00 -4.783e+00 -1.377e+01 -1.489e+01 -8.203e+00 -2.806e+00
+9.797 +5.647 14.974  5.190 0.267 0.880 1.000 -1.497e-01 -5.591e-01 -2.759e+00 -3.239e+00 -9.834e+00 -2.689e+00 -6.996e+00 -1.245e+01 -2.017e+00 -5.215e+00 -4.806e+00 -1.377e+01 -1.488e+01 -8.137e+00 -2.806e+00
+9.873 +6.005 15.051  5.165 0.267 0.880 1.000 -1.497e-01 -5.591e-01 -2.805e+00 -3.254e+00 -9.881e+00 -2.643e+00 -6.967e+00 -1.240e+01 -2.017e+00 -5.200e+00 -4.834e+00 -1.377e+01 -1.486e+01 -8.074e+00 -2.806e+00
+9.950 +5.976 15.123  5.129 0.267 0.880 1.000 -1.498e-01 -5.591e-01 -2.861e+00 -3.284e+00 -9.936e+00 -2.596e+00 -6.937e+00 -1.236e+01 -2.017e+00 -5.182e+00 -4.867e+00 -1.377e+01 -1.485e+01 -8.013e+00 -2.806e+00
+10.027 +5.810 15.189  5.079 0.267 0.880 1.000 -1.498e-01 -5.591e-01 -2.927e+00 -3.329e+00 -1.000e+01 -2.550e+00 -6.906e+00 -1.231e+01 -2.017e+00 -5.162e+00 -4.907e+00 -1.377e+01 -1.483e+01 -7.954e+00 -2.806e+00
+10.103 +5.953 15.249  5.014 0.267 0.880 1.000 -1.498e-01 -5.591e-01 -3.004e+00 -3.393e+00 -1.008e+01 -2.507e+00 -6.876e+00 -1.227e+01 -2.017e+00 -5.139e+00 -4.954e+00 -1.377e+01 -1.480e+01 -7.899e+00 -2.806e+00
+10.180 +6.028 15.302  4.933 0.267 0.880 1.000 -1.498e-01 -5.591e-01 -3.097e+00 -3.475e+00 -1.017e+01 -2.467e+00 -6.848e+00 -1.223e+01 -2.017e+00 -5.113e+00 -5.010e+00 -1.377e+01 -1.478e+01 -7.847e+00 -2.806e+00
+10.257 +6.096 15.348  4.835 0.267 0.880 1.000 -1.499e-01 -5.591e-01 -3.205e+00 -3.578e+00 -1.028e+01 -2.433e+00 -6.824e+00 -1.219e+01 -2.017e+00 -5.084e+00 -5.077e+00 -1.377e+01 -1.475e+01 -7.800e+00 -2.806e+00
+10.333 +6.069 15.387  4.718 0.267 0.880 1.000 -1.499e-01 -5.590e-01 -3.332e+00 -3.704e+00 -1.041e+01 -2.403e+00 -6.803e+00 -1.216e+01 -2.017e+00 -5.052e+00 -5.157e+00 -1.377e+01 -1.472e+01 -7.757e+00 -2.806e+00
+10.410 +6.322 15.419  4.585 0.267 0.880 1.000 -1.499e-01 -5.590e-01 -3.479e+00 -3.853e+00 -1.055e+01 -2.380e+00 -6.788e+00 -1.214e+01 -2.017e+00 -5.017e+00 -5.253e+00 -1.377e+01 -1.468e+01 -7.719e+00 -2.806e+00
+10.487 +6.412 15.445  4.438 0.267 0.880 1.000 -1.499e-01 -5.590e-01 -3.644e+00 -4.026e+00 -1.072e+01 -2.362e+00 -6.776e+00 -1.212e+01 -2.017e+00 -4.978e+00 -5.367e+00 -1.377e+01 -1.464e+01 -7.686e+00 -2.806e+00
+10.563 +6.428 15.466  4.287 0.267 0.880 1.000 -1.499e-01 -5.590e-01 -3.824e+00 -4.219e+00 -1.090e+01 -2.350e+00 -6.769e+00 -1.211e+01 -2.017e+00 -4.936e+00 -5.503e+00 -1.377e+01 -1.460e+01 -7.659e+00 -2.806e+00
+10.640 +6.553 15.483  4.145 0.267 0.880 1.000 -1.499e-01 -5.590e-01 -4.006e+00 -4.420e+00 -1.108e+01 -2.342e+00 -6.765e+00 -1.210e+01 -2.017e+00 -4.890e+00 -5.665e+00 -1.377e+01 -1.455e+01 -7.638e+00 -2.806e+00
+10.717 +6.700 15.497  4.032 0.267 0.880 1.000 -1.499e-01 -5.590e-01 -4.167e+00 -4.609e+00 -1.124e+01 -2.337e+00 -6.764e+00 -1.210e+01 -2.017e+00 -4.842e+00 -5.858e+00 -1.377e+01 -1.451e+01 -7.623e+00 -2.806e+00
+10.793 +7.002 15.510  3.957 0.267 0.880 1.000 -1.500e-01 -5.590e-01 -4.284e+00 -4.755e+00 -1.136e+01 -2.334e+00 -6.764e+00 -1.209e+01 -2.017e+00 -4.790e+00 -6.088e+00 -1.377e+01 -1.445e+01 -7.613e+00 -2.806e+00
+10.870 +7.209 15.524  3.919 0.267 0.880 1.000 -1.500e-01 -5.589e-01 -4.349e+00 -4.841e+00 -1.142e+01 -2.333e+00 -6.764e+00 -1.209e+01 -2.017e+00 -4.735e+00 -6.360e+00 -1.377e+01 -1.440e+01 -7.607e+00 -2.806e+00
+10.947 +7.508 15.539  3.904 0.267 0.880 1.000 -1.500e-01 -5.589e-01 -4.376e+00 -4.878e+00 -1.145e+01 -2.333e+00 -6.765e+00 -1.209e+01 -2.017e+00 -4.678e+00 -6.680e+00 -1.377e+01 -1.434e+01 -7.605e+00 -2.806e+00
+11.023 +7.783 15.556  3.899 0.267 0.880 1.000 -1.500e-01 -5.589e-01 -4.385e+00 -4.890e+00 -1.146e+01 -2.333e+00 -6.765e+00 -1.209e+01 -2.017e+00 -4.619e+00 -7.044e+00 -1.377e+01 -1.428e+01 -7.606e+00 -2.806e+00
+11.100 +8.194 15.575  3.898 0.333 0.880 1.000 -1.500e-01 -5.588e-01 -4.387e+00 -4.893e+00 -1.146e+01 -2.333e+00 -6.765e+00 -1.209e+01 -2.018e+00 -4.557e+00 -7.417e+00 -1.377e+01 -1.422e+01 -7.609e+00 -2.806e+00
+11.177 +8.407 15.596  3.897 0.333 0.880 1.000 -1.500e-01 -5.588e-01 -4.388e+00 -4.894e+00 -1.146e+01 -2.333e+00 -6.765e+00 -1.209e+01 -2.018e+00 -4.493e+00 -7.698e+00 -1.377e+01 -1.416e+01 -7.613e+00 -2.806e+00
+11.254 +8.687 15.621  3.897 0.333 0.880 1.000 -1.500e-01 -5.587e-01 -4.388e+00 -4.894e+00 -1.146e+01 -2.333e+00 -6.765e+00 -1.209e+01 -2.018e+00 -4.427e+00 -7.788e+00 -1.377e+01 -1.409e+01 -7.618e+00 -2.806e+00
+11.330 +8.591 15.649  3.897 0.333 0.880 1.000 -1.501e-01 -5.587e-01 -4.388e+00 -4.894e+00 -1.146e+01 -2.333e+00 -6.765e+00 -1.209e+01 -2.018e+00 -4.360e+00 -7.754e+00 -1.377e+01 -1.402e+01 -7.624e+00 -2.806e+00
+11.407 +8.981 15.679  3.897 0.333 0.880 1.000 -1.501e-01 -5.586e-01 -4.388e+00 -4.894e+00 -1.146e+01 -2.333e+00 -6.765e+00 -1.209e+01 -2.018e+00 -4.292e+00 -7.686e+00 -1.377e+01 -1.396e+01 -7.632e+00 -2.806e+00
+11.483 +8.816 15.713  3.897 0.333 0.880 1.000 -1.501e-01 -5.585e-01 -4.388e+00 -4.894e+00 -1.146e+01 -2.333e+00 -6.765e+00 -1.209e+01 -2.019e+00 -4.223e+00 -7.613e+00 -1.377e+01 -1.389e+01 -7.641e+00 -2.806e+00
+11.560 +8.819 15.750  3.897 0.333 0.880 1.000 -1.502e-01 -5.584e-01 -4.388e+00 -4.894e+00 -1.146e+01 -2.333e+00 -6.765e+00 -1.209e+01 -2.019e+00 -4.153e+00 -7.539e+00 -1.377e+01 -1.382e+01 -7.650e+00 -2.806e+00
+11.637 +8.834 15.791  3.897 0.333 0.880 1.000 -1.502e-01 -5.582e-01 -4.388e+00 -4.894e+00 -1.146e+01 -2.333e+00 -6.765e+00 -1.209e+01 -2.020e+00 -4.082e+00 -7.465e+00 -1.377e+01 -1.375e+01 -7.662e+00 -2.806e+00
+11.713 +8.890 15.835  3.897 0.333 0.880 1.000 -1.503e-01 -5.581e-01 -4.388e+00 -4.894e+00 -1.146e+01 -2.333e+00 -6.765e+00 -1.209e+01 -2.020e+00 -4.010e+00 -7.390e+00 -1.377e+01 -1.367e+01 -7.675e+00 -2.806e+00
+11.790 +8.889 15.882  3.897 0.333 0.880 1.000 -1.504e-01 -5.579e-01 -4.388e+00 -4.894e+00 -1.146e+01 -2.333e+00 -6.765e+00 -1.209e+01 -2.021e+00 -3.938e+00 -7.316e+00 -1.378e+01 -1.360e+01 -7.689e+00 -2.806e+00
+11.867 +8.920 15.933  3.897 0.333 0.880 1.000 -1.505e-01 -5.577e-01 -4.388e+00 -4.894e+00 -1.146e+01 -2.333e+00 -6.765e+00 -1.209e+01 -2.022e+00 -3.865e+00 -7.241e+00 -1.378e+01 -1.353e+01 -7.705e+00 -2.806e+00
+11.943 +8.973 15.986  3.897 0.333 0.880 1.000 -1.506e-01 -5.574e-01 -4.387e+00 -4.894e+00 -1.146e+01 -2.333e+00 -6.765e+00 -1.209e+01 -2.023e+00 -3.793e+00 -7.166e+00 -1.378e+01 -1.346e+01 -7.721e+00 -2.806e+00
+12.020 +9.074 16.043  3.897 0.333 0.880 1.000 -1.507e-01 -5.571e-01 -4.387e+00 -4.894e+00 -1.146e+01 -2.333e+00 -6.765e+00 -1.209e+01 -2.024e+00 -3.720e+00 -7.092e+00 -1.378e+01 -1.338e+01 -7.737e+00 -2.806e+00
+12.097 +9.099 16.101  3.897 0.333 0.880 1.000 -1.509e-01 -5.567e-01 -4.387e+00 -4.894e+00 -1.146e+01 -2.333e+00 -6.765e+00 -1.209e+01 -2.026e+00 -3.647e+00 -7.018e+00 -1.378e+01 -1.331e+01 -7.750e+00 -2.806e+00
+12.173 +9.306 16.162  3.897 0.333 0.880 1.000 -1.510e-01 -5.562e-01 -4.387e+00 -4.894e+00 -1.146e+01 -2.333e+00 -6.765e+00 -1.209e+01 -2.028e+00 -3.574e+00 -6.944e+00 -1.378e+01 -1.324e+01 -7.760e+00 -2.806e+00
+12.250 +9.449 16.225  3.897 0.333 0.880 1.000 -1.513e-01 -5.557e-01 -4.387e+00 -4.894e+00 -1.146e+01 -2.332e+00 -6.765e+00 -1.209e+01 -2.030e+00 -3.502e+00 -6.871e+00 -1.378e+01 -1.317e+01 -7.762e+00 -2.806e+00
+12.327 +8.996 16.290  3.897 0.333 0.880 1.000 -1.515e-01 -5.550e-01 -4.387e+00 -4.893e+00 -1.146e+01 -2.332e+00 -6.764e+00 -1.209e+01 -2.033e+00 -3.429e+00 -6.798e+00 -1.379e+01 -1.309e+01 -7.752e+00 -2.806e+00
+12.403 +9.042 16.357  3.897 0.333 0.880 1.000 -1.518e-01 -5.542e-01 -4.387e+00 -4.893e+00 -1.146e+01 -2.332e+00 -6.764e+00 -1.209e+01 -2.036e+00 -3.357e+00 -6.725e+00 -1.379e+01 -1.302e+01 -7.728e+00 -2.806e+00
+12.480 +8.746 16.425  3.897 0.333 0.880 1.000 -1.522e-01 -5.533e-01 -4.386e+00 -4.893e+00 -1.146e+01 -2.332e+00 -6.764e+00 -1.209e+01 -2.039e+00 -3.286e+00 -6.654e+00 -1.380e+01 -1.295e+01 -7.687e+00 -2.806e+00
+12.557 +8.871 16.494  3.897 0.333 0.880 1.000 -1.527e-01 -5.522e-01 -4.385e+00 -4.892e+00 -1.146e+01 -2.331e+00 -6.763e+00 -1.209e+01 -2.044e+00 -3.216e+00 -6.583e+00 -1.380e+01 -1.288e+01 -7.630e+00 -2.806e+00
+12.633 +8.635 16.564  3.897 0.333 0.880 1.000 -1.532e-01 -5.509e-01 -4.385e+00 -4.891e+00 -1.146e+01 -2.331e+00 -6.762e+00 -1.209e+01 -2.049e+00 -3.146e+00 -6.513e+00 -1.381e+01 -1.281e+01 -7.559e+00 -2.806e+00
+12.710 +8.683 16.636  3.898 0.333 0.880 1.000 -1.538e-01 -5.493e-01 -4.383e+00 -4.890e+00 -1.146e+01 -2.330e+00 -6.761e+00 -1.209e+01 -2.055e+00 -3.078e+00 -6.444e+00 -1.381e+01 -1.275e+01 -7.479e+00 -2.806e+00
+12.787 +8.577 16.708  3.899 0.333 0.880 1.000 -1.546e-01 -5.474e-01 -4.382e+00 -4.888e+00 -1.146e+01 -2.328e+00 -6.759e+00 -1.209e+01 -2.062e+00 -3.012e+00 -6.377e+00 -1.382e+01 -1.268e+01 -7.393e+00 -2.806e+00
+12.863 +8.582 16.781  3.900 0.333 0.880 1.000 -1.555e-01 -5.452e-01 -4.379e+00 -4.886e+00 -1.146e+01 -2.326e+00 -6.757e+00 -1.209e+01 -2.071e+00 -2.947e+00 -6.312e+00 -1.383e+01 -1.262e+01 -7.307e+00 -2.806e+00
+12.940 +8.544 16.855  3.902 0.333 0.880 1.000 -1.566e-01 -5.425e-01 -4.376e+00 -4.883e+00 -1.146e+01 -2.323e+00 -6.754e+00 -1.209e+01 -2.082e+00 -2.884e+00 -6.249e+00 -1.384e+01 -1.255e+01 -7.222e+00 -2.806e+00
+13.017 +8.555 16.930  3.905 0.333 0.880 1.000 -1.579e-01 -5.393e-01 -4.372e+00 -4.879e+00 -1.146e+01 -2.320e+00 -6.750e+00 -1.209e+01 -2.094e+00 -2.823e+00 -6.189e+00 -1.386e+01 -1.249e+01 -7.142e+00 -2.806e+00
+13.093 +8.458 17.006  3.909 0.333 0.880 1.000 -1.595e-01 -5.355e-01 -4.366e+00 -4.873e+00 -1.145e+01 -2.314e+00 -6.744e+00 -1.208e+01 -2.109e+00 -2.766e+00 -6.131e+00 -1.387e+01 -1.244e+01 -7.067e+00 -2.806e+00
+13.170 +8.451 17.082  3.914 0.333 0.880 1.000 -1.614e-01 -5.310e-01 -4.359e+00 -4.865e+00 -1.145e+01 -2.307e+00 -6.736e+00 -1.208e+01 -2.126e+00 -2.712e+00 -6.077e+00 -1.389e+01 -1.239e+01 -6.999e+00 -2.806e+00
+13.247 +8.270 17.160  3.922 0.333 0.880 1.000 -1.638e-01 -5.255e-01 -4.349e+00 -4.855e+00 -1.144e+01 -2.297e+00 -6.727e+00 -1.207e+01 -2.147e+00 -2.662e+00 -6.027e+00 -1.391e+01 -1.234e+01 -6.937e+00 -2.806e+00
+13.323 +8.241 17.239  3.932 0.333 0.880 1.000 -1.666e-01 -5.190e-01 -4.336e+00 -4.843e+00 -1.143e+01 -2.285e+00 -6.714e+00 -1.206e+01 -2.172e+00 -2.618e+00 -5.983e+00 -1.394e+01 -1.230e+01 -6.882e+00 -2.806e+00
+13.400 +8.218 17.319  3.944 0.333 0.880 1.000 -1.702e-01 -5.111e-01 -4.320e+00 -4.827e+00 -1.142e+01 -2.269e+00 -6.698e+00 -1.205e+01 -2.200e+00 -2.579e+00 -5.944e+00 -1.397e+01 -1.226e+01 -6.835e+00 -2.806e+00
+13.477 +8.345 17.401  3.959 0.333 0.880 1.000 -1.746e-01 -5.016e-01 -4.301e+00 -4.807e+00 -1.140e+01 -2.250e+00 -6.678e+00 -1.203e+01 -2.234e+00 -2.547e+00 -5.912e+00 -1.401e+01 -1.224e+01 -6.796e+00 -2.806e+00
+13.553 +8.440 17.485  3.977 0.333 0.880 1.000 -1.801e-01 -4.901e-01 -4.278e+00 -4.784e+00 -1.138e+01 -2.226e+00 -6.655e+00 -1.202e+01 -2.274e+00 -2.523e+00 -5.888e+00 -1.406e+01 -1.222e+01 -6.766e+00 -2.806e+00
+13.630 +8.418 17.571  3.996 0.333 0.880 1.000 -1.870e-01 -4.761e-01 -4.251e+00 -4.757e+00 -1.136e+01 -2.199e+00 -6.628e+00 -1.200e+01 -2.321e+00 -2.508e+00 -5.873e+00 -1.411e+01 -1.221e+01 -6.747e+00 -2.806e+00
+13.707 +8.408 17.659  4.017 0.333 0.880 1.000 -1.959e-01 -4.593e-01 -4.221e+00 -4.727e+00 -1.134e+01 -2.169e+00 -6.598e+00 -1.197e+01 -2.375e+00 -2.504e+00 -5.868e+00 -1.417e+01 -1.221e+01 -6.739e+00 -2.806e+00
+13.783 +8.346 17.749  4.038 0.333 0.880 1.000 -2.073e-01 -4.391e-01 -4.188e+00 -4.695e+00 -1.132e+01 -2.137e+00 -6.566e+00 -1.195e+01 -2.436e+00 -2.511e+00 -5.876e+00 -1.425e+01 -1.223e+01 -6.743e+00 -2.806e+00
+13.860 +8.523 17.840  4.056 0.333 0.880 1.000 -2.218e-01 -4.152e-01 -4.155e+00 -4.662e+00 -1.130e+01 -2.103e+00 -6.533e+00 -1.193e+01 -2.506e+00 -2.532e+00 -5.896e+00 -1.433e+01 -1.227e+01 -6.761e+00 -2.806e+00
+13.937 +8.391 17.932  4.070 0.333 0.880 1.000 -2.406e-01 -3.873e-01 -4.123e+00 -4.629e+00 -1.129e+01 -2.070e+00 -6.500e+00 -1.192e+01 -2.584e+00 -2.566e+00 -5.930e+00 -1.443e+01 -1.232e+01 -6.793e+00 -2.806e+00
+14.013 +8.615 18.022  4.077 0.333 0.880 1.000 -2.647e-01 -3.556e-01 -4.092e+00 -4.599e+00 -1.128e+01 -2.039e+00 -6.470e+00 -1.191e+01 -2.668e+00 -2.614e+00 -5.979e+00 -1.454e+01 -1.239e+01 -6.840e+00 -2.806e+00
+14.090 +8.846 18.110  4.073 0.333 0.880 1.000 -2.954e-01 -3.204e-01 -4.065e+00 -4.571e+00 -1.129e+01 -2.011e+00 -6.442e+00 -1.192e+01 -2.757e+00 -2.676e+00 -6.040e+00 -1.466e+01 -1.248e+01 -6.901e+00 -2.806e+00
+14.167 +9.064 18.195  4.058 0.333 0.880 1.000 -3.342e-01 -2.827e-01 -4.041e+00 -4.548e+00 -1.130e+01 -1.988e+00 -6.419e+00 -1.193e+01 -2.846e+00 -2.749e+00 -6.114e+00 -1.478e+01 -1.260e+01 -6.974e+00 -2.806e+00
+14.243 +8.675 18.274  4.028 0.333 0.880 1.000 -3.827e-01 -2.436e-01 -4.022e+00 -4.529e+00 -1.133e+01 -1.968e+00 -6.400e+00 -1.196e+01 -2.931e+00 -2.831e+00 -6.196e+00 -1.492e+01 -1.273e+01 -7.055e+00 -2.806e+00
+14.320 +8.669 18.347  3.983 0.333 0.880 1.000 -4.429e-01 -2.046e-01 -4.008e+00 -4.514e+00 -1.138e+01 -1.953e+00 -6.385e+00 -1.201e+01 -3.007e+00 -2.917e+00 -6.281e+00 -1.505e+01 -1.287e+01 -7.141e+00 -2.806e+00
+14.397 +8.680 18.412  3.920 0.333 0.880 1.000 -5.169e-01 -1.669e-01 -3.997e+00 -4.503e+00 -1.144e+01 -1.942e+00 -6.374e+00 -1.207e+01 -3.071e+00 -3.000e+00 -6.364e+00 -1.519e+01 -1.303e+01 -7.225e+00 -2.806e+00
+14.473 +8.671 18.470  3.837 0.333 0.880 1.000 -6.070e-01 -1.320e-01 -3.989e+00 -4.495e+00 -1.152e+01 -1.934e+00 -6.367e+00 -1.215e+01 -3.121e+00 -3.075e+00 -6.440e+00 -1.533e+01 -1.320e+01 -7.301e+00 -2.806e+00
+14.550 +8.669 18.518  3.733 0.267 0.880 1.000 -7.161e-01 -1.008e-01 -3.984e+00 -4.490e+00 -1.163e+01 -1.929e+00 -6.361e+00 -1.225e+01 -3.158e+00 -3.139e+00 -6.503e+00 -1.548e+01 -1.337e+01 -7.365e+00 -2.806e+00
+14.627 +8.742 18.559  3.606 0.267 0.880 1.000 -8.476e-01 -7.412e-02 -3.980e+00 -4.487e+00 -1.175e+01 -1.925e+00 -6.358e+00 -1.238e+01 -3.183e+00 -3.189e+00 -6.553e+00 -1.563e+01 -1.355e+01 -7.417e+00 -2.806e+00
+14.703 +8.937 18.591  3.450 0.267 0.880 1.000 -1.006e+00 -5.237e-02 -3.978e+00 -4.484e+00 -1.191e+01 -1.923e+00 -6.355e+00 -1.254e+01 -3.201e+00 -3.226e+00 -6.591e+00 -1.581e+01 -1.374e+01 -7.454e+00 -2.806e+00
+14.780 +9.042 18.615  3.262 0.267 0.880 1.000 -1.195e+00 -3.560e-02 -3.976e+00 -4.483e+00 -1.210e+01 -1.921e+00 -6.354e+00 -1.273e+01 -3.212e+00 -3.252e+00 -6.616e+00 -1.601e+01 -1.396e+01 -7.481e+00 -2.806e+00
+14.857 +8.990 18.632  3.037 0.267 32.600 1.000 -1.421e+00 -2.354e-02 -3.975e+00 -4.482e+00 -1.232e+01 -1.921e+00 -6.353e+00 -1.295e+01 -3.219e+00 -3.269e+00 -6.634e+00 -1.624e+01 -1.420e+01 -7.499e+00 -2.806e+00
+14.933 +9.160 18.643  2.767 0.267 96.800 1.000 -1.692e+00 -1.556e-02 -3.975e+00 -4.481e+00 -1.259e+01 -1.920e+00 -6.352e+00 -1.322e+01 -3.223e+00 -3.280e+00 -6.644e+00 -1.652e+01 -1.448e+01 -7.510e+00 -2.806e+00
+15.010 +9.380 18.650  2.444 0.267 114.840 1.000 -2.015e+00 -1.078e-02 -3.974e+00 -4.481e+00 -1.292e+01 -1.920e+00 -6.352e+00 -1.354e+01 -3.225e+00 -3.286e+00 -6.650e+00 -1.684e+01 -1.481e+01 -7.516e+00 -2.806e+00
+15.087 +9.506 18.654  2.058 0.267 120.960 1.000 -2.401e+00 -8.253e-03 -3.974e+00 -4.481e+00 -1.330e+01 -1.919e+00 -6.352e+00 -1.393e+01 -3.226e+00 -3.289e+00 -6.653e+00 -1.723e+01 -1.520e+01 -7.519e+00 -2.806e+00
+15.163 +9.837 18.655  1.598 0.267 121.400 1.000 -2.861e+00 -7.104e-03 -3.974e+00 -4.481e+00 -1.376e+01 -1.919e+00 -6.352e+00 -1.439e+01 -3.227e+00 -3.290e+00 -6.655e+00 -1.769e+01 -1.566e+01 -7.521e+00 -2.806e+00
+15.240 +10.013 18.656  1.049 0.267 121.400 1.000 -3.410e+00 -6.668e-03 -3.974e+00 -4.481e+00 -1.431e+01 -1.919e+00 -6.352e+00 -1.494e+01 -3.227e+00 -3.291e+00 -6.655e+00 -1.824e+01 -1.621e+01 -7.521e+00 -2.806e+00
+15.317 +10.443 18.656  0.394 0.267 121.400 1.000 -4.065e+00 -6.534e-03 -3.974e+00 -4.481e+00 -1.497e+01 -1.919e+00 -6.352e+00 -1.559e+01 -3.227e+00 -3.291e+00 -6.655e+00 -1.890e+01 -1.687e+01 -7.521e+00 -2.806e+00
+15.393 +10.869 18.656 -0.388 0.267 121.400 1.000 -4.847e+00 -6.503e-03 -3.974e+00 -4.481e+00 -1.575e+01 -1.919e+00 -6.352e+00 -1.638e+01 -3.227e+00 -3.291e+00 -6.656e+00 -1.968e+01 -1.765e+01 -7.521e+00 -2.806e+00
+15.470 +11.247 18.656 -1.321 0.267 121.400 1.000 -5.780e+00 -6.497e-03 -3.974e+00 -4.481e+00 -1.668e+01 -1.919e+00 -6.352e+00 -1.731e+01 -3.227e+00 -3.291e+00 -6.656e+00 -2.061e+01 -1.858e+01 -7.521e+00 -2.806e+00
+15.547 +11.832 18.656 -2.434 0.267 121.400 1.000 -6.893e+00 -6.496e-03 -3.974e+00 -4.481e+00 -1.779e+01 -1.919e+00 -6.351e+00 -1.842e+01 -3.227e+00 -3.291e+00 -6.656e+00 -2.172e+01 -1.970e+01 -7.521e+00 -2.806e+00
+15.624 +12.578 18.656 -3.764 0.267 121.400 1.000 -8.226e+00 -6.496e-03 -3.974e+00 -4.481e+00 -1.912e+01 -1.919e+00 -6.351e+00 -1.975e+01 -3.227e+00 -3.291e+00 -6.656e+00 -2.301e+01 -2.103e+01 -7.521e+00 -2.806e+00
+15.700 +13.183 18.656 -5.349 0.267 121.600 1.000 -9.818e+00 -6.496e-03 -3.974e+00 -4.481e+00 -2.071e+01 -1.919e+00 -6.351e+00 -2.134e+01 -3.227e+00 -3.291e+00 -6.656e+00 -2.391e+01 -2.260e+01 -7.521e+00 -2.806e+00
+15.783 +14.241 18.656 -7.370 0.267 121.600 1.000 -1.196e+01 -6.496e-03 -3.974e+00 -4.481e+00 -2.274e+01 -1.919e+00 -6.351e+00 -2.330e+01 -3.227e+00 -3.291e+00 -6.656e+00 -2.400e+01 -2.392e+01 -7.521e+00 -2.806e+00
+15.856 +14.856 18.656 -9.629 0.267 121.680 1.000 -1.525e+01 -6.496e-03 -3.974e+00 -4.481e+00 -2.394e+01 -1.919e+00 -6.351e+00 -2.398e+01 -3.227e+00 -3.291e+00 -6.656e+00 -2.400e+01 -2.400e+01 -7.521e+00 -2.806e+00
+15.939 +14.939 18.656 -11.695 0.000 121.560 1.000 -1.644e+01 -6.496e-03 -3.974e+00 -4.481e+00 -1.532e+01 -1.919e+00 -6.351e+00 -1.525e+01 -3.227e+00 -3.291e+00 -6.656e+00 -1.828e+01 -1.826e+01 -7.521e+00 -2.806e+00
+16.020 +15.020 18.656   -inf 0.267 121.720 1.000   nan -6.496e-03 -3.974e+00 -4.481e+00 -2.400e+01 -1.919e+00 -6.351e+00 -2.400e+01 -3.227e+00 -3.291e+00 -6.656e+00 -2.400e+01 -2.400e+01 -7.521e+00 -2.806e+00
+16.103 +15.067 18.656   -inf 0.267 121.720 1.000   nan -6.496e-03 -3.974e+00 -4.481e+00 -2.400e+01 -1.919e+00 -6.351e+00 -2.400e+01 -3.227e+00 -3.291e+00 -6.656e+00 -2.400e+01 -2.400e+01 -7.521e+00 -2.806e+00
+16.166 +14.916 18.656   -inf 0.267 122.120 1.000 -2.400e+01 -6.496e-03 -3.974e+00 -4.481e+00 -2.400e+01 -1.919e+00 -6.351e+00 -2.400e+01 -3.227e+00 -3.291e+00 -6.656e+00 -2.400e+01 -2.400e+01 -7.521e+00 -2.806e+00
+16.273 +15.273 18.656 -11.449 0.267 121.880 1.000 -2.400e+01 -6.496e-03 -3.974e+00 -4.481e+00 -2.400e+01 -1.919e+00 -6.351e+00 -2.400e+01 -3.227e+00 -3.291e+00 -6.656e+00 -2.400e+01 -2.400e+01 -7.521e+00 -2.806e+00
+16.314 +15.314 18.656   -inf 0.067 121.920 1.000 -2.400e+01 -6.496e-03 -3.974e+00 -4.481e+00 -2.400e+01 -1.919e+00 -6.351e+00 -2.400e+01 -3.227e+00 -3.291e+00 -6.656e+00 -1.577e+01 -2.400e+01 -7.521e+00 -2.806e+00
+16.390 +9.514 18.656 -4.972 0.133 121.880 1.000 -2.400e+01 -6.496e-03 -3.974e+00 -4.481e+00 -2.400e+01 -1.919e+00 -6.351e+00 -2.400e+01 -3.227e+00 -3.291e+00 -6.656e+00   nan -2.400e+01 -7.521e+00 -2.806e+00
+16.467 +9.669 18.656 -5.142 0.133 121.840 1.000 -2.400e+01 -6.496e-03 -3.974e+00 -4.481e+00 -2.400e+01 -1.919e+00 -6.351e+00 -2.400e+01 -3.227e+00 -3.291e+00 -6.656e+00   nan -2.400e+01 -7.521e+00 -2.806e+00
+16.543 +9.786 18.656 -5.252 0.133 121.960 1.000 -2.400e+01 -6.496e-03 -3.974e+00 -4.481e+00 -2.400e+01 -1.919e+00 -6.351e+00 -2.400e+01 -3.227e+00 -3.291e+00 -6.656e+00 -1.964e+01 -2.400e+01 -7.521e+00 -2.806e+00
+16.620 +9.879 18.656 -5.336 0.133 121.880 1.000 -2.400e+01 -6.496e-03 -3.974e+00 -4.481e+00 -2.400e+01 -1.919e+00 -6.351e+00 -2.400e+01 -3.227e+00 -3.291e+00 -6.656e+00   nan -2.400e+01 -7.521e+00 -2.806e+00
+16.697 +9.967 18.656 -5.406 0.067 121.920 1.000 -2.400e+01 -6.496e-03 -3.974e+00 -4.481e+00 -2.400e+01 -1.919e+00 -6.351e+00 -2.400e+01 -3.227e+00 -3.291e+00 -6.656e+00   nan -2.400e+01 -7.521e+00 -2.806e+00
+16.773 +10.055 18.656 -5.470 0.000 121.920 1.000 -2.400e+01 -6.496e-03 -3.974e+00 -4.481e+00 -2.400e+01 -1.919e+00 -6.351e+00 -2.400e+01 -3.227e+00 -3.291e+00 -6.656e+00   nan -2.400e+01 -7.521e+00 -2.806e+00
+16.850 +10.050 18.656 -5.527 0.133 121.920 1.000 -2.400e+01 -6.496e-03 -3.974e+00 -4.481e+00 -2.400e+01 -1.919e+00 -6.351e+00 -2.400e+01 -3.227e+00 -3.291e+00 -6.656e+00 -1.991e+01 -2.400e+01 -7.521e+00 -2.806e+00
+16.927 +10.111 18.656 -5.576 0.133 121.920 1.000 -2.400e+01 -6.496e-03 -3.974e+00 -4.481e+00 -2.400e+01 -1.919e+00 -6.351e+00 -2.400e+01 -3.227e+00 -3.291e+00 -6.656e+00 -1.996e+01 -2.400e+01 -7.521e+00 -2.806e+00
+17.003 +10.213 18.656 -5.628 0.067 121.920 1.000 -2.400e+01 -6.496e-03 -3.974e+00 -4.481e+00 -2.400e+01 -1.919e+00 -6.351e+00 -2.400e+01 -3.227e+00 -3.291e+00 -6.656e+00   nan -2.400e+01 -7.521e+00 -2.806e+00
+17.080 +10.225 18.656 -5.675 0.200 121.920 1.000 -2.400e+01 -6.496e-03 -3.974e+00 -4.481e+00 -2.400e+01 -1.919e+00 -6.351e+00 -2.400e+01 -3.227e+00 -3.291e+00 -6.656e+00 -2.006e+01 -2.400e+01 -7.521e+00 -2.806e+00
+17.157 +10.323 18.656 -5.719 0.200 121.960 1.000 -2.400e+01 -6.496e-03 -3.974e+00 -4.481e+00 -2.400e+01 -1.919e+00 -6.351e+00 -2.400e+01 -3.227e+00 -3.291e+00 -6.656e+00 -2.011e+01 -2.400e+01 -7.521e+00 -2.806e+00
+17.233 +10.315 18.656 -5.764 0.067 121.840 1.000 -2.400e+01 -6.496e-03 -3.974e+00 -4.481e+00 -2.400e+01 -1.919e+00 -6.351e+00 -2.400e+01 -3.227e+00 -3.291e+00 -6.656e+00   nan -2.400e+01 -7.521e+00 -2.806e+00
+17.310 +10.402 18.656 -5.807 0.000 121.840 1.000 -2.400e+01 -6.496e-03 -3.974e+00 -4.481e+00 -2.400e+01 -1.919e+00 -6.351e+00 -2.400e+01 -3.227e+00 -3.291e+00 -6.656e+00   nan   nan -7.521e+00 -2.806e+00
+17.387 +10.374 18.656 -5.850 0.000 121.920 1.000 -2.400e+01 -6.496e-03 -3.974e+00 -4.481e+00 -2.400e+01 -1.919e+00 -6.351e+00 -2.400e+01 -3.227e+00 -3.291e+00 -6.656e+00   nan -2.400e+01 -7.521e+00 -2.806e+00
+17.463 +10.459 18.656 -5.889 0.200 121.920 1.000 -2.400e+01 -6.496e-03 -3.974e+00 -4.481e+00 -2.400e+01 -1.919e+00 -6.351e+00 -2.400e+01 -3.227e+00 -3.291e+00 -6.656e+00 -2.028e+01 -2.400e+01 -7.521e+00 -2.806e+00
+17.540 +10.457 18.656 -5.930 0.067 121.880 1.000 -2.400e+01 -6.496e-03 -3.974e+00 -4.481e+00 -2.400e+01 -1.919e+00 -6.351e+00 -2.400e+01 -3.227e+00 -3.291e+00 -6.656e+00   nan -2.400e+01 -7.521e+00 -2.806e+00
+17.617 +10.479 18.656 -5.973 0.067 121.840 1.000 -2.400e+01 -6.496e-03 -3.974e+00 -4.481e+00 -2.400e+01 -1.919e+00 -6.351e+00 -2.400e+01 -3.227e+00 -3.291e+00 -6.656e+00   nan -2.400e+01 -7.521e+00 -2.806e+00
+17.693 +10.590 18.656 -6.012 0.067 121.880 1.000 -2.400e+01 -6.496e-03 -3.974e+00 -4.481e+00 -2.400e+01 -1.919e+00 -6.351e+00 -2.400e+01 -3.227e+00 -3.291e+00 -6.656e+00   nan -2.400e+01 -7.521e+00 -2.806e+00
+17.770 +10.612 18.656 -6.051 0.133 121.920 1.000 -2.400e+01 -6.496e-03 -3.974e+00 -4.481e+00 -2.400e+01 -1.919e+00 -6.351e+00 -2.400e+01 -3.227e+00 -3.291e+00 -6.656e+00 -2.044e+01 -2.398e+01 -7.521e+00 -2.806e+00
+17.847 +10.695 18.656 -6.091 0.200 121.880 1.000 -2.400e+01 -6.496e-03 -3.974e+00 -4.481e+00 -2.400e+01 -1.919e+00 -6.351e+00 -2.400e+01 -3.227e+00 -3.291e+00 -6.656e+00 -2.048e+01 -2.400e+01 -7.521e+00 -2.806e+00
+17.923 +10.647 18.656 -6.132 0.000 121.920 1.000 -2.400e+01 -6.496e-03 -3.974e+00 -4.481e+00 -2.400e+01 -1.919e+00 -6.351e+00 -2.400e+01 -3.227e+00 -3.291e+00 -6.655e+00   nan -2.400e+01 -7.521e+00 -2.806e+00
+18.000 +12.567 18.656 -8.038 0.133 122.000 1.000 -2.400e+01 -6.496e-03 -3.974e+00 -4.481e+00 -2.400e+01 -1.919e+00 -6.351e+00 -2.400e+01 -3.227e+00 -3.291e+00 -6.655e+00 -2.400e+01   nan -7.521e+00 -2.806e+00