# All quantities actual values (not log10) 
#
# time(s)    dt(s)      dE(erg)  E(erg/g/s)    T(K)    rho(g/cm^3) 2/Rmax(s)
2.9017e+07 5.2759e+06 7.6388e+02 2.2171e+10 2.0000e+07 2.0000e+01 1.8697e+02
3.1919e+07 5.8034e+06 7.6383e+02 2.4388e+10 2.0000e+07 2.0000e+01 1.8697e+02
3.5111e+07 6.3838e+06 7.6379e+02 2.6826e+10 2.0000e+07 2.0000e+01 1.8697e+02
3.8622e+07 7.0222e+06 7.6373e+02 2.9507e+10 2.0000e+07 2.0000e+01 1.8697e+02
4.2484e+07 7.7244e+06 7.6368e+02 3.2457e+10 2.0000e+07 2.0000e+01 1.8697e+02
4.6732e+07 8.4968e+06 7.6361e+02 3.5701e+10 2.0000e+07 2.0000e+01 1.8697e+02
5.1406e+07 9.3465e+06 7.6355e+02 3.9269e+10 2.0000e+07 2.0000e+01 1.8697e+02
5.6546e+07 1.0281e+07 7.6347e+02 4.3194e+10 2.0000e+07 2.0000e+01 1.8697e+02
6.2201e+07 1.1309e+07 7.6338e+02 4.7510e+10 2.0000e+07 2.0000e+01 1.8697e+02
6.8421e+07 1.2440e+07 7.6329e+02 5.2258e+10 2.0000e+07 2.0000e+01 1.8697e+02
7.5263e+07 1.3684e+07 7.6319e+02 5.7480e+10 2.0000e+07 2.0000e+01 1.8697e+02
8.2789e+07 1.5053e+07 7.6308e+02 6.3223e+10 2.0000e+07 2.0000e+01 1.8697e+02
8.9432e+07 1.3286e+07 7.6296e+02 6.8291e+10 2.0000e+07 2.0000e+01 1.8697e+02
9.5328e+07 1.1791e+07 7.6286e+02 7.2789e+10 2.0000e+07 2.0000e+01 1.8697e+02
1.0161e+08 1.2568e+07 7.6277e+02 7.7582e+10 2.0000e+07 2.0000e+01 1.8697e+02
1.0831e+08 1.3397e+07 7.6267e+02 8.2691e+10 2.0000e+07 2.0000e+01 1.8697e+02
1.1545e+08 1.4280e+07 7.6256e+02 8.8136e+10 2.0000e+07 2.0000e+01 1.8697e+02
1.2306e+08 1.5222e+07 7.6244e+02 9.3939e+10 2.0000e+07 2.0000e+01 1.8697e+02
1.3117e+08 1.6225e+07 7.6232e+02 1.0012e+11 2.0000e+07 2.0000e+01 1.8697e+02
1.3982e+08 1.7295e+07 7.6219e+02 1.0671e+11 2.0000e+07 2.0000e+01 1.8697e+02
1.4904e+08 1.8435e+07 7.6205e+02 1.1374e+11 2.0000e+07 2.0000e+01 1.8697e+02
1.5886e+08 1.9650e+07 7.6191e+02 1.2122e+11 2.0000e+07 2.0000e+01 1.8697e+02
1.6934e+08 2.0945e+07 7.6175e+02 1.2920e+11 2.0000e+07 2.0000e+01 1.8697e+02
1.8050e+08 2.2326e+07 7.6158e+02 1.3770e+11 2.0000e+07 2.0000e+01 1.8697e+02
1.9240e+08 2.3798e+07 7.6140e+02 1.4676e+11 2.0000e+07 2.0000e+01 1.8697e+02
2.0508e+08 2.5367e+07 7.6121e+02 1.5642e+11 2.0000e+07 2.0000e+01 1.8697e+02
2.1860e+08 2.7039e+07 7.6101e+02 1.6671e+11 2.0000e+07 2.0000e+01 1.8697e+02
2.3301e+08 2.8821e+07 7.6080e+02 1.7767e+11 2.0000e+07 2.0000e+01 1.8697e+02
2.4837e+08 3.0721e+07 7.6057e+02 1.8935e+11 2.0000e+07 2.0000e+01 1.8697e+02
2.6475e+08 3.2746e+07 7.6033e+02 2.0180e+11 2.0000e+07 2.0000e+01 1.8697e+02
2.8220e+08 3.4905e+07 7.6007e+02 2.1507e+11 2.0000e+07 2.0000e+01 1.8697e+02
3.0080e+08 3.7206e+07 7.5980e+02 2.2920e+11 2.0000e+07 2.0000e+01 1.8697e+02
3.2063e+08 3.9659e+07 7.5950e+02 2.4426e+11 2.0000e+07 2.0000e+01 1.8697e+02
3.4177e+08 4.2273e+07 7.5919e+02 2.6031e+11 2.0000e+07 2.0000e+01 1.8697e+02
3.6430e+08 4.5060e+07 7.5886e+02 2.7741e+11 2.0000e+07 2.0000e+01 1.8697e+02
3.8831e+08 4.8030e+07 7.5851e+02 2.9562e+11 2.0000e+07 2.0000e+01 1.8697e+02
4.1391e+08 5.1197e+07 7.5814e+02 3.1503e+11 2.0000e+07 2.0000e+01 1.8697e+02
4.4120e+08 5.4572e+07 7.5774e+02 3.3570e+11 2.0000e+07 2.0000e+01 1.8697e+02
4.7028e+08 5.8169e+07 7.5732e+02 3.5773e+11 2.0000e+07 2.0000e+01 1.8697e+02
5.0128e+08 6.2004e+07 7.5687e+02 3.8119e+11 2.0000e+07 2.0000e+01 1.8697e+02
5.3433e+08 6.6091e+07 7.5640e+02 4.0619e+11 2.0000e+07 2.0000e+01 1.8697e+02
5.6955e+08 7.0448e+07 7.5590e+02 4.3282e+11 2.0000e+07 2.0000e+01 1.8697e+02
6.0710e+08 7.5092e+07 7.5536e+02 4.6118e+11 2.0000e+07 2.0000e+01 1.8697e+02
6.4712e+08 8.0042e+07 7.5479e+02 4.9138e+11 2.0000e+07 2.0000e+01 1.8697e+02
6.8978e+08 8.5319e+07 7.5419e+02 5.2356e+11 2.0000e+07 2.0000e+01 1.8697e+02
7.3525e+08 9.0943e+07 7.5355e+02 5.5782e+11 2.0000e+07 2.0000e+01 1.8697e+02
7.8372e+08 9.6938e+07 7.5288e+02 5.9431e+11 2.0000e+07 2.0000e+01 1.8697e+02
8.3538e+08 1.0333e+08 7.5216e+02 6.3317e+11 2.0000e+07 2.0000e+01 1.8697e+02
8.9045e+08 1.1014e+08 7.5140e+02 6.7455e+11 2.0000e+07 2.0000e+01 1.8697e+02
9.4915e+08 1.1740e+08 7.5059e+02 7.1861e+11 2.0000e+07 2.0000e+01 1.8697e+02
1.0117e+09 1.2514e+08 7.4974e+02 7.6553e+11 2.0000e+07 2.0000e+01 1.8697e+02
1.0784e+09 1.3339e+08 7.4884e+02 8.1547e+11 2.0000e+07 2.0000e+01 1.8697e+02
1.1495e+09 1.4218e+08 7.4789e+02 8.6864e+11 2.0000e+07 2.0000e+01 1.8697e+02
1.2253e+09 1.5156e+08 7.4688e+02 9.2524e+11 2.0000e+07 2.0000e+01 1.8697e+02
1.3061e+09 1.6155e+08 7.4582e+02 9.8548e+11 2.0000e+07 2.0000e+01 1.8697e+02
1.3922e+09 1.7220e+08 7.4470e+02 1.0496e+12 2.0000e+07 2.0000e+01 1.8697e+02
1.4839e+09 1.8355e+08 7.4352e+02 1.1178e+12 2.0000e+07 2.0000e+01 1.8697e+02
1.5818e+09 1.9565e+08 7.4227e+02 1.1904e+12 2.0000e+07 2.0000e+01 1.8697e+02
1.6860e+09 2.0855e+08 7.4096e+02 1.2677e+12 2.0000e+07 2.0000e+01 1.8697e+02
1.7972e+09 2.2229e+08 7.3957e+02 1.3499e+12 2.0000e+07 2.0000e+01 1.8697e+02
1.9157e+09 2.3695e+08 7.3812e+02 1.4374e+12 2.0000e+07 2.0000e+01 1.8697e+02
2.0419e+09 2.5257e+08 7.3660e+02 1.5304e+12 2.0000e+07 2.0000e+01 1.8697e+02
2.1765e+09 2.6922e+08 7.3500e+02 1.6293e+12 2.0000e+07 2.0000e+01 1.8697e+02
2.3200e+09 2.8696e+08 7.3332e+02 1.7345e+12 2.0000e+07 2.0000e+01 1.8697e+02
2.4730e+09 3.0588e+08 7.3156e+02 1.8464e+12 2.0000e+07 2.0000e+01 1.8697e+02
2.6360e+09 3.2605e+08 7.2972e+02 1.9654e+12 2.0000e+07 2.0000e+01 1.8697e+02
2.8098e+09 3.4754e+08 7.2780e+02 2.0918e+12 2.0000e+07 2.0000e+01 1.8697e+02
2.9950e+09 3.7045e+08 7.2580e+02 2.2263e+12 2.0000e+07 2.0000e+01 1.8697e+02
3.1924e+09 3.9487e+08 7.2372e+02 2.3692e+12 2.0000e+07 2.0000e+01 1.8697e+02
3.4029e+09 4.2090e+08 7.2155e+02 2.5210e+12 2.0000e+07 2.0000e+01 1.8697e+02
3.6272e+09 4.4865e+08 7.1930e+02 2.6824e+12 2.0000e+07 2.0000e+01 1.8697e+02
3.8663e+09 4.7822e+08 7.1696e+02 2.8538e+12 2.0000e+07 2.0000e+01 1.8697e+02
4.1212e+09 5.0975e+08 7.1456e+02 3.0359e+12 2.0000e+07 2.0000e+01 1.8697e+02
4.3929e+09 5.4335e+08 7.1207e+02 3.2294e+12 2.0000e+07 2.0000e+01 1.8697e+02
4.6824e+09 5.7917e+08 7.0951e+02 3.4348e+12 2.0000e+07 2.0000e+01 1.8697e+02
4.9911e+09 6.1735e+08 7.0688e+02 3.6530e+12 2.0000e+07 2.0000e+01 1.8697e+02
5.3201e+09 6.5805e+08 7.0419e+02 3.8847e+12 2.0000e+07 2.0000e+01 1.8697e+02
5.6709e+09 7.0143e+08 7.0144e+02 4.1308e+12 2.0000e+07 2.0000e+01 1.8697e+02
6.0447e+09 7.4767e+08 6.9865e+02 4.3919e+12 2.0000e+07 2.0000e+01 1.8697e+02
6.4432e+09 7.9696e+08 6.9581e+02 4.6692e+12 2.0000e+07 2.0000e+01 1.8697e+02
6.8679e+09 8.4949e+08 6.9295e+02 4.9635e+12 2.0000e+07 2.0000e+01 1.8697e+02
7.3207e+09 9.0549e+08 6.9007e+02 5.2760e+12 2.0000e+07 2.0000e+01 1.8697e+02
7.8033e+09 9.6519e+08 6.8718e+02 5.6076e+12 2.0000e+07 2.0000e+01 1.8697e+02
8.3177e+09 1.0288e+09 6.8430e+02 5.9596e+12 2.0000e+07 2.0000e+01 1.8697e+02
8.8660e+09 1.0966e+09 6.8145e+02 6.3332e+12 2.0000e+07 2.0000e+01 1.8697e+02
9.4505e+09 1.1689e+09 6.7864e+02 6.7299e+12 2.0000e+07 2.0000e+01 1.8697e+02
1.0073e+10 1.2460e+09 6.7590e+02 7.1510e+12 2.0000e+07 2.0000e+01 1.8697e+02
1.0738e+10 1.3281e+09 6.7322e+02 7.5980e+12 2.0000e+07 2.0000e+01 1.8697e+02
1.1445e+10 1.4157e+09 6.7066e+02 8.0727e+12 2.0000e+07 2.0000e+01 1.8697e+02
1.2200e+10 1.5090e+09 6.6821e+02 8.5769e+12 2.0000e+07 2.0000e+01 1.8697e+02
1.3004e+10 1.6085e+09 6.6590e+02 9.1125e+12 2.0000e+07 2.0000e+01 1.8697e+02
1.3861e+10 1.7145e+09 6.6376e+02 9.6815e+12 2.0000e+07 2.0000e+01 1.8697e+02
1.4775e+10 1.8275e+09 6.6181e+02 1.0286e+13 2.0000e+07 2.0000e+01 1.8697e+02
1.5749e+10 1.9480e+09 6.6007e+02 1.0929e+13 2.0000e+07 2.0000e+01 1.8697e+02
1.6787e+10 2.0764e+09 6.5856e+02 1.1613e+13 2.0000e+07 2.0000e+01 1.8697e+02
1.7894e+10 2.2133e+09 6.5729e+02 1.2340e+13 2.0000e+07 2.0000e+01 1.8697e+02
1.9074e+10 2.3592e+09 6.5630e+02 1.3114e+13 2.0000e+07 2.0000e+01 1.8697e+02
2.0331e+10 2.5147e+09 6.5559e+02 1.3939e+13 2.0000e+07 2.0000e+01 1.8697e+02
2.1671e+10 2.6805e+09 6.5519e+02 1.4817e+13 2.0000e+07 2.0000e+01 1.8697e+02
2.3100e+10 2.8572e+09 6.5510e+02 1.5753e+13 2.0000e+07 2.0000e+01 1.8697e+02
2.4623e+10 3.0456e+09 6.5533e+02 1.6751e+13 2.0000e+07 2.0000e+01 1.8697e+02
2.6246e+10 3.2463e+09 6.5589e+02 1.7815e+13 2.0000e+07 2.0000e+01 1.8697e+02
2.7976e+10 3.4604e+09 6.5680e+02 1.8952e+13 2.0000e+07 2.0000e+01 1.8697e+02
2.9820e+10 3.6885e+09 6.5803e+02 2.0165e+13 2.0000e+07 2.0000e+01 1.8697e+02
3.1786e+10 3.9316e+09 6.5961e+02 2.1462e+13 2.0000e+07 2.0000e+01 1.8697e+02
3.3881e+10 4.1908e+09 6.6151e+02 2.2848e+13 2.0000e+07 2.0000e+01 1.8697e+02
3.6115e+10 4.4671e+09 6.6375e+02 2.4331e+13 2.0000e+07 2.0000e+01 1.8697e+02
3.8496e+10 4.7615e+09 6.6631e+02 2.5917e+13 2.0000e+07 2.0000e+01 1.8697e+02
4.1033e+10 5.0754e+09 6.6919e+02 2.7615e+13 2.0000e+07 2.0000e+01 1.8697e+02
4.3738e+10 5.4100e+09 6.7238e+02 2.9434e+13 2.0000e+07 2.0000e+01 1.8697e+02
4.6622e+10 5.7667e+09 6.7587e+02 3.1383e+13 2.0000e+07 2.0000e+01 1.8697e+02
4.9695e+10 6.1468e+09 6.7966e+02 3.3472e+13 2.0000e+07 2.0000e+01 1.8697e+02
5.2971e+10 6.5520e+09 6.8374e+02 3.5711e+13 2.0000e+07 2.0000e+01 1.8697e+02
5.6463e+10 6.9839e+09 6.8811e+02 3.8114e+13 2.0000e+07 2.0000e+01 1.8697e+02
6.0185e+10 7.4443e+09 6.9277e+02 4.0693e+13 2.0000e+07 2.0000e+01 1.8697e+02
6.4153e+10 7.9351e+09 6.9771e+02 4.3461e+13 2.0000e+07 2.0000e+01 1.8697e+02
6.8041e+10 7.7764e+09 7.0285e+02 4.6194e+13 2.0000e+07 2.0000e+01 1.8697e+02
7.1851e+10 7.6208e+09 7.0786e+02 4.8891e+13 2.0000e+07 2.0000e+01 1.8697e+02
7.7186e+10 1.0669e+10 7.1314e+02 5.2696e+13 2.0000e+07 2.0000e+01 1.8697e+02
8.0846e+10 7.3191e+09 7.1937e+02 5.5328e+13 2.0000e+07 2.0000e+01 1.8697e+02
8.5969e+10 1.0247e+10 7.2440e+02 5.9039e+13 2.0000e+07 2.0000e+01 1.8697e+02
8.9484e+10 7.0292e+09 7.3023e+02 6.1606e+13 2.0000e+07 2.0000e+01 1.8697e+02
9.4404e+10 9.8409e+09 7.3494e+02 6.5222e+13 2.0000e+07 2.0000e+01 1.8697e+02
9.7779e+10 6.7509e+09 7.4039e+02 6.7721e+13 2.0000e+07 2.0000e+01 1.8697e+02
1.0251e+11 9.4512e+09 7.4479e+02 7.1241e+13 2.0000e+07 2.0000e+01 1.8697e+02
1.0575e+11 6.4835e+09 7.4989e+02 7.3672e+13 2.0000e+07 2.0000e+01 1.8697e+02
1.1029e+11 9.0769e+09 7.5402e+02 7.7094e+13 2.0000e+07 2.0000e+01 1.8697e+02
1.1473e+11 8.8954e+09 7.5910e+02 8.0470e+13 2.0000e+07 2.0000e+01 1.8697e+02
1.1909e+11 8.7175e+09 7.6409e+02 8.3801e+13 2.0000e+07 2.0000e+01 1.8697e+02
1.2336e+11 8.5432e+09 7.6890e+02 8.7085e+13 2.0000e+07 2.0000e+01 1.8697e+02
1.2755e+11 8.3723e+09 7.7356e+02 9.0323e+13 2.0000e+07 2.0000e+01 1.8697e+02
1.3165e+11 8.2048e+09 7.7806e+02 9.3515e+13 2.0000e+07 2.0000e+01 1.8697e+02
1.3567e+11 8.0407e+09 7.8242e+02 9.6661e+13 2.0000e+07 2.0000e+01 1.8697e+02
1.3961e+11 7.8799e+09 7.8663e+02 9.9760e+13 2.0000e+07 2.0000e+01 1.8697e+02
1.4888e+11 1.0811e+10 7.9496e+02 1.0711e+14 2.0000e+07 2.0000e+01 1.8697e+02
1.5778e+11 1.0383e+10 8.0405e+02 1.1425e+14 2.0000e+07 2.0000e+01 1.8697e+02
1.6633e+11 9.9720e+09 8.1253e+02 1.2118e+14 2.0000e+07 2.0000e+01 1.8697e+02
1.7454e+11 9.5771e+09 8.2044e+02 1.2791e+14 2.0000e+07 2.0000e+01 1.8697e+02
1.8724e+11 5.7053e+09 8.3326e+02 1.3843e+14 2.0000e+07 2.0000e+01 1.8697e+02
2.0117e+11 1.0959e+10 8.4370e+02 1.5013e+14 2.0000e+07 2.0000e+01 1.8697e+02
2.1380e+11 7.2200e+09 8.5532e+02 1.6089e+14 2.0000e+07 2.0000e+01 1.8697e+02
2.2717e+11 9.7078e+09 8.6520e+02 1.7241e+14 2.0000e+07 2.0000e+01 1.8697e+02
2.4006e+11 5.8005e+09 8.7596e+02 1.8365e+14 2.0000e+07 2.0000e+01 1.8697e+02
2.5804e+11 7.6431e+09 8.8826e+02 1.9953e+14 2.0000e+07 2.0000e+01 1.8697e+02
2.7572e+11 7.0498e+09 9.0019e+02 2.1536e+14 2.0000e+07 2.0000e+01 1.8697e+02
2.9082e+11 1.2250e+10 9.0802e+02 2.2903e+14 2.0000e+07 2.0000e+01 1.8697e+02
3.1199e+11 7.7511e+09 9.2164e+02 2.4844e+14 2.0000e+07 2.0000e+01 1.8697e+02
3.2992e+11 7.1493e+09 9.3135e+02 2.6507e+14 2.0000e+07 2.0000e+01 1.8697e+02
3.5420e+11 1.1966e+10 9.4229e+02 2.8784e+14 2.0000e+07 2.0000e+01 1.8697e+02
3.7607e+11 7.5714e+09 9.5259e+02 3.0859e+14 2.0000e+07 2.0000e+01 1.8697e+02
4.0057e+11 1.2642e+10 9.6119e+02 3.3206e+14 2.0000e+07 2.0000e+01 1.8697e+02
4.2802e+11 1.1199e+10 9.7103e+02 3.5862e+14 2.0000e+07 2.0000e+01 1.8697e+02
4.5672e+11 1.2864e+10 9.7907e+02 3.8663e+14 2.0000e+07 2.0000e+01 1.8697e+02
4.8465e+11 1.1395e+10 9.8622e+02 4.1411e+14 2.0000e+07 2.0000e+01 1.8697e+02
5.1699e+11 6.2708e+09 9.9290e+02 4.4613e+14 2.0000e+07 2.0000e+01 1.8697e+02
5.5173e+11 1.1110e+10 9.9775e+02 4.8072e+14 2.0000e+07 2.0000e+01 1.8697e+02
5.9063e+11 1.2262e+10 1.0016e+03 5.1963e+14 2.0000e+07 2.0000e+01 1.8697e+02
6.3091e+11 1.3504e+10 1.0035e+03 5.6002e+14 2.0000e+07 2.0000e+01 1.8697e+02
6.7007e+11 1.1488e+10 1.0038e+03 5.9933e+14 2.0000e+07 2.0000e+01 1.8697e+02
7.1031e+11 1.2686e+10 1.0024e+03 6.3969e+14 2.0000e+07 2.0000e+01 1.8697e+02
7.6205e+11 1.3426e+10 9.9846e+02 6.9145e+14 2.0000e+07 2.0000e+01 1.8697e+02
8.1407e+11 1.4247e+10 9.9240e+02 7.4321e+14 2.0000e+07 2.0000e+01 1.8697e+02
8.5955e+11 8.3147e+09 9.8513e+02 7.8817e+14 2.0000e+07 2.0000e+01 1.8697e+02
9.1938e+11 1.2327e+10 9.7437e+02 8.4677e+14 2.0000e+07 2.0000e+01 1.8697e+02
9.7828e+11 8.9787e+09 9.6142e+02 9.0375e+14 2.0000e+07 2.0000e+01 1.8697e+02
1.0446e+12 9.1377e+09 9.4537e+02 9.6692e+14 2.0000e+07 2.0000e+01 1.8697e+02
1.1121e+12 9.3242e+09 9.2742e+02 1.0301e+15 2.0000e+07 2.0000e+01 1.8697e+02
1.1876e+12 1.3295e+10 9.0628e+02 1.0993e+15 2.0000e+07 2.0000e+01 1.8697e+02
1.2626e+12 9.3131e+09 8.8321e+02 1.1664e+15 2.0000e+07 2.0000e+01 1.8697e+02
1.3475e+12 1.2690e+10 8.5694e+02 1.2402e+15 2.0000e+07 2.0000e+01 1.8697e+02
1.4329e+12 1.3662e+10 8.2962e+02 1.3121e+15 2.0000e+07 2.0000e+01 1.8697e+02
1.5279e+12 1.2775e+10 7.9843e+02 1.3894e+15 2.0000e+07 2.0000e+01 1.8697e+02
1.6317e+12 1.6741e+10 7.6491e+02 1.4704e+15 2.0000e+07 2.0000e+01 1.8697e+02
1.7358e+12 1.2117e+10 7.3052e+02 1.5480e+15 2.0000e+07 2.0000e+01 1.8697e+02
1.8553e+12 1.5683e+10 6.9273e+02 1.6329e+15 2.0000e+07 2.0000e+01 1.8697e+02
1.9748e+12 1.5892e+10 6.5558e+02 1.7133e+15 2.0000e+07 2.0000e+01 1.8697e+02
2.1071e+12 1.4022e+10 6.1571e+02 1.7973e+15 2.0000e+07 2.0000e+01 1.8697e+02
2.2453e+12 1.2585e+10 5.7599e+02 1.8795e+15 2.0000e+07 2.0000e+01 1.8697e+02
2.3884e+12 1.7854e+10 5.3774e+02 1.9590e+15 2.0000e+07 2.0000e+01 1.8697e+02
2.5479e+12 1.3378e+10 4.9675e+02 2.0413e+15 2.0000e+07 2.0000e+01 1.8697e+02
2.7176e+12 2.0506e+10 4.5727e+02 2.1221e+15 2.0000e+07 2.0000e+01 1.8697e+02
2.8925e+12 1.5441e+10 4.1876e+02 2.1985e+15 2.0000e+07 2.0000e+01 1.8697e+02
3.0879e+12 1.6325e+10 3.8001e+02 2.2763e+15 2.0000e+07 2.0000e+01 1.8697e+02
3.2860e+12 2.5241e+10 3.4497e+02 2.3479e+15 2.0000e+07 2.0000e+01 1.8697e+02
3.5051e+12 2.6868e+10 3.0971e+02 2.4193e+15 2.0000e+07 2.0000e+01 1.8697e+02
3.7390e+12 2.8945e+10 2.7634e+02 2.4875e+15 2.0000e+07 2.0000e+01 1.8697e+02
3.9901e+12 3.1070e+10 2.4491e+02 2.5526e+15 2.0000e+07 2.0000e+01 1.8697e+02
4.2434e+12 2.3949e+10 2.1692e+02 2.6108e+15 2.0000e+07 2.0000e+01 1.8697e+02
4.5212e+12 3.7906e+10 1.9117e+02 2.6672e+15 2.0000e+07 2.0000e+01 1.8697e+02
4.8367e+12 4.1460e+10 1.6593e+02 2.7231e+15 2.0000e+07 2.0000e+01 1.8697e+02
5.1482e+12 4.7629e+10 1.4514e+02 2.7712e+15 2.0000e+07 2.0000e+01 1.8697e+02
5.4834e+12 4.2708e+10 1.2603e+02 2.8163e+15 2.0000e+07 2.0000e+01 1.8697e+02
5.8360e+12 3.5636e+10 1.0951e+02 2.8576e+15 2.0000e+07 2.0000e+01 1.8697e+02
6.2300e+12 6.1576e+10 9.4990e+01 2.8976e+15 2.0000e+07 2.0000e+01 1.8697e+02
6.6371e+12 5.8102e+10 8.2622e+01 2.9335e+15 2.0000e+07 2.0000e+01 1.8697e+02
7.0685e+12 5.2742e+10 7.2234e+01 2.9667e+15 2.0000e+07 2.0000e+01 1.8697e+02
7.5542e+12 7.9497e+10 6.3406e+01 2.9994e+15 2.0000e+07 2.0000e+01 1.8697e+02
8.0331e+12 8.1736e+10 5.6598e+01 3.0279e+15 2.0000e+07 2.0000e+01 1.8697e+02
8.5816e+12 8.9796e+10 5.0763e+01 3.0571e+15 2.0000e+07 2.0000e+01 1.8697e+02
9.1687e+12 1.0066e+11 4.6201e+01 3.0854e+15 2.0000e+07 2.0000e+01 1.8697e+02
9.7522e+12 1.1750e+11 4.2926e+01 3.1113e+15 2.0000e+07 2.0000e+01 1.8697e+02
1.0375e+13 1.2106e+11 4.0387e+01 3.1371e+15 2.0000e+07 2.0000e+01 1.8697e+02
1.1157e+13 2.4052e+11 3.8332e+01 3.1677e+15 2.0000e+07 2.0000e+01 1.8697e+02
1.1818e+13 1.3766e+11 3.6978e+01 3.1925e+15 2.0000e+07 2.0000e+01 1.8697e+02
1.2699e+13 3.2681e+11 3.5948e+01 3.2246e+15 2.0000e+07 2.0000e+01 1.8697e+02
1.3418e+13 2.9231e+11 3.5329e+01 3.2501e+15 2.0000e+07 2.0000e+01 1.8697e+02
1.4374e+13 4.4086e+11 3.4829e+01 3.2836e+15 2.0000e+07 2.0000e+01 1.8697e+02
1.5255e+13 5.6984e+11 3.4526e+01 3.3141e+15 2.0000e+07 2.0000e+01 1.8697e+02
1.6334e+13 6.5699e+11 3.4283e+01 3.3512e+15 2.0000e+07 2.0000e+01 1.8697e+02
1.7281e+13 5.0153e+11 3.4139e+01 3.3835e+15 2.0000e+07 2.0000e+01 1.8697e+02
1.8608e+13 9.6334e+11 3.4024e+01 3.4287e+15 2.0000e+07 2.0000e+01 1.8697e+02
1.9996e+13 9.0669e+11 3.3936e+01 3.4759e+15 2.0000e+07 2.0000e+01 1.8697e+02
2.1302e+13 8.5337e+11 3.3880e+01 3.5201e+15 2.0000e+07 2.0000e+01 1.8697e+02
2.2306e+13 1.1708e+12 3.3851e+01 3.5541e+15 2.0000e+07 2.0000e+01 1.8697e+02
2.3993e+13 1.1020e+12 3.3810e+01 3.6112e+15 2.0000e+07 2.0000e+01 1.8697e+02
2.5520e+13 1.5119e+12 3.3786e+01 3.6628e+15 2.0000e+07 2.0000e+01 1.8697e+02
2.8003e+13 2.0328e+12 3.3754e+01 3.7466e+15 2.0000e+07 2.0000e+01 1.8697e+02
2.8999e+13 1.9922e+12 3.3744e+01 3.7803e+15 2.0000e+07 2.0000e+01 1.8697e+02
3.1342e+13 2.7174e+12 3.3726e+01 3.8593e+15 2.0000e+07 2.0000e+01 1.8697e+02
3.3579e+13 2.6098e+12 3.3712e+01 3.9347e+15 2.0000e+07 2.0000e+01 1.8697e+02
3.4858e+13 2.5576e+12 3.3707e+01 3.9778e+15 2.0000e+07 2.0000e+01 1.8697e+02
3.7503e+13 2.5035e+12 3.3697e+01 4.0669e+15 2.0000e+07 2.0000e+01 1.8697e+02
4.0973e+13 2.8680e+12 3.3689e+01 4.1838e+15 2.0000e+07 2.0000e+01 1.8697e+02
4.2981e+13 4.0152e+12 3.3686e+01 4.2515e+15 2.0000e+07 2.0000e+01 1.8697e+02
4.5791e+13 5.6213e+12 3.3684e+01 4.3461e+15 2.0000e+07 2.0000e+01 1.8697e+02
4.8546e+13 5.5089e+12 3.3681e+01 4.4389e+15 2.0000e+07 2.0000e+01 1.8697e+02
5.2402e+13 7.7124e+12 3.3678e+01 4.5688e+15 2.0000e+07 2.0000e+01 1.8697e+02
5.6181e+13 6.4839e+12 3.3676e+01 4.6961e+15 2.0000e+07 2.0000e+01 1.8697e+02
6.0720e+13 8.5875e+12 3.3675e+01 4.8489e+15 2.0000e+07 2.0000e+01 1.8697e+02
6.6731e+13 1.1602e+13 3.3673e+01 5.0513e+15 2.0000e+07 2.0000e+01 1.8697e+02
7.2416e+13 1.1370e+13 3.3671e+01 5.2427e+15 2.0000e+07 2.0000e+01 1.8697e+02
7.9658e+13 1.4483e+13 3.3669e+01 5.4865e+15 2.0000e+07 2.0000e+01 1.8697e+02
8.6754e+13 1.4194e+13 3.3667e+01 5.7255e+15 2.0000e+07 2.0000e+01 1.8697e+02
9.3709e+13 1.2510e+13 3.3665e+01 5.9596e+15 2.0000e+07 2.0000e+01 1.8697e+02
1.0247e+14 1.4364e+13 3.3663e+01 6.2544e+15 2.0000e+07 2.0000e+01 1.8697e+02
1.0950e+14 1.4077e+13 3.3661e+01 6.4913e+15 2.0000e+07 2.0000e+01 1.8697e+02
1.1640e+14 1.1850e+13 3.3659e+01 6.7235e+15 2.0000e+07 2.0000e+01 1.8697e+02
1.2470e+14 1.6590e+13 3.3657e+01 7.0027e+15 2.0000e+07 2.0000e+01 1.8697e+02
1.3283e+14 1.4808e+13 3.3655e+01 7.2763e+15 2.0000e+07 2.0000e+01 1.8697e+02
1.4008e+14 1.2249e+13 3.3653e+01 7.5205e+15 2.0000e+07 2.0000e+01 1.8697e+02
1.4866e+14 1.4277e+13 3.3651e+01 7.8090e+15 2.0000e+07 2.0000e+01 1.8697e+02
1.5565e+14 1.3992e+13 3.3649e+01 8.0444e+15 2.0000e+07 2.0000e+01 1.8697e+02
1.6545e+14 1.9588e+13 3.3647e+01 8.3739e+15 2.0000e+07 2.0000e+01 1.8697e+02
1.7217e+14 1.3438e+13 3.3644e+01 8.6000e+15 2.0000e+07 2.0000e+01 1.8697e+02
1.8157e+14 1.8813e+13 3.3642e+01 8.9164e+15 2.0000e+07 2.0000e+01 1.8697e+02
1.8802e+14 1.2905e+13 3.3640e+01 9.1335e+15 2.0000e+07 2.0000e+01 1.8697e+02
1.9706e+14 1.8068e+13 3.3638e+01 9.4374e+15 2.0000e+07 2.0000e+01 1.8697e+02
2.0326e+14 1.2394e+13 3.3636e+01 9.6458e+15 2.0000e+07 2.0000e+01 1.8697e+02
2.1565e+14 2.4789e+13 3.3634e+01 1.0063e+16 2.0000e+07 2.0000e+01 1.8697e+02
2.3351e+14 2.3807e+13 3.3630e+01 1.0663e+16 2.0000e+07 2.0000e+01 1.8697e+02
2.3922e+14 9.9532e+12 3.3627e+01 1.0855e+16 2.0000e+07 2.0000e+01 1.8697e+02
2.5600e+14 1.3656e+13 3.3623e+01 1.1420e+16 2.0000e+07 2.0000e+01 1.8697e+02
2.6966e+14 2.7312e+13 3.3621e+01 1.1879e+16 2.0000e+07 2.0000e+01 1.8697e+02
2.8973e+14 9.9700e+12 3.3615e+01 1.2553e+16 2.0000e+07 2.0000e+01 1.8697e+02
3.0947e+14 1.7770e+13 3.3611e+01 1.3217e+16 2.0000e+07 2.0000e+01 1.8697e+02
3.3044e+14 1.3935e+13 3.3606e+01 1.3922e+16 2.0000e+07 2.0000e+01 1.8697e+02
3.4975e+14 1.9119e+13 3.3602e+01 1.4571e+16 2.0000e+07 2.0000e+01 1.8697e+02
3.8242e+14 2.5706e+13 3.3595e+01 1.5668e+16 2.0000e+07 2.0000e+01 1.8697e+02
4.0093e+14 2.4688e+13 3.3591e+01 1.6290e+16 2.0000e+07 2.0000e+01 1.8697e+02
4.2634e+14 3.3872e+13 3.3587e+01 1.7143e+16 2.0000e+07 2.0000e+01 1.8697e+02
4.5123e+14 1.5621e+13 3.3581e+01 1.7979e+16 2.0000e+07 2.0000e+01 1.8697e+02
4.8935e+14 3.0006e+13 3.3574e+01 1.9259e+16 2.0000e+07 2.0000e+01 1.8697e+02
5.1097e+14 2.8817e+13 3.3570e+01 1.9985e+16 2.0000e+07 2.0000e+01 1.8697e+02
5.5011e+14 1.5914e+13 3.3562e+01 2.1299e+16 2.0000e+07 2.0000e+01 1.8697e+02
5.9852e+14 4.3321e+13 3.3555e+01 2.2923e+16 2.0000e+07 2.0000e+01 1.8697e+02
6.2972e+14 3.2523e+13 3.3550e+01 2.3970e+16 2.0000e+07 2.0000e+01 1.8697e+02
6.8476e+14 3.5859e+13 3.3541e+01 2.5816e+16 2.0000e+07 2.0000e+01 1.8697e+02
7.2062e+14 7.1719e+13 3.3537e+01 2.7019e+16 2.0000e+07 2.0000e+01 1.8697e+02
7.5576e+14 4.8343e+13 3.3531e+01 2.8197e+16 2.0000e+07 2.0000e+01 1.8697e+02
7.9818e+14 3.1694e+13 3.3524e+01 2.9620e+16 2.0000e+07 2.0000e+01 1.8697e+02
8.5948e+14 2.2048e+13 3.3516e+01 3.1674e+16 2.0000e+07 2.0000e+01 1.8697e+02
9.0605e+14 2.0336e+13 3.3510e+01 3.3235e+16 2.0000e+07 2.0000e+01 1.8697e+02
9.6997e+14 1.6951e+13 3.3503e+01 3.5377e+16 2.0000e+07 2.0000e+01 1.8697e+02
1.0309e+15 2.1451e+13 3.3498e+01 3.7419e+16 2.0000e+07 2.0000e+01 1.8697e+02
1.1002e+15 1.8250e+13 3.3492e+01 3.9739e+16 2.0000e+07 2.0000e+01 1.8697e+02
1.1745e+15 1.5216e+13 3.3487e+01 4.2229e+16 2.0000e+07 2.0000e+01 1.8697e+02
1.2463e+15 1.4278e+13 3.3484e+01 4.4632e+16 2.0000e+07 2.0000e+01 1.8697e+02
1.3285e+15 1.3488e+13 3.3481e+01 4.7384e+16 2.0000e+07 2.0000e+01 1.8697e+02
1.4174e+15 1.1932e+13 3.3479e+01 5.0361e+16 2.0000e+07 2.0000e+01 1.8697e+02
1.5078e+15 1.0255e+13 3.3479e+01 5.3387e+16 2.0000e+07 2.0000e+01 1.8697e+02
1.6078e+15 1.0852e+13 3.3480e+01 5.6733e+16 2.0000e+07 2.0000e+01 1.8697e+02
1.7153e+15 1.0527e+13 3.3483e+01 6.0332e+16 2.0000e+07 2.0000e+01 1.8697e+02
1.8293e+15 7.1271e+12 3.3489e+01 6.4152e+16 2.0000e+07 2.0000e+01 1.8697e+02
1.9491e+15 9.4360e+12 3.3497e+01 6.8164e+16 2.0000e+07 2.0000e+01 1.8697e+02
2.0744e+15 9.4628e+12 3.3508e+01 7.2363e+16 2.0000e+07 2.0000e+01 1.8697e+02
2.2106e+15 9.5806e+12 3.3523e+01 7.6926e+16 2.0000e+07 2.0000e+01 1.8697e+02
2.3586e+15 7.0462e+12 3.3543e+01 8.1888e+16 2.0000e+07 2.0000e+01 1.8697e+02
2.5142e+15 9.1481e+12 3.3567e+01 8.7110e+16 2.0000e+07 2.0000e+01 1.8697e+02
2.6796e+15 6.5136e+12 3.3597e+01 9.2666e+16 2.0000e+07 2.0000e+01 1.8697e+02
2.8534e+15 9.9285e+12 3.3633e+01 9.8507e+16 2.0000e+07 2.0000e+01 1.8697e+02
3.0454e+15 7.1114e+12 3.3676e+01 1.0497e+17 2.0000e+07 2.0000e+01 1.8697e+02
3.2448e+15 6.7032e+12 3.3727e+01 1.1169e+17 2.0000e+07 2.0000e+01 1.8697e+02
3.4557e+15 8.1960e+12 3.3786e+01 1.1881e+17 2.0000e+07 2.0000e+01 1.8697e+02
3.6844e+15 7.3303e+12 3.3856e+01 1.2654e+17 2.0000e+07 2.0000e+01 1.8697e+02
3.9271e+15 6.8166e+12 3.3938e+01 1.3477e+17 2.0000e+07 2.0000e+01 1.8697e+02
4.1852e+15 7.0019e+12 3.4031e+01 1.4354e+17 2.0000e+07 2.0000e+01 1.8697e+02
4.4631e+15 5.1983e+12 3.4138e+01 1.5301e+17 2.0000e+07 2.0000e+01 1.8697e+02
4.7580e+15 6.2358e+12 3.4261e+01 1.6310e+17 2.0000e+07 2.0000e+01 1.8697e+02
5.0708e+15 5.9378e+12 3.4399e+01 1.7384e+17 2.0000e+07 2.0000e+01 1.8697e+02
5.4028e+15 5.9293e+12 3.4555e+01 1.8528e+17 2.0000e+07 2.0000e+01 1.8697e+02
5.7620e+15 6.6373e+12 3.4732e+01 1.9773e+17 2.0000e+07 2.0000e+01 1.8697e+02
6.1400e+15 6.3211e+12 3.4927e+01 2.1089e+17 2.0000e+07 2.0000e+01 1.8697e+02
6.5433e+15 4.7239e+12 3.5146e+01 2.2502e+17 2.0000e+07 2.0000e+01 1.8697e+02
6.9746e+15 5.6537e+12 3.5388e+01 2.4024e+17 2.0000e+07 2.0000e+01 1.8697e+02
7.4348e+15 5.2036e+12 3.5656e+01 2.5658e+17 2.0000e+07 2.0000e+01 1.8697e+02
7.9249e+15 5.2615e+12 3.5949e+01 2.7413e+17 2.0000e+07 2.0000e+01 1.8697e+02
8.4471e+15 5.7278e+12 3.6270e+01 2.9298e+17 2.0000e+07 2.0000e+01 1.8697e+02
9.0059e+15 6.4473e+12 3.6620e+01 3.1335e+17 2.0000e+07 2.0000e+01 1.8697e+02
9.5980e+15 5.4694e+12 3.6996e+01 3.3514e+17 2.0000e+07 2.0000e+01 1.8697e+02
1.0230e+16 4.7016e+12 3.7400e+01 3.5866e+17 2.0000e+07 2.0000e+01 1.8697e+02
1.0904e+16 5.8506e+12 3.7832e+01 3.8401e+17 2.0000e+07 2.0000e+01 1.8697e+02
1.1623e+16 5.1641e+12 3.8290e+01 4.1139e+17 2.0000e+07 2.0000e+01 1.8697e+02
1.2390e+16 4.5265e+12 3.8772e+01 4.4091e+17 2.0000e+07 2.0000e+01 1.8697e+02
1.3208e+16 5.6286e+12 3.9276e+01 4.7283e+17 2.0000e+07 2.0000e+01 1.8697e+02
1.4077e+16 4.8653e+12 3.9796e+01 5.0722e+17 2.0000e+07 2.0000e+01 1.8697e+02
1.5004e+16 5.9662e+12 4.0327e+01 5.4437e+17 2.0000e+07 2.0000e+01 1.8697e+02
1.5994e+16 5.0857e+12 4.0865e+01 5.8454e+17 2.0000e+07 2.0000e+01 1.8697e+02
1.7050e+16 6.1500e+12 4.1402e+01 6.2798e+17 2.0000e+07 2.0000e+01 1.8697e+02
1.8173e+16 5.4928e+12 4.1927e+01 6.7478e+17 2.0000e+07 2.0000e+01 1.8697e+02
1.9372e+16 5.0726e+12 4.2433e+01 7.2534e+17 2.0000e+07 2.0000e+01 1.8697e+02
2.0648e+16 7.3520e+12 4.2906e+01 7.7982e+17 2.0000e+07 2.0000e+01 1.8697e+02
2.2009e+16 5.8532e+12 4.3336e+01 8.3851e+17 2.0000e+07 2.0000e+01 1.8697e+02
2.3458e+16 5.6636e+12 4.3708e+01 9.0160e+17 2.0000e+07 2.0000e+01 1.8697e+02
2.5007e+16 6.9351e+12 4.4009e+01 9.6955e+17 2.0000e+07 2.0000e+01 1.8697e+02
2.6656e+16 8.3222e+12 4.4223e+01 1.0423e+18 2.0000e+07 2.0000e+01 1.8697e+02
2.8412e+16 7.9032e+12 4.4336e+01 1.1201e+18 2.0000e+07 2.0000e+01 1.8697e+02
3.0285e+16 6.5511e+12 4.4332e+01 1.2031e+18 2.0000e+07 2.0000e+01 1.8697e+02
3.2280e+16 1.1694e+13 4.4201e+01 1.2915e+18 2.0000e+07 2.0000e+01 1.8697e+02
3.4408e+16 1.5311e+13 4.3926e+01 1.3852e+18 2.0000e+07 2.0000e+01 1.8697e+02
3.6678e+16 1.4353e+13 4.3499e+01 1.4845e+18 2.0000e+07 2.0000e+01 1.8697e+02
3.9093e+16 1.4543e+13 4.2910e+01 1.5889e+18 2.0000e+07 2.0000e+01 1.8697e+02
4.1670e+16 2.0312e+13 4.2156e+01 1.6985e+18 2.0000e+07 2.0000e+01 1.8697e+02
4.4418e+16 1.8419e+13 4.1235e+01 1.8131e+18 2.0000e+07 2.0000e+01 1.8697e+02
4.7354e+16 2.6254e+13 4.0143e+01 1.9326e+18 2.0000e+07 2.0000e+01 1.8697e+02
5.0470e+16 2.7810e+13 3.8894e+01 2.0557e+18 2.0000e+07 2.0000e+01 1.8697e+02
5.3793e+16 2.4964e+13 3.7489e+01 2.1826e+18 2.0000e+07 2.0000e+01 1.8697e+02
5.7340e+16 8.0432e+12 3.5933e+01 2.3129e+18 2.0000e+07 2.0000e+01 1.8697e+02
6.1123e+16 8.1952e+12 3.4245e+01 2.4456e+18 2.0000e+07 2.0000e+01 1.8697e+02
6.5149e+16 9.3287e+12 3.2442e+01 2.5798e+18 2.0000e+07 2.0000e+01 1.8697e+02
6.9442e+16 1.8007e+13 3.0540e+01 2.7150e+18 2.0000e+07 2.0000e+01 1.8697e+02
7.4021e+16 1.3723e+13 2.8559e+01 2.8503e+18 2.0000e+07 2.0000e+01 1.8697e+02
7.8903e+16 1.0995e+13 2.6522e+01 2.9847e+18 2.0000e+07 2.0000e+01 1.8697e+02
8.4104e+16 1.4551e+13 2.4455e+01 3.1172e+18 2.0000e+07 2.0000e+01 1.8697e+02
8.9648e+16 1.4956e+13 2.2380e+01 3.2470e+18 2.0000e+07 2.0000e+01 1.8697e+02
9.5556e+16 1.2413e+13 2.0320e+01 3.3730e+18 2.0000e+07 2.0000e+01 1.8697e+02
1.0186e+17 1.8868e+13 1.8297e+01 3.4946e+18 2.0000e+07 2.0000e+01 1.8697e+02
1.0857e+17 1.6933e+13 1.6334e+01 3.6107e+18 2.0000e+07 2.0000e+01 1.8697e+02
1.1573e+17 1.6310e+13 1.4450e+01 3.7207e+18 2.0000e+07 2.0000e+01 1.8697e+02
1.2335e+17 1.5759e+13 1.2661e+01 3.8240e+18 2.0000e+07 2.0000e+01 1.8697e+02
1.3149e+17 1.5875e+13 1.0982e+01 3.9200e+18 2.0000e+07 2.0000e+01 1.8697e+02
1.4015e+17 1.9326e+13 9.4258e+00 4.0082e+18 2.0000e+07 2.0000e+01 1.8697e+02
1.4939e+17 1.8873e+13 7.9992e+00 4.0885e+18 2.0000e+07 2.0000e+01 1.8697e+02
1.5925e+17 2.1903e+13 6.7081e+00 4.1608e+18 2.0000e+07 2.0000e+01 1.8697e+02
1.6974e+17 2.1762e+13 5.5556e+00 4.2250e+18 2.0000e+07 2.0000e+01 1.8697e+02
1.8094e+17 2.8664e+13 4.5397e+00 4.2813e+18 2.0000e+07 2.0000e+01 1.8697e+02
1.9287e+17 3.0487e+13 3.6579e+00 4.3300e+18 2.0000e+07 2.0000e+01 1.8697e+02
2.0558e+17 2.1099e+13 2.9039e+00 4.3715e+18 2.0000e+07 2.0000e+01 1.8697e+02
2.1913e+17 3.9420e+13 2.2689e+00 4.4064e+18 2.0000e+07 2.0000e+01 1.8697e+02
2.3358e+17 2.5729e+13 1.7428e+00 4.4352e+18 2.0000e+07 2.0000e+01 1.8697e+02
2.4897e+17 4.8528e+13 1.3155e+00 4.4586e+18 2.0000e+07 2.0000e+01 1.8697e+02
2.6539e+17 5.4604e+13 9.7375e-01 4.4772e+18 2.0000e+07 2.0000e+01 1.8697e+02
2.8290e+17 7.5966e+13 7.0631e-01 4.4918e+18 2.0000e+07 2.0000e+01 1.8697e+02
3.0153e+17 8.3571e+13 5.0173e-01 4.5030e+18 2.0000e+07 2.0000e+01 1.8697e+02
3.2139e+17 1.0148e+14 3.4827e-01 4.5113e+18 2.0000e+07 2.0000e+01 1.8697e+02
3.4264e+17 1.2107e+14 2.3564e-01 4.5174e+18 2.0000e+07 2.0000e+01 1.8697e+02
3.6519e+17 1.6352e+14 1.5558e-01 4.5218e+18 2.0000e+07 2.0000e+01 1.8697e+02
3.8927e+17 1.7168e+14 9.9847e-02 4.5248e+18 2.0000e+07 2.0000e+01 1.8697e+02
4.1493e+17 2.3931e+14 6.2250e-02 4.5268e+18 2.0000e+07 2.0000e+01 1.8697e+02
4.4224e+17 3.8207e+14 3.7643e-02 4.5282e+18 2.0000e+07 2.0000e+01 1.8697e+02
4.7155e+17 3.8348e+14 2.1915e-02 4.5290e+18 2.0000e+07 2.0000e+01 1.8697e+02
5.0265e+17 5.2263e+14 1.2349e-02 4.5295e+18 2.0000e+07 2.0000e+01 1.8697e+02
5.3612e+17 8.6784e+14 6.6778e-03 4.5298e+18 2.0000e+07 2.0000e+01 1.8697e+02
5.7126e+17 1.2912e+15 3.4873e-03 4.5300e+18 2.0000e+07 2.0000e+01 1.8697e+02
6.0923e+17 1.5822e+15 1.7406e-03 4.5301e+18 2.0000e+07 2.0000e+01 1.8697e+02
6.4971e+17 2.1615e+15 8.1975e-04 4.5302e+18 2.0000e+07 2.0000e+01 1.8697e+02
6.9366e+17 2.9382e+15 3.6890e-04 4.5302e+18 2.0000e+07 2.0000e+01 1.8697e+02
7.3789e+17 3.7428e+15 1.6073e-04 4.5302e+18 2.0000e+07 2.0000e+01 1.8697e+02
7.8688e+17 5.2839e+15 6.4949e-05 4.5302e+18 2.0000e+07 2.0000e+01 1.8697e+02
8.3837e+17 1.2335e+16 2.5837e-05 4.5302e+18 2.0000e+07 2.0000e+01 1.8697e+02
8.9958e+17 1.4992e+16 8.1357e-06 4.5302e+18 2.0000e+07 2.0000e+01 1.8697e+02
9.5541e+17 3.2311e+16 3.0910e-06 4.5302e+18 2.0000e+07 2.0000e+01 1.8697e+02
1.0225e+18 5.8231e+16 9.6612e-07 4.5302e+18 2.0000e+07 2.0000e+01 1.8697e+02
1.1204e+18 1.1413e+17 1.4859e-07 4.5302e+18 2.0000e+07 2.0000e+01 1.8697e+02
1.2002e+18 1.5979e+17 4.0079e-08 4.5302e+18 2.0000e+07 2.0000e+01 1.8697e+02
1.3203e+18 2.4005e+17 4.9075e-09 4.5302e+18 2.0000e+07 2.0000e+01 1.8697e+02
1.4523e+18 2.6405e+17 -2.8291e-10 4.5302e+18 2.0000e+07 2.0000e+01 1.8697e+02
1.4523e+18 2.1408e+05 1.1703e+02 4.5302e+18 2.0000e+07 2.0000e+01 1.8697e+02
1.5074e+18 5.5117e+16 6.9577e-11 4.5302e+18 2.0000e+07 2.0000e+01 1.8697e+02
1.6728e+18 2.2047e+17 6.8452e-12 4.5302e+18 2.0000e+07 2.0000e+01 1.8697e+02
1.8401e+18 3.3456e+17 -5.4026e-14 4.5302e+18 2.0000e+07 2.0000e+01 1.8697e+02
1.8401e+18 6.9373e+08 9.1928e-04 4.5302e+18 2.0000e+07 2.0000e+01 1.8697e+02
1.9559e+18 1.1579e+17 3.7153e-12 4.5302e+18 2.0000e+07 2.0000e+01 1.8697e+02
2.0717e+18 2.3157e+17 8.1543e-13 4.5302e+18 2.0000e+07 2.0000e+01 1.8697e+02
2.2788e+18 4.1433e+17 -2.3609e-14 4.5302e+18 2.0000e+07 2.0000e+01 1.8697e+02
2.3599e+18 8.1052e+16 2.8991e-12 4.5302e+18 2.0000e+07 2.0000e+01 1.8697e+02
2.6030e+18 3.2421e+17 7.6085e-14 4.5302e+18 2.0000e+07 2.0000e+01 1.8697e+02
2.8633e+18 5.2061e+17 -1.5113e-14 4.5302e+18 2.0000e+07 2.0000e+01 1.8697e+02
2.8633e+18 1.0795e+09 5.7106e-04 4.5302e+18 2.0000e+07 2.0000e+01 1.8697e+02
3.0354e+18 1.7204e+17 5.7352e-13 4.5302e+18 2.0000e+07 2.0000e+01 1.8697e+02
3.2074e+18 3.4408e+17 4.5115e-14 4.5302e+18 2.0000e+07 2.0000e+01 1.8697e+02