# All quantities actual values (not log10) 
#
# time(s)    dt(s)      dE(erg)  E(erg/g/s)    T(K)    rho(g/cm^3) 2/Rmax(s)
5.1726e-06 5.1726e-07 2.3307e+14 1.1955e+09 1.0009e+08 8.8130e+03 5.1079e-06
5.6899e-06 5.6899e-07 2.3328e+14 1.3162e+09 1.0009e+08 8.8138e+03 5.1059e-06
5.9466e-06 5.1341e-07 2.3349e+14 1.3762e+09 1.0010e+08 8.8145e+03 5.1039e-06
6.1033e-06 3.1354e-07 2.3358e+14 1.4128e+09 1.0010e+08 8.8149e+03 5.1030e-06
6.2642e-06 3.2181e-07 2.3364e+14 1.4504e+09 1.0010e+08 8.8150e+03 5.1025e-06
6.4294e-06 3.3029e-07 2.3370e+14 1.4890e+09 1.0010e+08 8.8152e+03 5.1019e-06
6.5989e-06 3.3900e-07 2.3375e+14 1.5286e+09 1.0010e+08 8.8154e+03 5.1014e-06
6.7728e-06 3.4793e-07 2.3381e+14 1.5693e+09 1.0011e+08 8.8156e+03 5.1008e-06
6.9514e-06 3.5711e-07 2.3387e+14 1.6110e+09 1.0011e+08 8.8158e+03 5.1003e-06
7.1347e-06 3.6652e-07 2.3392e+14 1.6539e+09 1.0011e+08 8.8160e+03 5.0997e-06
7.3227e-06 3.7618e-07 2.3398e+14 1.6979e+09 1.0011e+08 8.8162e+03 5.0992e-06
7.5158e-06 3.8610e-07 2.3404e+14 1.7431e+09 1.0011e+08 8.8164e+03 5.0986e-06
7.7139e-06 3.9628e-07 2.3409e+14 1.7895e+09 1.0011e+08 8.8166e+03 5.0981e-06
7.9173e-06 4.0673e-07 2.3415e+14 1.8371e+09 1.0012e+08 8.8167e+03 5.0975e-06
8.1260e-06 4.1745e-07 2.3421e+14 1.8860e+09 1.0012e+08 8.8169e+03 5.0970e-06
8.3403e-06 4.2845e-07 2.3426e+14 1.9361e+09 1.0012e+08 8.8171e+03 5.0964e-06
8.5601e-06 4.3975e-07 2.3432e+14 1.9877e+09 1.0012e+08 8.8173e+03 5.0959e-06
8.7858e-06 4.5134e-07 2.3438e+14 2.0406e+09 1.0012e+08 8.8175e+03 5.0953e-06
9.0174e-06 4.6324e-07 2.3443e+14 2.0949e+09 1.0012e+08 8.8176e+03 5.0948e-06
9.2551e-06 4.7545e-07 2.3449e+14 2.1506e+09 1.0012e+08 8.8178e+03 5.0942e-06
9.4991e-06 4.8799e-07 2.3455e+14 2.2078e+09 1.0013e+08 8.8180e+03 5.0937e-06
9.7496e-06 5.0085e-07 2.3461e+14 2.2666e+09 1.0013e+08 8.8181e+03 5.0931e-06
1.0007e-05 5.1406e-07 2.3466e+14 2.3269e+09 1.0013e+08 8.8183e+03 5.0926e-06
1.0270e-05 5.2761e-07 2.3472e+14 2.3888e+09 1.0013e+08 8.8185e+03 5.0920e-06
1.0541e-05 5.4152e-07 2.3478e+14 2.4524e+09 1.0013e+08 8.8186e+03 5.0915e-06
1.0819e-05 5.5580e-07 2.3483e+14 2.5176e+09 1.0013e+08 8.8188e+03 5.0909e-06
1.1104e-05 5.7045e-07 2.3489e+14 2.5846e+09 1.0014e+08 8.8190e+03 5.0904e-06
1.1397e-05 5.8549e-07 2.3495e+14 2.6534e+09 1.0014e+08 8.8191e+03 5.0898e-06
1.1697e-05 6.0092e-07 2.3500e+14 2.7240e+09 1.0014e+08 8.8193e+03 5.0893e-06
1.2006e-05 6.1676e-07 2.3506e+14 2.7965e+09 1.0014e+08 8.8194e+03 5.0887e-06
1.2322e-05 6.3302e-07 2.3512e+14 2.8709e+09 1.0014e+08 8.8196e+03 5.0882e-06
1.2647e-05 6.4971e-07 2.3518e+14 2.9473e+09 1.0014e+08 8.8198e+03 5.0876e-06
1.2981e-05 6.6684e-07 2.3523e+14 3.0258e+09 1.0014e+08 8.8199e+03 5.0871e-06
1.3323e-05 6.8442e-07 2.3529e+14 3.1063e+09 1.0015e+08 8.8201e+03 5.0865e-06
1.3674e-05 7.0246e-07 2.3535e+14 3.1889e+09 1.0015e+08 8.8202e+03 5.0860e-06
1.4035e-05 7.2098e-07 2.3540e+14 3.2738e+09 1.0015e+08 8.8203e+03 5.0854e-06
1.4405e-05 7.3999e-07 2.3546e+14 3.3609e+09 1.0015e+08 8.8205e+03 5.0849e-06
1.4784e-05 7.5950e-07 2.3552e+14 3.4504e+09 1.0015e+08 8.8206e+03 5.0843e-06
1.5174e-05 7.7952e-07 2.3557e+14 3.5422e+09 1.0015e+08 8.8208e+03 5.0837e-06
1.5574e-05 8.0007e-07 2.3563e+14 3.6364e+09 1.0016e+08 8.8209e+03 5.0832e-06
1.5985e-05 8.2116e-07 2.3569e+14 3.7332e+09 1.0016e+08 8.8210e+03 5.0826e-06
1.6406e-05 8.4281e-07 2.3575e+14 3.8326e+09 1.0016e+08 8.8212e+03 5.0821e-06
1.6839e-05 8.6503e-07 2.3580e+14 3.9345e+09 1.0016e+08 8.8213e+03 5.0815e-06
1.7283e-05 8.8784e-07 2.3586e+14 4.0392e+09 1.0016e+08 8.8214e+03 5.0810e-06
1.7738e-05 9.1124e-07 2.3592e+14 4.1467e+09 1.0016e+08 8.8216e+03 5.0804e-06
1.8206e-05 9.3527e-07 2.3597e+14 4.2571e+09 1.0016e+08 8.8217e+03 5.0799e-06
1.8686e-05 9.5992e-07 2.3603e+14 4.3704e+09 1.0017e+08 8.8218e+03 5.0793e-06
1.9178e-05 9.8523e-07 2.3609e+14 4.4867e+09 1.0017e+08 8.8219e+03 5.0788e-06
1.9684e-05 1.0112e-06 2.3614e+14 4.6061e+09 1.0017e+08 8.8220e+03 5.0782e-06
2.0203e-05 1.0379e-06 2.3620e+14 4.7286e+09 1.0017e+08 8.8222e+03 5.0777e-06
2.0736e-05 1.0652e-06 2.3626e+14 4.8545e+09 1.0017e+08 8.8223e+03 5.0771e-06
2.1282e-05 1.0933e-06 2.3631e+14 4.9836e+09 1.0017e+08 8.8224e+03 5.0765e-06
2.1843e-05 1.1221e-06 2.3637e+14 5.1163e+09 1.0018e+08 8.8225e+03 5.0760e-06
2.2419e-05 1.1517e-06 2.3643e+14 5.2524e+09 1.0018e+08 8.8226e+03 5.0754e-06
2.3010e-05 1.1821e-06 2.3648e+14 5.3922e+09 1.0018e+08 8.8227e+03 5.0749e-06
2.3617e-05 1.2132e-06 2.3654e+14 5.5357e+09 1.0018e+08 8.8228e+03 5.0743e-06
2.4239e-05 1.2452e-06 2.3659e+14 5.6830e+09 1.0018e+08 8.8229e+03 5.0738e-06
2.4878e-05 1.2781e-06 2.3665e+14 5.8342e+09 1.0018e+08 8.8230e+03 5.0732e-06
2.5534e-05 1.3117e-06 2.3671e+14 5.9895e+09 1.0019e+08 8.8231e+03 5.0727e-06
2.6207e-05 1.3463e-06 2.3676e+14 6.1488e+09 1.0019e+08 8.8232e+03 5.0721e-06
2.6898e-05 1.3818e-06 2.3682e+14 6.3125e+09 1.0019e+08 8.8233e+03 5.0716e-06
2.7607e-05 1.4182e-06 2.3688e+14 6.4804e+09 1.0019e+08 8.8233e+03 5.0710e-06
2.8335e-05 1.4556e-06 2.3693e+14 6.6529e+09 1.0019e+08 8.8234e+03 5.0704e-06
2.9082e-05 1.4940e-06 2.3699e+14 6.8299e+09 1.0019e+08 8.8235e+03 5.0699e-06
2.9849e-05 1.5334e-06 2.3704e+14 7.0116e+09 1.0019e+08 8.8236e+03 5.0693e-06
3.0636e-05 1.5738e-06 2.3710e+14 7.1982e+09 1.0020e+08 8.8237e+03 5.0688e-06
3.1444e-05 1.6153e-06 2.3716e+14 7.3898e+09 1.0020e+08 8.8237e+03 5.0682e-06
3.2273e-05 1.6579e-06 2.3721e+14 7.5864e+09 1.0020e+08 8.8238e+03 5.0677e-06
3.3123e-05 1.7016e-06 2.3727e+14 7.7883e+09 1.0020e+08 8.8239e+03 5.0671e-06
3.3997e-05 1.7465e-06 2.3732e+14 7.9955e+09 1.0020e+08 8.8239e+03 5.0666e-06
3.4893e-05 1.7925e-06 2.3738e+14 8.2083e+09 1.0020e+08 8.8240e+03 5.0660e-06
3.5813e-05 1.8398e-06 2.3743e+14 8.4267e+09 1.0021e+08 8.8240e+03 5.0655e-06
3.6757e-05 1.8883e-06 2.3749e+14 8.6509e+09 1.0021e+08 8.8241e+03 5.0649e-06
3.7726e-05 1.9380e-06 2.3755e+14 8.8811e+09 1.0021e+08 8.8241e+03 5.0644e-06
3.8720e-05 1.9891e-06 2.3760e+14 9.1174e+09 1.0021e+08 8.8242e+03 5.0638e-06
3.9741e-05 2.0416e-06 2.3766e+14 9.3600e+09 1.0021e+08 8.8242e+03 5.0633e-06
4.0789e-05 2.0954e-06 2.3771e+14 9.6090e+09 1.0021e+08 8.8243e+03 5.0627e-06
4.1864e-05 2.1506e-06 2.3777e+14 9.8647e+09 1.0021e+08 8.8243e+03 5.0622e-06
4.2968e-05 2.2073e-06 2.3782e+14 1.0127e+10 1.0022e+08 8.8244e+03 5.0616e-06
4.4101e-05 2.2655e-06 2.3788e+14 1.0397e+10 1.0022e+08 8.8244e+03 5.0611e-06
4.5263e-05 2.3253e-06 2.3793e+14 1.0673e+10 1.0022e+08 8.8244e+03 5.0605e-06
4.6457e-05 2.3866e-06 2.3799e+14 1.0957e+10 1.0022e+08 8.8244e+03 5.0600e-06
4.7681e-05 2.4495e-06 2.3804e+14 1.1249e+10 1.0022e+08 8.8245e+03 5.0594e-06
4.8938e-05 2.5141e-06 2.3810e+14 1.1548e+10 1.0022e+08 8.8245e+03 5.0589e-06
5.0229e-05 2.5803e-06 2.3815e+14 1.1855e+10 1.0023e+08 8.8245e+03 5.0583e-06
5.1553e-05 2.6484e-06 2.3821e+14 1.2171e+10 1.0023e+08 8.8245e+03 5.0578e-06
5.2912e-05 2.7182e-06 2.3826e+14 1.2495e+10 1.0023e+08 8.8245e+03 5.0572e-06
5.4307e-05 2.7898e-06 2.3832e+14 1.2827e+10 1.0023e+08 8.8245e+03 5.0567e-06
5.5738e-05 2.8634e-06 2.3837e+14 1.3168e+10 1.0023e+08 8.8245e+03 5.0561e-06
5.7208e-05 2.9389e-06 2.3842e+14 1.3519e+10 1.0023e+08 8.8245e+03 5.0556e-06
5.8716e-05 3.0164e-06 2.3848e+14 1.3878e+10 1.0024e+08 8.8245e+03 5.0550e-06
6.0264e-05 3.0959e-06 2.3853e+14 1.4248e+10 1.0024e+08 8.8245e+03 5.0545e-06
6.1853e-05 3.1775e-06 2.3859e+14 1.4627e+10 1.0024e+08 8.8245e+03 5.0539e-06
6.3483e-05 3.2613e-06 2.3864e+14 1.5016e+10 1.0024e+08 8.8245e+03 5.0534e-06
6.5157e-05 3.3472e-06 2.3869e+14 1.5415e+10 1.0024e+08 8.8245e+03 5.0528e-06
6.6875e-05 3.4355e-06 2.3875e+14 1.5825e+10 1.0024e+08 8.8245e+03 5.0523e-06
6.8638e-05 3.5260e-06 2.3880e+14 1.6246e+10 1.0024e+08 8.8245e+03 5.0518e-06
7.0447e-05 3.6190e-06 2.3885e+14 1.6679e+10 1.0025e+08 8.8244e+03 5.0512e-06
7.2304e-05 3.7144e-06 2.3891e+14 1.7122e+10 1.0025e+08 8.8244e+03 5.0507e-06
7.4211e-05 3.8123e-06 2.3896e+14 1.7578e+10 1.0025e+08 8.8244e+03 5.0501e-06
7.6167e-05 3.9128e-06 2.3901e+14 1.8045e+10 1.0025e+08 8.8243e+03 5.0496e-06
7.8175e-05 4.0160e-06 2.3907e+14 1.8525e+10 1.0025e+08 8.8243e+03 5.0490e-06
8.0236e-05 4.1219e-06 2.3912e+14 1.9018e+10 1.0025e+08 8.8243e+03 5.0485e-06
8.2351e-05 4.2305e-06 2.3917e+14 1.9524e+10 1.0026e+08 8.8242e+03 5.0480e-06
8.4522e-05 4.3421e-06 2.3923e+14 2.0044e+10 1.0026e+08 8.8242e+03 5.0474e-06
8.6750e-05 4.4565e-06 2.3928e+14 2.0577e+10 1.0026e+08 8.8241e+03 5.0469e-06
8.9037e-05 4.5740e-06 2.3933e+14 2.1124e+10 1.0026e+08 8.8240e+03 5.0463e-06
9.1385e-05 4.6946e-06 2.3938e+14 2.1686e+10 1.0026e+08 8.8240e+03 5.0458e-06
9.3794e-05 4.8184e-06 2.3944e+14 2.2263e+10 1.0026e+08 8.8239e+03 5.0453e-06
9.6267e-05 4.9454e-06 2.3949e+14 2.2855e+10 1.0026e+08 8.8238e+03 5.0447e-06
9.8805e-05 5.0758e-06 2.3954e+14 2.3463e+10 1.0027e+08 8.8238e+03 5.0442e-06
1.0141e-04 5.2096e-06 2.3959e+14 2.4087e+10 1.0027e+08 8.8237e+03 5.0436e-06
1.0408e-04 5.3469e-06 2.3964e+14 2.4728e+10 1.0027e+08 8.8236e+03 5.0431e-06
1.0683e-04 5.4879e-06 2.3970e+14 2.5385e+10 1.0027e+08 8.8235e+03 5.0426e-06
1.0964e-04 5.6326e-06 2.3975e+14 2.6061e+10 1.0027e+08 8.8234e+03 5.0420e-06
1.1253e-04 5.7811e-06 2.3980e+14 2.6754e+10 1.0027e+08 8.8233e+03 5.0415e-06
1.1550e-04 5.9335e-06 2.3985e+14 2.7465e+10 1.0028e+08 8.8232e+03 5.0410e-06
1.1855e-04 6.0899e-06 2.3990e+14 2.8196e+10 1.0028e+08 8.8231e+03 5.0404e-06
1.2167e-04 6.2504e-06 2.3995e+14 2.8946e+10 1.0028e+08 8.8230e+03 5.0399e-06
1.2488e-04 6.4152e-06 2.4000e+14 2.9715e+10 1.0028e+08 8.8229e+03 5.0394e-06
1.2817e-04 6.5843e-06 2.4005e+14 3.0506e+10 1.0028e+08 8.8228e+03 5.0388e-06
1.3155e-04 6.7579e-06 2.4010e+14 3.1317e+10 1.0028e+08 8.8227e+03 5.0383e-06
1.3502e-04 6.9361e-06 2.4015e+14 3.2150e+10 1.0028e+08 8.8226e+03 5.0378e-06
1.3858e-04 7.1189e-06 2.4020e+14 3.3005e+10 1.0029e+08 8.8224e+03 5.0372e-06
1.4223e-04 7.3066e-06 2.4025e+14 3.3883e+10 1.0029e+08 8.8223e+03 5.0367e-06
1.4598e-04 7.4993e-06 2.4030e+14 3.4784e+10 1.0029e+08 8.8222e+03 5.0362e-06
1.4983e-04 7.6970e-06 2.4035e+14 3.5709e+10 1.0029e+08 8.8220e+03 5.0356e-06
1.5378e-04 7.8999e-06 2.4040e+14 3.6658e+10 1.0029e+08 8.8219e+03 5.0351e-06
1.5783e-04 8.1081e-06 2.4045e+14 3.7633e+10 1.0029e+08 8.8217e+03 5.0346e-06
1.6199e-04 8.3219e-06 2.4050e+14 3.8634e+10 1.0029e+08 8.8216e+03 5.0341e-06
1.6626e-04 8.5413e-06 2.4054e+14 3.9661e+10 1.0030e+08 8.8214e+03 5.0335e-06
1.7065e-04 8.7665e-06 2.4059e+14 4.0716e+10 1.0030e+08 8.8213e+03 5.0330e-06
1.7515e-04 8.9976e-06 2.4064e+14 4.1798e+10 1.0030e+08 8.8211e+03 5.0325e-06
1.7976e-04 9.2348e-06 2.4069e+14 4.2909e+10 1.0030e+08 8.8209e+03 5.0320e-06
1.8450e-04 9.4782e-06 2.4073e+14 4.4050e+10 1.0030e+08 8.8208e+03 5.0314e-06
1.8937e-04 9.7281e-06 2.4078e+14 4.5221e+10 1.0030e+08 8.8206e+03 5.0309e-06
1.9436e-04 9.9846e-06 2.4083e+14 4.6424e+10 1.0031e+08 8.8204e+03 5.0304e-06
1.9948e-04 1.0248e-05 2.4087e+14 4.7658e+10 1.0031e+08 8.8202e+03 5.0299e-06
2.0474e-04 1.0518e-05 2.4092e+14 4.8925e+10 1.0031e+08 8.8200e+03 5.0294e-06
2.1014e-04 1.0795e-05 2.4097e+14 5.0226e+10 1.0031e+08 8.8198e+03 5.0288e-06
2.1568e-04 1.1080e-05 2.4101e+14 5.1561e+10 1.0031e+08 8.8196e+03 5.0283e-06
2.2136e-04 1.1372e-05 2.4106e+14 5.2931e+10 1.0031e+08 8.8194e+03 5.0278e-06
2.2720e-04 1.1672e-05 2.4110e+14 5.4338e+10 1.0031e+08 8.8192e+03 5.0273e-06
2.3319e-04 1.1979e-05 2.4115e+14 5.5783e+10 1.0032e+08 8.8190e+03 5.0268e-06
2.3934e-04 1.2295e-05 2.4119e+14 5.7266e+10 1.0032e+08 8.8188e+03 5.0263e-06
2.4565e-04 1.2619e-05 2.4123e+14 5.8788e+10 1.0032e+08 8.8186e+03 5.0258e-06
2.5212e-04 1.2952e-05 2.4128e+14 6.0350e+10 1.0032e+08 8.8183e+03 5.0252e-06
2.5877e-04 1.3294e-05 2.4132e+14 6.1954e+10 1.0032e+08 8.8181e+03 5.0247e-06
2.6559e-04 1.3644e-05 2.4136e+14 6.3601e+10 1.0032e+08 8.8179e+03 5.0242e-06
2.7259e-04 1.4004e-05 2.4140e+14 6.5291e+10 1.0032e+08 8.8176e+03 5.0237e-06
2.7978e-04 1.4373e-05 2.4144e+14 6.7026e+10 1.0033e+08 8.8174e+03 5.0232e-06
2.8716e-04 1.4752e-05 2.4148e+14 6.8807e+10 1.0033e+08 8.8171e+03 5.0227e-06
2.9473e-04 1.5141e-05 2.4152e+14 7.0636e+10 1.0033e+08 8.8169e+03 5.0222e-06
3.0250e-04 1.5540e-05 2.4156e+14 7.2513e+10 1.0033e+08 8.8166e+03 5.0217e-06
3.1047e-04 1.5950e-05 2.4160e+14 7.4439e+10 1.0033e+08 8.8163e+03 5.0212e-06
3.1866e-04 1.6370e-05 2.4164e+14 7.6417e+10 1.0033e+08 8.8161e+03 5.0207e-06
3.2706e-04 1.6802e-05 2.4168e+14 7.8447e+10 1.0033e+08 8.8158e+03 5.0202e-06
3.3568e-04 1.7245e-05 2.4171e+14 8.0532e+10 1.0034e+08 8.8155e+03 5.0197e-06
3.4453e-04 1.7699e-05 2.4175e+14 8.2671e+10 1.0034e+08 8.8152e+03 5.0192e-06
3.5361e-04 1.8166e-05 2.4178e+14 8.4867e+10 1.0034e+08 8.8149e+03 5.0187e-06
3.6293e-04 1.8645e-05 2.4182e+14 8.7121e+10 1.0034e+08 8.8146e+03 5.0182e-06
3.7250e-04 1.9136e-05 2.4185e+14 8.9435e+10 1.0034e+08 8.8143e+03 5.0177e-06
3.8232e-04 1.9641e-05 2.4189e+14 9.1811e+10 1.0034e+08 8.8140e+03 5.0172e-06
3.9240e-04 2.0158e-05 2.4192e+14 9.4249e+10 1.0034e+08 8.8137e+03 5.0167e-06
4.0275e-04 2.0690e-05 2.4195e+14 9.6752e+10 1.0035e+08 8.8134e+03 5.0162e-06
4.1336e-04 2.1235e-05 2.4198e+14 9.9321e+10 1.0035e+08 8.8130e+03 5.0157e-06
4.2426e-04 2.1795e-05 2.4201e+14 1.0196e+11 1.0035e+08 8.8127e+03 5.0152e-06
4.3545e-04 2.2370e-05 2.4203e+14 1.0467e+11 1.0035e+08 8.8124e+03 5.0147e-06
4.4693e-04 2.2959e-05 2.4206e+14 1.0744e+11 1.0035e+08 8.8120e+03 5.0142e-06
4.5871e-04 2.3565e-05 2.4209e+14 1.1030e+11 1.0035e+08 8.8117e+03 5.0137e-06
4.7080e-04 2.4186e-05 2.4211e+14 1.1322e+11 1.0035e+08 8.8114e+03 5.0132e-06
4.8321e-04 2.4824e-05 2.4213e+14 1.1623e+11 1.0036e+08 8.8110e+03 5.0127e-06
4.9595e-04 2.5478e-05 2.4215e+14 1.1931e+11 1.0036e+08 8.8106e+03 5.0122e-06
5.0903e-04 2.6150e-05 2.4217e+14 1.2248e+11 1.0036e+08 8.8103e+03 5.0117e-06
5.2245e-04 2.6839e-05 2.4219e+14 1.2573e+11 1.0036e+08 8.8099e+03 5.0113e-06
5.3622e-04 2.7547e-05 2.4221e+14 1.2907e+11 1.0036e+08 8.8095e+03 5.0108e-06
5.5036e-04 2.8273e-05 2.4222e+14 1.3249e+11 1.0036e+08 8.8091e+03 5.0103e-06
5.6487e-04 2.9018e-05 2.4224e+14 1.3601e+11 1.0036e+08 8.8088e+03 5.0098e-06
5.7976e-04 2.9783e-05 2.4225e+14 1.3961e+11 1.0037e+08 8.8084e+03 5.0093e-06
5.9504e-04 3.0568e-05 2.4226e+14 1.4332e+11 1.0037e+08 8.8080e+03 5.0088e-06
6.1073e-04 3.1374e-05 2.4226e+14 1.4712e+11 1.0037e+08 8.8076e+03 5.0084e-06
6.2683e-04 3.2201e-05 2.4227e+14 1.5102e+11 1.0037e+08 8.8071e+03 5.0079e-06
6.4336e-04 3.3050e-05 2.4227e+14 1.5502e+11 1.0037e+08 8.8067e+03 5.0074e-06
6.6032e-04 3.3922e-05 2.4227e+14 1.5913e+11 1.0037e+08 8.8063e+03 5.0069e-06
6.7772e-04 3.4816e-05 2.4227e+14 1.6335e+11 1.0037e+08 8.8059e+03 5.0065e-06
6.9559e-04 3.5734e-05 2.4227e+14 1.6768e+11 1.0038e+08 8.8055e+03 5.0060e-06
7.1393e-04 3.6676e-05 2.4226e+14 1.7212e+11 1.0038e+08 8.8050e+03 5.0055e-06
7.3275e-04 3.7643e-05 2.4225e+14 1.7668e+11 1.0038e+08 8.8046e+03 5.0050e-06
7.5207e-04 3.8635e-05 2.4224e+14 1.8136e+11 1.0038e+08 8.8041e+03 5.0046e-06
7.7190e-04 3.9654e-05 2.4222e+14 1.8616e+11 1.0038e+08 8.8037e+03 5.0041e-06
7.9224e-04 4.0699e-05 2.4220e+14 1.9109e+11 1.0038e+08 8.8032e+03 5.0036e-06
8.1313e-04 4.1772e-05 2.4218e+14 1.9615e+11 1.0038e+08 8.8027e+03 5.0032e-06
8.3457e-04 4.2873e-05 2.4215e+14 2.0134e+11 1.0038e+08 8.8023e+03 5.0027e-06
8.5657e-04 4.4004e-05 2.4212e+14 2.0667e+11 1.0039e+08 8.8018e+03 5.0022e-06
8.7915e-04 4.5164e-05 2.4209e+14 2.1213e+11 1.0039e+08 8.8013e+03 5.0018e-06
9.0233e-04 4.6354e-05 2.4205e+14 2.1774e+11 1.0039e+08 8.8008e+03 5.0013e-06
9.2612e-04 4.7576e-05 2.4200e+14 2.2350e+11 1.0039e+08 8.8003e+03 5.0009e-06
9.5053e-04 4.8831e-05 2.4196e+14 2.2941e+11 1.0039e+08 8.7998e+03 5.0004e-06
9.7559e-04 5.0118e-05 2.4190e+14 2.3547e+11 1.0039e+08 8.7993e+03 4.9999e-06
1.0013e-03 5.1439e-05 2.4185e+14 2.4169e+11 1.0039e+08 8.7988e+03 4.9995e-06
1.0277e-03 5.2795e-05 2.4178e+14 2.4807e+11 1.0040e+08 8.7983e+03 4.9990e-06
1.0548e-03 5.4187e-05 2.4172e+14 2.5462e+11 1.0040e+08 8.7977e+03 4.9986e-06
1.0826e-03 5.5616e-05 2.4165e+14 2.6134e+11 1.0040e+08 8.7971e+03 4.9980e-06
1.1112e-03 5.7082e-05 2.4158e+14 2.6823e+11 1.0040e+08 8.7962e+03 4.9974e-06
1.1404e-03 5.8587e-05 2.4150e+14 2.7531e+11 1.0040e+08 8.7951e+03 4.9966e-06
1.1705e-03 6.0131e-05 2.4143e+14 2.8257e+11 1.0040e+08 8.7939e+03 4.9958e-06
1.2014e-03 6.1717e-05 2.4135e+14 2.9001e+11 1.0041e+08 8.7927e+03 4.9950e-06
1.2330e-03 6.3344e-05 2.4126e+14 2.9766e+11 1.0041e+08 8.7916e+03 4.9942e-06
1.2655e-03 6.5013e-05 2.4116e+14 3.0550e+11 1.0041e+08 8.7904e+03 4.9934e-06
1.2989e-03 6.6727e-05 2.4105e+14 3.1354e+11 1.0041e+08 8.7893e+03 4.9927e-06
1.3332e-03 6.8487e-05 2.4094e+14 3.2179e+11 1.0042e+08 8.7882e+03 4.9919e-06
1.3683e-03 7.0292e-05 2.4082e+14 3.3025e+11 1.0042e+08 8.7870e+03 4.9911e-06
1.4044e-03 7.2145e-05 2.4069e+14 3.3893e+11 1.0042e+08 8.7859e+03 4.9903e-06
1.4414e-03 7.4047e-05 2.4055e+14 3.4784e+11 1.0042e+08 8.7848e+03 4.9895e-06
1.4794e-03 7.5999e-05 2.4040e+14 3.5698e+11 1.0042e+08 8.7836e+03 4.9887e-06
1.5184e-03 7.8003e-05 2.4024e+14 3.6634e+11 1.0043e+08 8.7825e+03 4.9880e-06
1.5584e-03 8.0059e-05 2.4007e+14 3.7595e+11 1.0043e+08 8.7814e+03 4.9872e-06
1.5995e-03 8.2170e-05 2.3988e+14 3.8581e+11 1.0043e+08 8.7802e+03 4.9864e-06
1.6417e-03 8.4336e-05 2.3969e+14 3.9592e+11 1.0043e+08 8.7791e+03 4.9856e-06
1.6850e-03 8.6559e-05 2.3949e+14 4.0628e+11 1.0044e+08 8.7779e+03 4.9848e-06
1.7294e-03 8.8841e-05 2.3927e+14 4.1691e+11 1.0044e+08 8.7768e+03 4.9840e-06
1.7750e-03 9.1184e-05 2.3904e+14 4.2781e+11 1.0044e+08 8.7757e+03 4.9833e-06
1.8218e-03 9.3587e-05 2.3879e+14 4.3898e+11 1.0044e+08 8.7745e+03 4.9825e-06
1.8698e-03 9.6055e-05 2.3853e+14 4.5044e+11 1.0045e+08 8.7734e+03 4.9817e-06
1.9191e-03 9.8587e-05 2.3826e+14 4.6218e+11 1.0045e+08 8.7723e+03 4.9809e-06
1.9697e-03 1.0119e-04 2.3796e+14 4.7422e+11 1.0045e+08 8.7711e+03 4.9801e-06
2.0216e-03 1.0385e-04 2.3766e+14 4.8656e+11 1.0045e+08 8.7700e+03 4.9794e-06
2.0749e-03 1.0659e-04 2.3733e+14 4.9921e+11 1.0045e+08 8.7689e+03 4.9786e-06
2.1296e-03 1.0940e-04 2.3699e+14 5.1218e+11 1.0046e+08 8.7678e+03 4.9778e-06
2.1857e-03 1.1229e-04 2.3663e+14 5.2546e+11 1.0046e+08 8.7666e+03 4.9770e-06
2.2434e-03 1.1525e-04 2.3625e+14 5.3907e+11 1.0046e+08 8.7655e+03 4.9762e-06
2.3025e-03 1.1828e-04 2.3585e+14 5.5302e+11 1.0046e+08 8.7644e+03 4.9755e-06
2.3632e-03 1.2140e-04 2.3543e+14 5.6731e+11 1.0047e+08 8.7632e+03 4.9747e-06
2.4255e-03 1.2460e-04 2.3499e+14 5.8195e+11 1.0047e+08 8.7621e+03 4.9739e-06
2.4895e-03 1.2789e-04 2.3453e+14 5.9695e+11 1.0047e+08 8.7610e+03 4.9731e-06
2.5551e-03 1.3126e-04 2.3404e+14 6.1231e+11 1.0047e+08 8.7598e+03 4.9723e-06
2.6224e-03 1.3472e-04 2.3353e+14 6.2804e+11 1.0047e+08 8.7587e+03 4.9716e-06
2.6916e-03 1.3827e-04 2.3299e+14 6.4415e+11 1.0048e+08 8.7576e+03 4.9708e-06
2.7625e-03 1.4192e-04 2.3243e+14 6.6064e+11 1.0048e+08 8.7564e+03 4.9700e-06
2.8354e-03 1.4566e-04 2.3184e+14 6.7753e+11 1.0048e+08 8.7553e+03 4.9692e-06
2.9101e-03 1.4950e-04 2.3122e+14 6.9481e+11 1.0048e+08 8.7542e+03 4.9685e-06
2.9868e-03 1.5344e-04 2.3057e+14 7.1250e+11 1.0049e+08 8.7530e+03 4.9677e-06
3.0656e-03 1.5748e-04 2.2990e+14 7.3060e+11 1.0049e+08 8.7519e+03 4.9669e-06
3.1464e-03 1.6164e-04 2.2919e+14 7.4913e+11 1.0049e+08 8.7508e+03 4.9661e-06
3.2293e-03 1.6590e-04 2.2845e+14 7.6808e+11 1.0049e+08 8.7496e+03 4.9653e-06
3.3145e-03 1.7027e-04 2.2768e+14 7.8746e+11 1.0049e+08 8.7485e+03 4.9646e-06
3.4019e-03 1.7476e-04 2.2687e+14 8.0728e+11 1.0050e+08 8.7474e+03 4.9638e-06
3.4915e-03 1.7937e-04 2.2603e+14 8.2755e+11 1.0050e+08 8.7463e+03 4.9630e-06
3.5836e-03 1.8410e-04 2.2516e+14 8.4828e+11 1.0050e+08 8.7451e+03 4.9622e-06
3.6781e-03 1.8895e-04 2.2424e+14 8.6946e+11 1.0050e+08 8.7440e+03 4.9615e-06
3.7750e-03 1.9393e-04 2.2329e+14 8.9112e+11 1.0051e+08 8.7429e+03 4.9607e-06
3.8746e-03 1.9904e-04 2.2230e+14 9.1324e+11 1.0051e+08 8.7417e+03 4.9599e-06
3.9767e-03 2.0429e-04 2.2127e+14 9.3584e+11 1.0051e+08 8.7406e+03 4.9591e-06
4.0815e-03 2.0968e-04 2.2019e+14 9.5893e+11 1.0051e+08 8.7395e+03 4.9584e-06
4.1891e-03 2.1520e-04 2.1908e+14 9.8250e+11 1.0052e+08 8.7383e+03 4.9576e-06
4.2996e-03 2.2088e-04 2.1792e+14 1.0066e+12 1.0052e+08 8.7372e+03 4.9568e-06
4.4129e-03 2.2670e-04 2.1672e+14 1.0311e+12 1.0052e+08 8.7361e+03 4.9560e-06
4.5293e-03 2.3268e-04 2.1547e+14 1.0562e+12 1.0052e+08 8.7350e+03 4.9553e-06
4.6487e-03 2.3881e-04 2.1417e+14 1.0818e+12 1.0052e+08 8.7338e+03 4.9545e-06
4.7712e-03 2.4511e-04 2.1283e+14 1.1079e+12 1.0053e+08 8.7327e+03 4.9537e-06
4.8970e-03 2.5157e-04 2.1144e+14 1.1345e+12 1.0053e+08 8.7316e+03 4.9529e-06
5.0261e-03 2.5820e-04 2.1000e+14 1.1616e+12 1.0053e+08 8.7304e+03 4.9522e-06
5.1586e-03 2.6501e-04 2.0851e+14 1.1892e+12 1.0053e+08 8.7293e+03 4.9514e-06
5.2946e-03 2.7199e-04 2.0697e+14 1.2173e+12 1.0054e+08 8.7282e+03 4.9506e-06
5.4342e-03 2.7917e-04 2.0538e+14 1.2460e+12 1.0054e+08 8.7271e+03 4.9498e-06
5.5775e-03 2.8652e-04 2.0373e+14 1.2752e+12 1.0054e+08 8.7259e+03 4.9491e-06
5.7245e-03 2.9408e-04 2.0204e+14 1.3049e+12 1.0054e+08 8.7248e+03 4.9483e-06
5.8754e-03 3.0183e-04 2.0029e+14 1.3351e+12 1.0054e+08 8.7237e+03 4.9475e-06
6.0303e-03 3.0979e-04 1.9848e+14 1.3659e+12 1.0055e+08 8.7226e+03 4.9467e-06
6.1893e-03 3.1796e-04 1.9663e+14 1.3971e+12 1.0055e+08 8.7214e+03 4.9460e-06
6.3525e-03 3.2634e-04 1.9472e+14 1.4289e+12 1.0055e+08 8.7203e+03 4.9452e-06
6.5199e-03 3.3494e-04 1.9275e+14 1.4612e+12 1.0055e+08 8.7192e+03 4.9444e-06
6.6918e-03 3.4377e-04 1.9073e+14 1.4940e+12 1.0056e+08 8.7181e+03 4.9436e-06
6.8682e-03 3.5283e-04 1.8865e+14 1.5272e+12 1.0056e+08 8.7169e+03 4.9429e-06
7.0493e-03 3.6214e-04 1.8652e+14 1.5610e+12 1.0056e+08 8.7158e+03 4.9421e-06
7.2351e-03 3.7168e-04 1.8434e+14 1.5953e+12 1.0056e+08 8.7147e+03 4.9413e-06
7.4259e-03 3.8148e-04 1.8211e+14 1.6300e+12 1.0056e+08 8.7136e+03 4.9406e-06
7.6217e-03 3.9154e-04 1.7982e+14 1.6652e+12 1.0057e+08 8.7124e+03 4.9398e-06
7.8226e-03 4.0186e-04 1.7748e+14 1.7009e+12 1.0057e+08 8.7113e+03 4.9390e-06
8.0288e-03 4.1245e-04 1.7508e+14 1.7370e+12 1.0057e+08 8.7102e+03 4.9382e-06
8.2405e-03 4.2333e-04 1.7264e+14 1.7735e+12 1.0057e+08 8.7090e+03 4.9375e-06
8.4577e-03 4.3449e-04 1.7015e+14 1.8105e+12 1.0058e+08 8.7079e+03 4.9367e-06
8.6807e-03 4.4594e-04 1.6761e+14 1.8479e+12 1.0058e+08 8.7068e+03 4.9359e-06
8.9095e-03 4.5770e-04 1.6503e+14 1.8856e+12 1.0058e+08 8.7057e+03 4.9352e-06
9.1444e-03 4.6977e-04 1.6240e+14 1.9238e+12 1.0058e+08 8.7045e+03 4.9344e-06
9.3855e-03 4.8215e-04 1.5973e+14 1.9623e+12 1.0059e+08 8.7034e+03 4.9336e-06
9.6329e-03 4.9486e-04 1.5702e+14 2.0011e+12 1.0059e+08 8.7023e+03 4.9328e-06
9.8869e-03 5.0791e-04 1.5427e+14 2.0403e+12 1.0059e+08 8.7012e+03 4.9321e-06
1.0148e-02 5.2130e-04 1.5149e+14 2.0798e+12 1.0059e+08 8.7000e+03 4.9313e-06
1.0415e-02 5.3504e-04 1.4867e+14 2.1196e+12 1.0059e+08 8.6989e+03 4.9305e-06
1.0690e-02 5.4915e-04 1.4582e+14 2.1596e+12 1.0060e+08 8.6978e+03 4.9298e-06
1.0971e-02 5.6362e-04 1.4295e+14 2.1999e+12 1.0060e+08 8.6967e+03 4.9290e-06
1.1261e-02 5.7848e-04 1.4006e+14 2.2404e+12 1.0060e+08 8.6956e+03 4.9282e-06
1.1558e-02 5.9373e-04 1.3714e+14 2.2811e+12 1.0060e+08 8.6944e+03 4.9275e-06
1.1862e-02 6.0939e-04 1.3421e+14 2.3220e+12 1.0061e+08 8.6933e+03 4.9267e-06
1.2175e-02 6.2545e-04 1.3126e+14 2.3631e+12 1.0061e+08 8.6922e+03 4.9259e-06
1.2496e-02 6.4194e-04 1.2831e+14 2.4042e+12 1.0061e+08 8.6911e+03 4.9252e-06
1.2825e-02 6.5886e-04 1.2535e+14 2.4455e+12 1.0061e+08 8.6899e+03 4.9244e-06
1.3163e-02 6.7623e-04 1.2239e+14 2.4869e+12 1.0061e+08 8.6888e+03 4.9236e-06
1.3511e-02 6.9406e-04 1.1944e+14 2.5284e+12 1.0062e+08 8.6877e+03 4.9228e-06
1.3867e-02 7.1236e-04 1.1649e+14 2.5699e+12 1.0062e+08 8.6866e+03 4.9221e-06
1.4232e-02 7.3114e-04 1.1355e+14 2.6114e+12 1.0062e+08 8.6855e+03 4.9213e-06
1.4607e-02 7.5041e-04 1.1063e+14 2.6529e+12 1.0062e+08 8.6843e+03 4.9205e-06
1.4993e-02 7.7020e-04 1.0774e+14 2.6944e+12 1.0063e+08 8.6832e+03 4.9198e-06
1.5388e-02 7.9050e-04 1.0486e+14 2.7358e+12 1.0063e+08 8.6821e+03 4.9190e-06
1.5793e-02 8.1134e-04 1.0202e+14 2.7772e+12 1.0063e+08 8.6810e+03 4.9182e-06
1.6210e-02 8.3273e-04 9.9217e+13 2.8185e+12 1.0063e+08 8.6798e+03 4.9175e-06
1.6637e-02 8.5468e-04 9.6450e+13 2.8597e+12 1.0063e+08 8.6787e+03 4.9167e-06
1.7076e-02 8.7722e-04 9.3728e+13 2.9008e+12 1.0064e+08 8.6776e+03 4.9159e-06
1.7526e-02 9.0034e-04 9.1053e+13 2.9418e+12 1.0064e+08 8.6765e+03 4.9152e-06
1.7988e-02 9.2408e-04 8.8431e+13 2.9827e+12 1.0064e+08 8.6754e+03 4.9144e-06
1.8462e-02 9.4844e-04 8.5865e+13 3.0234e+12 1.0064e+08 8.6742e+03 4.9136e-06
1.8949e-02 9.7344e-04 8.3360e+13 3.0640e+12 1.0065e+08 8.6731e+03 4.9129e-06
1.9448e-02 9.9911e-04 8.0919e+13 3.1044e+12 1.0065e+08 8.6720e+03 4.9121e-06
1.9961e-02 1.0254e-03 7.8545e+13 3.1447e+12 1.0065e+08 8.6709e+03 4.9113e-06
2.0487e-02 1.0525e-03 7.6241e+13 3.1848e+12 1.0065e+08 8.6698e+03 4.9106e-06
2.1028e-02 1.0802e-03 7.4012e+13 3.2248e+12 1.0066e+08 8.6686e+03 4.9098e-06
2.1582e-02 1.1087e-03 7.1858e+13 3.2646e+12 1.0066e+08 8.6675e+03 4.9090e-06
2.2151e-02 1.1379e-03 6.9783e+13 3.3043e+12 1.0066e+08 8.6664e+03 4.9083e-06
2.2735e-02 1.1679e-03 6.7789e+13 3.3439e+12 1.0066e+08 8.6653e+03 4.9075e-06
2.3334e-02 1.1987e-03 6.5878e+13 3.3834e+12 1.0066e+08 8.6642e+03 4.9068e-06
2.3949e-02 1.2303e-03 6.4050e+13 3.4228e+12 1.0067e+08 8.6630e+03 4.9060e-06
2.4581e-02 1.2628e-03 6.2306e+13 3.4621e+12 1.0067e+08 8.6619e+03 4.9052e-06
2.5229e-02 1.2961e-03 6.0648e+13 3.5014e+12 1.0067e+08 8.6608e+03 4.9045e-06
2.5894e-02 1.3302e-03 5.9076e+13 3.5407e+12 1.0067e+08 8.6597e+03 4.9037e-06
2.6577e-02 1.3653e-03 5.7590e+13 3.5800e+12 1.0068e+08 8.6586e+03 4.9029e-06
2.7277e-02 1.4013e-03 5.6188e+13 3.6194e+12 1.0068e+08 8.6574e+03 4.9022e-06
2.7996e-02 1.4382e-03 5.4871e+13 3.6588e+12 1.0068e+08 8.6563e+03 4.9014e-06
2.8734e-02 1.4761e-03 5.3637e+13 3.6984e+12 1.0068e+08 8.6552e+03 4.9006e-06
2.9492e-02 1.5151e-03 5.2485e+13 3.7382e+12 1.0068e+08 8.6541e+03 4.8999e-06
3.0269e-02 1.5550e-03 5.1412e+13 3.7782e+12 1.0069e+08 8.6530e+03 4.8991e-06
3.1067e-02 1.5960e-03 5.0418e+13 3.8184e+12 1.0069e+08 8.6519e+03 4.8984e-06
3.1886e-02 1.6381e-03 4.9499e+13 3.8589e+12 1.0069e+08 8.6507e+03 4.8976e-06
3.2727e-02 1.6812e-03 4.8654e+13 3.8998e+12 1.0069e+08 8.6496e+03 4.8968e-06
3.3590e-02 1.7256e-03 4.7878e+13 3.9412e+12 1.0070e+08 8.6485e+03 4.8961e-06
3.4475e-02 1.7711e-03 4.7169e+13 3.9829e+12 1.0070e+08 8.6474e+03 4.8953e-06
3.5384e-02 1.8178e-03 4.6525e+13 4.0252e+12 1.0070e+08 8.6463e+03 4.8945e-06
3.6317e-02 1.8657e-03 4.5942e+13 4.0681e+12 1.0070e+08 8.6452e+03 4.8938e-06
3.7275e-02 1.9149e-03 4.5416e+13 4.1115e+12 1.0071e+08 8.6440e+03 4.8930e-06
3.8257e-02 1.9653e-03 4.4943e+13 4.1557e+12 1.0071e+08 8.6429e+03 4.8923e-06
3.9266e-02 2.0172e-03 4.4522e+13 4.2006e+12 1.0071e+08 8.6418e+03 4.8915e-06
4.0301e-02 2.0703e-03 4.4147e+13 4.2463e+12 1.0071e+08 8.6407e+03 4.8907e-06
4.1363e-02 2.1249e-03 4.3816e+13 4.2929e+12 1.0071e+08 8.6396e+03 4.8900e-06
4.2454e-02 2.1809e-03 4.3525e+13 4.3403e+12 1.0072e+08 8.6385e+03 4.8892e-06
4.3573e-02 2.2384e-03 4.3272e+13 4.3888e+12 1.0072e+08 8.6373e+03 4.8885e-06
4.4722e-02 2.2974e-03 4.3051e+13 4.4382e+12 1.0072e+08 8.6362e+03 4.8877e-06
4.5901e-02 2.3580e-03 4.2862e+13 4.4887e+12 1.0072e+08 8.6351e+03 4.8869e-06
4.7111e-02 2.4202e-03 4.2699e+13 4.5404e+12 1.0073e+08 8.6340e+03 4.8862e-06
4.8353e-02 2.4840e-03 4.2562e+13 4.5933e+12 1.0073e+08 8.6329e+03 4.8854e-06
4.9628e-02 2.5495e-03 4.2446e+13 4.6474e+12 1.0073e+08 8.6318e+03 4.8847e-06
5.0936e-02 2.6167e-03 4.2351e+13 4.7028e+12 1.0073e+08 8.6306e+03 4.8839e-06
5.2279e-02 2.6857e-03 4.2272e+13 4.7596e+12 1.0073e+08 8.6295e+03 4.8831e-06
5.3657e-02 2.7565e-03 4.2209e+13 4.8177e+12 1.0074e+08 8.6284e+03 4.8824e-06
5.5072e-02 2.8291e-03 4.2159e+13 4.8774e+12 1.0074e+08 8.6273e+03 4.8816e-06
5.6523e-02 2.9037e-03 4.2120e+13 4.9385e+12 1.0074e+08 8.6262e+03 4.8809e-06
5.8014e-02 2.9803e-03 4.2091e+13 5.0012e+12 1.0074e+08 8.6251e+03 4.8801e-06
5.9543e-02 3.0588e-03 4.2071e+13 5.0656e+12 1.0075e+08 8.6240e+03 4.8793e-06
6.1113e-02 3.1395e-03 4.2058e+13 5.1316e+12 1.0075e+08 8.6228e+03 4.8786e-06
6.2724e-02 3.2222e-03 4.2050e+13 5.1994e+12 1.0075e+08 8.6217e+03 4.8778e-06
6.4377e-02 3.3072e-03 4.2048e+13 5.2689e+12 1.0075e+08 8.6206e+03 4.8771e-06
6.6075e-02 3.3944e-03 4.2050e+13 5.3403e+12 1.0075e+08 8.6195e+03 4.8763e-06
6.7817e-02 3.4839e-03 4.2056e+13 5.4135e+12 1.0076e+08 8.6184e+03 4.8755e-06
6.9604e-02 3.5757e-03 4.2065e+13 5.4887e+12 1.0076e+08 8.6173e+03 4.8748e-06
7.1439e-02 3.6700e-03 4.2076e+13 5.5659e+12 1.0076e+08 8.6162e+03 4.8740e-06
7.3323e-02 3.7667e-03 4.2089e+13 5.6452e+12 1.0076e+08 8.6150e+03 4.8733e-06
7.5256e-02 3.8660e-03 4.2103e+13 5.7266e+12 1.0077e+08 8.6139e+03 4.8725e-06
7.7240e-02 3.9679e-03 4.2119e+13 5.8101e+12 1.0077e+08 8.6128e+03 4.8718e-06
7.9276e-02 4.0726e-03 4.2136e+13 5.8959e+12 1.0077e+08 8.6117e+03 4.8710e-06
8.1366e-02 4.1799e-03 4.2153e+13 5.9840e+12 1.0077e+08 8.6106e+03 4.8702e-06
8.3511e-02 4.2901e-03 4.2172e+13 6.0745e+12 1.0078e+08 8.6095e+03 4.8695e-06
8.5713e-02 4.4032e-03 4.2191e+13 6.1674e+12 1.0078e+08 8.6084e+03 4.8687e-06
8.7972e-02 4.5193e-03 4.2210e+13 6.2628e+12 1.0078e+08 8.6073e+03 4.8680e-06
9.0292e-02 4.6384e-03 4.2230e+13 6.3607e+12 1.0078e+08 8.6061e+03 4.8672e-06
9.2672e-02 4.7607e-03 4.2251e+13 6.4613e+12 1.0078e+08 8.6050e+03 4.8665e-06
9.5115e-02 4.8862e-03 4.2271e+13 6.5646e+12 1.0079e+08 8.6039e+03 4.8657e-06
9.7623e-02 5.0151e-03 4.2292e+13 6.6706e+12 1.0079e+08 8.6028e+03 4.8650e-06
1.0020e-01 5.1473e-03 4.2314e+13 6.7795e+12 1.0079e+08 8.6017e+03 4.8642e-06
1.0284e-01 5.2830e-03 4.2336e+13 6.8913e+12 1.0079e+08 8.6006e+03 4.8634e-06
1.0555e-01 5.4222e-03 4.2357e+13 7.0062e+12 1.0080e+08 8.5995e+03 4.8627e-06
1.0833e-01 5.5652e-03 4.2380e+13 7.1241e+12 1.0080e+08 8.5984e+03 4.8619e-06
1.1119e-01 5.7119e-03 4.2402e+13 7.2452e+12 1.0080e+08 8.5973e+03 4.8612e-06
1.1412e-01 5.8625e-03 4.2425e+13 7.3696e+12 1.0080e+08 8.5961e+03 4.8604e-06
1.1713e-01 6.0170e-03 4.2448e+13 7.4973e+12 1.0080e+08 8.5950e+03 4.8597e-06
1.2021e-01 6.1757e-03 4.2472e+13 7.6284e+12 1.0081e+08 8.5939e+03 4.8589e-06
1.2338e-01 6.3385e-03 4.2496e+13 7.7631e+12 1.0081e+08 8.5928e+03 4.8582e-06
1.2664e-01 6.5056e-03 4.2520e+13 7.9014e+12 1.0081e+08 8.5917e+03 4.8574e-06
1.2998e-01 6.6771e-03 4.2544e+13 8.0434e+12 1.0081e+08 8.5906e+03 4.8567e-06
1.3340e-01 6.8531e-03 4.2569e+13 8.1893e+12 1.0082e+08 8.5895e+03 4.8559e-06
1.3692e-01 7.0338e-03 4.2594e+13 8.3391e+12 1.0082e+08 8.5884e+03 4.8552e-06
1.4053e-01 7.2192e-03 4.2619e+13 8.4929e+12 1.0082e+08 8.5873e+03 4.8544e-06
1.4423e-01 7.4095e-03 4.2645e+13 8.6509e+12 1.0082e+08 8.5862e+03 4.8536e-06
1.4804e-01 7.6049e-03 4.2671e+13 8.8132e+12 1.0082e+08 8.5851e+03 4.8529e-06
1.5194e-01 7.8054e-03 4.2698e+13 8.9798e+12 1.0083e+08 8.5839e+03 4.8521e-06
1.5594e-01 8.0111e-03 4.2725e+13 9.1509e+12 1.0083e+08 8.5828e+03 4.8514e-06
1.6006e-01 8.2223e-03 4.2752e+13 9.3267e+12 1.0083e+08 8.5817e+03 4.8506e-06
1.6427e-01 8.4391e-03 4.2780e+13 9.5072e+12 1.0083e+08 8.5806e+03 4.8499e-06
1.6861e-01 8.6616e-03 4.2808e+13 9.6926e+12 1.0084e+08 8.5795e+03 4.8491e-06
1.7305e-01 8.8899e-03 4.2837e+13 9.8830e+12 1.0084e+08 8.5784e+03 4.8484e-06
1.7761e-01 9.1243e-03 4.2866e+13 1.0079e+13 1.0084e+08 8.5773e+03 4.8476e-06
1.8229e-01 9.3648e-03 4.2896e+13 1.0279e+13 1.0084e+08 8.5762e+03 4.8469e-06
1.8710e-01 9.6117e-03 4.2926e+13 1.0486e+13 1.0085e+08 8.5751e+03 4.8461e-06
1.9203e-01 9.8651e-03 4.2956e+13 1.0698e+13 1.0085e+08 8.5740e+03 4.8454e-06
1.9710e-01 1.0125e-02 4.2987e+13 1.0915e+13 1.0085e+08 8.5729e+03 4.8446e-06
2.0229e-01 1.0392e-02 4.3019e+13 1.1139e+13 1.0085e+08 8.5718e+03 4.8439e-06
2.0763e-01 1.0666e-02 4.3051e+13 1.1368e+13 1.0085e+08 8.5706e+03 4.8431e-06
2.1310e-01 1.0947e-02 4.3084e+13 1.1604e+13 1.0086e+08 8.5695e+03 4.8424e-06
2.1872e-01 1.1236e-02 4.3117e+13 1.1846e+13 1.0086e+08 8.5684e+03 4.8416e-06
2.2448e-01 1.1532e-02 4.3150e+13 1.2095e+13 1.0086e+08 8.5673e+03 4.8409e-06
2.3040e-01 1.1836e-02 4.3185e+13 1.2351e+13 1.0086e+08 8.5662e+03 4.8401e-06
2.3647e-01 1.2148e-02 4.3220e+13 1.2613e+13 1.0087e+08 8.5651e+03 4.8394e-06
2.4271e-01 1.2468e-02 4.3255e+13 1.2883e+13 1.0087e+08 8.5640e+03 4.8386e-06
2.4911e-01 1.2797e-02 4.3291e+13 1.3160e+13 1.0087e+08 8.5629e+03 4.8379e-06
2.5567e-01 1.3134e-02 4.3328e+13 1.3445e+13 1.0087e+08 8.5618e+03 4.8371e-06
2.6242e-01 1.3481e-02 4.3366e+13 1.3737e+13 1.0087e+08 8.5607e+03 4.8364e-06
2.6933e-01 1.3836e-02 4.3404e+13 1.4037e+13 1.0088e+08 8.5596e+03 4.8356e-06
2.7643e-01 1.4201e-02 4.3443e+13 1.4346e+13 1.0088e+08 8.5585e+03 4.8349e-06
2.8372e-01 1.4575e-02 4.3482e+13 1.4662e+13 1.0088e+08 8.5574e+03 4.8342e-06
2.9120e-01 1.4960e-02 4.3522e+13 1.4988e+13 1.0088e+08 8.5563e+03 4.8334e-06
2.9888e-01 1.5354e-02 4.3564e+13 1.5322e+13 1.0089e+08 8.5552e+03 4.8326e-06
3.0676e-01 1.5759e-02 4.3609e+13 1.5666e+13 1.0089e+08 8.5541e+03 4.8317e-06
3.1484e-01 1.6174e-02 4.3655e+13 1.6019e+13 1.0089e+08 8.5529e+03 4.8308e-06
3.2314e-01 1.6601e-02 4.3700e+13 1.6382e+13 1.0089e+08 8.5518e+03 4.8300e-06
3.3166e-01 1.7038e-02 4.3744e+13 1.6754e+13 1.0090e+08 8.5507e+03 4.8293e-06
3.4041e-01 1.7487e-02 4.3789e+13 1.7137e+13 1.0090e+08 8.5496e+03 4.8286e-06
3.4938e-01 1.7948e-02 4.3834e+13 1.7531e+13 1.0090e+08 8.5485e+03 4.8278e-06
3.5859e-01 1.8422e-02 4.3882e+13 1.7935e+13 1.0090e+08 8.5474e+03 4.8271e-06
3.6805e-01 1.8907e-02 4.3930e+13 1.8350e+13 1.0090e+08 8.5463e+03 4.8263e-06
3.7775e-01 1.9406e-02 4.3978e+13 1.8777e+13 1.0091e+08 8.5452e+03 4.8256e-06
3.8771e-01 1.9917e-02 4.4028e+13 1.9215e+13 1.0091e+08 8.5441e+03 4.8248e-06
3.9793e-01 2.0442e-02 4.4079e+13 1.9666e+13 1.0091e+08 8.5430e+03 4.8241e-06
4.0842e-01 2.0981e-02 4.4131e+13 2.0129e+13 1.0091e+08 8.5419e+03 4.8233e-06
4.1919e-01 2.1534e-02 4.4184e+13 2.0605e+13 1.0092e+08 8.5408e+03 4.8226e-06
4.3024e-01 2.2102e-02 4.4237e+13 2.1093e+13 1.0092e+08 8.5397e+03 4.8218e-06
4.4158e-01 2.2685e-02 4.4292e+13 2.1596e+13 1.0092e+08 8.5386e+03 4.8211e-06
4.5322e-01 2.3283e-02 4.4349e+13 2.2112e+13 1.0092e+08 8.5375e+03 4.8203e-06
4.6517e-01 2.3897e-02 4.4406e+13 2.2643e+13 1.0093e+08 8.5364e+03 4.8196e-06
4.7743e-01 2.4527e-02 4.4464e+13 2.3188e+13 1.0093e+08 8.5353e+03 4.8189e-06
4.9002e-01 2.5173e-02 4.4524e+13 2.3748e+13 1.0093e+08 8.5342e+03 4.8181e-06
5.0294e-01 2.5837e-02 4.4585e+13 2.4324e+13 1.0093e+08 8.5331e+03 4.8174e-06
5.1620e-01 2.6518e-02 4.4647e+13 2.4916e+13 1.0093e+08 8.5320e+03 4.8166e-06
5.2981e-01 2.7217e-02 4.4711e+13 2.5525e+13 1.0094e+08 8.5309e+03 4.8159e-06
5.4377e-01 2.7935e-02 4.4776e+13 2.6150e+13 1.0094e+08 8.5298e+03 4.8151e-06
5.5811e-01 2.8671e-02 4.4842e+13 2.6793e+13 1.0094e+08 8.5287e+03 4.8144e-06
5.7282e-01 2.9427e-02 4.4910e+13 2.7454e+13 1.0094e+08 8.5276e+03 4.8136e-06
5.8792e-01 3.0203e-02 4.4979e+13 2.8133e+13 1.0095e+08 8.5265e+03 4.8129e-06
6.0342e-01 3.0999e-02 4.5050e+13 2.8831e+13 1.0095e+08 8.5254e+03 4.8122e-06
6.1933e-01 3.1816e-02 4.5122e+13 2.9549e+13 1.0095e+08 8.5243e+03 4.8114e-06
6.3566e-01 3.2655e-02 4.5196e+13 3.0287e+13 1.0095e+08 8.5232e+03 4.8107e-06
6.5242e-01 3.3516e-02 4.5271e+13 3.1046e+13 1.0095e+08 8.5221e+03 4.8099e-06
6.6962e-01 3.4399e-02 4.5348e+13 3.1826e+13 1.0096e+08 8.5210e+03 4.8092e-06
6.8727e-01 3.5306e-02 4.5427e+13 3.2628e+13 1.0096e+08 8.5199e+03 4.8084e-06
7.0539e-01 3.6237e-02 4.5507e+13 3.3452e+13 1.0096e+08 8.5188e+03 4.8077e-06
7.2398e-01 3.7192e-02 4.5589e+13 3.4300e+13 1.0096e+08 8.5177e+03 4.8069e-06
7.4307e-01 3.8173e-02 4.5673e+13 3.5172e+13 1.0097e+08 8.5166e+03 4.8062e-06
7.6266e-01 3.9179e-02 4.5759e+13 3.6068e+13 1.0097e+08 8.5155e+03 4.8055e-06
7.8277e-01 4.0212e-02 4.5846e+13 3.6990e+13 1.0097e+08 8.5144e+03 4.8047e-06
8.0340e-01 4.1272e-02 4.5935e+13 3.7938e+13 1.0097e+08 8.5133e+03 4.8040e-06
8.2458e-01 4.2360e-02 4.6027e+13 3.8913e+13 1.0097e+08 8.5122e+03 4.8032e-06
8.4632e-01 4.3477e-02 4.6121e+13 3.9915e+13 1.0098e+08 8.5111e+03 4.8025e-06
8.6863e-01 4.4623e-02 4.6217e+13 4.0946e+13 1.0098e+08 8.5099e+03 4.8017e-06
8.9153e-01 4.5800e-02 4.6314e+13 4.2007e+13 1.0098e+08 8.5089e+03 4.8010e-06
9.1504e-01 4.7007e-02 4.6409e+13 4.3098e+13 1.0098e+08 8.5078e+03 4.8004e-06
9.3916e-01 4.8246e-02 4.6509e+13 4.4220e+13 1.0099e+08 8.5067e+03 4.7998e-06
9.6392e-01 4.9518e-02 4.6623e+13 4.5374e+13 1.0099e+08 8.5055e+03 4.7986e-06
9.8933e-01 5.0824e-02 4.6745e+13 4.6562e+13 1.0099e+08 8.5043e+03 4.7972e-06
1.0154e+00 5.2164e-02 4.6849e+13 4.7784e+13 1.0100e+08 8.5032e+03 4.7967e-06
1.0422e+00 5.3539e-02 4.6910e+13 4.9040e+13 1.0099e+08 8.5026e+03 4.7981e-06
1.0697e+00 5.4950e-02 4.6979e+13 5.0330e+13 1.0099e+08 8.5019e+03 4.7994e-06
1.0979e+00 5.6399e-02 4.7163e+13 5.1660e+13 1.0100e+08 8.5002e+03 4.7956e-06
1.1268e+00 5.7886e-02 4.7547e+13 5.3036e+13 1.0104e+08 8.4966e+03 4.7832e-06
1.1565e+00 5.9412e-02 4.8067e+13 5.4464e+13 1.0109e+08 8.4918e+03 4.7652e-06
1.1870e+00 6.0978e-02 4.8615e+13 5.5947e+13 1.0115e+08 8.4868e+03 4.7464e-06
1.2183e+00 6.2586e-02 4.9127e+13 5.7484e+13 1.0120e+08 8.4822e+03 4.7296e-06
1.2504e+00 6.4236e-02 4.9622e+13 5.9078e+13 1.0125e+08 8.4779e+03 4.7139e-06
1.2834e+00 6.5929e-02 5.0128e+13 6.0730e+13 1.0130e+08 8.4735e+03 4.6982e-06
1.3172e+00 6.7667e-02 5.0654e+13 6.2444e+13 1.0135e+08 8.4691e+03 4.6820e-06
1.3519e+00 6.9451e-02 5.1192e+13 6.4222e+13 1.0140e+08 8.4646e+03 4.6657e-06
1.3876e+00 7.1282e-02 5.1736e+13 6.6065e+13 1.0145e+08 8.4601e+03 4.6497e-06
1.4242e+00 7.3161e-02 5.2286e+13 6.7978e+13 1.0150e+08 8.4556e+03 4.6338e-06
1.4617e+00 7.5090e-02 5.2843e+13 6.9962e+13 1.0155e+08 8.4512e+03 4.6180e-06
1.5002e+00 7.7070e-02 5.3411e+13 7.2020e+13 1.0161e+08 8.4468e+03 4.6023e-06
1.5398e+00 7.9101e-02 5.3989e+13 7.4156e+13 1.0166e+08 8.4423e+03 4.5866e-06
1.5804e+00 8.1187e-02 5.4578e+13 7.6371e+13 1.0171e+08 8.4379e+03 4.5709e-06
1.6220e+00 8.3327e-02 5.5178e+13 7.8670e+13 1.0176e+08 8.4334e+03 4.5552e-06
1.6648e+00 8.5524e-02 5.5787e+13 8.1056e+13 1.0181e+08 8.4290e+03 4.5397e-06
1.7087e+00 8.7779e-02 5.6403e+13 8.3531e+13 1.0186e+08 8.4245e+03 4.5243e-06
1.7537e+00 9.0093e-02 5.7029e+13 8.6100e+13 1.0191e+08 8.4201e+03 4.5090e-06
1.8000e+00 9.2468e-02 5.7666e+13 8.8766e+13 1.0196e+08 8.4157e+03 4.4937e-06
1.8474e+00 9.4906e-02 5.8317e+13 9.1533e+13 1.0201e+08 8.4112e+03 4.4784e-06
1.8961e+00 9.7408e-02 5.8980e+13 9.4406e+13 1.0207e+08 8.4068e+03 4.4632e-06
1.9461e+00 9.9976e-02 5.9654e+13 9.7388e+13 1.0212e+08 8.4024e+03 4.4481e-06
1.9974e+00 1.0261e-01 6.0338e+13 1.0048e+14 1.0217e+08 8.3980e+03 4.4330e-06
2.0501e+00 1.0532e-01 6.1035e+13 1.0370e+14 1.0222e+08 8.3935e+03 4.4180e-06
2.1041e+00 1.0809e-01 6.1744e+13 1.0703e+14 1.0227e+08 8.3891e+03 4.4031e-06
2.1596e+00 1.1094e-01 6.2465e+13 1.1050e+14 1.0232e+08 8.3847e+03 4.3883e-06
2.2165e+00 1.1387e-01 6.3199e+13 1.1410e+14 1.0237e+08 8.3803e+03 4.3735e-06
2.2750e+00 1.1687e-01 6.3945e+13 1.1783e+14 1.0242e+08 8.3759e+03 4.3588e-06
2.3349e+00 1.1995e-01 6.4705e+13 1.2172e+14 1.0248e+08 8.3715e+03 4.3442e-06
2.3965e+00 1.2311e-01 6.5482e+13 1.2575e+14 1.0253e+08 8.3671e+03 4.3295e-06
2.4597e+00 1.2636e-01 6.6274e+13 1.2993e+14 1.0258e+08 8.3627e+03 4.3149e-06
2.5245e+00 1.2969e-01 6.7079e+13 1.3428e+14 1.0263e+08 8.3583e+03 4.3004e-06
2.5911e+00 1.3311e-01 6.7896e+13 1.3880e+14 1.0268e+08 8.3539e+03 4.2860e-06
2.6594e+00 1.3662e-01 6.8727e+13 1.4350e+14 1.0273e+08 8.3495e+03 4.2717e-06
2.7295e+00 1.4022e-01 6.9574e+13 1.4837e+14 1.0278e+08 8.3451e+03 4.2575e-06
2.8014e+00 1.4392e-01 7.0440e+13 1.5344e+14 1.0284e+08 8.3407e+03 4.2432e-06
2.8753e+00 1.4771e-01 7.1323e+13 1.5871e+14 1.0289e+08 8.3363e+03 4.2290e-06
2.9511e+00 1.5160e-01 7.2223e+13 1.6418e+14 1.0294e+08 8.3319e+03 4.2149e-06
3.0289e+00 1.5560e-01 7.3138e+13 1.6988e+14 1.0299e+08 8.3275e+03 4.2008e-06
3.1088e+00 1.5970e-01 7.4070e+13 1.7579e+14 1.0304e+08 8.3231e+03 4.1868e-06
3.1907e+00 1.6391e-01 7.5019e+13 1.8194e+14 1.0309e+08 8.3187e+03 4.1729e-06
3.2748e+00 1.6823e-01 7.5987e+13 1.8833e+14 1.0314e+08 8.3144e+03 4.1591e-06
3.3612e+00 1.7267e-01 7.6976e+13 1.9498e+14 1.0320e+08 8.3100e+03 4.1452e-06
3.4498e+00 1.7722e-01 7.7985e+13 2.0189e+14 1.0325e+08 8.3056e+03 4.1314e-06
3.5407e+00 1.8189e-01 7.9014e+13 2.0907e+14 1.0330e+08 8.3012e+03 4.1176e-06
3.6341e+00 1.8669e-01 8.0059e+13 2.1654e+14 1.0335e+08 8.2969e+03 4.1040e-06
3.7299e+00 1.9161e-01 8.1121e+13 2.2432e+14 1.0340e+08 8.2925e+03 4.0904e-06
3.8282e+00 1.9666e-01 8.2206e+13 2.3240e+14 1.0346e+08 8.2881e+03 4.0770e-06
3.9291e+00 2.0185e-01 8.3314e+13 2.4081e+14 1.0351e+08 8.2838e+03 4.0635e-06
4.0327e+00 2.0717e-01 8.4445e+13 2.4956e+14 1.0356e+08 8.2794e+03 4.0500e-06
4.1390e+00 2.1263e-01 8.5598e+13 2.5866e+14 1.0361e+08 8.2750e+03 4.0366e-06
4.2481e+00 2.1824e-01 8.6772e+13 2.6812e+14 1.0366e+08 8.2707e+03 4.0233e-06
4.3601e+00 2.2399e-01 8.7969e+13 2.7798e+14 1.0372e+08 8.2663e+03 4.0100e-06
4.4751e+00 2.2989e-01 8.9189e+13 2.8823e+14 1.0377e+08 8.2620e+03 3.9968e-06
4.5931e+00 2.3595e-01 9.0432e+13 2.9890e+14 1.0382e+08 8.2576e+03 3.9837e-06
4.7142e+00 2.4217e-01 9.1699e+13 3.1000e+14 1.0387e+08 8.2533e+03 3.9706e-06
4.8384e+00 2.4856e-01 9.2989e+13 3.2156e+14 1.0392e+08 8.2489e+03 3.9576e-06
4.9660e+00 2.5511e-01 9.4305e+13 3.3359e+14 1.0398e+08 8.2446e+03 3.9447e-06
5.0969e+00 2.6184e-01 9.5649e+13 3.4611e+14 1.0403e+08 8.2403e+03 3.9317e-06
5.2313e+00 2.6874e-01 9.7020e+13 3.5915e+14 1.0408e+08 8.2359e+03 3.9188e-06
5.3692e+00 2.7583e-01 9.8419e+13 3.7272e+14 1.0413e+08 8.2316e+03 3.9059e-06
5.5107e+00 2.8310e-01 9.9844e+13 3.8685e+14 1.0419e+08 8.2272e+03 3.8931e-06
5.6560e+00 2.9056e-01 1.0130e+14 4.0157e+14 1.0424e+08 8.2229e+03 3.8803e-06
5.8051e+00 2.9822e-01 1.0277e+14 4.1689e+14 1.0429e+08 8.2186e+03 3.8677e-06
5.9582e+00 3.0608e-01 1.0427e+14 4.3285e+14 1.0434e+08 8.2143e+03 3.8552e-06
6.1152e+00 3.1415e-01 1.0580e+14 4.4947e+14 1.0439e+08 8.2099e+03 3.8427e-06
6.2765e+00 3.2243e-01 1.0736e+14 4.6678e+14 1.0445e+08 8.2056e+03 3.8302e-06
6.4419e+00 3.3093e-01 1.0896e+14 4.8480e+14 1.0450e+08 8.2013e+03 3.8176e-06
6.6118e+00 3.3966e-01 1.1058e+14 5.0358e+14 1.0455e+08 8.1970e+03 3.8051e-06
6.7861e+00 3.4861e-01 1.1223e+14 5.2315e+14 1.0460e+08 8.1927e+03 3.7928e-06
6.9650e+00 3.5780e-01 1.1391e+14 5.4353e+14 1.0466e+08 8.1884e+03 3.7805e-06
7.1486e+00 3.6724e-01 1.1562e+14 5.6476e+14 1.0471e+08 8.1840e+03 3.7683e-06
7.3370e+00 3.7692e-01 1.1735e+14 5.8687e+14 1.0476e+08 8.1797e+03 3.7561e-06
7.5305e+00 3.8685e-01 1.1912e+14 6.0991e+14 1.0481e+08 8.1754e+03 3.7440e-06
7.7290e+00 3.9705e-01 1.2092e+14 6.3392e+14 1.0487e+08 8.1711e+03 3.7319e-06
7.9328e+00 4.0752e-01 1.2275e+14 6.5893e+14 1.0492e+08 8.1668e+03 3.7198e-06
8.1419e+00 4.1826e-01 1.2462e+14 6.8499e+14 1.0497e+08 8.1625e+03 3.7078e-06
8.3565e+00 4.2929e-01 1.2651e+14 7.1215e+14 1.0502e+08 8.1582e+03 3.6958e-06
8.5768e+00 4.4061e-01 1.2844e+14 7.4044e+14 1.0508e+08 8.1539e+03 3.6838e-06
8.8029e+00 4.5222e-01 1.3039e+14 7.6992e+14 1.0513e+08 8.1496e+03 3.6720e-06
9.0350e+00 4.6415e-01 1.3237e+14 8.0064e+14 1.0518e+08 8.1453e+03 3.6603e-06
9.2732e+00 4.7638e-01 1.3438e+14 8.3265e+14 1.0523e+08 8.1411e+03 3.6486e-06
9.5177e+00 4.8894e-01 1.3642e+14 8.6600e+14 1.0529e+08 8.1368e+03 3.6369e-06
9.7686e+00 5.0183e-01 1.3850e+14 9.0075e+14 1.0534e+08 8.1325e+03 3.6252e-06
1.0026e+01 5.1506e-01 1.4061e+14 9.3697e+14 1.0539e+08 8.1282e+03 3.6135e-06
1.0290e+01 5.2864e-01 1.4275e+14 9.7470e+14 1.0545e+08 8.1239e+03 3.6019e-06
1.0562e+01 5.4258e-01 1.4491e+14 1.0140e+15 1.0550e+08 8.1197e+03 3.5904e-06
1.0840e+01 5.5688e-01 1.4710e+14 1.0550e+15 1.0555e+08 8.1154e+03 3.5790e-06
1.1126e+01 5.7156e-01 1.4931e+14 1.0976e+15 1.0560e+08 8.1111e+03 3.5676e-06
1.1419e+01 5.8663e-01 1.5156e+14 1.1421e+15 1.0566e+08 8.1068e+03 3.5563e-06
1.1720e+01 6.0209e-01 1.5383e+14 1.1884e+15 1.0571e+08 8.1026e+03 3.5450e-06
1.2029e+01 6.1797e-01 1.5613e+14 1.2366e+15 1.0576e+08 8.0983e+03 3.5336e-06
1.2346e+01 6.3426e-01 1.5846e+14 1.2869e+15 1.0582e+08 8.0940e+03 3.5224e-06
1.2672e+01 6.5098e-01 1.6081e+14 1.3392e+15 1.0587e+08 8.0898e+03 3.5111e-06
1.3006e+01 6.6814e-01 1.6318e+14 1.3938e+15 1.0592e+08 8.0855e+03 3.5000e-06
1.3349e+01 6.8576e-01 1.6557e+14 1.4505e+15 1.0598e+08 8.0813e+03 3.4889e-06
1.3701e+01 7.0384e-01 1.6799e+14 1.5096e+15 1.0603e+08 8.0770e+03 3.4778e-06
1.4062e+01 7.2239e-01 1.7042e+14 1.5712e+15 1.0608e+08 8.0728e+03 3.4668e-06
1.4433e+01 7.4144e-01 1.7286e+14 1.6353e+15 1.0613e+08 8.0685e+03 3.4559e-06
1.4813e+01 7.6098e-01 1.7533e+14 1.7020e+15 1.0619e+08 8.0643e+03 3.4450e-06
1.5204e+01 7.8104e-01 1.7781e+14 1.7714e+15 1.0624e+08 8.0600e+03 3.4341e-06
1.5605e+01 8.0163e-01 1.8030e+14 1.8437e+15 1.0629e+08 8.0558e+03 3.4232e-06
1.6016e+01 8.2277e-01 1.8281e+14 1.9189e+15 1.0635e+08 8.0515e+03 3.4124e-06
1.6438e+01 8.4446e-01 1.8533e+14 1.9971e+15 1.0640e+08 8.0473e+03 3.4015e-06
1.6872e+01 8.6672e-01 1.8785e+14 2.0786e+15 1.0646e+08 8.0430e+03 3.3907e-06
1.7316e+01 8.8957e-01 1.9038e+14 2.1632e+15 1.0651e+08 8.0388e+03 3.3801e-06
1.7773e+01 9.1302e-01 1.9289e+14 2.2513e+15 1.0656e+08 8.0346e+03 3.3697e-06
1.8241e+01 9.3709e-01 1.9540e+14 2.3428e+15 1.0661e+08 8.0304e+03 3.3593e-06
1.8722e+01 9.6180e-01 1.9794e+14 2.4380e+15 1.0667e+08 8.0261e+03 3.3485e-06
1.9216e+01 9.8715e-01 2.0051e+14 2.5370e+15 1.0672e+08 8.0217e+03 3.3374e-06
1.9722e+01 1.0132e+00 2.0302e+14 2.6398e+15 1.0678e+08 8.0174e+03 3.3269e-06
2.0242e+01 1.0399e+00 2.0538e+14 2.7466e+15 1.0682e+08 8.0138e+03 3.3182e-06
2.0776e+01 1.0673e+00 2.0767e+14 2.8575e+15 1.0687e+08 8.0103e+03 3.3098e-06
2.1324e+01 1.0954e+00 2.1028e+14 2.9726e+15 1.0693e+08 8.0055e+03 3.2976e-06
2.1886e+01 1.1243e+00 2.1356e+14 3.0927e+15 1.0703e+08 7.9981e+03 3.2780e-06
2.2463e+01 1.1540e+00 2.1757e+14 3.2182e+15 1.0717e+08 7.9882e+03 3.2512e-06
2.3055e+01 1.1844e+00 2.2222e+14 3.3498e+15 1.0734e+08 7.9766e+03 3.2196e-06
2.3663e+01 1.2156e+00 2.2739e+14 3.4880e+15 1.0753e+08 7.9640e+03 3.1853e-06
2.4287e+01 1.2477e+00 2.3296e+14 3.6333e+15 1.0772e+08 7.9508e+03 3.1499e-06
2.4927e+01 1.2805e+00 2.3881e+14 3.7863e+15 1.0792e+08 7.9377e+03 3.1149e-06
2.5584e+01 1.3143e+00 2.4486e+14 3.9472e+15 1.0811e+08 7.9247e+03 3.0809e-06
2.6259e+01 1.3490e+00 2.5107e+14 4.1165e+15 1.0830e+08 7.9120e+03 3.0481e-06
2.6951e+01 1.3845e+00 2.5745e+14 4.2947e+15 1.0849e+08 7.8993e+03 3.0162e-06
2.7661e+01 1.4210e+00 2.6411e+14 4.4824e+15 1.0868e+08 7.8865e+03 2.9841e-06
2.8391e+01 1.4585e+00 2.7125e+14 4.6802e+15 1.0888e+08 7.8735e+03 2.9506e-06
2.9139e+01 1.4969e+00 2.7883e+14 4.8889e+15 1.0909e+08 7.8603e+03 2.9161e-06
2.9907e+01 1.5364e+00 2.8616e+14 5.1087e+15 1.0929e+08 7.8476e+03 2.8854e-06
3.0660e+01 1.4112e+00 2.9234e+14 5.3288e+15 1.0942e+08 7.8359e+03 2.8635e-06
3.1352e+01 1.3288e+00 2.9804e+14 5.5349e+15 1.0955e+08 7.8248e+03 2.8434e-06
3.2336e+01 1.9679e+00 3.0561e+14 5.8356e+15 1.0976e+08 7.8132e+03 2.8120e-06
3.3010e+01 1.3500e+00 3.2290e+14 6.0535e+15 1.1032e+08 7.7919e+03 2.7277e-06
3.3474e+01 9.2607e-01 3.4097e+14 6.2114e+15 1.1088e+08 7.7734e+03 2.6469e-06
3.3927e+01 9.0755e-01 3.5671e+14 6.3733e+15 1.1133e+08 7.7586e+03 2.5850e-06
3.4372e+01 8.8940e-01 3.7461e+14 6.5399e+15 1.1181e+08 7.7426e+03 2.5212e-06
3.4808e+01 8.7161e-01 3.9441e+14 6.7117e+15 1.1231e+08 7.7257e+03 2.4578e-06
3.5235e+01 8.5418e-01 4.1532e+14 6.8891e+15 1.1279e+08 7.7092e+03 2.3980e-06
3.5653e+01 8.3710e-01 4.3637e+14 7.0718e+15 1.1324e+08 7.6945e+03 2.3443e-06
3.6466e+01 8.0395e-01 4.7461e+14 7.4498e+15 1.1397e+08 7.6745e+03 2.2615e-06
3.7647e+01 1.0250e+00 5.0354e+14 8.0394e+15 1.1440e+08 7.6697e+03 2.2140e-06
3.8343e+01 6.8906e-01 5.4681e+14 8.4140e+15 1.1513e+08 7.6562e+03 2.1372e-06
3.9336e+01 6.4854e-01 6.3995e+14 9.0122e+15 1.1678e+08 7.5888e+03 1.9774e-06
4.0271e+01 6.1040e-01 8.0445e+14 9.7100e+15 1.1922e+08 7.4798e+03 1.7721e-06
4.1396e+01 8.4616e-01 9.0106e+14 1.0708e+16 1.2041e+08 7.4394e+03 1.6830e-06
4.2533e+01 5.9281e-01 6.9720e+14 1.1590e+16 1.1681e+08 7.6551e+03 1.9748e-06
4.3753e+01 7.9707e-01 5.5290e+14 1.2304e+16 1.1278e+08 7.8609e+03 2.3999e-06
4.4655e+01 2.5732e-01 9.0188e+14 1.2887e+16 1.2158e+08 7.2327e+03 1.6017e-06
4.5757e+01 3.6226e-02 5.6232e+15 1.6900e+16 1.5835e+08 5.4995e+03 5.1502e-07
4.6960e+01 8.5515e-03 4.5823e+16 4.4802e+16 2.2410e+08 3.6607e+03 1.0374e-07
4.8196e+01 8.9988e-04 9.4193e+16 1.0896e+17 2.9324e+08 2.3592e+03 3.6159e-08
4.9467e+01 1.9500e-03 8.9067e+16 2.3994e+17 3.2831e+08 1.5576e+03 3.2441e-08
5.0770e+01 1.6754e-03 6.3786e+16 3.3750e+17 3.3208e+08 1.0536e+03 3.2998e-08
5.2109e+01 1.8540e-03 4.8541e+16 4.1199e+17 3.2437e+08 7.2571e+02 3.5969e-08
5.3483e+01 2.7316e-03 3.7778e+16 4.7084e+17 3.1573e+08 5.1542e+02 3.9721e-08
5.4894e+01 5.2914e-03 3.0134e+16 5.1839e+17 3.0782e+08 3.8722e+02 4.3609e-08
5.6342e+01 7.2861e-03 2.4923e+16 5.5799e+17 3.0158e+08 3.1342e+02 4.7028e-08
5.7827e+01 1.1641e-02 2.1191e+16 5.9207e+17 2.9630e+08 2.6942e+02 5.0201e-08
5.9353e+01 1.5060e-02 1.8229e+16 6.2206e+17 2.9084e+08 2.3999e+02 5.3784e-08
6.0918e+01 1.4707e-02 1.5740e+16 6.4857e+17 2.8477e+08 2.1772e+02 5.8174e-08
6.2524e+01 2.5055e-02 1.3696e+16 6.7213e+17 2.7872e+08 1.9988e+02 6.3040e-08
6.4176e+01 1.8609e-02 1.2037e+16 6.9332e+17 2.7322e+08 1.8451e+02 6.7934e-08
6.5868e+01 1.8757e-02 1.0691e+16 7.1251e+17 2.6846e+08 1.7073e+02 7.2597e-08
6.7598e+01 2.1135e-02 9.5625e+15 7.2999e+17 2.6422e+08 1.5790e+02 7.7124e-08
6.9385e+01 1.7391e-02 8.5734e+15 7.4616e+17 2.6023e+08 1.4550e+02 8.1730e-08
7.1212e+01 1.2386e-02 7.6985e+15 7.6101e+17 2.5637e+08 1.3396e+02 8.6554e-08
7.3091e+01 2.4850e-02 6.9093e+15 7.7471e+17 2.5247e+08 1.2359e+02 9.1839e-08
7.5018e+01 1.4978e-02 6.1875e+15 7.8731e+17 2.4846e+08 1.1436e+02 9.7732e-08
7.6995e+01 1.8502e-02 5.5461e+15 7.9889e+17 2.4459e+08 1.0618e+02 1.0394e-07
7.9022e+01 1.8886e-02 4.9817e+15 8.0954e+17 2.4100e+08 9.8825e+01 1.1018e-07
8.1110e+01 2.8668e-02 4.4776e+15 8.1941e+17 2.3771e+08 9.2067e+01 1.1638e-07
8.3240e+01 1.7227e-02 4.0173e+15 8.2844e+17 2.3459e+08 8.5696e+01 1.2269e-07
8.5439e+01 2.6135e-02 3.5913e+15 8.3680e+17 2.3156e+08 7.9605e+01 1.2931e-07
8.7688e+01 1.5300e-02 3.1999e+15 8.4442e+17 2.2855e+08 7.3996e+01 1.3638e-07
8.9998e+01 2.2342e-02 2.8449e+15 8.5140e+17 2.2553e+08 6.9082e+01 1.4405e-07
9.2379e+01 2.3212e-02 2.5257e+15 8.5778e+17 2.2249e+08 6.4878e+01 1.5237e-07
9.4806e+01 2.2238e-02 2.2498e+15 8.6356e+17 2.1961e+08 6.1352e+01 1.6091e-07
9.7307e+01 2.7631e-02 2.0140e+15 8.6889e+17 2.1696e+08 5.8399e+01 1.6938e-07
9.9873e+01 2.7018e-02 1.8062e+15 8.7378e+17 2.1436e+08 5.6047e+01 1.7830e-07
1.0251e+02 2.9267e-02 1.6136e+15 8.7828e+17 2.1151e+08 5.4362e+01 1.8889e-07
1.0522e+02 2.5901e-02 1.4314e+15 8.8240e+17 2.0820e+08 5.3323e+01 2.0015e-07
1.0798e+02 3.1483e-02 1.2674e+15 8.8613e+17 2.0468e+08 5.2635e+01 2.1181e-07
1.1084e+02 3.0241e-02 1.1238e+15 8.8953e+17 2.0116e+08 5.1961e+01 2.2436e-07
1.1376e+02 3.7058e-02 1.0023e+15 8.9263e+17 1.9783e+08 5.1173e+01 2.3717e-07
1.1676e+02 3.1760e-02 9.0038e+14 8.9548e+17 1.9471e+08 5.0366e+01 2.5012e-07
1.1983e+02 3.4738e-02 8.1581e+14 8.9811e+17 1.9180e+08 4.9633e+01 2.6306e-07
1.2299e+02 3.2598e-02 7.4313e+14 9.0057e+17 1.8898e+08 4.8955e+01 2.7653e-07
1.2623e+02 3.3538e-02 6.7839e+14 9.0286e+17 1.8609e+08 4.8270e+01 2.9130e-07
1.2955e+02 3.8575e-02 6.1966e+14 9.0502e+17 1.8305e+08 4.7536e+01 3.0808e-07
1.3297e+02 4.0443e-02 5.6900e+14 9.0705e+17 1.8002e+08 4.6797e+01 3.2621e-07
1.3649e+02 3.7961e-02 5.2723e+14 9.0897e+17 1.7718e+08 4.6106e+01 3.4455e-07
1.4008e+02 3.8959e-02 4.9305e+14 9.1080e+17 1.7459e+08 4.5474e+01 3.6266e-07
1.4378e+02 3.9991e-02 4.6299e+14 9.1257e+17 1.7202e+08 4.4850e+01 3.8195e-07
1.4756e+02 4.3739e-02 4.3552e+14 9.1427e+17 1.6935e+08 4.4201e+01 4.0361e-07
1.5144e+02 3.5353e-02 4.1045e+14 9.1591e+17 1.6658e+08 4.3524e+01 4.2807e-07
1.5544e+02 4.2024e-02 3.8796e+14 9.1750e+17 1.6378e+08 4.2839e+01 4.5508e-07
1.5954e+02 4.2883e-02 3.6820e+14 9.1905e+17 1.6104e+08 4.2171e+01 4.8388e-07
1.6374e+02 4.3139e-02 3.5079e+14 9.2056e+17 1.5842e+08 4.1529e+01 5.1408e-07
1.6807e+02 4.6962e-02 3.3557e+14 9.2204e+17 1.5599e+08 4.0934e+01 5.4476e-07
1.7250e+02 4.9383e-02 3.2196e+14 9.2350e+17 1.5370e+08 4.0375e+01 5.7610e-07
1.7704e+02 4.8050e-02 3.0918e+14 9.2493e+17 1.5143e+08 3.9817e+01 6.0997e-07
1.8171e+02 6.6325e-02 2.9679e+14 9.2635e+17 1.4906e+08 3.9228e+01 6.4864e-07
1.8650e+02 7.2255e-02 2.8488e+14 9.2774e+17 1.4662e+08 3.8624e+01 6.9252e-07
1.9142e+02 8.0883e-02 2.7352e+14 9.2911e+17 1.4416e+08 3.8029e+01 7.4136e-07
1.9652e+02 1.2509e-01 2.6275e+14 9.3048e+17 1.4174e+08 3.7474e+01 7.9470e-07
2.0167e+02 1.3097e-01 2.5275e+14 9.3181e+17 1.3945e+08 3.7017e+01 8.5056e-07
2.0703e+02 1.6783e-01 2.4331e+14 9.3314e+17 1.3731e+08 3.6692e+01 9.0854e-07
2.1245e+02 1.8425e-01 2.3445e+14 9.3443e+17 1.3532e+08 3.6490e+01 9.6790e-07
2.1801e+02 2.3300e-01 2.2580e+14 9.3571e+17 1.3335e+08 3.6326e+01 1.0328e-06
2.2381e+02 2.3758e-01 2.1700e+14 9.3699e+17 1.3124e+08 3.6128e+01 1.1096e-06
2.2971e+02 2.7906e-01 2.0843e+14 9.3825e+17 1.2910e+08 3.5901e+01 1.1969e-06
2.3576e+02 3.7001e-01 2.0007e+14 9.3948e+17 1.2695e+08 3.5667e+01 1.2953e-06
2.4192e+02 3.8768e-01 1.9199e+14 9.4069e+17 1.2485e+08 3.5443e+01 1.4035e-06
2.4849e+02 4.3158e-01 1.8391e+14 9.4192e+17 1.2278e+08 3.5223e+01 1.5244e-06
2.5508e+02 5.3152e-01 1.7633e+14 9.4311e+17 1.2091e+08 3.5023e+01 1.6475e-06
2.6186e+02 6.9550e-01 1.6897e+14 9.4428e+17 1.1915e+08 3.4831e+01 1.7774e-06
2.6853e+02 6.7685e-01 1.6193e+14 9.4538e+17 1.1744e+08 3.4643e+01 1.9182e-06
2.7588e+02 9.7981e-01 1.5457e+14 9.4654e+17 1.1558e+08 3.4435e+01 2.0922e-06
2.8297e+02 1.0549e+00 1.4769e+14 9.4761e+17 1.1373e+08 3.4228e+01 2.2876e-06
2.9064e+02 1.1589e+00 1.4063e+14 9.4871e+17 1.1178e+08 3.4007e+01 2.5253e-06
2.9848e+02 1.3257e+00 1.3385e+14 9.4979e+17 1.0988e+08 3.3789e+01 2.7926e-06
3.0620e+02 1.5790e+00 1.2765e+14 9.5079e+17 1.0817e+08 3.3591e+01 3.0709e-06
3.1444e+02 1.9190e+00 1.2149e+14 9.5182e+17 1.0654e+08 3.3400e+01 3.3737e-06
3.2290e+02 2.3800e+00 1.1548e+14 9.5282e+17 1.0502e+08 3.3221e+01 3.6969e-06
3.3142e+02 3.0118e+00 1.0958e+14 9.5377e+17 1.0349e+08 3.3038e+01 4.0684e-06
3.3969e+02 3.8892e+00 1.0410e+14 9.5465e+17 1.0193e+08 3.2851e+01 4.5043e-06
3.4959e+02 5.0222e+00 9.8184e+13 9.5565e+17 1.0006e+08 3.2624e+01 5.1173e-06
3.5915e+02 4.6323e+00 9.2413e+13 9.5655e+17 9.8323e+07 3.2411e+01 5.7977e-06
3.6868e+02 6.2284e+00 8.7799e+13 9.5740e+17 9.7016e+07 3.2249e+01 6.3947e-06
3.7891e+02 8.3745e+00 8.3245e+13 9.5827e+17 9.5759e+07 3.2091e+01 7.0528e-06
3.8704e+02 8.0428e+00 7.8762e+13 9.5891e+17 9.4599e+07 3.1945e+01 7.7453e-06
4.0190e+02 1.0814e+01 7.2008e+13 9.6002e+17 9.2604e+07 3.1690e+01 9.1707e-06
4.0720e+02 1.0598e+01 6.9485e+13 9.6039e+17 9.1804e+07 3.1588e+01 9.8426e-06
4.2189e+02 1.4540e+01 6.4019e+13 9.6135e+17 9.0008e+07 3.1356e+01 1.1612e-05
4.2901e+02 1.4249e+01 6.1152e+13 9.6179e+17 8.9045e+07 3.1230e+01 1.2739e-05
4.4876e+02 1.9550e+01 5.4885e+13 9.6291e+17 8.6929e+07 3.0948e+01 1.5780e-05
4.6245e+02 2.7370e+01 5.1801e+13 9.6362e+17 8.5810e+07 3.0795e+01 1.7782e-05
4.7586e+02 2.6823e+01 4.7530e+13 9.6426e+17 8.4414e+07 3.0607e+01 2.0772e-05
4.9463e+02 3.7552e+01 4.4366e+13 9.6509e+17 8.3297e+07 3.0466e+01 2.3653e-05
5.2092e+02 5.2092e+01 4.0099e+13 9.6614e+17 8.2004e+07 3.0292e+01 2.7669e-05
5.4645e+02 5.1050e+01 3.4081e+13 9.6701e+17 8.0239e+07 2.9931e+01 3.4689e-05
5.6597e+02 3.9046e+01 3.0053e+13 9.6760e+17 7.8974e+07 2.9515e+01 4.1167e-05
5.8089e+02 2.9841e+01 2.7985e+13 9.6802e+17 7.8431e+07 2.9220e+01 4.4414e-05
5.9620e+02 3.0628e+01 2.6376e+13 9.6842e+17 7.8076e+07 2.9012e+01 4.6719e-05
6.1192e+02 3.1436e+01 2.4629e+13 9.6881e+17 7.7675e+07 2.8805e+01 4.9501e-05
6.2805e+02 3.2264e+01 2.2816e+13 9.6918e+17 7.7218e+07 2.8582e+01 5.2933e-05
6.4461e+02 3.3115e+01 2.1011e+13 9.6953e+17 7.6707e+07 2.8329e+01 5.7129e-05
6.6161e+02 3.3988e+01 1.9395e+13 9.6985e+17 7.6232e+07 2.8090e+01 6.1412e-05
6.7905e+02 3.4884e+01 1.8134e+13 9.7017e+17 7.5930e+07 2.7935e+01 6.4348e-05
6.9695e+02 3.5804e+01 1.7223e+13 9.7048e+17 7.5867e+07 2.7903e+01 6.4981e-05
7.1532e+02 3.6747e+01 1.6333e+13 9.7078e+17 7.5873e+07 2.7907e+01 6.4918e-05
7.3418e+02 3.7716e+01 1.5185e+13 9.7107e+17 7.5732e+07 2.7837e+01 6.6360e-05
7.5354e+02 3.8711e+01 1.3822e+13 9.7133e+17 7.5376e+07 2.7658e+01 7.0191e-05
7.7340e+02 3.9731e+01 1.2511e+13 9.7158e+17 7.4929e+07 2.7434e+01 7.5404e-05
7.9379e+02 4.0779e+01 1.1391e+13 9.7181e+17 7.4513e+07 2.7226e+01 8.0689e-05
8.1472e+02 4.1854e+01 1.0430e+13 9.7203e+17 7.4147e+07 2.7044e+01 8.5728e-05
8.3620e+02 4.2957e+01 9.5652e+12 9.7224e+17 7.3795e+07 2.6869e+01 9.0937e-05
8.5824e+02 4.4089e+01 8.7657e+12 9.7243e+17 7.3433e+07 2.6689e+01 9.6726e-05
8.8087e+02 4.5252e+01 8.0308e+12 9.7261e+17 7.3062e+07 2.6505e+01 1.0313e-04
9.0409e+02 4.6445e+01 7.3615e+12 9.7278e+17 7.2690e+07 2.6321e+01 1.1006e-04
9.2792e+02 4.7669e+01 6.7547e+12 9.7294e+17 7.2324e+07 2.6140e+01 1.1747e-04
9.5239e+02 4.8926e+01 6.2054e+12 9.7310e+17 7.1966e+07 2.5963e+01 1.2532e-04
9.7750e+02 5.0216e+01 5.7079e+12 9.7324e+17 7.1616e+07 2.5791e+01 1.3360e-04
1.0033e+03 5.1540e+01 5.2523e+12 9.7338e+17 7.1264e+07 2.5618e+01 1.4264e-04
1.0297e+03 5.2898e+01 4.8296e+12 9.7350e+17 7.0889e+07 2.5435e+01 1.5309e-04
1.0569e+03 5.4293e+01 4.4408e+12 9.7362e+17 7.0495e+07 2.5243e+01 1.6508e-04
1.0847e+03 5.5724e+01 4.1009e+12 9.7374e+17 7.0144e+07 2.5071e+01 1.7674e-04
1.1133e+03 5.7193e+01 3.8177e+12 9.7385e+17 6.9904e+07 2.4952e+01 1.8531e-04
1.1427e+03 5.8701e+01 3.5792e+12 9.7395e+17 6.9776e+07 2.4886e+01 1.9007e-04
1.1728e+03 6.0249e+01 3.3620e+12 9.7405e+17 6.9693e+07 2.4842e+01 1.9325e-04
1.2037e+03 6.1837e+01 3.1512e+12 9.7415e+17 6.9591e+07 2.4788e+01 1.9722e-04
1.2354e+03 6.3467e+01 2.9478e+12 9.7424e+17 6.9466e+07 2.4724e+01 2.0227e-04
1.2680e+03 6.5140e+01 2.7564e+12 9.7433e+17 6.9335e+07 2.4657e+01 2.0769e-04
1.3014e+03 6.6858e+01 2.5791e+12 9.7442e+17 6.9212e+07 2.4594e+01 2.1296e-04
1.3358e+03 6.8620e+01 2.4144e+12 9.7450e+17 6.9094e+07 2.4533e+01 2.1816e-04
1.3710e+03 7.0429e+01 2.2610e+12 9.7458e+17 6.8975e+07 2.4472e+01 2.2352e-04
1.4071e+03 7.2286e+01 2.1181e+12 9.7466e+17 6.8855e+07 2.4410e+01 2.2913e-04
1.4442e+03 7.4192e+01 1.9851e+12 9.7473e+17 6.8735e+07 2.4349e+01 2.3493e-04
1.4823e+03 7.6148e+01 1.8617e+12 9.7480e+17 6.8615e+07 2.4287e+01 2.4088e-04
1.5214e+03 7.8155e+01 1.7470e+12 9.7487e+17 6.8496e+07 2.4226e+01 2.4698e-04
1.5615e+03 8.0216e+01 1.6404e+12 9.7494e+17 6.8376e+07 2.4165e+01 2.5325e-04
1.6026e+03 8.2330e+01 1.5412e+12 9.7500e+17 6.8258e+07 2.4104e+01 2.5971e-04
1.6449e+03 8.4501e+01 1.4487e+12 9.7506e+17 6.8139e+07 2.4044e+01 2.6637e-04
1.6882e+03 8.6728e+01 1.3625e+12 9.7512e+17 6.8020e+07 2.3983e+01 2.7321e-04
1.7328e+03 8.9015e+01 1.2819e+12 9.7518e+17 6.7902e+07 2.3922e+01 2.8025e-04
1.7784e+03 9.1362e+01 1.2065e+12 9.7523e+17 6.7783e+07 2.3862e+01 2.8750e-04
1.8253e+03 9.3770e+01 1.1358e+12 9.7529e+17 6.7666e+07 2.3802e+01 2.9496e-04
1.8734e+03 9.6242e+01 1.0694e+12 9.7534e+17 6.7548e+07 2.3742e+01 3.0265e-04
1.9228e+03 9.8779e+01 1.0070e+12 9.7539e+17 6.7430e+07 2.3682e+01 3.1055e-04
1.9735e+03 1.0138e+02 9.4822e+11 9.7544e+17 6.7313e+07 2.3623e+01 3.1870e-04
2.0256e+03 1.0406e+02 8.9278e+11 9.7548e+17 6.7196e+07 2.3563e+01 3.2709e-04
2.0790e+03 1.0680e+02 8.4042e+11 9.7553e+17 6.7079e+07 2.3504e+01 3.3572e-04
2.1338e+03 1.0962e+02 7.9093e+11 9.7557e+17 6.6962e+07 2.3445e+01 3.4461e-04
2.1900e+03 1.1251e+02 7.4411e+11 9.7561e+17 6.6845e+07 2.3386e+01 3.5377e-04
2.2477e+03 1.1547e+02 6.9979e+11 9.7565e+17 6.6729e+07 2.3327e+01 3.6320e-04
2.3070e+03 1.1852e+02 6.5781e+11 9.7569e+17 6.6613e+07 2.3268e+01 3.7292e-04
2.3678e+03 1.2164e+02 6.1805e+11 9.7573e+17 6.6497e+07 2.3209e+01 3.8293e-04
2.4302e+03 1.2485e+02 5.8038e+11 9.7577e+17 6.6381e+07 2.3151e+01 3.9325e-04
2.4943e+03 1.2814e+02 5.4471e+11 9.7580e+17 6.6266e+07 2.3093e+01 4.0388e-04
2.5601e+03 1.3152e+02 5.1095e+11 9.7583e+17 6.6150e+07 2.3035e+01 4.1483e-04
2.6276e+03 1.3498e+02 4.7900e+11 9.7587e+17 6.6035e+07 2.2976e+01 4.2612e-04
2.6968e+03 1.3854e+02 4.4880e+11 9.7590e+17 6.5920e+07 2.2919e+01 4.3776e-04
2.7679e+03 1.4219e+02 4.2027e+11 9.7593e+17 6.5806e+07 2.2861e+01 4.4975e-04
2.8409e+03 1.4594e+02 3.9335e+11 9.7596e+17 6.5691e+07 2.2803e+01 4.6211e-04
2.9158e+03 1.4979e+02 3.6798e+11 9.7598e+17 6.5577e+07 2.2746e+01 4.7486e-04
2.9927e+03 1.5374e+02 3.4410e+11 9.7601e+17 6.5462e+07 2.2689e+01 4.8801e-04
3.0716e+03 1.5779e+02 3.2166e+11 9.7604e+17 6.5348e+07 2.2631e+01 5.0157e-04
3.1525e+03 1.6195e+02 3.0059e+11 9.7606e+17 6.5235e+07 2.2574e+01 5.1555e-04
3.2357e+03 1.6622e+02 2.8085e+11 9.7608e+17 6.5121e+07 2.2518e+01 5.2996e-04
3.3210e+03 1.7060e+02 2.6238e+11 9.7611e+17 6.5008e+07 2.2461e+01 5.4483e-04
3.4085e+03 1.7510e+02 2.4513e+11 9.7613e+17 6.4895e+07 2.2404e+01 5.6016e-04
3.4984e+03 1.7972e+02 2.2904e+11 9.7615e+17 6.4782e+07 2.2348e+01 5.7598e-04
3.5906e+03 1.8446e+02 2.1407e+11 9.7617e+17 6.4669e+07 2.2292e+01 5.9231e-04
3.6853e+03 1.8932e+02 2.0015e+11 9.7619e+17 6.4556e+07 2.2235e+01 6.0915e-04
3.7824e+03 1.9431e+02 1.8724e+11 9.7620e+17 6.4444e+07 2.2179e+01 6.2654e-04
3.8821e+03 1.9943e+02 1.7529e+11 9.7622e+17 6.4332e+07 2.2124e+01 6.4448e-04
3.9845e+03 2.0469e+02 1.6425e+11 9.7624e+17 6.4220e+07 2.2068e+01 6.6299e-04
4.0895e+03 2.1009e+02 1.5405e+11 9.7626e+17 6.4108e+07 2.2012e+01 6.8209e-04
4.1973e+03 2.1562e+02 1.4466e+11 9.7627e+17 6.3997e+07 2.1957e+01 7.0181e-04
4.3080e+03 2.2131e+02 1.3602e+11 9.7629e+17 6.3885e+07 2.1902e+01 7.2218e-04
4.4215e+03 2.2714e+02 1.2808e+11 9.7630e+17 6.3774e+07 2.1846e+01 7.4321e-04
4.5381e+03 2.3313e+02 1.2080e+11 9.7631e+17 6.3663e+07 2.1791e+01 7.6493e-04
4.6578e+03 2.3928e+02 1.1412e+11 9.7633e+17 6.3552e+07 2.1736e+01 7.8736e-04
4.7805e+03 2.4559e+02 1.0802e+11 9.7634e+17 6.3442e+07 2.1682e+01 8.1053e-04
4.9066e+03 2.5206e+02 1.0243e+11 9.7635e+17 6.3331e+07 2.1627e+01 8.3445e-04
5.0359e+03 2.5871e+02 9.7319e+10 9.7637e+17 6.3221e+07 2.1573e+01 8.5916e-04
5.1687e+03 2.6553e+02 9.2650e+10 9.7638e+17 6.3111e+07 2.1518e+01 8.8469e-04
5.3050e+03 2.7253e+02 8.8383e+10 9.7639e+17 6.3001e+07 2.1464e+01 9.1106e-04
5.4448e+03 2.7971e+02 8.4482e+10 9.7640e+17 6.2891e+07 2.1410e+01 9.3832e-04
5.5883e+03 2.8708e+02 8.0912e+10 9.7641e+17 6.2782e+07 2.1356e+01 9.6648e-04
5.7357e+03 2.9465e+02 7.7643e+10 9.7643e+17 6.2673e+07 2.1302e+01 9.9559e-04
5.8869e+03 3.0242e+02 7.4645e+10 9.7644e+17 6.2564e+07 2.1249e+01 1.0257e-03
6.0421e+03 3.1039e+02 7.1891e+10 9.7645e+17 6.2455e+07 2.1195e+01 1.0568e-03
6.2014e+03 3.1858e+02 6.9355e+10 9.7646e+17 6.2346e+07 2.1142e+01 1.0889e-03
6.3649e+03 3.2697e+02 6.7014e+10 9.7647e+17 6.2237e+07 2.1089e+01 1.1222e-03
6.5327e+03 3.3559e+02 6.4847e+10 9.7648e+17 6.2129e+07 2.1035e+01 1.1565e-03
6.7049e+03 3.4444e+02 6.2834e+10 9.7649e+17 6.2021e+07 2.0982e+01 1.1921e-03
6.8816e+03 3.5352e+02 6.0958e+10 9.7650e+17 6.1913e+07 2.0930e+01 1.2288e-03
7.0631e+03 3.6284e+02 5.9204e+10 9.7651e+17 6.1805e+07 2.0877e+01 1.2668e-03
7.2493e+03 3.7241e+02 5.7557e+10 9.7652e+17 6.1698e+07 2.0824e+01 1.3062e-03
7.4404e+03 3.8223e+02 5.6006e+10 9.7654e+17 6.1590e+07 2.0772e+01 1.3469e-03
7.6365e+03 3.9230e+02 5.4538e+10 9.7655e+17 6.1483e+07 2.0720e+01 1.3890e-03
7.8379e+03 4.0265e+02 5.3144e+10 9.7656e+17 6.1376e+07 2.0667e+01 1.4325e-03
8.0445e+03 4.1326e+02 5.1817e+10 9.7657e+17 6.1269e+07 2.0615e+01 1.4776e-03
8.2566e+03 4.2415e+02 5.0547e+10 9.7658e+17 6.1163e+07 2.0563e+01 1.5242e-03
8.4742e+03 4.3534e+02 4.9330e+10 9.7659e+17 6.1056e+07 2.0512e+01 1.5725e-03
8.6976e+03 4.4681e+02 4.8160e+10 9.7660e+17 6.0950e+07 2.0460e+01 1.6225e-03
8.9269e+03 4.5859e+02 4.7033e+10 9.7661e+17 6.0844e+07 2.0409e+01 1.6742e-03
9.1623e+03 4.7068e+02 4.5943e+10 9.7662e+17 6.0738e+07 2.0357e+01 1.7277e-03
9.4038e+03 4.8309e+02 4.4884e+10 9.7663e+17 6.0632e+07 2.0306e+01 1.7833e-03
9.6517e+03 4.9583e+02 4.3856e+10 9.7664e+17 6.0526e+07 2.0254e+01 1.8411e-03
9.9062e+03 5.0890e+02 4.2862e+10 9.7665e+17 6.0421e+07 2.0203e+01 1.9005e-03
1.0167e+04 5.2232e+02 4.1905e+10 9.7666e+17 6.0317e+07 2.0153e+01 1.9612e-03
1.0435e+04 5.3609e+02 4.0975e+10 9.7668e+17 6.0214e+07 2.0104e+01 2.0241e-03
1.0710e+04 5.5022e+02 4.0044e+10 9.7669e+17 6.0107e+07 2.0052e+01 2.0913e-03
1.0993e+04 5.6472e+02 3.9089e+10 9.7670e+17 5.9995e+07 1.9995e+01 2.1652e-03
1.1283e+04 5.7961e+02 3.8115e+10 9.7671e+17 5.9877e+07 1.9935e+01 2.2457e-03
1.1580e+04 5.9489e+02 3.7138e+10 9.7672e+17 5.9756e+07 1.9872e+01 2.3320e-03
1.1885e+04 6.1057e+02 3.6170e+10 9.7673e+17 5.9633e+07 1.9807e+01 2.4234e-03
1.2199e+04 6.2667e+02 3.5218e+10 9.7674e+17 5.9510e+07 1.9743e+01 2.5194e-03
1.2520e+04 6.4319e+02 3.4289e+10 9.7675e+17 5.9387e+07 1.9679e+01 2.6196e-03
1.2850e+04 6.6015e+02 3.3385e+10 9.7676e+17 5.9265e+07 1.9615e+01 2.7238e-03
1.3189e+04 6.7755e+02 3.2504e+10 9.7677e+17 5.9143e+07 1.9551e+01 2.8324e-03
1.3537e+04 6.9542e+02 3.1645e+10 9.7679e+17 5.9021e+07 1.9488e+01 2.9460e-03
1.3894e+04 7.1375e+02 3.0808e+10 9.7680e+17 5.8900e+07 1.9424e+01 3.0646e-03
1.4260e+04 7.3256e+02 2.9992e+10 9.7681e+17 5.8778e+07 1.9361e+01 3.1885e-03
1.4636e+04 7.5188e+02 2.9198e+10 9.7682e+17 5.8657e+07 1.9298e+01 3.3179e-03
1.5022e+04 7.7170e+02 2.8424e+10 9.7683e+17 5.8537e+07 1.9236e+01 3.4530e-03
1.5418e+04 7.9204e+02 2.7670e+10 9.7684e+17 5.8416e+07 1.9173e+01 3.5943e-03
1.5824e+04 8.1292e+02 2.6936e+10 9.7685e+17 5.8296e+07 1.9111e+01 3.7419e-03
1.6241e+04 8.3436e+02 2.6221e+10 9.7686e+17 5.8176e+07 1.9049e+01 3.8963e-03
1.6670e+04 8.5635e+02 2.5526e+10 9.7687e+17 5.8056e+07 1.8987e+01 4.0575e-03
1.7109e+04 8.7893e+02 2.4848e+10 9.7688e+17 5.7937e+07 1.8926e+01 4.2261e-03
1.7560e+04 9.0210e+02 2.4188e+10 9.7690e+17 5.7818e+07 1.8864e+01 4.4023e-03
1.8023e+04 9.2588e+02 2.3546e+10 9.7691e+17 5.7699e+07 1.8803e+01 4.5867e-03
1.8498e+04 9.5029e+02 2.2920e+10 9.7692e+17 5.7580e+07 1.8742e+01 4.7797e-03
1.8986e+04 9.7534e+02 2.2310e+10 9.7693e+17 5.7461e+07 1.8681e+01 4.9815e-03
1.9486e+04 1.0011e+03 2.1717e+10 9.7694e+17 5.7343e+07 1.8620e+01 5.1927e-03
2.0000e+04 1.0274e+03 2.1139e+10 9.7695e+17 5.7225e+07 1.8560e+01 5.4137e-03
2.0527e+04 1.0545e+03 2.0577e+10 9.7696e+17 5.7107e+07 1.8500e+01 5.6450e-03
2.1069e+04 1.0823e+03 2.0029e+10 9.7697e+17 5.6990e+07 1.8440e+01 5.8871e-03
2.1624e+04 1.1109e+03 1.9496e+10 9.7698e+17 5.6872e+07 1.8380e+01 6.1406e-03
2.2194e+04 1.1402e+03 1.8976e+10 9.7699e+17 5.6755e+07 1.8320e+01 6.4061e-03
2.2779e+04 1.1702e+03 1.8470e+10 9.7700e+17 5.6638e+07 1.8261e+01 6.6841e-03
2.3380e+04 1.2011e+03 1.7978e+10 9.7701e+17 5.6522e+07 1.8201e+01 6.9753e-03
2.3996e+04 1.2327e+03 1.7498e+10 9.7703e+17 5.6406e+07 1.8142e+01 7.2805e-03
2.4600e+04 1.2081e+03 1.7033e+10 9.7704e+17 5.6289e+07 1.8084e+01 7.6002e-03
2.5278e+04 1.3557e+03 1.6595e+10 9.7705e+17 5.6179e+07 1.8027e+01 7.9201e-03
2.5942e+04 1.3286e+03 1.6135e+10 9.7706e+17 5.6058e+07 1.7966e+01 8.2867e-03
2.6593e+04 1.3020e+03 1.5705e+10 9.7707e+17 5.5943e+07 1.7908e+01 8.6539e-03
2.7231e+04 1.2760e+03 1.5305e+10 9.7708e+17 5.5833e+07 1.7853e+01 9.0213e-03
2.7857e+04 9.9311e+02 1.4932e+10 9.7709e+17 5.5728e+07 1.7800e+01 9.3887e-03
2.8552e+04 1.3903e+03 1.4581e+10 9.7710e+17 5.5628e+07 1.7750e+01 9.7557e-03
2.9233e+04 1.3625e+03 1.4212e+10 9.7711e+17 5.5520e+07 1.7695e+01 1.0172e-02
2.9901e+04 1.0683e+03 1.3867e+10 9.7712e+17 5.5416e+07 1.7643e+01 1.0588e-02
3.0649e+04 1.4956e+03 1.3542e+10 9.7713e+17 5.5317e+07 1.7593e+01 1.1004e-02
3.1381e+04 1.4657e+03 1.3199e+10 9.7714e+17 5.5209e+07 1.7539e+01 1.1480e-02
3.2100e+04 1.1474e+03 1.2878e+10 9.7715e+17 5.5106e+07 1.7487e+01 1.1956e-02
3.2903e+04 1.6064e+03 1.2575e+10 9.7716e+17 5.5007e+07 1.7438e+01 1.2432e-02
3.3690e+04 1.5742e+03 1.2256e+10 9.7717e+17 5.4900e+07 1.7384e+01 1.2975e-02
3.4461e+04 1.2326e+03 1.1957e+10 9.7717e+17 5.4797e+07 1.7333e+01 1.3519e-02
3.5065e+04 1.1566e+03 1.1680e+10 9.7718e+17 5.4699e+07 1.7284e+01 1.4063e-02
3.5875e+04 1.4520e+03 1.1464e+10 9.7719e+17 5.4624e+07 1.7247e+01 1.4497e-02
3.6586e+04 1.2710e+03 1.1197e+10 9.7720e+17 5.4525e+07 1.7197e+01 1.5089e-02
3.7209e+04 1.2456e+03 1.0970e+10 9.7721e+17 5.4441e+07 1.7155e+01 1.5620e-02
3.7820e+04 1.2207e+03 1.0777e+10 9.7721e+17 5.4368e+07 1.7119e+01 1.6091e-02
3.8674e+04 1.6211e+03 1.0590e+10 9.7722e+17 5.4298e+07 1.7084e+01 1.6561e-02
3.9468e+04 1.4055e+03 1.0349e+10 9.7723e+17 5.4202e+07 1.7037e+01 1.7230e-02
4.0157e+04 1.3774e+03 1.0132e+10 9.7724e+17 5.4115e+07 1.6994e+01 1.7865e-02
4.0832e+04 1.3499e+03 9.9485e+09 9.7724e+17 5.4041e+07 1.6957e+01 1.8425e-02
4.2142e+04 1.2964e+03 9.6120e+09 9.7726e+17 5.3901e+07 1.6888e+01 1.9537e-02
4.3399e+04 1.2451e+03 9.3092e+09 9.7727e+17 5.3771e+07 1.6823e+01 2.0638e-02
4.4864e+04 1.7083e+03 9.0327e+09 9.7728e+17 5.3650e+07 1.6764e+01 2.1724e-02
4.5701e+04 1.6741e+03 8.8540e+09 9.7729e+17 5.3568e+07 1.6724e+01 2.2495e-02
4.6521e+04 1.6406e+03 8.6840e+09 9.7730e+17 5.3490e+07 1.6685e+01 2.3263e-02
4.8113e+04 1.5756e+03 8.3708e+09 9.7731e+17 5.3342e+07 1.6612e+01 2.4794e-02
4.8885e+04 1.5441e+03 8.2265e+09 9.7732e+17 5.3273e+07 1.6578e+01 2.5555e-02
5.0383e+04 1.4830e+03 7.9599e+09 9.7733e+17 5.3141e+07 1.6514e+01 2.7068e-02
5.1822e+04 1.4243e+03 7.7190e+09 9.7734e+17 5.3018e+07 1.6453e+01 2.8564e-02
5.3204e+04 1.3679e+03 7.5007e+09 9.7735e+17 5.2904e+07 1.6398e+01 3.0043e-02
5.4531e+04 1.3137e+03 7.3019e+09 9.7736e+17 5.2798e+07 1.6346e+01 3.1500e-02
5.5805e+04 1.2617e+03 7.1203e+09 9.7737e+17 5.2698e+07 1.6297e+01 3.1739e-02
5.7877e+04 1.6964e+03 6.8744e+09 9.7738e+17 5.2560e+07 1.6230e+01 3.1739e-02
5.8709e+04 1.6625e+03 6.7691e+09 9.7739e+17 5.2499e+07 1.6200e+01 3.1739e-02
6.0322e+04 1.5966e+03 6.5718e+09 9.7740e+17 5.2383e+07 1.6143e+01 3.1739e-02
6.1871e+04 1.5334e+03 6.3921e+09 9.7741e+17 5.2274e+07 1.6090e+01 3.1739e-02
6.4080e+04 1.4432e+03 6.1516e+09 9.7742e+17 5.2124e+07 1.6018e+01 3.1739e-02
6.5480e+04 1.3861e+03 6.0080e+09 9.7743e+17 5.2032e+07 1.5973e+01 3.1739e-02
6.6825e+04 1.3312e+03 5.8760e+09 9.7744e+17 5.1946e+07 1.5931e+01 3.1739e-02
6.8743e+04 1.2529e+03 5.6972e+09 9.7745e+17 5.1826e+07 1.5874e+01 3.1739e-02
7.1059e+04 1.6846e+03 5.5163e+09 9.7746e+17 5.1702e+07 1.5813e+01 3.1739e-02
7.2693e+04 1.6179e+03 5.3808e+09 9.7747e+17 5.1606e+07 1.5767e+01 3.1739e-02
7.4263e+04 1.5538e+03 5.2563e+09 9.7748e+17 5.1516e+07 1.5724e+01 3.1739e-02
7.6502e+04 1.4624e+03 5.0881e+09 9.7749e+17 5.1391e+07 1.5664e+01 3.1739e-02
7.8609e+04 1.3764e+03 4.9390e+09 9.7750e+17 5.1277e+07 1.5609e+01 3.1739e-02
8.0592e+04 1.2955e+03 4.8061e+09 9.7751e+17 5.1173e+07 1.5559e+01 3.1739e-02
8.2458e+04 1.2193e+03 4.6872e+09 9.7752e+17 5.1078e+07 1.5513e+01 3.1739e-02
8.4968e+04 1.6394e+03 4.5509e+09 9.7753e+17 5.0966e+07 1.5460e+01 3.1739e-02
8.7330e+04 1.5430e+03 4.4160e+09 9.7754e+17 5.0852e+07 1.5405e+01 3.1739e-02
8.9553e+04 1.4523e+03 4.2958e+09 9.7755e+17 5.0748e+07 1.5356e+01 3.1739e-02
9.1646e+04 1.3669e+03 4.1882e+09 9.7756e+17 5.0653e+07 1.5310e+01 3.1739e-02
9.4245e+04 1.2608e+03 4.0616e+09 9.7757e+17 5.0537e+07 1.5255e+01 3.1739e-02
9.6316e+04 1.6952e+03 3.9771e+09 9.7758e+17 5.0459e+07 1.5218e+01 3.1739e-02
9.8759e+04 1.5955e+03 3.8701e+09 9.7759e+17 5.0357e+07 1.5169e+01 3.1739e-02
1.0179e+05 1.4716e+03 3.7436e+09 9.7760e+17 5.0233e+07 1.5110e+01 3.1739e-02
1.0459e+05 1.3574e+03 3.6321e+09 9.7761e+17 5.0120e+07 1.5058e+01 3.1739e-02
1.0717e+05 1.2520e+03 3.5322e+09 9.7762e+17 5.0015e+07 1.5014e+01 3.1739e-02
1.1031e+05 1.6497e+03 3.4222e+09 9.7763e+17 4.9895e+07 1.4969e+01 3.1739e-02
1.1269e+05 1.5527e+03 3.3319e+09 9.7764e+17 4.9793e+07 1.4936e+01 3.1739e-02
1.1564e+05 1.4322e+03 3.2221e+09 9.7765e+17 4.9664e+07 1.4898e+01 3.1739e-02
1.1901e+05 1.2946e+03 3.1034e+09 9.7766e+17 4.9520e+07 1.4856e+01 3.1739e-02
1.2173e+05 1.7058e+03 3.0219e+09 9.7767e+17 4.9419e+07 1.4826e+01 3.1739e-02
1.2498e+05 1.5734e+03 2.9216e+09 9.7768e+17 4.9290e+07 1.4787e+01 3.1739e-02
1.2868e+05 1.4222e+03 2.8137e+09 9.7769e+17 4.9147e+07 1.4744e+01 3.1739e-02
1.3139e+05 1.3118e+03 2.7391e+09 9.7770e+17 4.9046e+07 1.4714e+01 3.1739e-02
1.3556e+05 1.6601e+03 2.6368e+09 9.7771e+17 4.8903e+07 1.4671e+01 3.1739e-02
1.3871e+05 1.5312e+03 2.5594e+09 9.7771e+17 4.8791e+07 1.4637e+01 3.1739e-02
1.4232e+05 1.3841e+03 2.4758e+09 9.7772e+17 4.8666e+07 1.4600e+01 3.1739e-02
1.4585e+05 1.2497e+03 2.4044e+09 9.7773e+17 4.8557e+07 1.4567e+01 3.1739e-02
1.4979e+05 1.6138e+03 2.3225e+09 9.7774e+17 4.8428e+07 1.4528e+01 3.1739e-02
1.5358e+05 1.4588e+03 2.2483e+09 9.7775e+17 4.8308e+07 1.4492e+01 3.1739e-02
1.5825e+05 1.3196e+03 2.1635e+09 9.7776e+17 4.8165e+07 1.4450e+01 3.1739e-02
1.6246e+05 1.4239e+03 2.0972e+09 9.7777e+17 4.8051e+07 1.4415e+01 3.1739e-02
1.6655e+05 1.4367e+03 2.0282e+09 9.7778e+17 4.7928e+07 1.4378e+01 3.1739e-02
1.7108e+05 1.5318e+03 1.9644e+09 9.7779e+17 4.7812e+07 1.4343e+01 3.1739e-02
1.7548e+05 1.5462e+03 1.8983e+09 9.7780e+17 4.7686e+07 1.4306e+01 3.1739e-02
1.8036e+05 1.6502e+03 1.8373e+09 9.7780e+17 4.7568e+07 1.4270e+01 3.1739e-02
1.8427e+05 1.7010e+03 1.7880e+09 9.7781e+17 4.7470e+07 1.4241e+01 3.1739e-02
1.8916e+05 1.7189e+03 1.7259e+09 9.7782e+17 4.7341e+07 1.4202e+01 3.1739e-02
1.9420e+05 1.7703e+03 1.6697e+09 9.7783e+17 4.7222e+07 1.4167e+01 3.1739e-02
1.9930e+05 1.8376e+03 1.6155e+09 9.7784e+17 4.7103e+07 1.4131e+01 3.1739e-02
2.0450e+05 1.7926e+03 1.5626e+09 9.7784e+17 4.6984e+07 1.4095e+01 3.1739e-02
2.1018e+05 1.9215e+03 1.5122e+09 9.7785e+17 4.6868e+07 1.4060e+01 3.1739e-02
2.1571e+05 1.9398e+03 1.4600e+09 9.7786e+17 4.6743e+07 1.4023e+01 3.1739e-02
2.2183e+05 2.0704e+03 1.4118e+09 9.7787e+17 4.6624e+07 1.3987e+01 3.1739e-02
2.2778e+05 2.0916e+03 1.3620e+09 9.7788e+17 4.6497e+07 1.3949e+01 3.1739e-02
2.3438e+05 2.2352e+03 1.3161e+09 9.7789e+17 4.6377e+07 1.3913e+01 3.1739e-02
2.3968e+05 2.3061e+03 1.2790e+09 9.7789e+17 4.6277e+07 1.3883e+01 3.1739e-02
2.4631e+05 2.3324e+03 1.2325e+09 9.7790e+17 4.6146e+07 1.3844e+01 3.1739e-02
2.5199e+05 2.4080e+03 1.1971e+09 9.7791e+17 4.6045e+07 1.3813e+01 3.1739e-02
2.5959e+05 3.4647e+03 1.1549e+09 9.7792e+17 4.5921e+07 1.3776e+01 3.1739e-02
2.6537e+05 3.6556e+03 1.1230e+09 9.7793e+17 4.5824e+07 1.3747e+01 3.1739e-02
2.7263e+05 3.7166e+03 1.0846e+09 9.7793e+17 4.5704e+07 1.3711e+01 3.1739e-02
2.8018e+05 3.8860e+03 1.0474e+09 9.7794e+17 4.5584e+07 1.3675e+01 3.1739e-02
2.8803e+05 4.0705e+03 1.0110e+09 9.7795e+17 4.5462e+07 1.3639e+01 3.1739e-02
2.9616e+05 4.2255e+03 9.7547e+08 9.7796e+17 4.5340e+07 1.3602e+01 3.1739e-02
3.0234e+05 3.0891e+03 9.4743e+08 9.7796e+17 4.5241e+07 1.3572e+01 3.1739e-02
3.1090e+05 3.2109e+03 9.1401e+08 9.7797e+17 4.5119e+07 1.3536e+01 3.1739e-02
3.2042e+05 4.6910e+03 8.8155e+08 9.7798e+17 4.4996e+07 1.3499e+01 3.1739e-02
3.2780e+05 4.7232e+03 8.5589e+08 9.7799e+17 4.4897e+07 1.3469e+01 3.1739e-02
3.3684e+05 4.2555e+03 8.2540e+08 9.7799e+17 4.4775e+07 1.3432e+01 3.1739e-02
3.4431e+05 3.9251e+03 8.0197e+08 9.7800e+17 4.4677e+07 1.3403e+01 3.1739e-02
3.5355e+05 3.5480e+03 7.7423e+08 9.7801e+17 4.4559e+07 1.3368e+01 3.1739e-02
3.6321e+05 4.3895e+03 7.4844e+08 9.7801e+17 4.4448e+07 1.3334e+01 3.1739e-02
3.7354e+05 3.9678e+03 7.2131e+08 9.7802e+17 4.4324e+07 1.3297e+01 3.1739e-02
3.8288e+05 3.5866e+03 6.9797e+08 9.7803e+17 4.4215e+07 1.3265e+01 3.1739e-02
3.9402e+05 4.5126e+03 6.7346e+08 9.7804e+17 4.4097e+07 1.3229e+01 3.1739e-02
4.0260e+05 4.1623e+03 6.5437e+08 9.7804e+17 4.4002e+07 1.3201e+01 3.1739e-02
4.1321e+05 5.3748e+03 6.3367e+08 9.7805e+17 4.3897e+07 1.3169e+01 3.1739e-02
4.2431e+05 4.8584e+03 6.1168e+08 9.7806e+17 4.3781e+07 1.3134e+01 3.1739e-02
4.3575e+05 4.3916e+03 5.9033e+08 9.7806e+17 4.3666e+07 1.3100e+01 3.1739e-02
4.4782e+05 5.6710e+03 5.7063e+08 9.7807e+17 4.3556e+07 1.3067e+01 3.1739e-02
4.6033e+05 5.1261e+03 5.5003e+08 9.7808e+17 4.3436e+07 1.3031e+01 3.1739e-02
4.7240e+05 4.6336e+03 5.3129e+08 9.7808e+17 4.3325e+07 1.2997e+01 3.1739e-02
4.8308e+05 6.1055e+03 5.1696e+08 9.7809e+17 4.3237e+07 1.2971e+01 3.1739e-02
4.9656e+05 5.5189e+03 4.9829e+08 9.7809e+17 4.3119e+07 1.2936e+01 3.1739e-02
5.0955e+05 4.9887e+03 4.8131e+08 9.7810e+17 4.3008e+07 1.2902e+01 3.1739e-02
5.2431e+05 6.4420e+03 4.6441e+08 9.7811e+17 4.2894e+07 1.2868e+01 3.1739e-02
5.3657e+05 5.9419e+03 4.5030e+08 9.7811e+17 4.2796e+07 1.2839e+01 3.1739e-02
5.5055e+05 5.3710e+03 4.3498e+08 9.7812e+17 4.2687e+07 1.2806e+01 3.1739e-02
5.6645e+05 6.9356e+03 4.1973e+08 9.7813e+17 4.2574e+07 1.2772e+01 3.1739e-02
5.7964e+05 6.3972e+03 4.0699e+08 9.7813e+17 4.2477e+07 1.2743e+01 3.1739e-02
5.9594e+05 8.2608e+03 3.9315e+08 9.7814e+17 4.2369e+07 1.2711e+01 3.1739e-02
6.1300e+05 7.4671e+03 3.7850e+08 9.7815e+17 4.2250e+07 1.2675e+01 3.1739e-02
6.2720e+05 6.8874e+03 3.6699e+08 9.7815e+17 4.2153e+07 1.2646e+01 3.1739e-02
6.4478e+05 6.2257e+03 3.5366e+08 9.7816e+17 4.2038e+07 1.2611e+01 3.1739e-02
6.6320e+05 8.0393e+03 3.4125e+08 9.7816e+17 4.1928e+07 1.2578e+01 3.1739e-02
6.7849e+05 7.4152e+03 3.3096e+08 9.7817e+17 4.1833e+07 1.2550e+01 3.1739e-02
6.9741e+05 6.7028e+03 3.1898e+08 9.7817e+17 4.1719e+07 1.2516e+01 3.1739e-02
7.1424e+05 8.8320e+03 3.0964e+08 9.7818e+17 4.1629e+07 1.2489e+01 3.1739e-02
7.3503e+05 7.9834e+03 2.9784e+08 9.7819e+17 4.1510e+07 1.2453e+01 3.1739e-02
7.5183e+05 7.3637e+03 2.8896e+08 9.7819e+17 4.1417e+07 1.2425e+01 3.1739e-02
7.7507e+05 9.5043e+03 2.7801e+08 9.7820e+17 4.1300e+07 1.2390e+01 3.1739e-02
7.9315e+05 8.7664e+03 2.6945e+08 9.7820e+17 4.1205e+07 1.2362e+01 3.1739e-02
8.1725e+05 1.1320e+04 2.5946e+08 9.7821e+17 4.1092e+07 1.2328e+01 3.1739e-02
8.3552e+05 1.0441e+04 2.5175e+08 9.7821e+17 4.1001e+07 1.2300e+01 3.1739e-02
8.6010e+05 9.4382e+03 2.4206e+08 9.7822e+17 4.0883e+07 1.2265e+01 3.1739e-02
8.8171e+05 1.2264e+04 2.3470e+08 9.7822e+17 4.0791e+07 1.2237e+01 3.1739e-02
9.0150e+05 1.1312e+04 2.2770e+08 9.7823e+17 4.0701e+07 1.2210e+01 3.1739e-02
9.2813e+05 1.0225e+04 2.1890e+08 9.7824e+17 4.0583e+07 1.2175e+01 3.1739e-02
9.5154e+05 1.3282e+04 2.1213e+08 9.7824e+17 4.0490e+07 1.2147e+01 3.1739e-02
9.7897e+05 1.2006e+04 2.0402e+08 9.7825e+17 4.0374e+07 1.2113e+01 3.1739e-02
1.0018e+06 1.1074e+04 1.9777e+08 9.7825e+17 4.0283e+07 1.2085e+01 3.1739e-02