# All quantities actual values (not log10) 
#
# time(s)    dt(s)      dE(erg)  E(erg/g/s)    T(K)    rho(g/cm^3) 2/Rmax(s)
1.4791e-18 1.4791e-19 1.6548e+28 2.4311e+10 7.0000e+09 1.0000e+08 2.3564e-11
2.1878e-18 4.4398e-20 1.6548e+28 3.6038e+10 7.0000e+09 1.0000e+08 2.3564e-11
3.2359e-18 3.2359e-19 1.6548e+28 5.3384e+10 7.0000e+09 1.0000e+08 2.3564e-11
4.7863e-18 9.7132e-20 1.6548e+28 7.9039e+10 7.0000e+09 1.0000e+08 2.3564e-11
7.0795e-18 7.0795e-19 1.6548e+28 1.1699e+11 7.0000e+09 1.0000e+08 2.3564e-11
1.0471e-17 2.1250e-19 1.6548e+28 1.7312e+11 7.0000e+09 1.0000e+08 2.3564e-11
1.5488e-17 1.5488e-18 1.6548e+28 2.5614e+11 7.0000e+09 1.0000e+08 2.3564e-11
2.2909e-17 4.6490e-19 1.6548e+28 3.7893e+11 7.0000e+09 1.0000e+08 2.3564e-11
3.3884e-17 3.3884e-18 1.6548e+28 5.6056e+11 7.0000e+09 1.0000e+08 2.3564e-11
5.0119e-17 1.0171e-18 1.6548e+28 8.2921e+11 7.0000e+09 1.0000e+08 2.3564e-11
7.4131e-17 7.4131e-18 1.6548e+28 1.2266e+12 7.0000e+09 1.0000e+08 2.3564e-11
1.0965e-16 2.2252e-18 1.6548e+28 1.8143e+12 7.0000e+09 1.0000e+08 2.3564e-11
1.6218e-16 1.6218e-17 1.6547e+28 2.6836e+12 7.0000e+09 1.0000e+08 2.3565e-11
2.3988e-16 4.8682e-18 1.6547e+28 3.9693e+12 7.0000e+09 1.0000e+08 2.3565e-11
3.5481e-16 3.5481e-17 1.6546e+28 5.8710e+12 7.0000e+09 1.0000e+08 2.3565e-11
5.2481e-16 1.0650e-17 1.6545e+28 8.6837e+12 7.0000e+09 1.0000e+08 2.3566e-11
7.7625e-16 7.7625e-17 1.6544e+28 1.2844e+13 7.0000e+09 1.0000e+08 2.3567e-11
1.1482e-15 2.3300e-17 1.6542e+28 1.8996e+13 7.0000e+09 1.0000e+08 2.3569e-11
1.6982e-15 1.6982e-16 1.6539e+28 2.8095e+13 7.0000e+09 1.0000e+08 2.3570e-11
2.5119e-15 5.0976e-17 1.6534e+28 4.1549e+13 7.0000e+09 1.0000e+08 2.3574e-11
3.7154e-15 3.7154e-16 1.6528e+28 6.1444e+13 7.0000e+09 1.0000e+08 2.3578e-11
5.4954e-15 1.1152e-16 1.6517e+28 9.0854e+13 7.0000e+09 1.0000e+08 2.3586e-11
8.1283e-15 8.1283e-16 1.6504e+28 1.3432e+14 7.0000e+09 1.0000e+08 2.3595e-11
1.2023e-14 2.4399e-16 1.6480e+28 1.9855e+14 7.0000e+09 1.0000e+08 2.3612e-11
1.7783e-14 1.7783e-15 1.6451e+28 2.9339e+14 7.0000e+09 1.0000e+08 2.3632e-11
2.6303e-14 5.3378e-16 1.6399e+28 4.3332e+14 7.0000e+09 1.0000e+08 2.3670e-11
3.8905e-14 3.8905e-15 1.6337e+28 6.3956e+14 7.0000e+09 1.0000e+08 2.3712e-11
5.7544e-14 1.1678e-15 1.6224e+28 9.4302e+14 7.0000e+09 1.0000e+08 2.3796e-11
8.5114e-14 8.5114e-15 1.6092e+28 1.3884e+15 7.0000e+09 1.0000e+08 2.3888e-11
1.2589e-13 2.5548e-15 1.5851e+28 2.0396e+15 7.0000e+09 1.0000e+08 2.4072e-11
1.8621e-13 1.8621e-14 1.5573e+28 2.9866e+15 7.0000e+09 1.0000e+08 2.4274e-11
2.7542e-13 5.5894e-15 1.5077e+28 4.3534e+15 7.0000e+09 1.0000e+08 2.4677e-11
4.0738e-13 4.0738e-14 1.4518e+28 6.3030e+15 7.0000e+09 1.0000e+08 2.5119e-11
6.0256e-13 1.2228e-14 1.3561e+28 9.0410e+15 7.0000e+09 1.0000e+08 2.6004e-11
8.9125e-13 8.9125e-14 1.2542e+28 1.2795e+16 7.0000e+09 1.0000e+08 2.6973e-11
1.3183e-12 2.6752e-14 1.0925e+28 1.7791e+16 7.0000e+09 1.0000e+08 2.8919e-11
1.9498e-12 1.9498e-13 9.3715e+27 2.4148e+16 7.0000e+09 1.0000e+08 3.1055e-11
2.8840e-12 5.8528e-14 7.2184e+27 3.1824e+16 7.0000e+09 1.0000e+08 3.5356e-11
4.2658e-12 4.2658e-13 5.4695e+27 4.0431e+16 7.0000e+09 1.0000e+08 4.0085e-11
6.3096e-12 1.2805e-13 3.4801e+27 4.9342e+16 7.0000e+09 1.0000e+08 4.9653e-11
9.3325e-12 9.3325e-13 2.1873e+27 5.7596e+16 7.0000e+09 1.0000e+08 6.0206e-11
1.3804e-11 2.8013e-13 1.0189e+27 6.4338e+16 7.0000e+09 1.0000e+08 8.1686e-11
2.0417e-11 2.0417e-12 4.2600e+26 6.8741e+16 7.0000e+09 1.0000e+08 1.0547e-10
3.0200e-11 6.1286e-13 1.6285e+25 7.0453e+16 7.0000e+09 1.0000e+08 1.5421e-10
4.4668e-11 4.4668e-12 -1.1888e+26 6.9449e+16 7.0000e+09 1.0000e+08 1.7368e-10
6.6069e-11 1.3408e-12 -1.3907e+26 6.6425e+16 7.0000e+09 1.0000e+08 1.7368e-10
9.7724e-11 9.7724e-12 -8.8378e+25 6.2846e+16 7.0000e+09 1.0000e+08 1.7368e-10
1.4454e-10 2.9334e-12 -2.2083e+24 6.0901e+16 7.0000e+09 1.0000e+08 1.7368e-10
2.1380e-10 2.1380e-11 5.2499e+25 6.2992e+16 7.0000e+09 1.0000e+08 1.7368e-10
3.1623e-10 6.4175e-12 8.6319e+25 7.0596e+16 7.0000e+09 1.0000e+08 1.7368e-10
4.6774e-10 4.6774e-11 9.2232e+25 8.4308e+16 7.0000e+09 1.0000e+08 1.7368e-10
6.9183e-10 1.4040e-11 8.8232e+25 1.0466e+17 7.0000e+09 1.0000e+08 1.7368e-10
1.0233e-09 1.0233e-10 7.8926e+25 1.3231e+17 7.0000e+09 1.0000e+08 1.7368e-10
1.5136e-09 7.9843e-11 6.2262e+25 1.6650e+17 7.0000e+09 1.0000e+08 1.7368e-10
2.2387e-09 8.8899e-11 4.3474e+25 2.0408e+17 7.0000e+09 1.0000e+08 1.7368e-10
3.3113e-09 9.1995e-11 2.6525e+25 2.4036e+17 7.0000e+09 1.0000e+08 1.7368e-10
4.8978e-09 6.7459e-11 1.4090e+25 2.7106e+17 7.0000e+09 1.0000e+08 1.7368e-10
7.2444e-09 7.5685e-11 6.5116e+24 2.9372e+17 7.0000e+09 1.0000e+08 1.7368e-10
1.0715e-08 6.7658e-11 2.5309e+24 3.0809e+17 7.0000e+09 1.0000e+08 1.7368e-10
1.5849e-08 3.8226e-11 7.0197e+23 3.1543e+17 7.0000e+09 1.0000e+08 1.7368e-10
2.3442e-08 4.4242e-11 -4.8793e+22 3.1727e+17 7.0000e+09 1.0000e+08 1.7368e-10
3.4674e-08 6.2409e-11 -2.9629e+23 3.1494e+17 7.0000e+09 1.0000e+08 1.7368e-10
5.1286e-08 4.6040e-11 -3.3368e+23 3.0954e+17 7.0000e+09 1.0000e+08 1.7368e-10
7.5858e-08 6.3099e-11 -3.1238e+23 3.0157e+17 7.0000e+09 1.0000e+08 1.7368e-10
1.1220e-07 1.1671e-10 -2.7926e+23 2.9084e+17 7.0000e+09 1.0000e+08 1.7368e-10
1.6596e-07 5.3642e-11 -2.4078e+23 2.7691e+17 7.0000e+09 1.0000e+08 1.7368e-10
2.4547e-07 5.8217e-11 -1.9926e+23 2.5951e+17 7.0000e+09 1.0000e+08 1.7368e-10
3.6308e-07 5.6364e-11 -1.5760e+23 2.3870e+17 7.0000e+09 1.0000e+08 1.7368e-10
5.3703e-07 7.6277e-11 -1.1874e+23 2.1495e+17 7.0000e+09 1.0000e+08 1.7368e-10
7.9433e-07 7.2812e-11 -8.4956e+22 1.8915e+17 7.0000e+09 1.0000e+08 1.7368e-10
1.1749e-06 1.5192e-10 -5.7380e+22 1.6261e+17 7.0000e+09 1.0000e+08 1.7368e-10
1.7378e-06 3.5187e-11 -3.6083e+22 1.3698e+17 7.0000e+09 1.0000e+08 1.7368e-10
2.5704e-06 7.0824e-11 -2.0549e+22 1.1420e+17 7.0000e+09 1.0000e+08 1.7368e-10
3.8019e-06 3.0525e-11 -1.0060e+22 9.6254e+16 7.0000e+09 1.0000e+08 1.7368e-10
5.6234e-06 2.3478e-10 -3.8539e+21 8.4533e+16 7.0000e+09 1.0000e+08 1.7368e-10
8.3176e-06 8.6295e-11 -9.8733e+20 7.8881e+16 7.0000e+09 1.0000e+08 1.7368e-10
1.2303e-05 1.7927e-10 -2.2522e+20 7.7033e+16 7.0000e+09 1.0000e+08 1.7368e-10
1.8197e-05 3.3943e-11 -2.7976e+20 7.5665e+16 7.0000e+09 1.0000e+08 1.7368e-10
2.6915e-05 1.3019e-10 -3.0981e+20 7.2928e+16 7.0000e+09 1.0000e+08 1.7368e-10
3.9811e-05 1.0995e-11 -1.6364e+20 6.9849e+16 7.0000e+09 1.0000e+08 1.7368e-10
5.8884e-05 8.9545e-11 -3.9638e+19 6.8142e+16 7.0000e+09 1.0000e+08 1.7368e-10
8.7096e-05 4.1593e-12 -3.8886e+18 6.7702e+16 7.0000e+09 1.0000e+08 1.7368e-10
1.2882e-04 2.4689e-09 -1.1842e+17 6.7658e+16 7.0000e+09 1.0000e+08 1.7368e-10
1.9055e-04 7.5756e-09 -7.8502e+15 6.7656e+16 7.0000e+09 1.0000e+08 1.7368e-10
2.8184e-04 1.2483e-08 -7.9178e+15 6.7655e+16 7.0000e+09 1.0000e+08 1.7368e-10
4.1687e-04 2.5905e-09 -4.6251e+16 6.7655e+16 7.0000e+09 1.0000e+08 1.7368e-10
6.1660e-04 9.9764e-09 -1.3492e+16 6.7655e+16 7.0000e+09 1.0000e+08 1.7368e-10
9.1201e-04 1.5147e-10 -1.1830e+17 6.7655e+16 7.0000e+09 1.0000e+08 1.7368e-10
1.3490e-03 9.8834e-09 -9.5573e+15 6.7656e+16 7.0000e+09 1.0000e+08 1.7368e-10
1.9953e-03 1.2399e-09 -7.6631e+16 6.7656e+16 7.0000e+09 1.0000e+08 1.7368e-10
2.9512e-03 1.0018e-08 -1.5298e+16 6.7656e+16 7.0000e+09 1.0000e+08 1.7368e-10
4.3652e-03 1.0020e-08 -1.5402e+16 6.7656e+16 7.0000e+09 1.0000e+08 1.7368e-10
6.4565e-03 6.3609e-09 -2.8344e+16 6.7656e+16 7.0000e+09 1.0000e+08 1.7368e-10
9.5499e-03 3.4234e-09 -4.5270e+16 6.7656e+16 7.0000e+09 1.0000e+08 1.7368e-10
1.4125e-02 4.8729e-09 -3.5352e+16 6.7656e+16 7.0000e+09 1.0000e+08 1.7368e-10
2.0893e-02 9.9347e-09 -1.7224e+16 6.7656e+16 7.0000e+09 1.0000e+08 1.7368e-10
3.0903e-02 1.0033e-08 -1.5998e+16 6.7656e+16 7.0000e+09 1.0000e+08 1.7368e-10
4.5709e-02 9.7454e-09 -4.2953e+15 6.7656e+16 7.0000e+09 1.0000e+08 1.7368e-10
6.7608e-02 9.9371e-09 -1.1798e+16 6.7656e+16 7.0000e+09 1.0000e+08 1.7368e-10
1.0000e-01 9.8948e-09 -1.7323e+16 6.7656e+16 7.0000e+09 1.0000e+08 1.7368e-10