+7.504 +6.504 10.387  2.883 0.250 0.000 1.000   nan -1.496e-01 -5.591e-01 -2.517e+00 -4.435e+00 -1.180e+01 -2.957e+00 -5.361e+00 -1.509e+01 -2.017e+00 -5.305e+00 -4.662e+00 -1.631e+01 -1.751e+01 -1.279e+01 -2.806e+00
+7.545 +6.545 10.429  2.883 0.250 0.000 1.000 -2.333e+01 -1.496e-01 -5.591e-01 -2.517e+00 -4.435e+00 -1.180e+01 -2.957e+00 -5.361e+00 -1.509e+01 -2.017e+00 -5.305e+00 -4.662e+00 -1.631e+01 -1.751e+01 -1.275e+01 -2.806e+00
+7.587 +6.587 10.470  2.883 0.250 0.000 1.000   nan -1.496e-01 -5.591e-01 -2.517e+00 -4.435e+00 -1.180e+01 -2.957e+00 -5.361e+00 -1.509e+01 -2.017e+00 -5.305e+00 -4.662e+00 -1.631e+01 -1.751e+01 -1.271e+01 -2.806e+00
+7.670 +6.670 10.553  2.883 0.250 0.000 1.000   nan -1.496e-01 -5.591e-01 -2.517e+00 -4.435e+00 -1.180e+01 -2.957e+00 -5.361e+00 -1.509e+01 -2.017e+00 -5.305e+00 -4.662e+00 -1.631e+01 -1.751e+01 -1.263e+01 -2.806e+00
+7.711 +6.711 10.594  2.883 0.250 0.000 1.000 -2.333e+01 -1.496e-01 -5.591e-01 -2.517e+00 -4.435e+00 -1.180e+01 -2.957e+00 -5.361e+00 -1.509e+01 -2.017e+00 -5.305e+00 -4.662e+00 -1.631e+01 -1.751e+01 -1.258e+01 -2.806e+00
+7.752 +6.752 10.635  2.883 0.250 0.000 1.000   nan -1.496e-01 -5.591e-01 -2.517e+00 -4.435e+00 -1.180e+01 -2.957e+00 -5.362e+00 -1.509e+01 -2.017e+00 -5.305e+00 -4.662e+00 -1.631e+01 -1.751e+01 -1.254e+01 -2.806e+00
+7.835 +6.835 10.718  2.883 0.250 0.000 1.000   nan -1.496e-01 -5.591e-01 -2.517e+00 -4.435e+00 -1.180e+01 -2.957e+00 -5.362e+00 -1.509e+01 -2.017e+00 -5.305e+00 -4.662e+00 -1.631e+01 -1.751e+01 -1.246e+01 -2.806e+00
+7.877 +6.877 10.760  2.883 0.250 0.000 1.000 -2.333e+01 -1.496e-01 -5.591e-01 -2.517e+00 -4.435e+00 -1.180e+01 -2.957e+00 -5.363e+00 -1.509e+01 -2.017e+00 -5.305e+00 -4.662e+00 -1.631e+01 -1.751e+01 -1.242e+01 -2.806e+00
+7.918 +6.918 10.801  2.883 0.250 0.000 1.000   nan -1.496e-01 -5.591e-01 -2.517e+00 -4.434e+00 -1.180e+01 -2.957e+00 -5.363e+00 -1.509e+01 -2.017e+00 -5.305e+00 -4.662e+00 -1.631e+01 -1.751e+01 -1.238e+01 -2.806e+00
+8.001 +7.001 10.884  2.882 0.250 0.000 1.000   nan -1.496e-01 -5.591e-01 -2.517e+00 -4.434e+00 -1.180e+01 -2.957e+00 -5.364e+00 -1.509e+01 -2.017e+00 -5.305e+00 -4.662e+00 -1.631e+01 -1.751e+01 -1.229e+01 -2.806e+00
+8.042 +7.042 10.925  2.882 0.250 0.000 1.000 -2.333e+01 -1.496e-01 -5.591e-01 -2.517e+00 -4.434e+00 -1.180e+01 -2.957e+00 -5.364e+00 -1.509e+01 -2.017e+00 -5.305e+00 -4.662e+00 -1.631e+01 -1.751e+01 -1.225e+01 -2.806e+00
+8.084 +7.084 10.966  2.882 0.250 0.000 1.000   nan -1.496e-01 -5.591e-01 -2.517e+00 -4.434e+00 -1.180e+01 -2.957e+00 -5.365e+00 -1.509e+01 -2.017e+00 -5.305e+00 -4.662e+00 -1.631e+01 -1.751e+01 -1.221e+01 -2.806e+00
+8.166 +7.166 11.049  2.882 0.250 0.000 1.000   nan -1.496e-01 -5.591e-01 -2.517e+00 -4.433e+00 -1.180e+01 -2.957e+00 -5.366e+00 -1.509e+01 -2.017e+00 -5.305e+00 -4.662e+00 -1.631e+01 -1.751e+01 -1.213e+01 -2.806e+00
+8.208 +7.208 11.090  2.882 0.250 0.000 1.000 -2.333e+01 -1.496e-01 -5.591e-01 -2.517e+00 -4.433e+00 -1.180e+01 -2.957e+00 -5.367e+00 -1.509e+01 -2.017e+00 -5.305e+00 -4.662e+00 -1.631e+01 -1.751e+01 -1.209e+01 -2.806e+00
+8.291 +7.291 11.173  2.882 0.250 0.000 1.000 -2.333e+01 -1.496e-01 -5.591e-01 -2.517e+00 -4.432e+00 -1.180e+01 -2.957e+00 -5.368e+00 -1.509e+01 -2.017e+00 -5.305e+00 -4.662e+00 -1.631e+01 -1.751e+01 -1.200e+01 -2.806e+00
+8.332 +7.332 11.214  2.881 0.250 0.000 1.000   nan -1.496e-01 -5.591e-01 -2.517e+00 -4.432e+00 -1.180e+01 -2.957e+00 -5.369e+00 -1.509e+01 -2.017e+00 -5.305e+00 -4.662e+00 -1.631e+01 -1.751e+01 -1.196e+01 -2.806e+00
+8.373 +7.373 11.256  2.881 0.250 0.000 1.000 -2.333e+01 -1.496e-01 -5.591e-01 -2.517e+00 -4.431e+00 -1.180e+01 -2.957e+00 -5.370e+00 -1.509e+01 -2.017e+00 -5.305e+00 -4.662e+00 -1.631e+01 -1.751e+01 -1.192e+01 -2.806e+00
+8.456 +7.456 11.338  2.881 0.250 0.000 1.000 -2.333e+01 -1.496e-01 -5.591e-01 -2.517e+00 -4.430e+00 -1.180e+01 -2.957e+00 -5.373e+00 -1.509e+01 -2.017e+00 -5.305e+00 -4.662e+00 -1.631e+01 -1.751e+01 -1.184e+01 -2.806e+00
+8.497 +7.497 11.379  2.881 0.250 0.000 1.000   nan -1.496e-01 -5.591e-01 -2.517e+00 -4.430e+00 -1.180e+01 -2.957e+00 -5.374e+00 -1.509e+01 -2.017e+00 -5.305e+00 -4.662e+00 -1.631e+01 -1.751e+01 -1.180e+01 -2.806e+00
+8.539 +7.539 11.421  2.880 0.250 0.000 1.000 -2.333e+01 -1.496e-01 -5.591e-01 -2.517e+00 -4.429e+00 -1.180e+01 -2.957e+00 -5.376e+00 -1.509e+01 -2.017e+00 -5.305e+00 -4.662e+00 -1.631e+01 -1.751e+01 -1.176e+01 -2.806e+00
+8.622 +7.622 11.503  2.880 0.250 0.000 1.000 -2.333e+01 -1.496e-01 -5.591e-01 -2.517e+00 -4.427e+00 -1.180e+01 -2.957e+00 -5.379e+00 -1.509e+01 -2.017e+00 -5.305e+00 -4.662e+00 -1.631e+01 -1.751e+01 -1.167e+01 -2.806e+00
+8.663 +7.663 11.544  2.879 0.250 0.000 1.000   nan -1.496e-01 -5.591e-01 -2.517e+00 -4.427e+00 -1.180e+01 -2.957e+00 -5.381e+00 -1.509e+01 -2.017e+00 -5.305e+00 -4.662e+00 -1.631e+01 -1.751e+01 -1.163e+01 -2.806e+00
+8.704 +7.704 11.585  2.879 0.250 0.000 1.000 -2.333e+01 -1.496e-01 -5.591e-01 -2.517e+00 -4.426e+00 -1.180e+01 -2.957e+00 -5.384e+00 -1.509e+01 -2.017e+00 -5.305e+00 -4.662e+00 -1.631e+01 -1.751e+01 -1.159e+01 -2.806e+00
+8.787 +7.787 11.668  2.878 0.250 0.000 1.000 -2.333e+01 -1.496e-01 -5.591e-01 -2.517e+00 -4.423e+00 -1.180e+01 -2.957e+00 -5.389e+00 -1.509e+01 -2.017e+00 -5.305e+00 -4.662e+00 -1.631e+01 -1.751e+01 -1.151e+01 -2.806e+00
+8.829 +7.829 11.709  2.878 0.250 0.000 1.000   nan -1.496e-01 -5.591e-01 -2.517e+00 -4.422e+00 -1.180e+01 -2.957e+00 -5.392e+00 -1.509e+01 -2.017e+00 -5.305e+00 -4.662e+00 -1.631e+01 -1.751e+01 -1.147e+01 -2.806e+00
+8.870 +7.870 11.750  2.877 0.250 0.000 1.000 -2.333e+01 -1.496e-01 -5.591e-01 -2.517e+00 -4.421e+00 -1.180e+01 -2.957e+00 -5.395e+00 -1.509e+01 -2.017e+00 -5.305e+00 -4.662e+00 -1.631e+01 -1.751e+01 -1.143e+01 -2.806e+00
+8.953 +7.953 11.832  2.876 0.250 0.000 1.000 -2.333e+01 -1.496e-01 -5.591e-01 -2.517e+00 -4.418e+00 -1.180e+01 -2.957e+00 -5.403e+00 -1.509e+01 -2.017e+00 -5.305e+00 -4.662e+00 -1.631e+01 -1.751e+01 -1.134e+01 -2.806e+00
+8.994 +7.994 11.873  2.875 0.250 0.000 1.000   nan -1.496e-01 -5.591e-01 -2.517e+00 -4.416e+00 -1.180e+01 -2.957e+00 -5.407e+00 -1.509e+01 -2.017e+00 -5.305e+00 -4.662e+00 -1.631e+01 -1.751e+01 -1.130e+01 -2.806e+00
+9.036 +8.036 11.914  2.875 0.250 0.000 1.000 -2.333e+01 -1.496e-01 -5.591e-01 -2.517e+00 -4.414e+00 -1.180e+01 -2.957e+00 -5.412e+00 -1.509e+01 -2.017e+00 -5.305e+00 -4.662e+00 -1.631e+01 -1.751e+01 -1.126e+01 -2.806e+00
+9.118 +8.118 11.996  2.873 0.250 0.000 1.000 -2.333e+01 -1.496e-01 -5.591e-01 -2.517e+00 -4.409e+00 -1.180e+01 -2.957e+00 -5.423e+00 -1.509e+01 -2.017e+00 -5.305e+00 -4.662e+00 -1.631e+01 -1.751e+01 -1.118e+01 -2.806e+00
+9.160 +8.160 12.037  2.872 0.250 0.000 1.000   nan -1.496e-01 -5.591e-01 -2.517e+00 -4.407e+00 -1.180e+01 -2.957e+00 -5.429e+00 -1.509e+01 -2.017e+00 -5.305e+00 -4.662e+00 -1.631e+01 -1.751e+01 -1.114e+01 -2.806e+00
+9.201 +8.201 12.078  2.871 0.250 0.000 1.000 -2.333e+01 -1.496e-01 -5.591e-01 -2.517e+00 -4.404e+00 -1.180e+01 -2.957e+00 -5.436e+00 -1.509e+01 -2.017e+00 -5.305e+00 -4.662e+00 -1.631e+01 -1.751e+01 -1.109e+01 -2.806e+00
+9.284 +8.284 12.159  2.868 0.250 0.000 1.000 -2.333e+01 -1.496e-01 -5.591e-01 -2.517e+00 -4.398e+00 -1.180e+01 -2.957e+00 -5.453e+00 -1.509e+01 -2.017e+00 -5.305e+00 -4.662e+00 -1.631e+01 -1.751e+01 -1.101e+01 -2.806e+00
+9.325 +8.325 12.200  2.867 0.250 0.000 1.000   nan -1.496e-01 -5.591e-01 -2.517e+00 -4.394e+00 -1.180e+01 -2.957e+00 -5.462e+00 -1.509e+01 -2.017e+00 -5.305e+00 -4.662e+00 -1.631e+01 -1.751e+01 -1.097e+01 -2.806e+00
+9.367 +8.367 12.240  2.866 0.250 0.000 1.000 -2.333e+01 -1.496e-01 -5.591e-01 -2.517e+00 -4.390e+00 -1.180e+01 -2.957e+00 -5.472e+00 -1.509e+01 -2.017e+00 -5.305e+00 -4.662e+00 -1.631e+01 -1.751e+01 -1.093e+01 -2.806e+00
+9.450 +8.450 12.321  2.862 0.250 0.000 1.000 -2.333e+01 -1.496e-01 -5.591e-01 -2.518e+00 -4.381e+00 -1.180e+01 -2.957e+00 -5.496e+00 -1.509e+01 -2.017e+00 -5.305e+00 -4.662e+00 -1.631e+01 -1.751e+01 -1.085e+01 -2.806e+00
+9.491 +8.491 12.362  2.861 0.250 0.000 1.000   nan -1.496e-01 -5.591e-01 -2.518e+00 -4.376e+00 -1.180e+01 -2.957e+00 -5.510e+00 -1.509e+01 -2.017e+00 -5.304e+00 -4.662e+00 -1.631e+01 -1.751e+01 -1.080e+01 -2.806e+00
+9.532 +8.532 12.402  2.859 0.250 0.000 1.000 -2.333e+01 -1.496e-01 -5.591e-01 -2.518e+00 -4.370e+00 -1.180e+01 -2.957e+00 -5.525e+00 -1.509e+01 -2.017e+00 -5.304e+00 -4.662e+00 -1.631e+01 -1.751e+01 -1.076e+01 -2.806e+00
+9.615 +8.615 12.482  2.855 0.250 0.000 1.000 -2.333e+01 -1.496e-01 -5.591e-01 -2.518e+00 -4.358e+00 -1.180e+01 -2.957e+00 -5.560e+00 -1.509e+01 -2.017e+00 -5.304e+00 -4.662e+00 -1.631e+01 -1.751e+01 -1.068e+01 -2.806e+00
+9.656 +8.656 12.522  2.852 0.250 0.000 1.000   nan -1.496e-01 -5.591e-01 -2.518e+00 -4.351e+00 -1.180e+01 -2.957e+00 -5.580e+00 -1.509e+01 -2.017e+00 -5.304e+00 -4.662e+00 -1.631e+01 -1.751e+01 -1.064e+01 -2.806e+00
+9.698 +8.698 12.562  2.850 0.250 0.000 1.000 -2.333e+01 -1.496e-01 -5.591e-01 -2.518e+00 -4.343e+00 -1.180e+01 -2.957e+00 -5.602e+00 -1.509e+01 -2.017e+00 -5.304e+00 -4.662e+00 -1.631e+01 -1.751e+01 -1.060e+01 -2.806e+00
+9.781 +8.781 12.642  2.845 0.250 0.000 1.000 -2.333e+01 -1.496e-01 -5.591e-01 -2.518e+00 -4.326e+00 -1.180e+01 -2.957e+00 -5.653e+00 -1.509e+01 -2.017e+00 -5.304e+00 -4.662e+00 -1.631e+01 -1.751e+01 -1.051e+01 -2.806e+00
+9.822 +8.822 12.682  2.842 0.250 0.000 1.000   nan -1.496e-01 -5.591e-01 -2.518e+00 -4.316e+00 -1.180e+01 -2.957e+00 -5.682e+00 -1.509e+01 -2.017e+00 -5.304e+00 -4.662e+00 -1.631e+01 -1.751e+01 -1.047e+01 -2.806e+00
+9.863 +8.863 12.721  2.840 0.250 0.000 1.000 -2.333e+01 -1.496e-01 -5.591e-01 -2.518e+00 -4.306e+00 -1.180e+01 -2.957e+00 -5.715e+00 -1.509e+01 -2.017e+00 -5.304e+00 -4.662e+00 -1.631e+01 -1.751e+01 -1.043e+01 -2.806e+00
+9.946 +8.946 12.800  2.834 0.250 0.000 1.000 -2.334e+01 -1.496e-01 -5.591e-01 -2.519e+00 -4.283e+00 -1.180e+01 -2.957e+00 -5.789e+00 -1.509e+01 -2.017e+00 -5.304e+00 -4.663e+00 -1.631e+01 -1.751e+01 -1.035e+01 -2.806e+00
+9.988 +8.988 12.840  2.831 0.250 0.000 1.000   nan -1.496e-01 -5.591e-01 -2.519e+00 -4.271e+00 -1.180e+01 -2.957e+00 -5.832e+00 -1.509e+01 -2.017e+00 -5.304e+00 -4.663e+00 -1.631e+01 -1.751e+01 -1.031e+01 -2.806e+00
+10.029 +9.029 12.879  2.829 0.250 0.000 1.000 -2.334e+01 -1.496e-01 -5.591e-01 -2.519e+00 -4.257e+00 -1.180e+01 -2.957e+00 -5.879e+00 -1.509e+01 -2.017e+00 -5.304e+00 -4.663e+00 -1.631e+01 -1.751e+01 -1.027e+01 -2.806e+00
+10.112 +9.112 12.958  2.824 0.250 0.000 1.000 -2.334e+01 -1.496e-01 -5.591e-01 -2.520e+00 -4.228e+00 -1.180e+01 -2.957e+00 -5.987e+00 -1.509e+01 -2.017e+00 -5.304e+00 -4.663e+00 -1.631e+01 -1.751e+01 -1.018e+01 -2.806e+00
+10.153 +9.153 12.997  2.822 0.250 0.000 1.000   nan -1.496e-01 -5.591e-01 -2.520e+00 -4.212e+00 -1.180e+01 -2.956e+00 -6.049e+00 -1.509e+01 -2.017e+00 -5.304e+00 -4.663e+00 -1.631e+01 -1.751e+01 -1.014e+01 -2.806e+00
+10.195 +9.195 13.036  2.820 0.250 0.000 1.000 -2.334e+01 -1.496e-01 -5.591e-01 -2.520e+00 -4.195e+00 -1.180e+01 -2.956e+00 -6.116e+00 -1.509e+01 -2.017e+00 -5.304e+00 -4.663e+00 -1.631e+01 -1.751e+01 -1.010e+01 -2.806e+00
+10.277 +9.277 13.115  2.817 0.250 0.000 1.000 -2.334e+01 -1.496e-01 -5.591e-01 -2.521e+00 -4.159e+00 -1.180e+01 -2.956e+00 -6.269e+00 -1.509e+01 -2.017e+00 -5.304e+00 -4.663e+00 -1.631e+01 -1.751e+01 -1.002e+01 -2.806e+00
+10.319 +9.319 13.154  2.816 0.250 0.000 1.000   nan -1.496e-01 -5.591e-01 -2.522e+00 -4.139e+00 -1.180e+01 -2.956e+00 -6.355e+00 -1.509e+01 -2.017e+00 -5.304e+00 -4.663e+00 -1.631e+01 -1.751e+01 -9.977e+00 -2.806e+00
+10.360 +9.360 13.194  2.816 0.250 0.000 1.000 -2.334e+01 -1.496e-01 -5.591e-01 -2.522e+00 -4.119e+00 -1.181e+01 -2.956e+00 -6.446e+00 -1.509e+01 -2.017e+00 -5.304e+00 -4.664e+00 -1.631e+01 -1.751e+01 -9.936e+00 -2.806e+00
+10.443 +9.443 13.274  2.817 0.250 0.000 1.000 -2.334e+01 -1.496e-01 -5.591e-01 -2.523e+00 -4.075e+00 -1.181e+01 -2.956e+00 -6.643e+00 -1.509e+01 -2.017e+00 -5.303e+00 -4.664e+00 -1.631e+01 -1.751e+01 -9.853e+00 -2.806e+00
+10.484 +9.484 13.314  2.818 0.250 0.000 1.000   nan -1.496e-01 -5.591e-01 -2.524e+00 -4.052e+00 -1.181e+01 -2.956e+00 -6.744e+00 -1.509e+01 -2.017e+00 -5.303e+00 -4.664e+00 -1.631e+01 -1.751e+01 -9.812e+00 -2.806e+00
+10.526 +9.526 13.355  2.820 0.250 0.000 1.000 -2.334e+01 -1.496e-01 -5.591e-01 -2.525e+00 -4.029e+00 -1.181e+01 -2.955e+00 -6.842e+00 -1.509e+01 -2.017e+00 -5.303e+00 -4.664e+00 -1.631e+01 -1.751e+01 -9.771e+00 -2.806e+00
+10.608 +9.608 13.436  2.824 0.250 0.000 1.000 -2.334e+01 -1.496e-01 -5.591e-01 -2.526e+00 -3.979e+00 -1.181e+01 -2.955e+00 -7.012e+00 -1.509e+01 -2.017e+00 -5.303e+00 -4.665e+00 -1.631e+01 -1.751e+01 -9.688e+00 -2.806e+00
+10.650 +9.650 13.478  2.827 0.250 0.000 1.000   nan -1.496e-01 -5.591e-01 -2.527e+00 -3.953e+00 -1.181e+01 -2.954e+00 -7.075e+00 -1.509e+01 -2.017e+00 -5.303e+00 -4.665e+00 -1.631e+01 -1.751e+01 -9.647e+00 -2.806e+00
+10.691 +9.691 13.519  2.831 0.250 0.000 1.000 -2.334e+01 -1.496e-01 -5.591e-01 -2.528e+00 -3.926e+00 -1.181e+01 -2.954e+00 -7.121e+00 -1.509e+01 -2.017e+00 -5.302e+00 -4.665e+00 -1.631e+01 -1.751e+01 -9.606e+00 -2.806e+00
+10.774 +9.774 13.604  2.839 0.250 0.000 1.000 -2.334e+01 -1.496e-01 -5.591e-01 -2.531e+00 -3.871e+00 -1.181e+01 -2.953e+00 -7.169e+00 -1.508e+01 -2.017e+00 -5.302e+00 -4.666e+00 -1.631e+01 -1.751e+01 -9.523e+00 -2.806e+00
+10.815 +9.815 13.646  2.843 0.250 0.000 1.000   nan -1.496e-01 -5.591e-01 -2.532e+00 -3.843e+00 -1.181e+01 -2.952e+00 -7.179e+00 -1.508e+01 -2.017e+00 -5.302e+00 -4.666e+00 -1.631e+01 -1.750e+01 -9.482e+00 -2.806e+00
+10.857 +9.857 13.689  2.848 0.250 0.000 1.000 -2.334e+01 -1.496e-01 -5.591e-01 -2.534e+00 -3.814e+00 -1.182e+01 -2.952e+00 -7.183e+00 -1.508e+01 -2.017e+00 -5.301e+00 -4.667e+00 -1.631e+01 -1.750e+01 -9.441e+00 -2.806e+00
+10.940 +9.940 13.776  2.859 0.250 0.000 1.000 -2.334e+01 -1.496e-01 -5.591e-01 -2.537e+00 -3.756e+00 -1.182e+01 -2.950e+00 -7.185e+00 -1.508e+01 -2.017e+00 -5.301e+00 -4.668e+00 -1.631e+01 -1.750e+01 -9.358e+00 -2.806e+00
+10.981 +9.981 13.820  2.865 0.250 0.000 1.000   nan -1.496e-01 -5.591e-01 -2.540e+00 -3.727e+00 -1.182e+01 -2.948e+00 -7.185e+00 -1.508e+01 -2.017e+00 -5.300e+00 -4.668e+00 -1.631e+01 -1.750e+01 -9.317e+00 -2.806e+00
+11.022 +10.022 13.865  2.871 0.250 0.000 1.000 -2.334e+01 -1.496e-01 -5.591e-01 -2.542e+00 -3.697e+00 -1.182e+01 -2.947e+00 -7.185e+00 -1.508e+01 -2.017e+00 -5.300e+00 -4.669e+00 -1.631e+01 -1.750e+01 -9.276e+00 -2.806e+00
+11.105 +10.105 13.955  2.885 0.250 0.000 1.000 -2.334e+01 -1.496e-01 -5.591e-01 -2.547e+00 -3.638e+00 -1.183e+01 -2.943e+00 -7.183e+00 -1.508e+01 -2.017e+00 -5.299e+00 -4.670e+00 -1.631e+01 -1.750e+01 -9.194e+00 -2.806e+00
+11.147 +10.147 14.000  2.892 0.250 0.000 1.000   nan -1.496e-01 -5.591e-01 -2.550e+00 -3.609e+00 -1.183e+01 -2.941e+00 -7.182e+00 -1.507e+01 -2.017e+00 -5.298e+00 -4.671e+00 -1.631e+01 -1.750e+01 -9.153e+00 -2.806e+00
+11.188 +10.188 14.046  2.900 0.250 0.000 1.000 -2.335e+01 -1.496e-01 -5.591e-01 -2.554e+00 -3.579e+00 -1.184e+01 -2.938e+00 -7.181e+00 -1.507e+01 -2.017e+00 -5.298e+00 -4.672e+00 -1.631e+01 -1.750e+01 -9.112e+00 -2.806e+00
+11.271 +10.271 14.138  2.915 0.250 0.000 1.000 -2.335e+01 -1.496e-01 -5.591e-01 -2.562e+00 -3.522e+00 -1.184e+01 -2.931e+00 -7.178e+00 -1.506e+01 -2.017e+00 -5.296e+00 -4.674e+00 -1.631e+01 -1.750e+01 -9.030e+00 -2.806e+00
+11.312 +10.312 14.185  2.923 0.312 0.000 1.000   nan -1.496e-01 -5.591e-01 -2.566e+00 -3.494e+00 -1.185e+01 -2.927e+00 -7.176e+00 -1.506e+01 -2.017e+00 -5.295e+00 -4.675e+00 -1.631e+01 -1.750e+01 -8.990e+00 -2.806e+00
+11.354 +10.354 14.232  2.932 0.312 0.000 1.000 -2.335e+01 -1.496e-01 -5.591e-01 -2.571e+00 -3.467e+00 -1.185e+01 -2.922e+00 -7.174e+00 -1.506e+01 -2.017e+00 -5.294e+00 -4.677e+00 -1.631e+01 -1.750e+01 -8.949e+00 -2.806e+00
+11.436 +10.436 14.327  2.948 0.312 0.000 1.000 -2.336e+01 -1.496e-01 -5.591e-01 -2.582e+00 -3.414e+00 -1.186e+01 -2.910e+00 -7.168e+00 -1.504e+01 -2.017e+00 -5.292e+00 -4.680e+00 -1.631e+01 -1.750e+01 -8.868e+00 -2.806e+00
+11.478 +10.478 14.375  2.957 0.312 0.000 1.000   nan -1.496e-01 -5.591e-01 -2.589e+00 -3.389e+00 -1.187e+01 -2.902e+00 -7.164e+00 -1.504e+01 -2.017e+00 -5.291e+00 -4.682e+00 -1.631e+01 -1.749e+01 -8.827e+00 -2.806e+00
+11.519 +10.519 14.423  2.965 0.312 0.000 1.000 -2.336e+01 -1.496e-01 -5.591e-01 -2.596e+00 -3.365e+00 -1.188e+01 -2.893e+00 -7.160e+00 -1.503e+01 -2.017e+00 -5.290e+00 -4.684e+00 -1.631e+01 -1.749e+01 -8.787e+00 -2.806e+00
+11.602 +10.602 14.519  2.979 0.312 0.000 1.000 -2.336e+01 -1.496e-01 -5.591e-01 -2.613e+00 -3.321e+00 -1.189e+01 -2.872e+00 -7.149e+00 -1.501e+01 -2.017e+00 -5.287e+00 -4.688e+00 -1.631e+01 -1.749e+01 -8.706e+00 -2.806e+00
+11.643 +10.643 14.567  2.986 0.312 0.000 1.000   nan -1.497e-01 -5.591e-01 -2.623e+00 -3.302e+00 -1.190e+01 -2.859e+00 -7.142e+00 -1.500e+01 -2.017e+00 -5.285e+00 -4.691e+00 -1.631e+01 -1.749e+01 -8.666e+00 -2.806e+00
+11.685 +10.685 14.615  2.992 0.312 0.000 1.000 -2.337e+01 -1.497e-01 -5.591e-01 -2.634e+00 -3.284e+00 -1.191e+01 -2.845e+00 -7.134e+00 -1.498e+01 -2.017e+00 -5.283e+00 -4.694e+00 -1.631e+01 -1.749e+01 -8.626e+00 -2.806e+00
+11.767 +10.767 14.711  3.000 0.312 0.000 1.000 -2.337e+01 -1.497e-01 -5.591e-01 -2.658e+00 -3.254e+00 -1.194e+01 -2.812e+00 -7.115e+00 -1.495e+01 -2.017e+00 -5.279e+00 -4.700e+00 -1.631e+01 -1.748e+01 -8.546e+00 -2.806e+00
+11.809 +10.809 14.758  3.003 0.312 0.000 1.000   nan -1.497e-01 -5.591e-01 -2.672e+00 -3.242e+00 -1.195e+01 -2.794e+00 -7.104e+00 -1.493e+01 -2.017e+00 -5.276e+00 -4.704e+00 -1.631e+01 -1.748e+01 -8.507e+00 -2.806e+00
+11.850 +10.850 14.805  3.004 0.312 0.000 1.000 -2.338e+01 -1.497e-01 -5.591e-01 -2.688e+00 -3.233e+00 -1.196e+01 -2.774e+00 -7.091e+00 -1.491e+01 -2.017e+00 -5.273e+00 -4.708e+00 -1.631e+01 -1.748e+01 -8.468e+00 -2.806e+00
+11.921 +10.921 14.883  3.001 0.312 0.000 1.000 -2.339e+01 -1.497e-01 -5.591e-01 -2.718e+00 -3.224e+00 -1.200e+01 -2.736e+00 -7.063e+00 -1.487e+01 -2.017e+00 -5.268e+00 -4.717e+00 -1.631e+01 -1.747e+01 -8.401e+00 -2.806e+00
+11.962 +10.962 14.928  2.997 0.312 0.000 1.000   nan -1.497e-01 -5.591e-01 -2.739e+00 -3.223e+00 -1.201e+01 -2.712e+00 -7.051e+00 -1.485e+01 -2.017e+00 -5.265e+00 -4.722e+00 -1.631e+01 -1.747e+01 -8.362e+00 -2.806e+00
+12.022 +11.022 14.990  2.985 0.312 0.000 1.000   nan -1.497e-01 -5.591e-01 -2.771e+00 -3.228e+00 -1.204e+01 -2.677e+00 -7.025e+00 -1.482e+01 -2.017e+00 -5.259e+00 -4.731e+00 -1.631e+01 -1.746e+01 -8.307e+00 -2.806e+00
+12.082 +11.082 15.050  2.968 0.312 0.000 1.000   nan -1.497e-01 -5.591e-01 -2.809e+00 -3.241e+00 -1.208e+01 -2.640e+00 -6.999e+00 -1.478e+01 -2.017e+00 -5.253e+00 -4.741e+00 -1.631e+01 -1.746e+01 -8.252e+00 -2.806e+00
+12.130 +11.130 15.096  2.945 0.312 0.000 1.000   nan -1.497e-01 -5.591e-01 -2.843e+00 -3.258e+00 -1.212e+01 -2.610e+00 -6.971e+00 -1.475e+01 -2.017e+00 -5.247e+00 -4.750e+00 -1.631e+01 -1.745e+01 -8.208e+00 -2.806e+00
+12.194 +11.165 15.155  2.908 0.312 0.000 1.000 -2.342e+01 -1.498e-01 -5.591e-01 -2.895e+00 -3.291e+00 -1.217e+01 -2.570e+00 -6.937e+00 -1.471e+01 -2.017e+00 -5.239e+00 -4.765e+00 -1.631e+01 -1.744e+01 -8.151e+00 -2.806e+00
+12.237 +11.058 15.191  2.876 0.312 0.000 1.000 -2.342e+01 -1.498e-01 -5.591e-01 -2.934e+00 -3.319e+00 -1.221e+01 -2.544e+00 -6.914e+00 -1.468e+01 -2.017e+00 -5.232e+00 -4.775e+00 -1.631e+01 -1.744e+01 -8.113e+00 -2.806e+00
+12.307 +11.307 15.246  2.826 0.312 0.000 1.000   nan -1.498e-01 -5.591e-01 -3.007e+00 -3.378e+00 -1.228e+01 -2.503e+00 -6.887e+00 -1.464e+01 -2.017e+00 -5.221e+00 -4.795e+00 -1.631e+01 -1.743e+01 -8.052e+00 -2.806e+00
+12.350 +11.350 15.277  2.784 0.312 0.000 1.000   nan -1.498e-01 -5.591e-01 -3.057e+00 -3.421e+00 -1.232e+01 -2.480e+00 -6.868e+00 -1.462e+01 -2.017e+00 -5.213e+00 -4.809e+00 -1.631e+01 -1.742e+01 -8.016e+00 -2.806e+00
+12.402 +11.323 15.311  2.717 0.312 0.000 1.000 -2.344e+01 -1.498e-01 -5.591e-01 -3.126e+00 -3.484e+00 -1.240e+01 -2.454e+00 -6.841e+00 -1.459e+01 -2.017e+00 -5.202e+00 -4.828e+00 -1.631e+01 -1.741e+01 -7.973e+00 -2.806e+00
+12.458 +11.452 15.344  2.647 0.312 0.000 1.000   nan -1.498e-01 -5.591e-01 -3.208e+00 -3.561e+00 -1.248e+01 -2.428e+00 -6.821e+00 -1.456e+01 -2.017e+00 -5.190e+00 -4.850e+00 -1.631e+01 -1.740e+01 -7.927e+00 -2.806e+00
+12.529 +11.529 15.381  2.542 0.312 0.000 1.000   nan -1.499e-01 -5.591e-01 -3.329e+00 -3.678e+00 -1.259e+01 -2.400e+00 -6.798e+00 -1.454e+01 -2.017e+00 -5.173e+00 -4.884e+00 -1.631e+01 -1.738e+01 -7.872e+00 -2.806e+00
+12.573 +11.348 15.400  2.454 0.312 0.000 1.000 -2.346e+01 -1.499e-01 -5.591e-01 -3.411e+00 -3.760e+00 -1.268e+01 -2.385e+00 -6.783e+00 -1.452e+01 -2.017e+00 -5.161e+00 -4.907e+00 -1.631e+01 -1.737e+01 -7.839e+00 -2.806e+00
+12.628 +11.580 15.421  2.359 0.312 0.000 1.000   nan -1.499e-01 -5.590e-01 -3.527e+00 -3.877e+00 -1.279e+01 -2.369e+00 -6.771e+00 -1.450e+01 -2.017e+00 -5.144e+00 -4.941e+00 -1.631e+01 -1.735e+01 -7.799e+00 -2.806e+00
+12.681 +11.503 15.438  2.242 0.312 0.000 1.000 -2.347e+01 -1.499e-01 -5.590e-01 -3.650e+00 -3.999e+00 -1.292e+01 -2.356e+00 -6.760e+00 -1.449e+01 -2.017e+00 -5.127e+00 -4.977e+00 -1.631e+01 -1.733e+01 -7.762e+00 -2.806e+00
+12.737 +11.631 15.453  2.125 0.312 0.000 1.000   nan -1.499e-01 -5.590e-01 -3.789e+00 -4.143e+00 -1.305e+01 -2.346e+00 -6.753e+00 -1.448e+01 -2.017e+00 -5.108e+00 -5.020e+00 -1.631e+01 -1.731e+01 -7.725e+00 -2.806e+00
+12.802 +11.802 15.468  1.994 0.312 0.000 1.000 -2.347e+01 -1.499e-01 -5.590e-01 -3.965e+00 -4.326e+00 -1.321e+01 -2.337e+00 -6.748e+00 -1.447e+01 -2.017e+00 -5.083e+00 -5.079e+00 -1.631e+01 -1.729e+01 -7.684e+00 -2.806e+00
+12.845 +11.845 15.476  1.900 0.312 0.000 1.000 -2.347e+01 -1.499e-01 -5.590e-01 -4.080e+00 -4.450e+00 -1.333e+01 -2.332e+00 -6.745e+00 -1.446e+01 -2.017e+00 -5.065e+00 -5.123e+00 -1.631e+01 -1.727e+01 -7.659e+00 -2.806e+00
+12.914 +11.884 15.486  1.754 0.312 0.000 1.000   nan -1.499e-01 -5.590e-01 -4.254e+00 -4.649e+00 -1.351e+01 -2.328e+00 -6.742e+00 -1.446e+01 -2.017e+00 -5.035e+00 -5.203e+00 -1.631e+01 -1.724e+01 -7.623e+00 -2.806e+00
+12.952 +11.867 15.492  1.689 0.312 0.000 1.000   nan -1.499e-01 -5.590e-01 -4.333e+00 -4.752e+00 -1.360e+01 -2.326e+00 -6.742e+00 -1.446e+01 -2.017e+00 -5.017e+00 -5.252e+00 -1.631e+01 -1.722e+01 -7.604e+00 -2.806e+00
+13.024 +12.024 15.501  1.613 0.312 0.000 1.000 -2.348e+01 -1.499e-01 -5.590e-01 -4.446e+00 -4.895e+00 -1.371e+01 -2.324e+00 -6.743e+00 -1.446e+01 -2.017e+00 -4.980e+00 -5.361e+00 -1.631e+01 -1.719e+01 -7.573e+00 -2.806e+00
+13.083 +12.083 15.509  1.575 0.312 0.000 1.000 -2.348e+01 -1.500e-01 -5.590e-01 -4.497e+00 -4.971e+00 -1.377e+01 -2.323e+00 -6.745e+00 -1.445e+01 -2.017e+00 -4.949e+00 -5.464e+00 -1.631e+01 -1.716e+01 -7.551e+00 -2.806e+00
+13.124 +12.124 15.515  1.561 0.375 0.000 1.000   nan -1.500e-01 -5.590e-01 -4.517e+00 -4.991e+00 -1.379e+01 -2.323e+00 -6.746e+00 -1.445e+01 -2.017e+00 -4.925e+00 -5.547e+00 -1.631e+01 -1.714e+01 -7.537e+00 -2.806e+00
+13.207 +12.207 15.528  1.546 0.438 0.000 1.000 -2.400e+01 -1.500e-01 -5.589e-01 -4.533e+00 -5.026e+00 -1.381e+01 -2.323e+00 -6.748e+00 -1.445e+01 -2.017e+00 -4.875e+00 -5.739e+00 -1.631e+01 -1.709e+01 -7.515e+00 -2.806e+00
+13.249 +12.249 15.535  1.542 0.438 0.000 1.000 -2.400e+01 -1.500e-01 -5.589e-01 -4.536e+00 -5.033e+00 -1.382e+01 -2.322e+00 -6.749e+00 -1.445e+01 -2.017e+00 -4.848e+00 -5.851e+00 -1.631e+01 -1.706e+01 -7.507e+00 -2.806e+00
+13.290 +12.290 15.543  1.540 0.438 0.000 1.000 -2.400e+01 -1.500e-01 -5.589e-01 -4.537e+00 -5.037e+00 -1.382e+01 -2.322e+00 -6.750e+00 -1.445e+01 -2.017e+00 -4.821e+00 -5.975e+00 -1.631e+01 -1.704e+01 -7.500e+00 -2.806e+00
+13.373 +12.373 15.560  1.537 0.438 0.000 1.000 -2.400e+01 -1.500e-01 -5.589e-01 -4.539e+00 -5.040e+00 -1.382e+01 -2.322e+00 -6.752e+00 -1.445e+01 -2.017e+00 -4.764e+00 -6.263e+00 -1.631e+01 -1.698e+01 -7.491e+00 -2.806e+00
+13.414 +12.414 15.570  1.537 0.438 0.000 1.000 -2.400e+01 -1.500e-01 -5.589e-01 -4.540e+00 -5.041e+00 -1.382e+01 -2.322e+00 -6.752e+00 -1.445e+01 -2.017e+00 -4.734e+00 -6.430e+00 -1.631e+01 -1.695e+01 -7.488e+00 -2.806e+00
+13.456 +12.456 15.580  1.536 0.438 0.000 1.000 -2.400e+01 -1.500e-01 -5.588e-01 -4.540e+00 -5.042e+00 -1.382e+01 -2.322e+00 -6.752e+00 -1.445e+01 -2.017e+00 -4.703e+00 -6.614e+00 -1.631e+01 -1.692e+01 -7.487e+00 -2.806e+00
+13.538 +12.538 15.603  1.536 0.438 0.000 1.000 -2.400e+01 -1.500e-01 -5.588e-01 -4.541e+00 -5.043e+00 -1.382e+01 -2.322e+00 -6.753e+00 -1.445e+01 -2.017e+00 -4.640e+00 -7.031e+00 -1.631e+01 -1.686e+01 -7.486e+00 -2.806e+00
+13.580 +12.580 15.616  1.535 0.438 0.000 1.000 -2.400e+01 -1.500e-01 -5.588e-01 -4.541e+00 -5.043e+00 -1.382e+01 -2.322e+00 -6.753e+00 -1.445e+01 -2.017e+00 -4.607e+00 -7.256e+00 -1.631e+01 -1.683e+01 -7.486e+00 -2.806e+00
+13.621 +12.621 15.629  1.535 0.500 0.000 1.000 -2.400e+01 -1.501e-01 -5.587e-01 -4.541e+00 -5.044e+00 -1.382e+01 -2.322e+00 -6.753e+00 -1.445e+01 -2.017e+00 -4.574e+00 -7.475e+00 -1.631e+01 -1.679e+01 -7.487e+00 -2.806e+00
+13.704 +12.704 15.659  1.535 0.500 0.000 1.000 -2.400e+01 -1.501e-01 -5.587e-01 -4.541e+00 -5.044e+00 -1.383e+01 -2.322e+00 -6.753e+00 -1.445e+01 -2.018e+00 -4.506e+00 -7.784e+00 -1.631e+01 -1.673e+01 -7.490e+00 -2.806e+00
+13.745 +12.745 15.675  1.535 0.500 0.000 1.000 -2.400e+01 -1.501e-01 -5.586e-01 -4.541e+00 -5.044e+00 -1.383e+01 -2.322e+00 -6.753e+00 -1.445e+01 -2.018e+00 -4.471e+00 -7.835e+00 -1.631e+01 -1.669e+01 -7.492e+00 -2.806e+00
+13.787 +12.787 15.692  1.535 0.500 0.000 1.000 -2.400e+01 -1.501e-01 -5.586e-01 -4.541e+00 -5.044e+00 -1.383e+01 -2.322e+00 -6.753e+00 -1.445e+01 -2.018e+00 -4.435e+00 -7.836e+00 -1.631e+01 -1.666e+01 -7.494e+00 -2.806e+00
+13.869 +12.869 15.730  1.535 0.500 0.000 1.000 -2.400e+01 -1.502e-01 -5.585e-01 -4.541e+00 -5.044e+00 -1.383e+01 -2.322e+00 -6.753e+00 -1.445e+01 -2.018e+00 -4.363e+00 -7.777e+00 -1.631e+01 -1.658e+01 -7.499e+00 -2.806e+00
+13.911 +12.911 15.750  1.535 0.500 0.000 1.000 -2.400e+01 -1.502e-01 -5.584e-01 -4.541e+00 -5.044e+00 -1.383e+01 -2.322e+00 -6.753e+00 -1.445e+01 -2.018e+00 -4.327e+00 -7.740e+00 -1.631e+01 -1.655e+01 -7.501e+00 -2.806e+00
+13.952 +12.952 15.771  1.535 0.500 0.000 1.000 -2.400e+01 -1.502e-01 -5.583e-01 -4.541e+00 -5.044e+00 -1.383e+01 -2.322e+00 -6.753e+00 -1.445e+01 -2.018e+00 -4.290e+00 -7.700e+00 -1.631e+01 -1.651e+01 -7.504e+00 -2.806e+00
+14.035 +13.035 15.816  1.535 0.500 0.000 1.000 -2.400e+01 -1.503e-01 -5.582e-01 -4.541e+00 -5.044e+00 -1.383e+01 -2.322e+00 -6.753e+00 -1.445e+01 -2.019e+00 -4.215e+00 -7.620e+00 -1.631e+01 -1.644e+01 -7.510e+00 -2.806e+00
+14.076 +13.076 15.840  1.535 0.500 0.000 1.000 -2.400e+01 -1.503e-01 -5.581e-01 -4.541e+00 -5.044e+00 -1.383e+01 -2.322e+00 -6.753e+00 -1.445e+01 -2.019e+00 -4.177e+00 -7.579e+00 -1.632e+01 -1.640e+01 -7.514e+00 -2.806e+00
+14.118 +13.118 15.865  1.535 0.500 0.000 1.000 -2.400e+01 -1.503e-01 -5.580e-01 -4.541e+00 -5.044e+00 -1.383e+01 -2.322e+00 -6.753e+00 -1.445e+01 -2.019e+00 -4.139e+00 -7.539e+00 -1.632e+01 -1.636e+01 -7.518e+00 -2.806e+00
+14.201 +13.201 15.917  1.535 0.562 0.000 1.000 -2.400e+01 -1.504e-01 -5.577e-01 -4.541e+00 -5.044e+00 -1.383e+01 -2.322e+00 -6.753e+00 -1.445e+01 -2.020e+00 -4.062e+00 -7.475e+00 -1.632e+01 -1.628e+01 -7.526e+00 -2.806e+00
+14.242 +13.242 15.945  1.535 0.562 0.000 1.000 -2.400e+01 -1.505e-01 -5.576e-01 -4.541e+00 -5.044e+00 -1.383e+01 -2.322e+00 -6.753e+00 -1.445e+01 -2.020e+00 -4.023e+00 -7.436e+00 -1.632e+01 -1.625e+01 -7.530e+00 -2.806e+00
+14.283 +13.283 15.973  1.535 0.562 0.000 1.000 -2.400e+01 -1.505e-01 -5.575e-01 -4.541e+00 -5.044e+00 -1.383e+01 -2.322e+00 -6.753e+00 -1.445e+01 -2.021e+00 -3.984e+00 -7.396e+00 -1.632e+01 -1.621e+01 -7.535e+00 -2.806e+00
+14.366 +13.366 16.033  1.535 0.562 0.000 1.000 -2.400e+01 -1.507e-01 -5.571e-01 -4.541e+00 -5.044e+00 -1.383e+01 -2.322e+00 -6.753e+00 -1.445e+01 -2.022e+00 -3.906e+00 -7.316e+00 -1.632e+01 -1.613e+01 -7.545e+00 -2.806e+00
+14.408 +13.408 16.064  1.534 0.562 0.000 1.000 -2.400e+01 -1.508e-01 -5.569e-01 -4.541e+00 -5.044e+00 -1.383e+01 -2.322e+00 -6.753e+00 -1.445e+01 -2.022e+00 -3.867e+00 -7.276e+00 -1.632e+01 -1.609e+01 -7.551e+00 -2.806e+00
+14.449 +13.449 16.095  1.534 0.562 0.000 1.000 -2.400e+01 -1.508e-01 -5.567e-01 -4.541e+00 -5.044e+00 -1.383e+01 -2.322e+00 -6.753e+00 -1.445e+01 -2.023e+00 -3.828e+00 -7.235e+00 -1.632e+01 -1.605e+01 -7.556e+00 -2.806e+00
+14.532 +13.532 16.161  1.534 0.562 0.000 1.000 -2.400e+01 -1.510e-01 -5.562e-01 -4.541e+00 -5.044e+00 -1.383e+01 -2.322e+00 -6.753e+00 -1.445e+01 -2.024e+00 -3.749e+00 -7.155e+00 -1.632e+01 -1.597e+01 -7.566e+00 -2.806e+00
+14.573 +13.573 16.194  1.534 0.562 0.000 1.000 -2.400e+01 -1.511e-01 -5.559e-01 -4.541e+00 -5.044e+00 -1.383e+01 -2.322e+00 -6.753e+00 -1.445e+01 -2.025e+00 -3.710e+00 -7.115e+00 -1.632e+01 -1.593e+01 -7.571e+00 -2.806e+00
+14.615 +13.615 16.229  1.534 0.562 0.000 1.000 -2.400e+01 -1.513e-01 -5.556e-01 -4.541e+00 -5.044e+00 -1.383e+01 -2.322e+00 -6.753e+00 -1.445e+01 -2.025e+00 -3.670e+00 -7.075e+00 -1.632e+01 -1.589e+01 -7.575e+00 -2.806e+00
+14.697 +13.697 16.298  1.534 0.562 0.000 1.000 -2.400e+01 -1.516e-01 -5.549e-01 -4.541e+00 -5.044e+00 -1.383e+01 -2.322e+00 -6.753e+00 -1.445e+01 -2.027e+00 -3.592e+00 -6.995e+00 -1.632e+01 -1.582e+01 -7.580e+00 -2.806e+00
+14.739 +13.739 16.334  1.534 0.562 0.000 1.000 -2.400e+01 -1.517e-01 -5.545e-01 -4.541e+00 -5.044e+00 -1.383e+01 -2.322e+00 -6.753e+00 -1.446e+01 -2.028e+00 -3.553e+00 -6.955e+00 -1.633e+01 -1.578e+01 -7.580e+00 -2.806e+00
+14.780 +13.780 16.370  1.534 0.562 0.000 1.000 -2.400e+01 -1.519e-01 -5.541e-01 -4.541e+00 -5.044e+00 -1.383e+01 -2.322e+00 -6.753e+00 -1.446e+01 -2.029e+00 -3.513e+00 -6.916e+00 -1.633e+01 -1.574e+01 -7.579e+00 -2.806e+00
+14.863 +13.863 16.444  1.533 0.562 0.000 1.000 -2.400e+01 -1.523e-01 -5.530e-01 -4.541e+00 -5.043e+00 -1.383e+01 -2.322e+00 -6.753e+00 -1.446e+01 -2.032e+00 -3.435e+00 -6.837e+00 -1.633e+01 -1.566e+01 -7.567e+00 -2.806e+00
+14.904 +13.904 16.481  1.533 0.562 0.000 1.000 -2.400e+01 -1.526e-01 -5.524e-01 -4.541e+00 -5.043e+00 -1.383e+01 -2.322e+00 -6.753e+00 -1.446e+01 -2.034e+00 -3.397e+00 -6.797e+00 -1.633e+01 -1.562e+01 -7.556e+00 -2.806e+00
+14.946 +13.946 16.519  1.533 0.562 0.000 1.000 -2.400e+01 -1.528e-01 -5.517e-01 -4.541e+00 -5.043e+00 -1.383e+01 -2.322e+00 -6.753e+00 -1.446e+01 -2.035e+00 -3.358e+00 -6.758e+00 -1.633e+01 -1.558e+01 -7.542e+00 -2.806e+00
+15.028 +14.028 16.595  1.533 0.562 0.000 1.000 -2.400e+01 -1.534e-01 -5.502e-01 -4.541e+00 -5.043e+00 -1.383e+01 -2.322e+00 -6.752e+00 -1.446e+01 -2.039e+00 -3.281e+00 -6.681e+00 -1.634e+01 -1.551e+01 -7.500e+00 -2.806e+00
+15.070 +14.070 16.633  1.533 0.562 0.000 1.000 -2.400e+01 -1.538e-01 -5.493e-01 -4.540e+00 -5.043e+00 -1.383e+01 -2.322e+00 -6.752e+00 -1.446e+01 -2.042e+00 -3.243e+00 -6.642e+00 -1.634e+01 -1.547e+01 -7.472e+00 -2.806e+00
+15.111 +14.111 16.672  1.532 0.562 0.000 1.000 -2.400e+01 -1.542e-01 -5.484e-01 -4.540e+00 -5.043e+00 -1.383e+01 -2.321e+00 -6.752e+00 -1.446e+01 -2.044e+00 -3.205e+00 -6.604e+00 -1.634e+01 -1.543e+01 -7.440e+00 -2.806e+00
+15.194 +14.194 16.750  1.532 0.562 0.000 1.000 -2.400e+01 -1.551e-01 -5.462e-01 -4.540e+00 -5.042e+00 -1.383e+01 -2.321e+00 -6.751e+00 -1.446e+01 -2.050e+00 -3.131e+00 -6.528e+00 -1.635e+01 -1.536e+01 -7.363e+00 -2.806e+00
+15.223 +14.223 16.778  1.532 0.562 0.000 1.000 -2.400e+01 -1.554e-01 -5.453e-01 -4.539e+00 -5.042e+00 -1.383e+01 -2.321e+00 -6.751e+00 -1.446e+01 -2.052e+00 -3.105e+00 -6.492e+00 -1.635e+01 -1.533e+01 -7.333e+00 -2.806e+00
+15.291 +14.261 16.842  1.532 0.562 0.000 1.000 -2.400e+01 -1.564e-01 -5.430e-01 -4.539e+00 -5.041e+00 -1.383e+01 -2.320e+00 -6.750e+00 -1.446e+01 -2.058e+00 -3.046e+00 -6.424e+00 -1.636e+01 -1.526e+01 -7.253e+00 -2.806e+00
+15.328 +14.243 16.878  1.532 0.562 0.000 1.000 -2.400e+01 -1.570e-01 -5.416e-01 -4.538e+00 -5.041e+00 -1.383e+01 -2.320e+00 -6.750e+00 -1.446e+01 -2.062e+00 -3.014e+00 -6.389e+00 -1.636e+01 -1.523e+01 -7.207e+00 -2.806e+00
+15.391 +14.208 16.938  1.532 0.562 0.000 1.000 -2.400e+01 -1.581e-01 -5.389e-01 -4.537e+00 -5.040e+00 -1.383e+01 -2.319e+00 -6.749e+00 -1.446e+01 -2.069e+00 -2.961e+00 -6.332e+00 -1.637e+01 -1.518e+01 -7.127e+00 -2.806e+00
+15.442 +14.173 16.988  1.532 0.562 0.000 1.000 -2.400e+01 -1.591e-01 -5.365e-01 -4.536e+00 -5.038e+00 -1.383e+01 -2.318e+00 -6.747e+00 -1.446e+01 -2.075e+00 -2.919e+00 -6.288e+00 -1.638e+01 -1.514e+01 -7.064e+00 -2.806e+00
+15.494 +14.129 17.038  1.532 0.562 0.000 1.000 -2.400e+01 -1.603e-01 -5.337e-01 -4.534e+00 -5.037e+00 -1.383e+01 -2.316e+00 -6.746e+00 -1.446e+01 -2.082e+00 -2.878e+00 -6.244e+00 -1.639e+01 -1.509e+01 -7.000e+00 -2.806e+00
+15.551 +14.068 17.093  1.533 0.562 0.000 1.000 -2.400e+01 -1.617e-01 -5.303e-01 -4.532e+00 -5.035e+00 -1.383e+01 -2.314e+00 -6.744e+00 -1.446e+01 -2.091e+00 -2.834e+00 -6.198e+00 -1.640e+01 -1.505e+01 -6.933e+00 -2.806e+00
+15.606 +13.989 17.147  1.534 0.562 0.000 1.000 -2.400e+01 -1.633e-01 -5.265e-01 -4.530e+00 -5.032e+00 -1.383e+01 -2.312e+00 -6.741e+00 -1.446e+01 -2.101e+00 -2.793e+00 -6.156e+00 -1.641e+01 -1.501e+01 -6.872e+00 -2.806e+00
+15.663 +14.047 17.203  1.535 0.562 0.000 1.000 -2.400e+01 -1.653e-01 -5.221e-01 -4.526e+00 -5.029e+00 -1.382e+01 -2.308e+00 -6.738e+00 -1.445e+01 -2.113e+00 -2.752e+00 -6.115e+00 -1.642e+01 -1.497e+01 -6.812e+00 -2.806e+00
+15.715 +13.942 17.255  1.537 0.562 0.000 1.000 -2.400e+01 -1.673e-01 -5.176e-01 -4.522e+00 -5.025e+00 -1.382e+01 -2.305e+00 -6.734e+00 -1.445e+01 -2.125e+00 -2.717e+00 -6.079e+00 -1.644e+01 -1.494e+01 -6.761e+00 -2.806e+00
+15.771 +13.965 17.311  1.540 0.562 0.000 1.000 -2.400e+01 -1.698e-01 -5.121e-01 -4.517e+00 -5.020e+00 -1.382e+01 -2.300e+00 -6.728e+00 -1.445e+01 -2.139e+00 -2.682e+00 -6.043e+00 -1.645e+01 -1.491e+01 -6.710e+00 -2.806e+00
+15.824 +13.971 17.364  1.543 0.562 0.000 1.000 -2.400e+01 -1.724e-01 -5.062e-01 -4.511e+00 -5.014e+00 -1.382e+01 -2.294e+00 -6.722e+00 -1.445e+01 -2.155e+00 -2.650e+00 -6.011e+00 -1.647e+01 -1.488e+01 -6.667e+00 -2.806e+00
+15.879 +13.942 17.420  1.547 0.562 0.000 1.000 -2.400e+01 -1.757e-01 -4.993e-01 -4.503e+00 -5.006e+00 -1.381e+01 -2.286e+00 -6.715e+00 -1.444e+01 -2.173e+00 -2.621e+00 -5.981e+00 -1.649e+01 -1.485e+01 -6.626e+00 -2.806e+00
+15.935 +13.877 17.477  1.553 0.562 0.000 1.000 -2.400e+01 -1.794e-01 -4.915e-01 -4.494e+00 -4.997e+00 -1.381e+01 -2.277e+00 -6.706e+00 -1.444e+01 -2.193e+00 -2.594e+00 -5.954e+00 -1.652e+01 -1.483e+01 -6.589e+00 -2.806e+00
+15.991 +13.933 17.534  1.559 0.562 0.000 1.000 -2.400e+01 -1.838e-01 -4.826e-01 -4.484e+00 -4.986e+00 -1.380e+01 -2.267e+00 -6.695e+00 -1.443e+01 -2.216e+00 -2.571e+00 -5.930e+00 -1.654e+01 -1.481e+01 -6.558e+00 -2.806e+00
+16.045 +13.798 17.591  1.566 0.562 0.000 1.000 -2.400e+01 -1.888e-01 -4.728e-01 -4.472e+00 -4.974e+00 -1.379e+01 -2.255e+00 -6.683e+00 -1.442e+01 -2.241e+00 -2.552e+00 -5.911e+00 -1.657e+01 -1.479e+01 -6.532e+00 -2.806e+00
+16.100 +13.929 17.649  1.574 0.562 0.000 1.000 -2.400e+01 -1.947e-01 -4.616e-01 -4.458e+00 -4.960e+00 -1.379e+01 -2.241e+00 -6.669e+00 -1.442e+01 -2.269e+00 -2.537e+00 -5.896e+00 -1.661e+01 -1.479e+01 -6.511e+00 -2.806e+00
+16.155 +13.862 17.708  1.582 0.562 0.000 1.000 -2.400e+01 -2.016e-01 -4.491e-01 -4.442e+00 -4.945e+00 -1.378e+01 -2.225e+00 -6.654e+00 -1.441e+01 -2.300e+00 -2.527e+00 -5.886e+00 -1.665e+01 -1.478e+01 -6.496e+00 -2.806e+00
+16.211 +13.905 17.767  1.591 0.562 0.000 1.000 -2.400e+01 -2.098e-01 -4.349e-01 -4.425e+00 -4.928e+00 -1.377e+01 -2.208e+00 -6.637e+00 -1.440e+01 -2.334e+00 -2.522e+00 -5.881e+00 -1.669e+01 -1.479e+01 -6.486e+00 -2.806e+00
+16.267 +13.896 17.828  1.599 0.562 0.000 1.000 -2.400e+01 -2.196e-01 -4.189e-01 -4.407e+00 -4.909e+00 -1.376e+01 -2.190e+00 -6.618e+00 -1.439e+01 -2.373e+00 -2.523e+00 -5.881e+00 -1.674e+01 -1.480e+01 -6.483e+00 -2.806e+00
+16.321 +14.016 17.888  1.607 0.562 0.000 0.999 -2.400e+01 -2.310e-01 -4.013e-01 -4.388e+00 -4.891e+00 -1.375e+01 -2.171e+00 -6.599e+00 -1.438e+01 -2.414e+00 -2.529e+00 -5.888e+00 -1.679e+01 -1.481e+01 -6.486e+00 -2.806e+00
+16.377 +13.945 17.949  1.613 0.562 0.000 0.999 -2.400e+01 -2.447e-01 -3.818e-01 -4.368e+00 -4.871e+00 -1.375e+01 -2.151e+00 -6.580e+00 -1.438e+01 -2.459e+00 -2.542e+00 -5.900e+00 -1.685e+01 -1.484e+01 -6.496e+00 -2.806e+00
+16.432 +14.021 18.009  1.616 0.562 0.000 0.999 -2.400e+01 -2.608e-01 -3.606e-01 -4.349e+00 -4.851e+00 -1.374e+01 -2.131e+00 -6.560e+00 -1.437e+01 -2.506e+00 -2.561e+00 -5.919e+00 -1.691e+01 -1.487e+01 -6.512e+00 -2.806e+00
+16.487 +14.078 18.069  1.616 0.562 0.000 0.999 -2.400e+01 -2.801e-01 -3.374e-01 -4.329e+00 -4.832e+00 -1.374e+01 -2.112e+00 -6.541e+00 -1.437e+01 -2.557e+00 -2.586e+00 -5.944e+00 -1.698e+01 -1.492e+01 -6.536e+00 -2.806e+00
+16.543 +14.188 18.129  1.612 0.562 0.000 0.999 -2.400e+01 -3.030e-01 -3.126e-01 -4.311e+00 -4.813e+00 -1.375e+01 -2.093e+00 -6.522e+00 -1.438e+01 -2.610e+00 -2.618e+00 -5.976e+00 -1.706e+01 -1.497e+01 -6.566e+00 -2.806e+00
+16.598 +14.414 18.187  1.603 0.562 0.000 0.999 -2.400e+01 -3.300e-01 -2.865e-01 -4.293e+00 -4.796e+00 -1.376e+01 -2.075e+00 -6.505e+00 -1.439e+01 -2.664e+00 -2.655e+00 -6.012e+00 -1.714e+01 -1.504e+01 -6.602e+00 -2.806e+00
+16.653 +14.213 18.243  1.587 0.562 0.000 0.999 -2.400e+01 -3.620e-01 -2.594e-01 -4.277e+00 -4.779e+00 -1.377e+01 -2.059e+00 -6.488e+00 -1.440e+01 -2.718e+00 -2.697e+00 -6.054e+00 -1.722e+01 -1.511e+01 -6.643e+00 -2.806e+00
+16.709 +14.329 18.297  1.566 0.562 0.000 0.999 -2.400e+01 -4.000e-01 -2.316e-01 -4.261e+00 -4.763e+00 -1.379e+01 -2.042e+00 -6.472e+00 -1.442e+01 -2.771e+00 -2.744e+00 -6.100e+00 -1.732e+01 -1.520e+01 -6.688e+00 -2.806e+00
+16.763 +14.362 18.347  1.537 0.562 0.000 0.999 -2.400e+01 -4.433e-01 -2.044e-01 -4.245e+00 -4.748e+00 -1.382e+01 -2.027e+00 -6.457e+00 -1.445e+01 -2.820e+00 -2.791e+00 -6.148e+00 -1.741e+01 -1.529e+01 -6.736e+00 -2.806e+00
+16.819 +14.074 18.396  1.500 0.562 0.000 0.999 -2.400e+01 -4.956e-01 -1.769e-01 -4.230e+00 -4.733e+00 -1.386e+01 -2.012e+00 -6.442e+00 -1.449e+01 -2.865e+00 -2.840e+00 -6.198e+00 -1.751e+01 -1.539e+01 -6.785e+00 -2.806e+00
+16.874 +14.442 18.440  1.453 0.562 0.000 0.999 -2.400e+01 -5.566e-01 -1.503e-01 -4.217e+00 -4.719e+00 -1.391e+01 -1.998e+00 -6.428e+00 -1.454e+01 -2.905e+00 -2.888e+00 -6.245e+00 -1.761e+01 -1.550e+01 -6.833e+00 -2.806e+00
+16.929 +14.469 18.480  1.394 0.562 0.000 0.999 -2.400e+01 -6.277e-01 -1.253e-01 -4.204e+00 -4.706e+00 -1.396e+01 -1.985e+00 -6.415e+00 -1.459e+01 -2.939e+00 -2.932e+00 -6.290e+00 -1.771e+01 -1.561e+01 -6.878e+00 -2.806e+00
+16.985 +14.384 18.517  1.323 0.562 0.000 0.999 -2.400e+01 -7.114e-01 -1.020e-01 -4.192e+00 -4.694e+00 -1.404e+01 -1.974e+00 -6.404e+00 -1.467e+01 -2.966e+00 -2.972e+00 -6.330e+00 -1.782e+01 -1.574e+01 -6.920e+00 -2.806e+00
+17.040 +14.300 18.548  1.236 0.562 0.000 1.000 -2.400e+01 -8.086e-01 -8.109e-02 -4.181e+00 -4.683e+00 -1.412e+01 -1.962e+00 -6.393e+00 -1.475e+01 -2.988e+00 -3.007e+00 -6.365e+00 -1.794e+01 -1.587e+01 -6.955e+00 -2.806e+00
+17.095 +14.500 18.576  1.133 0.562 0.000 1.000 -2.400e+01 -9.224e-01 -6.272e-02 -4.171e+00 -4.672e+00 -1.423e+01 -1.952e+00 -6.382e+00 -1.486e+01 -3.004e+00 -3.036e+00 -6.394e+00 -1.807e+01 -1.601e+01 -6.985e+00 -2.806e+00
+17.151 +14.460 18.598  1.011 0.562 0.000 1.000 -2.400e+01 -1.055e+00 -4.725e-02 -4.161e+00 -4.663e+00 -1.435e+01 -1.943e+00 -6.373e+00 -1.498e+01 -3.015e+00 -3.059e+00 -6.417e+00 -1.822e+01 -1.617e+01 -7.009e+00 -2.806e+00
+17.206 +14.608 18.616  0.868 0.562 0.000 1.000 -2.400e+01 -1.206e+00 -3.484e-02 -4.153e+00 -4.654e+00 -1.449e+01 -1.934e+00 -6.364e+00 -1.512e+01 -3.023e+00 -3.077e+00 -6.435e+00 -1.837e+01 -1.634e+01 -7.027e+00 -2.806e+00
+17.261 +14.324 18.630  0.698 0.500 0.000 1.000 -2.400e+01 -1.383e+00 -2.515e-02 -4.145e+00 -4.647e+00 -1.466e+01 -1.926e+00 -6.357e+00 -1.529e+01 -3.028e+00 -3.090e+00 -6.448e+00 -1.856e+01 -1.653e+01 -7.040e+00 -2.806e+00
+17.316 +14.518 18.640  0.501 0.500 0.000 1.001 -2.400e+01 -1.587e+00 -1.806e-02 -4.137e+00 -4.639e+00 -1.486e+01 -1.919e+00 -6.349e+00 -1.549e+01 -3.032e+00 -3.099e+00 -6.456e+00 -1.876e+01 -1.674e+01 -7.050e+00 -2.806e+00
+17.372 +14.705 18.647  0.271 0.500 0.000 1.001 -2.400e+01 -1.824e+00 -1.317e-02 -4.131e+00 -4.633e+00 -1.509e+01 -1.913e+00 -6.343e+00 -1.572e+01 -3.033e+00 -3.105e+00 -6.462e+00 -1.900e+01 -1.698e+01 -7.056e+00 -2.806e+00
+17.427 +14.877 18.651  0.006 0.500 0.000 1.001 -2.400e+01 -2.096e+00 -1.006e-02 -4.126e+00 -4.627e+00 -1.535e+01 -1.908e+00 -6.337e+00 -1.598e+01 -3.034e+00 -3.108e+00 -6.465e+00 -1.927e+01 -1.726e+01 -7.059e+00 -2.806e+00
+17.482 +14.897 18.654 -0.300 0.438 0.000 1.001 -2.400e+01 -2.407e+00 -8.236e-03 -4.121e+00 -4.622e+00 -1.566e+01 -1.904e+00 -6.333e+00 -1.629e+01 -3.035e+00 -3.110e+00 -6.467e+00 -1.959e+01 -1.757e+01 -7.061e+00 -2.806e+00
+17.538 +15.230 18.655 -0.655 0.438 0.000 1.001 -2.400e+01 -2.768e+00 -7.258e-03 -4.117e+00 -4.616e+00 -1.601e+01 -1.901e+00 -6.328e+00 -1.665e+01 -3.035e+00 -3.111e+00 -6.467e+00 -1.995e+01 -1.793e+01 -7.062e+00 -2.806e+00
+17.593 +15.353 18.656 -1.057 0.438 0.000 1.001 -2.400e+01 -3.176e+00 -6.799e-03 -4.113e+00 -4.610e+00 -1.642e+01 -1.899e+00 -6.325e+00 -1.705e+01 -3.035e+00 -3.112e+00 -6.465e+00 -2.035e+01 -1.834e+01 -7.063e+00 -2.806e+00
+17.649 +15.646 18.656 -1.531 0.375 0.000 1.001 -2.400e+01 -3.663e+00 -6.600e-03 -4.108e+00 -4.600e+00 -1.689e+01 -1.897e+00 -6.317e+00 -1.753e+01 -3.035e+00 -3.112e+00 -6.463e+00 -2.083e+01 -1.882e+01 -7.063e+00 -2.806e+00
+17.706 +15.944 18.656 -2.076 0.375 0.000 1.001 -2.400e+01 -4.223e+00 -6.531e-03 -4.104e+00 -4.618e+00 -1.744e+01 -1.897e+00 -6.327e+00 -1.808e+01 -3.035e+00 -3.112e+00 -6.456e+00 -2.138e+01 -1.937e+01 -7.063e+00 -2.806e+00
+17.766 +16.347 18.656 -2.731 0.375 0.000 1.001 -2.400e+01 -4.941e+00 -6.509e-03 -4.100e+00 -4.618e+00 -1.812e+01 -1.897e+00 -6.327e+00 -1.876e+01 -3.035e+00 -3.112e+00 -6.447e+00 -2.206e+01 -2.005e+01 -7.063e+00 -2.806e+00
+17.824 +16.613 18.656 -3.479 0.375 0.000 1.001 -2.400e+01 -5.766e+00 -6.505e-03 -4.095e+00 -4.618e+00 -1.889e+01 -1.897e+00 -6.327e+00 -1.953e+01 -3.035e+00 -3.112e+00 -6.442e+00 -2.281e+01 -2.082e+01 -7.063e+00 -2.806e+00
+17.870 +16.784 18.656 -4.208 0.375 0.000 1.001 -2.400e+01 -6.647e+00 -6.504e-03 -4.094e+00 -4.618e+00 -1.967e+01 -1.897e+00 -6.327e+00 -2.032e+01 -3.035e+00 -3.112e+00 -6.439e+00 -2.347e+01 -2.160e+01 -7.063e+00 -2.806e+00
+17.946 +16.946 18.656 -5.477 0.312 0.000 1.001 -2.400e+01 -8.828e+00 -6.504e-03 -4.093e+00 -4.618e+00 -2.083e+01 -1.897e+00 -6.327e+00 -2.148e+01 -3.035e+00 -3.112e+00 -6.438e+00 -2.393e+01 -2.274e+01 -7.063e+00 -2.806e+00
+17.987 +16.987 18.656 -7.002 0.312 0.000 1.001 -2.400e+01 -1.031e+01 -6.504e-03 -4.093e+00 -4.618e+00 -2.232e+01 -1.897e+00 -6.327e+00 -2.294e+01 -3.035e+00 -3.112e+00 -6.438e+00 -2.400e+01 -2.381e+01 -7.063e+00 -2.806e+00
+18.070 +17.070 18.656 -10.865 0.312 0.000 1.001 -2.400e+01   nan -6.504e-03 -4.093e+00 -4.618e+00 -2.400e+01 -1.897e+00 -6.327e+00 -2.400e+01 -3.035e+00 -3.112e+00 -6.438e+00 -2.400e+01 -2.400e+01 -7.063e+00 -2.806e+00
+18.111 +17.111 18.656 -12.188 0.062 0.000 1.001 -2.400e+01 -1.506e+01 -6.504e-03 -4.093e+00 -4.618e+00 -1.367e+01 -1.897e+00 -6.327e+00 -1.363e+01 -3.035e+00 -3.112e+00 -6.438e+00 -1.666e+01 -1.665e+01 -7.063e+00 -2.806e+00
+18.156 +17.152 18.656 -11.943 0.312 0.048 1.001 -2.400e+01 -1.460e+01 -6.504e-03 -4.093e+00 -4.618e+00 -2.400e+01 -1.897e+00 -6.327e+00 -2.400e+01 -3.035e+00 -3.112e+00 -6.438e+00 -2.400e+01 -2.400e+01 -7.063e+00 -2.806e+00
+18.239 +17.239 18.656 -13.569 0.062 0.048 1.001 -2.400e+01 -1.597e+01 -6.504e-03 -4.093e+00 -4.618e+00 -1.482e+01 -1.897e+00 -6.327e+00 -1.478e+01 -3.035e+00 -3.112e+00 -6.438e+00 -1.781e+01 -1.780e+01 -7.063e+00 -2.806e+00
+18.267 +17.063 18.656 -14.435 0.312 0.095 1.001 -2.400e+01 -1.714e+01 -6.504e-03 -4.093e+00 -4.618e+00 -2.400e+01 -1.897e+00 -6.327e+00 -2.400e+01 -3.035e+00 -3.112e+00 -6.438e+00 -2.400e+01 -2.400e+01 -7.063e+00 -2.806e+00
+18.335 +17.335 18.656   -inf 0.062 0.095 1.001 -2.400e+01 -1.870e+01 -6.504e-03 -4.093e+00 -4.618e+00 -1.757e+01 -1.897e+00 -6.327e+00 -1.753e+01 -3.035e+00 -3.112e+00 -6.438e+00 -2.056e+01 -2.055e+01 -7.063e+00 -2.806e+00
+18.381 +17.381 18.656   -inf 0.312 0.095 1.001 -2.400e+01   nan -6.504e-03 -4.093e+00 -4.618e+00 -2.400e+01 -1.897e+00 -6.327e+00 -2.400e+01 -3.035e+00 -3.112e+00 -6.438e+00 -2.400e+01 -2.400e+01 -7.063e+00 -2.806e+00
+18.422 +17.422 18.656   -inf 0.062 0.095 1.001 -2.400e+01 -2.128e+01 -6.504e-03 -4.093e+00 -4.618e+00 -2.014e+01 -1.897e+00 -6.327e+00 -2.010e+01 -3.035e+00 -3.112e+00 -6.438e+00 -2.307e+01 -2.306e+01 -7.063e+00 -2.806e+00
+18.514 +17.514 18.656   -inf 0.062 0.095 1.001 -2.400e+01 -2.375e+01 -6.504e-03 -4.093e+00 -4.618e+00 -2.290e+01 -1.897e+00 -6.327e+00 -2.286e+01 -3.035e+00 -3.112e+00 -6.438e+00 -2.399e+01 -2.399e+01 -7.063e+00 -2.806e+00