+7.504 +6.504 10.387  2.883 0.250 0.000 1.000   nan -1.496e-01 -5.591e-01 -2.517e+00 -4.435e+00 -1.180e+01 -2.957e+00 -5.361e+00 -1.509e+01 -2.017e+00 -5.305e+00 -4.662e+00 -1.631e+01 -1.751e+01 -1.279e+01 -2.806e+00
+7.545 +6.545 10.429  2.883 0.250 0.000 1.000 -2.333e+01 -1.496e-01 -5.591e-01 -2.517e+00 -4.435e+00 -1.180e+01 -2.957e+00 -5.361e+00 -1.509e+01 -2.017e+00 -5.305e+00 -4.662e+00 -1.631e+01 -1.751e+01 -1.275e+01 -2.806e+00
+7.587 +6.587 10.470  2.883 0.250 0.000 1.000   nan -1.496e-01 -5.591e-01 -2.517e+00 -4.435e+00 -1.180e+01 -2.957e+00 -5.361e+00 -1.509e+01 -2.017e+00 -5.305e+00 -4.662e+00 -1.631e+01 -1.751e+01 -1.271e+01 -2.806e+00
+7.670 +6.670 10.553  2.883 0.250 0.000 1.000   nan -1.496e-01 -5.591e-01 -2.517e+00 -4.435e+00 -1.180e+01 -2.957e+00 -5.361e+00 -1.509e+01 -2.017e+00 -5.305e+00 -4.662e+00 -1.631e+01 -1.751e+01 -1.263e+01 -2.806e+00
+7.711 +6.711 10.594  2.883 0.250 0.000 1.000 -2.333e+01 -1.496e-01 -5.591e-01 -2.517e+00 -4.435e+00 -1.180e+01 -2.957e+00 -5.361e+00 -1.509e+01 -2.017e+00 -5.305e+00 -4.662e+00 -1.631e+01 -1.751e+01 -1.258e+01 -2.806e+00
+7.752 +6.752 10.635  2.883 0.250 0.000 1.000   nan -1.496e-01 -5.591e-01 -2.517e+00 -4.435e+00 -1.180e+01 -2.957e+00 -5.362e+00 -1.509e+01 -2.017e+00 -5.305e+00 -4.662e+00 -1.631e+01 -1.751e+01 -1.254e+01 -2.806e+00
+7.835 +6.835 10.718  2.883 0.250 0.000 1.000   nan -1.496e-01 -5.591e-01 -2.517e+00 -4.435e+00 -1.180e+01 -2.957e+00 -5.362e+00 -1.509e+01 -2.017e+00 -5.305e+00 -4.662e+00 -1.631e+01 -1.751e+01 -1.246e+01 -2.806e+00
+7.877 +6.877 10.760  2.883 0.250 0.000 1.000 -2.333e+01 -1.496e-01 -5.591e-01 -2.517e+00 -4.435e+00 -1.180e+01 -2.957e+00 -5.363e+00 -1.509e+01 -2.017e+00 -5.305e+00 -4.662e+00 -1.631e+01 -1.751e+01 -1.242e+01 -2.806e+00
+7.918 +6.918 10.801  2.883 0.250 0.000 1.000   nan -1.496e-01 -5.591e-01 -2.517e+00 -4.434e+00 -1.180e+01 -2.957e+00 -5.363e+00 -1.509e+01 -2.017e+00 -5.305e+00 -4.662e+00 -1.631e+01 -1.751e+01 -1.238e+01 -2.806e+00
+8.001 +7.001 10.884  2.882 0.250 0.000 1.000   nan -1.496e-01 -5.591e-01 -2.517e+00 -4.434e+00 -1.180e+01 -2.957e+00 -5.364e+00 -1.509e+01 -2.017e+00 -5.305e+00 -4.662e+00 -1.631e+01 -1.751e+01 -1.229e+01 -2.806e+00
+8.042 +7.042 10.925  2.882 0.250 0.000 1.000 -2.333e+01 -1.496e-01 -5.591e-01 -2.517e+00 -4.434e+00 -1.180e+01 -2.957e+00 -5.364e+00 -1.509e+01 -2.017e+00 -5.305e+00 -4.662e+00 -1.631e+01 -1.751e+01 -1.225e+01 -2.806e+00
+8.084 +7.084 10.966  2.882 0.250 0.000 1.000   nan -1.496e-01 -5.591e-01 -2.517e+00 -4.434e+00 -1.180e+01 -2.957e+00 -5.365e+00 -1.509e+01 -2.017e+00 -5.305e+00 -4.662e+00 -1.631e+01 -1.751e+01 -1.221e+01 -2.806e+00
+8.166 +7.166 11.049  2.882 0.250 0.000 1.000   nan -1.496e-01 -5.591e-01 -2.517e+00 -4.433e+00 -1.180e+01 -2.957e+00 -5.366e+00 -1.509e+01 -2.017e+00 -5.305e+00 -4.662e+00 -1.631e+01 -1.751e+01 -1.213e+01 -2.806e+00
+8.208 +7.208 11.090  2.882 0.250 0.000 1.000 -2.333e+01 -1.496e-01 -5.591e-01 -2.517e+00 -4.433e+00 -1.180e+01 -2.957e+00 -5.367e+00 -1.509e+01 -2.017e+00 -5.305e+00 -4.662e+00 -1.631e+01 -1.751e+01 -1.209e+01 -2.806e+00
+8.291 +7.291 11.173  2.882 0.250 0.000 1.000 -2.333e+01 -1.496e-01 -5.591e-01 -2.517e+00 -4.432e+00 -1.180e+01 -2.957e+00 -5.368e+00 -1.509e+01 -2.017e+00 -5.305e+00 -4.662e+00 -1.631e+01 -1.751e+01 -1.200e+01 -2.806e+00
+8.332 +7.332 11.214  2.881 0.250 0.000 1.000   nan -1.496e-01 -5.591e-01 -2.517e+00 -4.432e+00 -1.180e+01 -2.957e+00 -5.369e+00 -1.509e+01 -2.017e+00 -5.305e+00 -4.662e+00 -1.631e+01 -1.751e+01 -1.196e+01 -2.806e+00
+8.373 +7.373 11.256  2.881 0.250 0.000 1.000 -2.333e+01 -1.496e-01 -5.591e-01 -2.517e+00 -4.431e+00 -1.180e+01 -2.957e+00 -5.370e+00 -1.509e+01 -2.017e+00 -5.305e+00 -4.662e+00 -1.631e+01 -1.751e+01 -1.192e+01 -2.806e+00
+8.456 +7.456 11.338  2.881 0.250 0.000 1.000 -2.333e+01 -1.496e-01 -5.591e-01 -2.517e+00 -4.430e+00 -1.180e+01 -2.957e+00 -5.373e+00 -1.509e+01 -2.017e+00 -5.305e+00 -4.662e+00 -1.631e+01 -1.751e+01 -1.184e+01 -2.806e+00
+8.497 +7.497 11.379  2.881 0.250 0.000 1.000   nan -1.496e-01 -5.591e-01 -2.517e+00 -4.430e+00 -1.180e+01 -2.957e+00 -5.374e+00 -1.509e+01 -2.017e+00 -5.305e+00 -4.662e+00 -1.631e+01 -1.751e+01 -1.180e+01 -2.806e+00
+8.539 +7.539 11.421  2.880 0.250 0.000 1.000 -2.333e+01 -1.496e-01 -5.591e-01 -2.517e+00 -4.429e+00 -1.180e+01 -2.957e+00 -5.376e+00 -1.509e+01 -2.017e+00 -5.305e+00 -4.662e+00 -1.631e+01 -1.751e+01 -1.176e+01 -2.806e+00
+8.622 +7.622 11.503  2.880 0.250 0.000 1.000 -2.333e+01 -1.496e-01 -5.591e-01 -2.517e+00 -4.427e+00 -1.180e+01 -2.957e+00 -5.379e+00 -1.509e+01 -2.017e+00 -5.305e+00 -4.662e+00 -1.631e+01 -1.751e+01 -1.167e+01 -2.806e+00
+8.663 +7.663 11.544  2.879 0.250 0.000 1.000   nan -1.496e-01 -5.591e-01 -2.517e+00 -4.427e+00 -1.180e+01 -2.957e+00 -5.381e+00 -1.509e+01 -2.017e+00 -5.305e+00 -4.662e+00 -1.631e+01 -1.751e+01 -1.163e+01 -2.806e+00
+8.704 +7.704 11.585  2.879 0.250 0.000 1.000 -2.333e+01 -1.496e-01 -5.591e-01 -2.517e+00 -4.426e+00 -1.180e+01 -2.957e+00 -5.384e+00 -1.509e+01 -2.017e+00 -5.305e+00 -4.662e+00 -1.631e+01 -1.751e+01 -1.159e+01 -2.806e+00
+8.787 +7.787 11.668  2.878 0.250 0.000 1.000 -2.333e+01 -1.496e-01 -5.591e-01 -2.517e+00 -4.423e+00 -1.180e+01 -2.957e+00 -5.389e+00 -1.509e+01 -2.017e+00 -5.305e+00 -4.662e+00 -1.631e+01 -1.751e+01 -1.151e+01 -2.806e+00
+8.829 +7.829 11.709  2.878 0.250 0.000 1.000   nan -1.496e-01 -5.591e-01 -2.517e+00 -4.422e+00 -1.180e+01 -2.957e+00 -5.392e+00 -1.509e+01 -2.017e+00 -5.305e+00 -4.662e+00 -1.631e+01 -1.751e+01 -1.147e+01 -2.806e+00
+8.870 +7.870 11.750  2.877 0.250 0.000 1.000 -2.333e+01 -1.496e-01 -5.591e-01 -2.517e+00 -4.421e+00 -1.180e+01 -2.957e+00 -5.395e+00 -1.509e+01 -2.017e+00 -5.305e+00 -4.662e+00 -1.631e+01 -1.751e+01 -1.143e+01 -2.806e+00
+8.953 +7.953 11.832  2.876 0.250 0.000 1.000 -2.333e+01 -1.496e-01 -5.591e-01 -2.517e+00 -4.418e+00 -1.180e+01 -2.957e+00 -5.403e+00 -1.509e+01 -2.017e+00 -5.305e+00 -4.662e+00 -1.631e+01 -1.751e+01 -1.134e+01 -2.806e+00
+8.994 +7.994 11.873  2.875 0.250 0.000 1.000   nan -1.496e-01 -5.591e-01 -2.517e+00 -4.416e+00 -1.180e+01 -2.957e+00 -5.407e+00 -1.509e+01 -2.017e+00 -5.305e+00 -4.662e+00 -1.631e+01 -1.751e+01 -1.130e+01 -2.806e+00
+9.036 +8.036 11.914  2.875 0.250 0.000 1.000 -2.333e+01 -1.496e-01 -5.591e-01 -2.517e+00 -4.414e+00 -1.180e+01 -2.957e+00 -5.412e+00 -1.509e+01 -2.017e+00 -5.305e+00 -4.662e+00 -1.631e+01 -1.751e+01 -1.126e+01 -2.806e+00
+9.118 +8.118 11.996  2.873 0.250 0.000 1.000 -2.333e+01 -1.496e-01 -5.591e-01 -2.517e+00 -4.409e+00 -1.180e+01 -2.957e+00 -5.423e+00 -1.509e+01 -2.017e+00 -5.305e+00 -4.662e+00 -1.631e+01 -1.751e+01 -1.118e+01 -2.806e+00
+9.160 +8.160 12.037  2.872 0.250 0.000 1.000   nan -1.496e-01 -5.591e-01 -2.517e+00 -4.407e+00 -1.180e+01 -2.957e+00 -5.429e+00 -1.509e+01 -2.017e+00 -5.305e+00 -4.662e+00 -1.631e+01 -1.751e+01 -1.114e+01 -2.806e+00
+9.201 +8.201 12.078  2.871 0.250 0.000 1.000 -2.333e+01 -1.496e-01 -5.591e-01 -2.517e+00 -4.404e+00 -1.180e+01 -2.957e+00 -5.436e+00 -1.509e+01 -2.017e+00 -5.305e+00 -4.662e+00 -1.631e+01 -1.751e+01 -1.109e+01 -2.806e+00
+9.284 +8.284 12.159  2.868 0.250 0.000 1.000 -2.333e+01 -1.496e-01 -5.591e-01 -2.517e+00 -4.398e+00 -1.180e+01 -2.957e+00 -5.453e+00 -1.509e+01 -2.017e+00 -5.305e+00 -4.662e+00 -1.631e+01 -1.751e+01 -1.101e+01 -2.806e+00
+9.325 +8.325 12.200  2.867 0.250 0.000 1.000   nan -1.496e-01 -5.591e-01 -2.517e+00 -4.394e+00 -1.180e+01 -2.957e+00 -5.462e+00 -1.509e+01 -2.017e+00 -5.305e+00 -4.662e+00 -1.631e+01 -1.751e+01 -1.097e+01 -2.806e+00
+9.367 +8.367 12.240  2.866 0.250 0.000 1.000 -2.333e+01 -1.496e-01 -5.591e-01 -2.517e+00 -4.390e+00 -1.180e+01 -2.957e+00 -5.472e+00 -1.509e+01 -2.017e+00 -5.305e+00 -4.662e+00 -1.631e+01 -1.751e+01 -1.093e+01 -2.806e+00
+9.450 +8.450 12.321  2.862 0.250 0.000 1.000 -2.333e+01 -1.496e-01 -5.591e-01 -2.518e+00 -4.381e+00 -1.180e+01 -2.957e+00 -5.496e+00 -1.509e+01 -2.017e+00 -5.305e+00 -4.662e+00 -1.631e+01 -1.751e+01 -1.085e+01 -2.806e+00
+9.491 +8.491 12.362  2.861 0.250 0.000 1.000   nan -1.496e-01 -5.591e-01 -2.518e+00 -4.376e+00 -1.180e+01 -2.957e+00 -5.510e+00 -1.509e+01 -2.017e+00 -5.304e+00 -4.662e+00 -1.631e+01 -1.751e+01 -1.080e+01 -2.806e+00
+9.532 +8.532 12.402  2.859 0.250 0.000 1.000 -2.333e+01 -1.496e-01 -5.591e-01 -2.518e+00 -4.370e+00 -1.180e+01 -2.957e+00 -5.525e+00 -1.509e+01 -2.017e+00 -5.304e+00 -4.662e+00 -1.631e+01 -1.751e+01 -1.076e+01 -2.806e+00
+9.615 +8.615 12.482  2.855 0.250 0.000 1.000 -2.333e+01 -1.496e-01 -5.591e-01 -2.518e+00 -4.358e+00 -1.180e+01 -2.957e+00 -5.560e+00 -1.509e+01 -2.017e+00 -5.304e+00 -4.662e+00 -1.631e+01 -1.751e+01 -1.068e+01 -2.806e+00
+9.656 +8.656 12.522  2.852 0.250 0.000 1.000   nan -1.496e-01 -5.591e-01 -2.518e+00 -4.351e+00 -1.180e+01 -2.957e+00 -5.580e+00 -1.509e+01 -2.017e+00 -5.304e+00 -4.662e+00 -1.631e+01 -1.751e+01 -1.064e+01 -2.806e+00
+9.698 +8.698 12.562  2.850 0.250 0.000 1.000 -2.333e+01 -1.496e-01 -5.591e-01 -2.518e+00 -4.343e+00 -1.180e+01 -2.957e+00 -5.602e+00 -1.509e+01 -2.017e+00 -5.304e+00 -4.662e+00 -1.631e+01 -1.751e+01 -1.060e+01 -2.806e+00
+9.781 +8.781 12.642  2.845 0.250 0.000 1.000 -2.333e+01 -1.496e-01 -5.591e-01 -2.518e+00 -4.326e+00 -1.180e+01 -2.957e+00 -5.653e+00 -1.509e+01 -2.017e+00 -5.304e+00 -4.662e+00 -1.631e+01 -1.751e+01 -1.051e+01 -2.806e+00
+9.822 +8.822 12.682  2.842 0.250 0.000 1.000   nan -1.496e-01 -5.591e-01 -2.518e+00 -4.316e+00 -1.180e+01 -2.957e+00 -5.682e+00 -1.509e+01 -2.017e+00 -5.304e+00 -4.662e+00 -1.631e+01 -1.751e+01 -1.047e+01 -2.806e+00
+9.863 +8.863 12.721  2.840 0.250 0.000 1.000 -2.333e+01 -1.496e-01 -5.591e-01 -2.518e+00 -4.306e+00 -1.180e+01 -2.957e+00 -5.715e+00 -1.509e+01 -2.017e+00 -5.304e+00 -4.662e+00 -1.631e+01 -1.751e+01 -1.043e+01 -2.806e+00
+9.946 +8.946 12.800  2.834 0.250 0.000 1.000 -2.334e+01 -1.496e-01 -5.591e-01 -2.519e+00 -4.283e+00 -1.180e+01 -2.957e+00 -5.789e+00 -1.509e+01 -2.017e+00 -5.304e+00 -4.663e+00 -1.631e+01 -1.751e+01 -1.035e+01 -2.806e+00
+9.988 +8.988 12.840  2.831 0.250 0.000 1.000   nan -1.496e-01 -5.591e-01 -2.519e+00 -4.271e+00 -1.180e+01 -2.957e+00 -5.832e+00 -1.509e+01 -2.017e+00 -5.304e+00 -4.663e+00 -1.631e+01 -1.751e+01 -1.031e+01 -2.806e+00
+10.029 +9.029 12.879  2.829 0.250 0.000 1.000 -2.334e+01 -1.496e-01 -5.591e-01 -2.519e+00 -4.257e+00 -1.180e+01 -2.957e+00 -5.879e+00 -1.509e+01 -2.017e+00 -5.304e+00 -4.663e+00 -1.631e+01 -1.751e+01 -1.027e+01 -2.806e+00
+10.112 +9.112 12.958  2.824 0.250 0.000 1.000 -2.334e+01 -1.496e-01 -5.591e-01 -2.520e+00 -4.228e+00 -1.180e+01 -2.957e+00 -5.987e+00 -1.509e+01 -2.017e+00 -5.304e+00 -4.663e+00 -1.631e+01 -1.751e+01 -1.018e+01 -2.806e+00
+10.153 +9.153 12.997  2.822 0.250 0.000 1.000   nan -1.496e-01 -5.591e-01 -2.520e+00 -4.212e+00 -1.180e+01 -2.956e+00 -6.049e+00 -1.509e+01 -2.017e+00 -5.304e+00 -4.663e+00 -1.631e+01 -1.751e+01 -1.014e+01 -2.806e+00
+10.195 +9.195 13.036  2.820 0.250 0.000 1.000 -2.334e+01 -1.496e-01 -5.591e-01 -2.520e+00 -4.195e+00 -1.180e+01 -2.956e+00 -6.116e+00 -1.509e+01 -2.017e+00 -5.304e+00 -4.663e+00 -1.631e+01 -1.751e+01 -1.010e+01 -2.806e+00
+10.277 +9.277 13.115  2.817 0.250 0.000 1.000 -2.334e+01 -1.496e-01 -5.591e-01 -2.521e+00 -4.159e+00 -1.180e+01 -2.956e+00 -6.269e+00 -1.509e+01 -2.017e+00 -5.304e+00 -4.663e+00 -1.631e+01 -1.751e+01 -1.002e+01 -2.806e+00
+10.319 +9.319 13.154  2.816 0.250 0.000 1.000   nan -1.496e-01 -5.591e-01 -2.522e+00 -4.139e+00 -1.180e+01 -2.956e+00 -6.355e+00 -1.509e+01 -2.017e+00 -5.304e+00 -4.663e+00 -1.631e+01 -1.751e+01 -9.977e+00 -2.806e+00
+10.360 +9.360 13.194  2.816 0.250 0.000 1.000 -2.334e+01 -1.496e-01 -5.591e-01 -2.522e+00 -4.119e+00 -1.181e+01 -2.956e+00 -6.446e+00 -1.509e+01 -2.017e+00 -5.304e+00 -4.664e+00 -1.631e+01 -1.751e+01 -9.936e+00 -2.806e+00
+10.443 +9.443 13.274  2.817 0.250 0.000 1.000 -2.334e+01 -1.496e-01 -5.591e-01 -2.523e+00 -4.075e+00 -1.181e+01 -2.956e+00 -6.643e+00 -1.509e+01 -2.017e+00 -5.303e+00 -4.664e+00 -1.631e+01 -1.751e+01 -9.853e+00 -2.806e+00
+10.484 +9.484 13.314  2.818 0.250 0.000 1.000   nan -1.496e-01 -5.591e-01 -2.524e+00 -4.052e+00 -1.181e+01 -2.956e+00 -6.744e+00 -1.509e+01 -2.017e+00 -5.303e+00 -4.664e+00 -1.631e+01 -1.751e+01 -9.812e+00 -2.806e+00
+10.526 +9.526 13.355  2.820 0.250 0.000 1.000 -2.334e+01 -1.496e-01 -5.591e-01 -2.525e+00 -4.029e+00 -1.181e+01 -2.955e+00 -6.842e+00 -1.509e+01 -2.017e+00 -5.303e+00 -4.664e+00 -1.631e+01 -1.751e+01 -9.771e+00 -2.806e+00
+10.608 +9.608 13.436  2.824 0.250 0.000 1.000 -2.334e+01 -1.496e-01 -5.591e-01 -2.526e+00 -3.979e+00 -1.181e+01 -2.955e+00 -7.012e+00 -1.509e+01 -2.017e+00 -5.303e+00 -4.665e+00 -1.631e+01 -1.751e+01 -9.688e+00 -2.806e+00
+10.650 +9.650 13.478  2.827 0.250 0.000 1.000   nan -1.496e-01 -5.591e-01 -2.527e+00 -3.953e+00 -1.181e+01 -2.954e+00 -7.075e+00 -1.509e+01 -2.017e+00 -5.303e+00 -4.665e+00 -1.631e+01 -1.751e+01 -9.647e+00 -2.806e+00
+10.691 +9.691 13.519  2.831 0.250 0.000 1.000 -2.334e+01 -1.496e-01 -5.591e-01 -2.528e+00 -3.926e+00 -1.181e+01 -2.954e+00 -7.121e+00 -1.509e+01 -2.017e+00 -5.302e+00 -4.665e+00 -1.631e+01 -1.751e+01 -9.606e+00 -2.806e+00
+10.774 +9.774 13.604  2.839 0.250 0.000 1.000 -2.334e+01 -1.496e-01 -5.591e-01 -2.531e+00 -3.871e+00 -1.181e+01 -2.953e+00 -7.169e+00 -1.508e+01 -2.017e+00 -5.302e+00 -4.666e+00 -1.631e+01 -1.751e+01 -9.523e+00 -2.806e+00
+10.815 +9.815 13.646  2.843 0.250 0.000 1.000   nan -1.496e-01 -5.591e-01 -2.532e+00 -3.843e+00 -1.181e+01 -2.952e+00 -7.179e+00 -1.508e+01 -2.017e+00 -5.302e+00 -4.666e+00 -1.631e+01 -1.750e+01 -9.482e+00 -2.806e+00
+10.857 +9.857 13.689  2.848 0.250 0.000 1.000 -2.334e+01 -1.496e-01 -5.591e-01 -2.534e+00 -3.814e+00 -1.182e+01 -2.952e+00 -7.183e+00 -1.508e+01 -2.017e+00 -5.301e+00 -4.667e+00 -1.631e+01 -1.750e+01 -9.441e+00 -2.806e+00
+10.940 +9.940 13.776  2.859 0.250 0.000 1.000 -2.334e+01 -1.496e-01 -5.591e-01 -2.537e+00 -3.756e+00 -1.182e+01 -2.950e+00 -7.185e+00 -1.508e+01 -2.017e+00 -5.301e+00 -4.668e+00 -1.631e+01 -1.750e+01 -9.358e+00 -2.806e+00
+10.981 +9.981 13.820  2.865 0.250 0.000 1.000   nan -1.496e-01 -5.591e-01 -2.540e+00 -3.727e+00 -1.182e+01 -2.948e+00 -7.185e+00 -1.508e+01 -2.017e+00 -5.300e+00 -4.668e+00 -1.631e+01 -1.750e+01 -9.317e+00 -2.806e+00
+11.022 +10.022 13.865  2.871 0.250 0.000 1.000 -2.334e+01 -1.496e-01 -5.591e-01 -2.542e+00 -3.697e+00 -1.182e+01 -2.947e+00 -7.185e+00 -1.508e+01 -2.017e+00 -5.300e+00 -4.669e+00 -1.631e+01 -1.750e+01 -9.276e+00 -2.806e+00
+11.105 +10.105 13.955  2.885 0.250 0.000 1.000 -2.334e+01 -1.496e-01 -5.591e-01 -2.547e+00 -3.638e+00 -1.183e+01 -2.943e+00 -7.183e+00 -1.508e+01 -2.017e+00 -5.299e+00 -4.670e+00 -1.631e+01 -1.750e+01 -9.194e+00 -2.806e+00
+11.147 +10.147 14.000  2.892 0.250 0.000 1.000   nan -1.496e-01 -5.591e-01 -2.550e+00 -3.609e+00 -1.183e+01 -2.941e+00 -7.182e+00 -1.507e+01 -2.017e+00 -5.298e+00 -4.671e+00 -1.631e+01 -1.750e+01 -9.153e+00 -2.806e+00
+11.188 +10.188 14.046  2.900 0.250 0.000 1.000 -2.335e+01 -1.496e-01 -5.591e-01 -2.554e+00 -3.579e+00 -1.184e+01 -2.938e+00 -7.181e+00 -1.507e+01 -2.017e+00 -5.298e+00 -4.672e+00 -1.631e+01 -1.750e+01 -9.112e+00 -2.806e+00
+11.271 +10.271 14.138  2.915 0.250 0.000 1.000 -2.335e+01 -1.496e-01 -5.591e-01 -2.562e+00 -3.522e+00 -1.184e+01 -2.931e+00 -7.178e+00 -1.506e+01 -2.017e+00 -5.296e+00 -4.674e+00 -1.631e+01 -1.750e+01 -9.030e+00 -2.806e+00
+11.312 +10.312 14.185  2.923 0.312 0.000 1.000   nan -1.496e-01 -5.591e-01 -2.566e+00 -3.494e+00 -1.185e+01 -2.927e+00 -7.176e+00 -1.506e+01 -2.017e+00 -5.295e+00 -4.675e+00 -1.631e+01 -1.750e+01 -8.990e+00 -2.806e+00
+11.354 +10.354 14.232  2.932 0.312 0.000 1.000 -2.335e+01 -1.496e-01 -5.591e-01 -2.571e+00 -3.467e+00 -1.185e+01 -2.922e+00 -7.174e+00 -1.506e+01 -2.017e+00 -5.294e+00 -4.677e+00 -1.631e+01 -1.750e+01 -8.949e+00 -2.806e+00
+11.436 +10.436 14.327  2.948 0.312 0.000 1.000 -2.336e+01 -1.496e-01 -5.591e-01 -2.582e+00 -3.414e+00 -1.186e+01 -2.910e+00 -7.168e+00 -1.504e+01 -2.017e+00 -5.292e+00 -4.680e+00 -1.631e+01 -1.750e+01 -8.868e+00 -2.806e+00
+11.478 +10.478 14.375  2.957 0.312 0.000 1.000   nan -1.496e-01 -5.591e-01 -2.589e+00 -3.389e+00 -1.187e+01 -2.902e+00 -7.164e+00 -1.504e+01 -2.017e+00 -5.291e+00 -4.682e+00 -1.631e+01 -1.749e+01 -8.827e+00 -2.806e+00
+11.519 +10.519 14.423  2.965 0.312 0.000 1.000 -2.336e+01 -1.496e-01 -5.591e-01 -2.596e+00 -3.365e+00 -1.188e+01 -2.893e+00 -7.160e+00 -1.503e+01 -2.017e+00 -5.290e+00 -4.684e+00 -1.631e+01 -1.749e+01 -8.787e+00 -2.806e+00
+11.602 +10.602 14.519  2.979 0.312 0.000 1.000 -2.336e+01 -1.496e-01 -5.591e-01 -2.613e+00 -3.321e+00 -1.189e+01 -2.872e+00 -7.149e+00 -1.501e+01 -2.017e+00 -5.287e+00 -4.688e+00 -1.631e+01 -1.749e+01 -8.706e+00 -2.806e+00
+11.643 +10.643 14.567  2.986 0.312 0.000 1.000   nan -1.497e-01 -5.591e-01 -2.623e+00 -3.302e+00 -1.190e+01 -2.859e+00 -7.142e+00 -1.500e+01 -2.017e+00 -5.285e+00 -4.691e+00 -1.631e+01 -1.749e+01 -8.666e+00 -2.806e+00
+11.685 +10.685 14.615  2.992 0.312 0.000 1.000 -2.337e+01 -1.497e-01 -5.591e-01 -2.634e+00 -3.284e+00 -1.191e+01 -2.845e+00 -7.134e+00 -1.498e+01 -2.017e+00 -5.283e+00 -4.694e+00 -1.631e+01 -1.749e+01 -8.626e+00 -2.806e+00
+11.767 +10.767 14.711  3.000 0.312 0.000 1.000 -2.337e+01 -1.497e-01 -5.591e-01 -2.658e+00 -3.254e+00 -1.194e+01 -2.812e+00 -7.115e+00 -1.495e+01 -2.017e+00 -5.279e+00 -4.700e+00 -1.631e+01 -1.748e+01 -8.546e+00 -2.806e+00
+11.809 +10.809 14.758  3.003 0.312 0.000 1.000   nan -1.497e-01 -5.591e-01 -2.672e+00 -3.242e+00 -1.195e+01 -2.794e+00 -7.104e+00 -1.493e+01 -2.017e+00 -5.276e+00 -4.704e+00 -1.631e+01 -1.748e+01 -8.507e+00 -2.806e+00
+11.850 +10.850 14.805  3.004 0.312 0.000 1.000 -2.338e+01 -1.497e-01 -5.591e-01 -2.688e+00 -3.233e+00 -1.196e+01 -2.774e+00 -7.091e+00 -1.491e+01 -2.017e+00 -5.273e+00 -4.708e+00 -1.631e+01 -1.748e+01 -8.468e+00 -2.806e+00
+11.933 +10.933 14.896  3.000 0.312 0.000 1.000 -2.339e+01 -1.497e-01 -5.591e-01 -2.724e+00 -3.223e+00 -1.200e+01 -2.729e+00 -7.063e+00 -1.487e+01 -2.017e+00 -5.267e+00 -4.718e+00 -1.631e+01 -1.747e+01 -8.389e+00 -2.806e+00
+11.974 +10.974 14.940  2.995 0.312 0.000 1.000   nan -1.497e-01 -5.591e-01 -2.745e+00 -3.223e+00 -1.202e+01 -2.705e+00 -7.047e+00 -1.485e+01 -2.017e+00 -5.264e+00 -4.724e+00 -1.631e+01 -1.747e+01 -8.351e+00 -2.806e+00
+12.016 +11.016 14.984  2.987 0.312 0.000 1.000 -2.340e+01 -1.497e-01 -5.591e-01 -2.768e+00 -3.226e+00 -1.204e+01 -2.681e+00 -7.030e+00 -1.482e+01 -2.017e+00 -5.260e+00 -4.730e+00 -1.631e+01 -1.746e+01 -8.312e+00 -2.806e+00
+12.099 +11.099 15.067  2.963 0.312 0.000 1.000 -2.341e+01 -1.497e-01 -5.591e-01 -2.821e+00 -3.244e+00 -1.209e+01 -2.629e+00 -6.992e+00 -1.477e+01 -2.017e+00 -5.251e+00 -4.744e+00 -1.631e+01 -1.746e+01 -8.236e+00 -2.806e+00
+12.140 +11.140 15.106  2.946 0.312 0.000 1.000   nan -1.498e-01 -5.591e-01 -2.852e+00 -3.260e+00 -1.212e+01 -2.603e+00 -6.973e+00 -1.475e+01 -2.017e+00 -5.246e+00 -4.753e+00 -1.631e+01 -1.745e+01 -8.199e+00 -2.806e+00
+12.181 +11.181 15.144  2.925 0.312 0.000 1.000 -2.342e+01 -1.498e-01 -5.591e-01 -2.885e+00 -3.280e+00 -1.215e+01 -2.577e+00 -6.953e+00 -1.472e+01 -2.017e+00 -5.240e+00 -4.762e+00 -1.631e+01 -1.745e+01 -8.162e+00 -2.806e+00
+12.264 +11.264 15.214  2.871 0.312 0.000 1.000 -2.342e+01 -1.498e-01 -5.591e-01 -2.963e+00 -3.335e+00 -1.223e+01 -2.526e+00 -6.913e+00 -1.467e+01 -2.017e+00 -5.228e+00 -4.783e+00 -1.631e+01 -1.743e+01 -8.089e+00 -2.806e+00
+12.306 +11.306 15.246  2.837 0.312 0.000 1.000   nan -1.498e-01 -5.591e-01 -3.008e+00 -3.370e+00 -1.227e+01 -2.502e+00 -6.893e+00 -1.464e+01 -2.017e+00 -5.221e+00 -4.795e+00 -1.631e+01 -1.743e+01 -8.053e+00 -2.806e+00
+12.347 +11.347 15.277  2.798 0.312 0.000 1.000 -2.343e+01 -1.498e-01 -5.591e-01 -3.057e+00 -3.411e+00 -1.232e+01 -2.479e+00 -6.874e+00 -1.462e+01 -2.017e+00 -5.213e+00 -4.808e+00 -1.631e+01 -1.742e+01 -8.018e+00 -2.806e+00
+12.430 +11.430 15.331  2.705 0.312 0.000 1.000 -2.344e+01 -1.498e-01 -5.591e-01 -3.170e+00 -3.512e+00 -1.242e+01 -2.437e+00 -6.837e+00 -1.458e+01 -2.017e+00 -5.197e+00 -4.839e+00 -1.631e+01 -1.740e+01 -7.949e+00 -2.806e+00
+12.471 +11.471 15.354  2.650 0.312 0.000 1.000   nan -1.499e-01 -5.591e-01 -3.236e+00 -3.573e+00 -1.249e+01 -2.418e+00 -6.821e+00 -1.456e+01 -2.017e+00 -5.187e+00 -4.857e+00 -1.631e+01 -1.740e+01 -7.916e+00 -2.806e+00
+12.513 +11.513 15.376  2.590 0.312 0.000 1.000 -2.345e+01 -1.499e-01 -5.591e-01 -3.307e+00 -3.640e+00 -1.255e+01 -2.401e+00 -6.806e+00 -1.454e+01 -2.017e+00 -5.177e+00 -4.876e+00 -1.631e+01 -1.739e+01 -7.884e+00 -2.806e+00
+12.595 +11.595 15.413  2.450 0.312 0.000 1.000 -2.346e+01 -1.499e-01 -5.591e-01 -3.470e+00 -3.797e+00 -1.271e+01 -2.372e+00 -6.780e+00 -1.451e+01 -2.017e+00 -5.154e+00 -4.921e+00 -1.631e+01 -1.736e+01 -7.821e+00 -2.806e+00
+12.637 +11.637 15.428  2.371 0.312 0.000 1.000   nan -1.499e-01 -5.590e-01 -3.562e+00 -3.887e+00 -1.280e+01 -2.361e+00 -6.769e+00 -1.450e+01 -2.017e+00 -5.142e+00 -4.948e+00 -1.631e+01 -1.735e+01 -7.791e+00 -2.806e+00
+12.678 +11.678 15.441  2.286 0.312 0.000 1.000 -2.347e+01 -1.499e-01 -5.590e-01 -3.661e+00 -3.985e+00 -1.289e+01 -2.350e+00 -6.760e+00 -1.449e+01 -2.017e+00 -5.128e+00 -4.976e+00 -1.631e+01 -1.734e+01 -7.762e+00 -2.806e+00
+12.761 +11.761 15.463  2.105 0.312 0.000 1.000 -2.347e+01 -1.499e-01 -5.590e-01 -3.877e+00 -4.194e+00 -1.311e+01 -2.335e+00 -6.747e+00 -1.447e+01 -2.017e+00 -5.099e+00 -5.043e+00 -1.631e+01 -1.731e+01 -7.708e+00 -2.806e+00
+12.802 +11.802 15.472  2.017 0.312 0.000 1.000   nan -1.499e-01 -5.590e-01 -3.991e+00 -4.309e+00 -1.322e+01 -2.329e+00 -6.742e+00 -1.446e+01 -2.017e+00 -5.083e+00 -5.082e+00 -1.631e+01 -1.729e+01 -7.683e+00 -2.806e+00
+12.844 +11.844 15.480  1.926 0.312 0.000 1.000 -2.347e+01 -1.499e-01 -5.590e-01 -4.104e+00 -4.433e+00 -1.333e+01 -2.325e+00 -6.739e+00 -1.446e+01 -2.017e+00 -5.066e+00 -5.124e+00 -1.631e+01 -1.728e+01 -7.659e+00 -2.806e+00
+12.926 +11.926 15.493  1.757 0.312 0.000 1.000 -2.347e+01 -1.499e-01 -5.590e-01 -4.306e+00 -4.680e+00 -1.354e+01 -2.319e+00 -6.735e+00 -1.445e+01 -2.017e+00 -5.029e+00 -5.223e+00 -1.631e+01 -1.724e+01 -7.615e+00 -2.806e+00
+12.968 +11.968 15.498  1.690 0.312 0.000 1.000   nan -1.499e-01 -5.590e-01 -4.383e+00 -4.789e+00 -1.363e+01 -2.317e+00 -6.735e+00 -1.445e+01 -2.017e+00 -5.009e+00 -5.280e+00 -1.631e+01 -1.722e+01 -7.595e+00 -2.806e+00
+13.009 +12.009 15.504  1.638 0.312 0.000 1.000 -2.347e+01 -1.500e-01 -5.590e-01 -4.441e+00 -4.878e+00 -1.370e+01 -2.316e+00 -6.735e+00 -1.445e+01 -2.017e+00 -4.988e+00 -5.343e+00 -1.631e+01 -1.720e+01 -7.577e+00 -2.806e+00
+13.092 +12.092 15.515  1.576 0.375 0.000 1.000 -2.348e+01 -1.500e-01 -5.590e-01 -4.502e+00 -4.968e+00 -1.378e+01 -2.315e+00 -6.737e+00 -1.445e+01 -2.017e+00 -4.943e+00 -5.489e+00 -1.631e+01 -1.716e+01 -7.546e+00 -2.806e+00
+13.133 +12.133 15.521  1.565 0.438 0.000 1.000 -2.400e+01 -1.500e-01 -5.590e-01 -4.515e+00 -4.994e+00 -1.379e+01 -2.314e+00 -6.738e+00 -1.445e+01 -2.017e+00 -4.920e+00 -5.573e+00 -1.631e+01 -1.713e+01 -7.534e+00 -2.806e+00
+13.175 +12.175 15.527  1.557 0.438 0.000 1.000 -2.400e+01 -1.500e-01 -5.590e-01 -4.522e+00 -5.012e+00 -1.380e+01 -2.314e+00 -6.739e+00 -1.445e+01 -2.017e+00 -4.895e+00 -5.667e+00 -1.631e+01 -1.711e+01 -7.522e+00 -2.806e+00
+13.258 +12.258 15.542  1.549 0.438 0.000 1.000 -2.400e+01 -1.500e-01 -5.589e-01 -4.528e+00 -5.027e+00 -1.381e+01 -2.314e+00 -6.741e+00 -1.445e+01 -2.017e+00 -4.843e+00 -5.885e+00 -1.631e+01 -1.706e+01 -7.505e+00 -2.806e+00
+13.299 +12.299 15.549  1.547 0.438 0.000 1.000 -2.400e+01 -1.500e-01 -5.589e-01 -4.529e+00 -5.029e+00 -1.381e+01 -2.314e+00 -6.742e+00 -1.445e+01 -2.017e+00 -4.815e+00 -6.011e+00 -1.631e+01 -1.703e+01 -7.499e+00 -2.806e+00
+13.340 +12.340 15.558  1.546 0.438 0.000 1.000 -2.400e+01 -1.500e-01 -5.589e-01 -4.530e+00 -5.031e+00 -1.381e+01 -2.314e+00 -6.743e+00 -1.445e+01 -2.017e+00 -4.787e+00 -6.151e+00 -1.631e+01 -1.700e+01 -7.494e+00 -2.806e+00
+13.423 +12.423 15.577  1.545 0.438 0.000 1.000 -2.400e+01 -1.500e-01 -5.589e-01 -4.532e+00 -5.033e+00 -1.381e+01 -2.314e+00 -6.744e+00 -1.444e+01 -2.017e+00 -4.727e+00 -6.477e+00 -1.631e+01 -1.695e+01 -7.488e+00 -2.806e+00
+13.465 +12.465 15.587  1.545 0.438 0.000 1.000 -2.400e+01 -1.500e-01 -5.588e-01 -4.532e+00 -5.034e+00 -1.382e+01 -2.314e+00 -6.744e+00 -1.444e+01 -2.017e+00 -4.697e+00 -6.664e+00 -1.631e+01 -1.692e+01 -7.486e+00 -2.806e+00
+13.506 +12.506 15.599  1.544 0.438 0.000 1.000 -2.400e+01 -1.500e-01 -5.588e-01 -4.532e+00 -5.034e+00 -1.382e+01 -2.314e+00 -6.744e+00 -1.444e+01 -2.017e+00 -4.665e+00 -6.868e+00 -1.631e+01 -1.688e+01 -7.486e+00 -2.806e+00
+13.589 +12.589 15.624  1.544 0.438 0.000 1.000 -2.400e+01 -1.500e-01 -5.587e-01 -4.533e+00 -5.035e+00 -1.382e+01 -2.314e+00 -6.745e+00 -1.444e+01 -2.017e+00 -4.600e+00 -7.311e+00 -1.631e+01 -1.682e+01 -7.487e+00 -2.806e+00
+13.630 +12.630 15.638  1.544 0.500 0.000 1.000 -2.400e+01 -1.501e-01 -5.587e-01 -4.533e+00 -5.035e+00 -1.382e+01 -2.314e+00 -6.745e+00 -1.444e+01 -2.017e+00 -4.567e+00 -7.525e+00 -1.631e+01 -1.679e+01 -7.488e+00 -2.806e+00
+13.672 +12.672 15.652  1.544 0.500 0.000 1.000 -2.400e+01 -1.501e-01 -5.587e-01 -4.533e+00 -5.035e+00 -1.382e+01 -2.314e+00 -6.745e+00 -1.444e+01 -2.018e+00 -4.533e+00 -7.697e+00 -1.631e+01 -1.675e+01 -7.489e+00 -2.806e+00
+13.754 +12.754 15.684  1.544 0.500 0.000 1.000 -2.400e+01 -1.501e-01 -5.586e-01 -4.533e+00 -5.035e+00 -1.382e+01 -2.314e+00 -6.745e+00 -1.444e+01 -2.018e+00 -4.463e+00 -7.840e+00 -1.631e+01 -1.668e+01 -7.492e+00 -2.806e+00
+13.796 +12.796 15.702  1.544 0.500 0.000 1.000 -2.400e+01 -1.501e-01 -5.585e-01 -4.533e+00 -5.035e+00 -1.382e+01 -2.314e+00 -6.745e+00 -1.445e+01 -2.018e+00 -4.428e+00 -7.832e+00 -1.631e+01 -1.665e+01 -7.494e+00 -2.806e+00
+13.837 +12.837 15.720  1.544 0.500 0.000 1.000 -2.400e+01 -1.501e-01 -5.585e-01 -4.533e+00 -5.035e+00 -1.382e+01 -2.314e+00 -6.745e+00 -1.445e+01 -2.018e+00 -4.392e+00 -7.803e+00 -1.631e+01 -1.661e+01 -7.497e+00 -2.806e+00
+13.920 +12.920 15.760  1.543 0.500 0.000 1.000 -2.400e+01 -1.502e-01 -5.584e-01 -4.533e+00 -5.035e+00 -1.382e+01 -2.314e+00 -6.745e+00 -1.445e+01 -2.018e+00 -4.319e+00 -7.731e+00 -1.631e+01 -1.654e+01 -7.502e+00 -2.806e+00
+13.961 +12.961 15.782  1.543 0.500 0.000 1.000 -2.400e+01 -1.502e-01 -5.583e-01 -4.533e+00 -5.035e+00 -1.382e+01 -2.314e+00 -6.745e+00 -1.445e+01 -2.019e+00 -4.282e+00 -7.692e+00 -1.631e+01 -1.650e+01 -7.505e+00 -2.806e+00
+14.003 +13.003 15.804  1.543 0.500 0.000 1.000 -2.400e+01 -1.503e-01 -5.582e-01 -4.533e+00 -5.035e+00 -1.382e+01 -2.314e+00 -6.745e+00 -1.445e+01 -2.019e+00 -4.244e+00 -7.652e+00 -1.631e+01 -1.647e+01 -7.508e+00 -2.806e+00
+14.085 +13.085 15.852  1.543 0.500 0.000 1.000 -2.400e+01 -1.503e-01 -5.580e-01 -4.533e+00 -5.035e+00 -1.382e+01 -2.314e+00 -6.745e+00 -1.445e+01 -2.019e+00 -4.169e+00 -7.570e+00 -1.632e+01 -1.639e+01 -7.515e+00 -2.806e+00
+14.127 +13.127 15.877  1.543 0.500 0.000 1.000 -2.400e+01 -1.504e-01 -5.579e-01 -4.533e+00 -5.035e+00 -1.382e+01 -2.314e+00 -6.745e+00 -1.445e+01 -2.019e+00 -4.130e+00 -7.530e+00 -1.632e+01 -1.635e+01 -7.518e+00 -2.806e+00
+14.168 +13.168 15.903  1.543 0.562 0.000 1.000 -2.400e+01 -1.504e-01 -5.578e-01 -4.533e+00 -5.035e+00 -1.382e+01 -2.314e+00 -6.745e+00 -1.445e+01 -2.020e+00 -4.092e+00 -7.503e+00 -1.632e+01 -1.631e+01 -7.522e+00 -2.806e+00
+14.251 +13.251 15.958  1.543 0.562 0.000 1.000 -2.400e+01 -1.505e-01 -5.576e-01 -4.533e+00 -5.035e+00 -1.382e+01 -2.314e+00 -6.745e+00 -1.445e+01 -2.020e+00 -4.015e+00 -7.427e+00 -1.632e+01 -1.624e+01 -7.531e+00 -2.806e+00
+14.292 +13.292 15.987  1.543 0.562 0.000 1.000 -2.400e+01 -1.506e-01 -5.574e-01 -4.533e+00 -5.035e+00 -1.382e+01 -2.314e+00 -6.745e+00 -1.445e+01 -2.021e+00 -3.976e+00 -7.387e+00 -1.632e+01 -1.620e+01 -7.536e+00 -2.806e+00
+14.334 +13.334 16.016  1.543 0.562 0.000 1.000 -2.400e+01 -1.506e-01 -5.572e-01 -4.533e+00 -5.035e+00 -1.382e+01 -2.314e+00 -6.745e+00 -1.445e+01 -2.021e+00 -3.937e+00 -7.347e+00 -1.632e+01 -1.616e+01 -7.541e+00 -2.806e+00
+14.417 +13.417 16.078  1.543 0.562 0.000 1.000 -2.400e+01 -1.508e-01 -5.569e-01 -4.533e+00 -5.035e+00 -1.382e+01 -2.314e+00 -6.745e+00 -1.445e+01 -2.022e+00 -3.858e+00 -7.267e+00 -1.632e+01 -1.608e+01 -7.552e+00 -2.806e+00
+14.458 +13.458 16.110  1.543 0.562 0.000 1.000 -2.400e+01 -1.509e-01 -5.566e-01 -4.533e+00 -5.035e+00 -1.382e+01 -2.314e+00 -6.745e+00 -1.445e+01 -2.023e+00 -3.819e+00 -7.227e+00 -1.632e+01 -1.604e+01 -7.557e+00 -2.806e+00
+14.499 +13.499 16.142  1.543 0.562 0.000 1.000 -2.400e+01 -1.510e-01 -5.564e-01 -4.533e+00 -5.035e+00 -1.382e+01 -2.314e+00 -6.745e+00 -1.445e+01 -2.023e+00 -3.780e+00 -7.187e+00 -1.632e+01 -1.600e+01 -7.562e+00 -2.806e+00
+14.582 +13.582 16.209  1.543 0.562 0.000 1.000 -2.400e+01 -1.512e-01 -5.558e-01 -4.533e+00 -5.035e+00 -1.382e+01 -2.314e+00 -6.745e+00 -1.445e+01 -2.025e+00 -3.701e+00 -7.106e+00 -1.632e+01 -1.592e+01 -7.572e+00 -2.806e+00
+14.624 +13.624 16.244  1.542 0.562 0.000 1.000 -2.400e+01 -1.513e-01 -5.555e-01 -4.533e+00 -5.035e+00 -1.382e+01 -2.314e+00 -6.745e+00 -1.445e+01 -2.026e+00 -3.662e+00 -7.066e+00 -1.632e+01 -1.589e+01 -7.576e+00 -2.806e+00
+14.665 +13.665 16.279  1.542 0.562 0.000 1.000 -2.400e+01 -1.515e-01 -5.551e-01 -4.533e+00 -5.035e+00 -1.382e+01 -2.314e+00 -6.745e+00 -1.445e+01 -2.026e+00 -3.623e+00 -7.026e+00 -1.632e+01 -1.585e+01 -7.579e+00 -2.806e+00
+14.748 +13.748 16.350  1.542 0.562 0.000 1.000 -2.400e+01 -1.518e-01 -5.543e-01 -4.533e+00 -5.035e+00 -1.382e+01 -2.314e+00 -6.744e+00 -1.445e+01 -2.028e+00 -3.544e+00 -6.947e+00 -1.633e+01 -1.577e+01 -7.580e+00 -2.806e+00
+14.789 +13.789 16.386  1.542 0.562 0.000 1.000 -2.400e+01 -1.520e-01 -5.538e-01 -4.533e+00 -5.035e+00 -1.382e+01 -2.314e+00 -6.744e+00 -1.445e+01 -2.030e+00 -3.505e+00 -6.907e+00 -1.633e+01 -1.573e+01 -7.578e+00 -2.806e+00
+14.831 +13.831 16.423  1.542 0.562 0.000 1.000 -2.400e+01 -1.522e-01 -5.533e-01 -4.533e+00 -5.035e+00 -1.382e+01 -2.314e+00 -6.744e+00 -1.445e+01 -2.031e+00 -3.466e+00 -6.868e+00 -1.633e+01 -1.569e+01 -7.573e+00 -2.806e+00
+14.913 +13.913 16.497  1.542 0.562 0.000 1.000 -2.400e+01 -1.527e-01 -5.521e-01 -4.532e+00 -5.035e+00 -1.382e+01 -2.314e+00 -6.744e+00 -1.445e+01 -2.034e+00 -3.388e+00 -6.789e+00 -1.633e+01 -1.561e+01 -7.553e+00 -2.806e+00
+14.955 +13.955 16.535  1.541 0.562 0.000 1.000 -2.400e+01 -1.529e-01 -5.514e-01 -4.532e+00 -5.035e+00 -1.382e+01 -2.314e+00 -6.744e+00 -1.445e+01 -2.036e+00 -3.350e+00 -6.750e+00 -1.633e+01 -1.557e+01 -7.538e+00 -2.806e+00
+14.996 +13.996 16.573  1.541 0.562 0.000 1.000 -2.400e+01 -1.533e-01 -5.507e-01 -4.532e+00 -5.035e+00 -1.382e+01 -2.313e+00 -6.744e+00 -1.445e+01 -2.038e+00 -3.311e+00 -6.711e+00 -1.634e+01 -1.554e+01 -7.518e+00 -2.806e+00
+15.079 +14.079 16.650  1.541 0.562 0.000 1.000 -2.400e+01 -1.540e-01 -5.490e-01 -4.532e+00 -5.034e+00 -1.382e+01 -2.313e+00 -6.744e+00 -1.445e+01 -2.042e+00 -3.235e+00 -6.634e+00 -1.634e+01 -1.546e+01 -7.465e+00 -2.806e+00
+15.120 +14.120 16.688  1.541 0.562 0.000 1.000 -2.400e+01 -1.544e-01 -5.480e-01 -4.532e+00 -5.034e+00 -1.382e+01 -2.313e+00 -6.743e+00 -1.445e+01 -2.045e+00 -3.197e+00 -6.595e+00 -1.634e+01 -1.542e+01 -7.432e+00 -2.806e+00
+15.162 +14.162 16.727  1.541 0.562 0.000 1.000 -2.400e+01 -1.548e-01 -5.469e-01 -4.531e+00 -5.034e+00 -1.382e+01 -2.313e+00 -6.743e+00 -1.445e+01 -2.047e+00 -3.160e+00 -6.558e+00 -1.635e+01 -1.539e+01 -7.395e+00 -2.806e+00
+15.244 +14.244 16.806  1.540 0.562 0.000 1.000 -2.400e+01 -1.558e-01 -5.443e-01 -4.531e+00 -5.033e+00 -1.382e+01 -2.312e+00 -6.742e+00 -1.445e+01 -2.054e+00 -3.086e+00 -6.483e+00 -1.635e+01 -1.531e+01 -7.311e+00 -2.806e+00
+15.286 +14.286 16.845  1.540 0.562 0.000 1.000 -2.400e+01 -1.564e-01 -5.429e-01 -4.531e+00 -5.033e+00 -1.382e+01 -2.312e+00 -6.742e+00 -1.445e+01 -2.057e+00 -3.050e+00 -6.446e+00 -1.636e+01 -1.528e+01 -7.265e+00 -2.806e+00
+15.327 +14.327 16.885  1.540 0.562 0.000 1.000 -2.400e+01 -1.571e-01 -5.413e-01 -4.530e+00 -5.033e+00 -1.382e+01 -2.311e+00 -6.742e+00 -1.445e+01 -2.062e+00 -3.014e+00 -6.410e+00 -1.636e+01 -1.524e+01 -7.217e+00 -2.806e+00
+15.410 +14.410 16.965  1.539 0.562 0.000 1.000 -2.400e+01 -1.586e-01 -5.377e-01 -4.529e+00 -5.032e+00 -1.382e+01 -2.310e+00 -6.740e+00 -1.445e+01 -2.071e+00 -2.944e+00 -6.338e+00 -1.637e+01 -1.517e+01 -7.119e+00 -2.806e+00
+15.451 +14.451 17.005  1.539 0.562 0.000 1.000 -2.400e+01 -1.595e-01 -5.356e-01 -4.528e+00 -5.031e+00 -1.382e+01 -2.310e+00 -6.740e+00 -1.445e+01 -2.076e+00 -2.910e+00 -6.303e+00 -1.638e+01 -1.514e+01 -7.070e+00 -2.806e+00
+15.493 +14.493 17.045  1.539 0.562 0.000 1.000 -2.400e+01 -1.604e-01 -5.333e-01 -4.528e+00 -5.030e+00 -1.382e+01 -2.309e+00 -6.739e+00 -1.445e+01 -2.082e+00 -2.877e+00 -6.269e+00 -1.639e+01 -1.511e+01 -7.021e+00 -2.806e+00
+15.576 +14.576 17.125  1.538 0.562 0.000 1.000 -2.400e+01 -1.627e-01 -5.281e-01 -4.526e+00 -5.029e+00 -1.382e+01 -2.308e+00 -6.737e+00 -1.445e+01 -2.096e+00 -2.813e+00 -6.203e+00 -1.640e+01 -1.504e+01 -6.927e+00 -2.806e+00
+15.617 +14.617 17.166  1.538 0.562 0.000 1.000 -2.400e+01 -1.639e-01 -5.252e-01 -4.525e+00 -5.028e+00 -1.382e+01 -2.307e+00 -6.736e+00 -1.445e+01 -2.103e+00 -2.782e+00 -6.171e+00 -1.641e+01 -1.501e+01 -6.882e+00 -2.806e+00
+15.658 +14.658 17.206  1.538 0.562 0.000 1.000 -2.400e+01 -1.654e-01 -5.219e-01 -4.524e+00 -5.027e+00 -1.382e+01 -2.306e+00 -6.735e+00 -1.445e+01 -2.112e+00 -2.752e+00 -6.140e+00 -1.642e+01 -1.498e+01 -6.838e+00 -2.806e+00
+15.729 +14.729 17.275  1.537 0.562 0.000 1.000 -2.400e+01 -1.681e-01 -5.157e-01 -4.522e+00 -5.025e+00 -1.382e+01 -2.303e+00 -6.733e+00 -1.445e+01 -2.128e+00 -2.704e+00 -6.082e+00 -1.644e+01 -1.493e+01 -6.768e+00 -2.806e+00
+15.788 +14.788 17.333  1.537 0.562 0.000 1.000 -2.400e+01 -1.708e-01 -5.097e-01 -4.520e+00 -5.022e+00 -1.382e+01 -2.301e+00 -6.730e+00 -1.445e+01 -2.144e+00 -2.667e+00 -6.043e+00 -1.646e+01 -1.490e+01 -6.711e+00 -2.806e+00
+15.828 +14.770 17.372  1.537 0.562 0.000 1.000 -2.400e+01 -1.729e-01 -5.052e-01 -4.517e+00 -5.020e+00 -1.382e+01 -2.299e+00 -6.728e+00 -1.445e+01 -2.156e+00 -2.643e+00 -6.013e+00 -1.647e+01 -1.487e+01 -6.674e+00 -2.806e+00
+15.880 +14.744 17.423  1.537 0.562 0.000 1.000 -2.400e+01 -1.759e-01 -4.989e-01 -4.514e+00 -5.017e+00 -1.382e+01 -2.296e+00 -6.725e+00 -1.445e+01 -2.173e+00 -2.616e+00 -5.983e+00 -1.649e+01 -1.485e+01 -6.632e+00 -2.806e+00
+15.936 +14.709 17.479  1.538 0.562 0.000 1.000 -2.400e+01 -1.796e-01 -4.912e-01 -4.509e+00 -5.012e+00 -1.382e+01 -2.291e+00 -6.720e+00 -1.445e+01 -2.194e+00 -2.589e+00 -5.953e+00 -1.652e+01 -1.482e+01 -6.591e+00 -2.806e+00
+16.002 +14.820 17.544  1.539 0.562 0.000 1.000 -2.400e+01 -1.846e-01 -4.810e-01 -4.503e+00 -5.006e+00 -1.382e+01 -2.285e+00 -6.714e+00 -1.445e+01 -2.221e+00 -2.562e+00 -5.926e+00 -1.655e+01 -1.480e+01 -6.552e+00 -2.806e+00
+16.053 +14.785 17.595  1.540 0.562 0.000 0.999 -2.400e+01 -1.892e-01 -4.721e-01 -4.498e+00 -5.001e+00 -1.382e+01 -2.280e+00 -6.708e+00 -1.445e+01 -2.245e+00 -2.545e+00 -5.907e+00 -1.658e+01 -1.479e+01 -6.528e+00 -2.806e+00
+16.105 +14.741 17.647  1.541 0.562 0.000 0.999 -2.400e+01 -1.944e-01 -4.621e-01 -4.491e+00 -4.994e+00 -1.382e+01 -2.273e+00 -6.702e+00 -1.445e+01 -2.272e+00 -2.532e+00 -5.892e+00 -1.661e+01 -1.478e+01 -6.507e+00 -2.806e+00
+16.162 +14.680 17.704  1.543 0.562 0.000 0.999 -2.400e+01 -2.011e-01 -4.500e-01 -4.482e+00 -4.985e+00 -1.382e+01 -2.264e+00 -6.693e+00 -1.445e+01 -2.305e+00 -2.522e+00 -5.881e+00 -1.665e+01 -1.478e+01 -6.491e+00 -2.806e+00
+16.215 +14.773 17.758  1.545 0.562 0.000 0.999 -2.400e+01 -2.084e-01 -4.373e-01 -4.473e+00 -4.976e+00 -1.382e+01 -2.255e+00 -6.684e+00 -1.445e+01 -2.340e+00 -2.518e+00 -5.876e+00 -1.669e+01 -1.478e+01 -6.482e+00 -2.806e+00
+16.269 +14.703 17.812  1.547 0.562 0.000 0.999 -2.400e+01 -2.169e-01 -4.232e-01 -4.463e+00 -4.966e+00 -1.381e+01 -2.245e+00 -6.674e+00 -1.444e+01 -2.377e+00 -2.519e+00 -5.877e+00 -1.674e+01 -1.479e+01 -6.479e+00 -2.806e+00
+16.327 +14.779 17.870  1.548 0.562 0.000 0.999 -2.400e+01 -2.274e-01 -4.068e-01 -4.451e+00 -4.954e+00 -1.381e+01 -2.233e+00 -6.662e+00 -1.444e+01 -2.422e+00 -2.527e+00 -5.884e+00 -1.679e+01 -1.481e+01 -6.482e+00 -2.806e+00
+16.382 +14.846 17.926  1.548 0.562 0.000 0.998 -2.400e+01 -2.393e-01 -3.893e-01 -4.439e+00 -4.942e+00 -1.381e+01 -2.221e+00 -6.650e+00 -1.444e+01 -2.469e+00 -2.542e+00 -5.897e+00 -1.685e+01 -1.483e+01 -6.493e+00 -2.806e+00
+16.436 +14.758 17.980  1.547 0.562 0.000 0.998 -2.400e+01 -2.526e-01 -3.711e-01 -4.427e+00 -4.930e+00 -1.381e+01 -2.209e+00 -6.638e+00 -1.444e+01 -2.518e+00 -2.562e+00 -5.918e+00 -1.691e+01 -1.487e+01 -6.510e+00 -2.806e+00
+16.490 +14.825 18.035  1.543 0.562 0.000 0.998 -2.400e+01 -2.685e-01 -3.509e-01 -4.415e+00 -4.917e+00 -1.382e+01 -2.197e+00 -6.626e+00 -1.445e+01 -2.571e+00 -2.589e+00 -5.944e+00 -1.698e+01 -1.491e+01 -6.535e+00 -2.806e+00
+16.543 +14.893 18.087  1.538 0.562 0.000 0.998 -2.400e+01 -2.864e-01 -3.301e-01 -4.402e+00 -4.905e+00 -1.382e+01 -2.184e+00 -6.613e+00 -1.445e+01 -2.626e+00 -2.622e+00 -5.976e+00 -1.705e+01 -1.496e+01 -6.566e+00 -2.806e+00
+16.598 +14.960 18.141  1.529 0.562 0.000 0.997 -2.400e+01 -3.079e-01 -3.074e-01 -4.390e+00 -4.892e+00 -1.383e+01 -2.171e+00 -6.601e+00 -1.446e+01 -2.685e+00 -2.662e+00 -6.015e+00 -1.713e+01 -1.502e+01 -6.604e+00 -2.806e+00
+16.654 +15.027 18.194  1.517 0.562 0.000 0.997 -2.400e+01 -3.338e-01 -2.830e-01 -4.376e+00 -4.879e+00 -1.384e+01 -2.158e+00 -6.587e+00 -1.447e+01 -2.747e+00 -2.710e+00 -6.062e+00 -1.722e+01 -1.509e+01 -6.649e+00 -2.806e+00
+16.711 +15.354 18.248  1.501 0.625 0.000 0.997 -2.400e+01 -3.649e-01 -2.570e-01 -4.363e+00 -4.865e+00 -1.386e+01 -2.145e+00 -6.574e+00 -1.449e+01 -2.810e+00 -2.764e+00 -6.110e+00 -1.731e+01 -1.517e+01 -6.699e+00 -2.806e+00
+16.773 +15.611 18.303  1.478 0.625 0.000 0.997 -2.400e+01 -4.042e-01 -2.285e-01 -4.350e+00 -4.851e+00 -1.388e+01 -2.132e+00 -6.560e+00 -1.451e+01 -2.876e+00 -2.826e+00 -6.164e+00 -1.741e+01 -1.527e+01 -6.755e+00 -2.806e+00
+16.842 +15.431 18.362  1.446 0.625 0.000 0.997 -2.400e+01 -4.577e-01 -1.960e-01 -4.334e+00 -4.833e+00 -1.392e+01 -2.115e+00 -6.542e+00 -1.455e+01 -2.947e+00 -2.898e+00 -6.221e+00 -1.753e+01 -1.539e+01 -6.809e+00 -2.806e+00
+16.875 +15.387 18.389  1.420 0.625 0.000 0.997 -2.400e+01 -4.881e-01 -1.802e-01 -4.321e+00 -4.822e+00 -1.394e+01 -2.103e+00 -6.532e+00 -1.457e+01 -2.977e+00 -2.934e+00 -6.281e+00 -1.761e+01 -1.547e+01 -6.858e+00 -2.806e+00
+16.931 +14.861 18.432  1.377 0.562 0.000 0.997 -2.400e+01 -5.450e-01 -1.546e-01 -4.304e+00 -4.807e+00 -1.398e+01 -2.086e+00 -6.515e+00 -1.461e+01 -3.022e+00 -2.992e+00 -6.348e+00 -1.771e+01 -1.559e+01 -6.927e+00 -2.806e+00
+16.985 +15.738 18.472  1.337 0.625 0.000 0.998 -2.400e+01 -6.110e-01 -1.303e-01 -4.288e+00 -4.786e+00 -1.403e+01 -2.070e+00 -6.495e+00 -1.466e+01 -3.057e+00 -3.045e+00 -6.384e+00 -1.780e+01 -1.570e+01 -6.981e+00 -2.806e+00
+17.044 +15.112 18.511  1.272 0.562 0.000 0.998 -2.400e+01 -6.967e-01 -1.053e-01 -4.262e+00 -4.763e+00 -1.409e+01 -2.042e+00 -6.472e+00 -1.472e+01 -3.086e+00 -3.096e+00 -6.446e+00 -1.792e+01 -1.584e+01 -7.036e+00 -2.806e+00
+17.098 +15.244 18.543  1.201 0.562 0.000 0.998 -2.400e+01 -7.910e-01 -8.410e-02 -4.237e+00 -4.738e+00 -1.416e+01 -2.019e+00 -6.447e+00 -1.479e+01 -3.103e+00 -3.134e+00 -6.488e+00 -1.804e+01 -1.597e+01 -7.079e+00 -2.806e+00
+17.152 +15.338 18.572  1.116 0.562 0.000 0.999 -2.400e+01 -9.043e-01 -6.493e-02 -4.211e+00 -4.709e+00 -1.425e+01 -1.992e+00 -6.420e+00 -1.487e+01 -3.113e+00 -3.164e+00 -6.517e+00 -1.816e+01 -1.612e+01 -7.111e+00 -2.806e+00
+17.206 +15.239 18.597  1.006 0.562 0.000 1.000 -2.400e+01 -1.042e+00 -4.812e-02 -4.182e+00 -4.679e+00 -1.436e+01 -1.963e+00 -6.391e+00 -1.498e+01 -3.117e+00 -3.187e+00 -6.541e+00 -1.830e+01 -1.628e+01 -7.135e+00 -2.806e+00
+17.262 +15.032 18.617  0.864 0.562 0.000 1.001 -2.400e+01 -1.215e+00 -3.393e-02 -4.149e+00 -4.652e+00 -1.450e+01 -1.933e+00 -6.362e+00 -1.513e+01 -3.116e+00 -3.202e+00 -6.558e+00 -1.847e+01 -1.647e+01 -7.152e+00 -2.806e+00
+17.317 +15.390 18.632  0.690 0.562 0.000 1.001 -2.400e+01 -1.422e+00 -2.318e-02 -4.120e+00 -4.618e+00 -1.467e+01 -1.903e+00 -6.330e+00 -1.530e+01 -3.113e+00 -3.212e+00 -6.565e+00 -1.868e+01 -1.668e+01 -7.162e+00 -2.806e+00
+17.373 +15.237 18.643  0.462 0.562 0.000 1.002 -2.400e+01 -1.678e+00 -1.554e-02 -4.090e+00 -4.592e+00 -1.490e+01 -1.875e+00 -6.303e+00 -1.553e+01 -3.109e+00 -3.218e+00 -6.572e+00 -1.893e+01 -1.695e+01 -7.168e+00 -2.806e+00
+17.428 +15.436 18.650  0.185 0.562 0.000 1.003 -2.400e+01 -1.985e+00 -1.077e-02 -4.063e+00 -4.562e+00 -1.518e+01 -1.850e+00 -6.275e+00 -1.581e+01 -3.106e+00 -3.221e+00 -6.572e+00 -1.923e+01 -1.725e+01 -7.171e+00 -2.806e+00
+17.483 +15.458 18.653 -0.160 0.500 0.000 1.004 -2.400e+01 -2.356e+00 -8.133e-03 -4.036e+00 -4.538e+00 -1.552e+01 -1.830e+00 -6.254e+00 -1.616e+01 -3.104e+00 -3.222e+00 -6.571e+00 -1.960e+01 -1.762e+01 -7.171e+00 -2.806e+00
+17.539 +15.684 18.655 -0.586 0.500 0.000 1.004 -2.400e+01 -2.811e+00 -6.870e-03 -4.017e+00 -4.510e+00 -1.595e+01 -1.815e+00 -6.233e+00 -1.659e+01 -3.103e+00 -3.222e+00 -6.564e+00 -2.005e+01 -1.807e+01 -7.171e+00 -2.806e+00
+17.598 +16.112 18.656 -1.120 0.500 0.000 1.005 -2.400e+01 -3.403e+00 -6.362e-03 -3.995e+00 -4.454e+00 -1.649e+01 -1.804e+00 -6.197e+00 -1.715e+01 -3.102e+00 -3.223e+00 -6.548e+00 -2.061e+01 -1.864e+01 -7.170e+00 -2.806e+00
+17.662 +16.237 18.656 -1.789 0.438 0.000 1.005 -2.400e+01 -4.206e+00 -6.214e-03 -3.941e+00 -4.521e+00 -1.721e+01 -1.800e+00 -6.231e+00 -1.786e+01 -3.102e+00 -3.223e+00 -6.502e+00 -2.133e+01 -1.936e+01 -7.170e+00 -2.806e+00
+17.724 +16.724 18.656 -2.617 0.375 0.000 1.005 -2.400e+01 -5.298e+00 -6.188e-03 -3.949e+00 -4.521e+00 -1.810e+01 -1.800e+00 -6.230e+00 -1.878e+01 -3.102e+00 -3.223e+00 -6.477e+00 -2.224e+01 -2.027e+01 -7.170e+00 -2.806e+00
+17.766 +16.766 18.656 -3.265 0.375 0.000 1.005 -2.400e+01 -6.661e+00 -6.185e-03 -3.937e+00 -4.521e+00 -1.862e+01 -1.800e+00 -6.230e+00 -1.931e+01 -3.102e+00 -3.223e+00 -6.468e+00 -2.275e+01 -2.080e+01 -7.170e+00 -2.806e+00
+17.849 +16.849 18.656 -5.419 0.312 0.000 1.005 -2.400e+01 -8.862e+00 -6.185e-03 -3.932e+00 -4.521e+00 -2.072e+01 -1.800e+00 -6.230e+00 -2.143e+01 -3.102e+00 -3.223e+00 -6.462e+00 -2.395e+01 -2.289e+01 -7.170e+00 -2.806e+00
+17.890 +16.890 18.656 -6.929 0.312 0.000 1.005 -2.400e+01 -1.059e+01 -6.185e-03 -3.932e+00 -4.521e+00 -2.221e+01 -1.800e+00 -6.230e+00 -2.289e+01 -3.102e+00 -3.223e+00 -6.462e+00 -2.400e+01 -2.386e+01 -7.170e+00 -2.806e+00
+17.931 +16.931 18.656 -8.681 0.312 0.000 1.005 -2.400e+01   nan -6.185e-03 -3.932e+00 -4.521e+00 -2.368e+01 -1.800e+00 -6.230e+00 -2.392e+01 -3.102e+00 -3.223e+00 -6.462e+00 -2.400e+01 -2.400e+01 -7.170e+00 -2.806e+00
+17.982 +16.297 18.656 -10.673 0.312 0.095 1.005 -2.400e+01 -1.300e+01 -6.185e-03 -3.932e+00 -4.521e+00 -2.400e+01 -1.800e+00 -6.230e+00 -2.400e+01 -3.102e+00 -3.223e+00 -6.462e+00 -2.400e+01 -2.400e+01 -7.170e+00 -2.806e+00
+18.041 +17.041 18.656 -11.872 0.312 0.095 1.005 -2.400e+01   nan -6.185e-03 -3.932e+00 -4.521e+00 -2.400e+01 -1.800e+00 -6.230e+00 -2.400e+01 -3.102e+00 -3.223e+00 -6.462e+00 -2.400e+01 -2.400e+01 -7.170e+00 -2.806e+00
+18.093 +16.500 18.656 -14.173 0.312 0.143 1.005 -2.400e+01 -1.648e+01 -6.185e-03 -3.932e+00 -4.521e+00 -2.400e+01 -1.800e+00 -6.230e+00 -2.400e+01 -3.102e+00 -3.223e+00 -6.461e+00 -2.400e+01 -2.400e+01 -7.170e+00 -2.806e+00
+18.165 +17.165 18.656   -inf 0.312 0.143 1.005 -2.400e+01   nan -6.185e-03 -3.932e+00 -4.521e+00 -2.400e+01 -1.800e+00 -6.230e+00 -2.400e+01 -3.102e+00 -3.223e+00 -6.461e+00 -2.400e+01 -2.400e+01 -7.170e+00 -2.806e+00
+18.206 +17.206 18.656   -inf 0.062 0.143 1.005 -2.400e+01 -1.911e+01 -6.185e-03 -3.932e+00 -4.521e+00 -1.793e+01 -1.800e+00 -6.230e+00 -1.795e+01 -3.102e+00 -3.223e+00 -6.461e+00 -2.115e+01 -2.118e+01 -7.170e+00 -2.806e+00
+18.277 +17.277 18.656   -inf 0.312 0.143 1.005 -2.400e+01   nan -6.185e-03 -3.932e+00 -4.521e+00 -2.400e+01 -1.800e+00 -6.230e+00 -2.400e+01 -3.102e+00 -3.223e+00 -6.461e+00 -2.400e+01 -2.400e+01 -7.170e+00 -2.806e+00
+18.318 +17.318 18.656   -inf 0.062 0.143 1.005 -2.400e+01 -2.286e+01 -6.185e-03 -3.932e+00 -4.521e+00 -2.169e+01 -1.800e+00 -6.230e+00 -2.171e+01 -3.102e+00 -3.223e+00 -6.461e+00 -2.395e+01 -2.395e+01 -7.170e+00 -2.806e+00
+18.401 +17.401 18.656   -inf 0.062 0.143 1.005 -2.400e+01 -2.337e+01 -6.185e-03 -3.932e+00 -4.521e+00 -2.224e+01 -1.800e+00 -6.230e+00 -2.227e+01 -3.102e+00 -3.223e+00 -6.461e+00 -2.399e+01 -2.399e+01 -7.170e+00 -2.806e+00
+18.443 +17.443 18.656 -11.080 0.312 0.143 1.005 -2.400e+01   nan -6.185e-03 -3.932e+00 -4.521e+00 -2.400e+01 -1.800e+00 -6.230e+00 -2.400e+01 -3.102e+00 -3.223e+00 -6.461e+00 -2.400e+01 -2.400e+01 -7.170e+00 -2.806e+00
+18.484 +17.484 18.656   -inf 0.062 0.143 1.005 -2.400e+01 -2.369e+01 -6.185e-03 -3.932e+00 -4.521e+00 -2.268e+01 -1.800e+00 -6.230e+00 -2.271e+01 -3.102e+00 -3.223e+00 -6.461e+00 -2.399e+01 -2.400e+01 -7.170e+00 -2.806e+00