he4+he4+he4-->c12 3 0 8 3 1 0 0 0.16666667 7.27500 1
-24.99350000 -4.29702000 -6.69304000 15.59030000 -1.57387000 0.17058800 -9.02800000
2 2 2 
2 2 2 
6 
6 
1 1 1 
2 
he4+he4+he4-->c12 3 1 8 3 1 0 0 0.16666667 7.27500 1
-49.49480000 0.32829000 -86.90160000 75.01510000 128.42700000 -215.28800000 -51.60260000
2 2 2 
2 2 2 
6 
6 
1 1 1 
2 
c12-->he4+he4+he4 3 2 3 1 3 0 0 1.00000000 -7.27500 0
-2.74994000 -84.09170000 -86.90160000 75.01510000 128.42700000 -215.28800000 -48.60260000
6 
6 
2 2 2 
2 2 2 
2 
1 1 1 
c12-->he4+he4+he4 3 3 3 1 3 0 0 1.00000000 -7.27500 0
21.75130000 -88.71700000 -6.69304000 15.59030000 -1.57387000 0.17058800 -6.02800000
6 
6 
2 2 2 
2 2 2 
2 
1 1 1 
p+c12-->n13 2 0 4 2 1 0 0 1.00000000 1.94400 1
26.14470000 -0.02087790 -10.35980000 -14.00580000 4.20059000 -1.55112000 3.59944000
1 6 
0 6 
7 
6 
0 2 
4 
p+c12-->n13 2 1 4 2 1 0 0 1.00000000 1.94400 1
15.77330000 -5.00351000 4.68321000 -9.46366000 0.71507200 -0.03964090 2.48026000
1 6 
0 6 
7 
6 
0 2 
4 
n13-->p+c12 2 2 2 1 2 0 1 1.00000000 -1.94400 0
49.04730000 -22.57390000 -10.35980000 -14.00580000 4.20059000 -1.55112000 5.09944000
7 
6 
1 6 
0 6 
4 
0 2 
n13-->p+c12 2 3 2 1 2 0 1 1.00000000 -1.94400 0
38.67590000 -27.55650000 4.68321000 -9.46366000 0.71507200 -0.03964090 3.98026000
7 
6 
1 6 
0 6 
4 
0 2 
he4+c12-->p+n15 4 0 5 2 2 0 0 1.00000000 -4.96600 1
116.24000000 -57.76090000 9.47894000 -134.86800000 32.31110000 -12.16990000 34.30080000
2 6 
2 6 
1 7 
0 8 
1 2 
0 6 
he4+c12-->p+n15 4 1 5 2 2 0 0 1.00000000 -4.96600 1
21.71220000 -61.09470000 -9.88910000 4.37495000 2.17721000 -0.29120400 -7.38375000
2 6 
2 6 
1 7 
0 8 
1 2 
0 6 
p+n15-->he4+c12 4 2 5 2 2 0 0 1.00000000 4.96600 0
116.58800000 -0.13786000 9.47894000 -134.86800000 32.31110000 -12.16990000 34.30080000
1 7 
0 8 
2 6 
2 6 
0 6 
1 2 
p+n15-->he4+c12 4 3 5 2 2 0 0 1.00000000 4.96600 0
22.06030000 -3.47168000 -9.88910000 4.37495000 2.17721000 -0.29120400 -7.38375000
1 7 
0 8 
2 6 
2 6 
0 6 
1 2 
p+c13-->n14 2 0 4 2 1 0 0 1.00000000 7.55100 1
21.04270000 -0.00832618 -12.47830000 -4.17217000 2.16627000 -0.86300500 0.81667800
1 6 
0 7 
7 
7 
0 3 
5 
p+c13-->n14 2 1 4 2 1 0 0 1.00000000 7.55100 1
14.00610000 -5.70100000 -3.98255000E-8 6.79833000E-8 -4.63014000E-9 3.13320000E-10 -1.20000000
1 6 
0 7 
7 
7 
0 3 
5 
n14-->p+c13 2 2 2 1 2 0 1 1.00000000 -7.55100 0
44.24250000 -87.62930000 -12.47830000 -4.17217000 2.16627000 -0.86300500 2.31668000
7 
7 
1 6 
0 7 
5 
0 3 
n14-->p+c13 2 3 2 1 2 0 1 1.00000000 -7.55100 0
37.20590000 -93.32200000 -3.98255000E-8 6.79833000E-8 -4.63014000E-9 3.13320000E-10 0.30000000
7 
7 
1 6 
0 7 
5 
0 3 
n13-->c13+e++nu 1 0 1 1 1 0 0 1.00000000 2.22100 1
-6.75943000 0.00000000 0.00000000 0.00000000 0.00000000 0.00000000 0.00000000
7 
6 
6 
7 
4 
3 
p+n14-->o15 2 0 4 2 1 0 0 1.00000000 7.29700 1
37.75020000 -0.02880800 -9.88762000 -30.58870000 5.13964000 -0.71429800 7.03051000
1 7 
0 7 
8 
7 
0 5 
7 
p+n14-->o15 2 1 4 2 1 0 0 1.00000000 7.29700 1
85.80850000 -3.64298000 51.73350000 -142.78100000 14.82460000 -1.22744000 49.90560000
1 7 
0 7 
8 
7 
0 5 
7 
o15-->p+n14 2 2 2 1 2 0 1 1.00000000 -7.29700 0
61.76930000 -84.70680000 -9.88762000 -30.58870000 5.13964000 -0.71429800 8.53051000
8 
7 
1 7 
0 7 
7 
0 5 
o15-->p+n14 2 3 2 1 2 0 1 1.00000000 -7.29700 0
109.82800000 -88.32100000 51.73350000 -142.78100000 14.82460000 -1.22744000 51.40560000
8 
7 
1 7 
0 7 
7 
0 5 
o15-->n15+e++nu 1 0 1 1 1 0 0 1.00000000 2.75400 1
-5.16889000 0.00000000 0.00000000 0.00000000 0.00000000 0.00000000 0.00000000
8 
7 
7 
8 
7 
6 
