n-->p+e+nubar 1 0 1 1 1 0 0 1.00000000 0.78234 1
-6.78814000 0.00000000 0.00000000 0.00000000 0.00000000 0.00000000 0.00000000
0 
1 
1 
0 
0 
1 
he4+he4+he4-->c12 3 0 8 3 1 0 0 0.16666667 7.27500 1
-24.99350000 -4.29702000 -6.69304000 15.59030000 -1.57387000 0.17058800 -9.02800000
2 2 2 
2 2 2 
6 
6 
2 2 2 
3 
he4+he4+he4-->c12 3 1 8 3 1 0 0 0.16666667 7.27500 1
-49.49480000 0.32829000 -86.90160000 75.01510000 128.42700000 -215.28800000 -51.60260000
2 2 2 
2 2 2 
6 
6 
2 2 2 
3 
c12-->he4+he4+he4 3 2 3 1 3 0 0 1.00000000 -7.27500 0
-2.74994000 -84.09170000 -86.90160000 75.01510000 128.42700000 -215.28800000 -48.60260000
6 
6 
2 2 2 
2 2 2 
3 
2 2 2 
c12-->he4+he4+he4 3 3 3 1 3 0 0 1.00000000 -7.27500 0
21.75130000 -88.71700000 -6.69304000 15.59030000 -1.57387000 0.17058800 -6.02800000
6 
6 
2 2 2 
2 2 2 
3 
2 2 2 
he4+c12-->o16 2 0 4 2 1 0 0 1.00000000 7.16200 1
18.49770000 0.00482093 -33.25220000 3.33517000 -0.70171400 0.07819720 -2.80751000
2 6 
2 6 
8 
8 
2 3 
6 
he4+c12-->o16 2 1 4 2 1 0 0 1.00000000 7.16200 1
142.19100000 -89.16080000 2204.35000000 -2380.31000000 108.93100000 -5.31472000 1361.18000000
2 6 
2 6 
8 
8 
2 3 
6 
o16-->he4+c12 2 2 2 1 2 0 1 1.00000000 -7.16200 0
43.15870000 -83.10620000 -33.25220000 3.33517000 -0.70171400 0.07819720 -1.30751000
8 
8 
2 6 
2 6 
6 
2 3 
o16-->he4+c12 2 3 2 1 2 0 1 1.00000000 -7.16200 0
166.85200000 -172.27200000 2204.35000000 -2380.31000000 108.93100000 -5.31472000 1362.68000000
8 
8 
2 6 
2 6 
6 
2 3 
he4+c12-->n+o15 4 0 5 2 2 0 0 1.00000000 -8.50200 1
16.84900000 -98.65880000 -0.09935680 0.45784300 0.00168328 -1.30322000E-4 -0.09442480
2 6 
2 6 
0 8 
1 7 
2 3 
0 5 
n+o15-->he4+c12 4 1 5 2 2 0 0 1.00000000 8.50200 0
17.19260000 0.00217421 -0.09935680 0.45784300 0.00168328 -1.30322000E-4 -0.09442480
0 8 
1 7 
2 6 
2 6 
0 5 
2 3 
c12+c12-->n+mg23 4 0 5 2 2 0 0 0.50000000 -2.59800 1
-5393.75000000 -767.15900000 3347.22000000 2992.11000000 -236.83000000 13.10720000 -328.76300000
6 6 
6 6 
0 12 
1 11 
3 3 
0 11 
c12+c12-->p+na23 4 0 5 2 2 0 0 0.50000000 2.24200 1
58.50290000 0.02950800 -86.70020000 3.99457000 -0.59283500 -0.02772420 -2.89561000
6 6 
6 6 
1 11 
0 12 
3 3 
1 10 
c12+c12-->he4+ne20 4 0 5 2 2 0 0 0.50000000 4.62100 1
61.28630000 0.00000000 -84.16500000 -1.56627000 -0.07360840 -0.07279700 -0.66666700
6 6 
6 6 
2 10 
2 10 
3 3 
2 9 
he4+ne20-->c12+c12 4 1 5 2 2 0 1 1.00000000 -4.62100 0
61.47480000 -53.62440000 -84.16500000 -1.56627000 -0.07360840 -0.07279700 -0.66666700
2 10 
2 10 
6 6 
6 6 
2 9 
3 3 
p+n14-->o15 2 0 4 2 1 0 0 1.00000000 7.29700 1
37.75020000 -0.02880800 -9.88762000 -30.58870000 5.13964000 -0.71429800 7.03051000
1 7 
0 7 
8 
7 
1 4 
5 
p+n14-->o15 2 1 4 2 1 0 0 1.00000000 7.29700 1
85.80850000 -3.64298000 51.73350000 -142.78100000 14.82460000 -1.22744000 49.90560000
1 7 
0 7 
8 
7 
1 4 
5 
o15-->p+n14 2 2 2 1 2 0 1 1.00000000 -7.29700 0
61.76930000 -84.70680000 -9.88762000 -30.58870000 5.13964000 -0.71429800 8.53051000
8 
7 
1 7 
0 7 
5 
1 4 
o15-->p+n14 2 3 2 1 2 0 1 1.00000000 -7.29700 0
109.82800000 -88.32100000 51.73350000 -142.78100000 14.82460000 -1.22744000 51.40560000
8 
7 
1 7 
0 7 
5 
1 4 
he4+n14-->f18 2 0 4 2 1 0 0 1.00000000 4.41500 1
69.09230000 -0.10441200 -20.16100000 -71.96820000 14.84910000 -4.70042000 19.79920000
2 7 
2 7 
9 
9 
2 4 
8 
he4+n14-->f18 2 1 4 2 1 0 0 1.00000000 4.41500 1
-22.16720000 -2.79800000 -3.02166000E-8 5.24811000E-8 -3.62204000E-9 2.47414000E-10 -1.50000000
2 7 
2 7 
9 
9 
2 4 
8 
he4+n14-->f18 2 2 4 2 1 0 0 1.00000000 4.41500 1
-392.57900000 0.08862640 -356.09000000 803.71400000 -62.14380000 4.34953000 -323.75900000
2 7 
2 7 
9 
9 
2 4 
8 
f18-->he4+n14 2 3 2 1 2 0 1 1.00000000 -4.41500 0
93.80820000 -51.34040000 -20.16100000 -71.96820000 14.84910000 -4.70042000 21.29920000
9 
9 
2 7 
2 7 
8 
2 4 
f18-->he4+n14 2 4 2 1 2 0 1 1.00000000 -4.41500 0
2.54876000 -54.03400000 -3.02166000E-8 5.24811000E-8 -3.62204000E-9 2.47414000E-10 -2.37652000E-8
9 
9 
2 7 
2 7 
8 
2 4 
f18-->he4+n14 2 5 2 1 2 0 1 1.00000000 -4.41500 0
-367.86300000 -51.14740000 -356.09000000 803.71400000 -62.14380000 4.34953000 -322.25900000
9 
9 
2 7 
2 7 
8 
2 4 
he4+n14-->p+o17 4 0 5 2 2 0 0 1.00000000 -1.19100 1
102.04100000 -13.98940000 9.89057000 -130.94100000 29.26510000 -10.56860000 35.09830000
2 7 
2 7 
1 8 
0 9 
2 4 
1 7 
he4+n14-->p+o17 4 1 5 2 2 0 0 1.00000000 -1.19100 1
14.49550000 -18.07200000 -3.94018000E-9 7.61146000E-9 -5.71060000E-10 4.13770000E-11 1.00000000
2 7 
2 7 
1 8 
0 9 
2 4 
1 7 
he4+n14-->p+o17 4 2 5 2 2 0 0 1.00000000 -1.19100 1
287.15700000 -15.61660000 146.97900000 -474.04900000 43.50120000 -3.45749000 167.13800000
2 7 
2 7 
1 8 
0 9 
2 4 
1 7 
p+o17-->he4+n14 4 3 5 2 2 0 0 1.00000000 1.19100 0
102.43200000 -0.16438600 9.89057000 -130.94100000 29.26510000 -10.56860000 35.09830000
1 8 
0 9 
2 7 
2 7 
1 7 
2 4 
p+o17-->he4+n14 4 4 5 2 2 0 0 1.00000000 1.19100 0
14.88710000 -4.24700000 -3.94018000E-9 7.61146000E-9 -5.71060000E-10 4.13770000E-11 1.00000000
1 8 
0 9 
2 7 
2 7 
1 7 
2 4 
p+o17-->he4+n14 4 5 5 2 2 0 0 1.00000000 1.19100 0
287.54800000 -1.79155000 146.97900000 -474.04900000 43.50120000 -3.45749000 167.13800000
1 8 
0 9 
2 7 
2 7 
1 7 
2 4 
he4+o15-->p+f18 4 0 5 2 2 0 1 1.00000000 -2.88111 1
24.48550000 -37.37350000 10.48230000 -24.40730000 1.70614000 -0.11281200 8.77482000
2 8 
2 7 
1 9 
0 9 
2 5 
1 8 
he4+o15-->p+f18 4 1 5 2 2 0 1 1.00000000 -2.88111 1
325.34000000 -34.98830000 185.52900000 -537.88800000 39.61310000 -2.61161000 209.03500000
2 8 
2 7 
1 9 
0 9 
2 5 
1 8 
p+f18-->he4+o15 4 2 5 2 2 0 0 1.00000000 2.88111 0
25.19280000 -3.93821000 10.48230000 -24.40730000 1.70614000 -0.11281200 8.77482000
1 9 
0 9 
2 8 
2 7 
1 8 
2 5 
p+f18-->he4+o15 4 3 5 2 2 0 0 1.00000000 2.88111 0
326.04700000 -1.55302000 185.52900000 -537.88800000 39.61310000 -2.61161000 209.03500000
1 9 
0 9 
2 8 
2 7 
1 8 
2 5 
n+o16-->o17 2 0 4 2 1 0 0 1.00000000 4.14337 1
3.39696000 0.00000000 0.00000000 0.00000000 0.00000000 0.00000000 0.00000000
0 8 
1 8 
8 
9 
0 6 
7 
o17-->n+o16 2 1 2 1 2 0 1 1.00000000 -4.14337 0
25.21990000 -48.08380000 0.00000000 0.00000000 0.00000000 0.00000000 1.50000000
8 
9 
0 8 
1 8 
7 
0 6 
he4+o16-->ne20 2 0 4 2 1 0 0 1.00000000 4.73400 1
39.03400000 -0.03586000 -34.34570000 -25.19390000 4.79855000 -1.46444000 6.34333000
2 8 
2 8 
10 
10 
2 6 
9 
he4+o16-->ne20 2 1 4 2 1 0 0 1.00000000 4.73400 1
84.55220000 -17.82140000 293.66400000 -384.97400000 20.23800000 -1.00379000 199.69300000
2 8 
2 8 
10 
10 
2 6 
9 
ne20-->he4+o16 2 2 2 1 2 0 1 1.00000000 -4.73400 0
63.79150000 -54.97290000 -34.34570000 -25.19390000 4.79855000 -1.46444000 7.84333000
10 
10 
2 8 
2 8 
9 
2 6 
ne20-->he4+o16 2 3 2 1 2 0 1 1.00000000 -4.73400 0
109.31000000 -72.75840000 293.66400000 -384.97400000 20.23800000 -1.00379000 201.19300000
10 
10 
2 8 
2 8 
9 
2 6 
c12+o16-->p+al27 4 0 5 2 2 0 0 1.00000000 5.17100 1
68.52530000 0.20513400 -119.24200000 13.36670000 0.29542500 -0.26728800 -9.91729000
6 8 
6 8 
1 13 
0 14 
3 6 
1 15 
c12+o16-->he4+mg24 4 0 5 2 2 0 0 1.00000000 6.77100 1
48.53410000 0.37204000 -133.41300000 50.15720000 -3.15987000 0.01782510 -23.70270000
6 8 
6 8 
2 12 
2 12 
3 6 
2 12 
he4+mg24-->c12+o16 4 1 5 2 2 0 1 1.00000000 -6.77100 0
49.57380000 -78.20200000 -133.41300000 50.15720000 -3.15987000 0.01782510 -23.70270000
2 12 
2 12 
6 8 
6 8 
2 12 
3 6 
o16+o16-->p+p31 4 0 5 2 2 0 0 0.50000000 7.67800 1
85.26280000 0.22345300 -145.84400000 8.72612000 -0.55403500 -0.13756200 -6.88807000
8 8 
8 8 
1 15 
0 16 
6 6 
1 21 
o16+o16-->he4+si28 4 0 5 2 2 0 0 0.50000000 9.59300 1
97.24350000 -0.26851400 -119.32400000 -32.24970000 1.46214000 -0.20089300 13.21480000
8 8 
8 8 
2 14 
2 14 
6 6 
2 16 
he4+si28-->o16+o16 4 1 5 2 2 0 1 1.00000000 -9.59300 0
97.79040000 -111.59000000 -119.32400000 -32.24970000 1.46214000 -0.20089300 13.21480000
2 14 
2 14 
8 8 
8 8 
2 16 
6 6 
p+o17-->f18 2 0 4 2 1 0 0 1.00000000 5.60700 1
19.60760000 -0.00473182 -16.01880000 -1.58150000 0.09221450 -0.00872123 -0.02679190
1 8 
0 9 
9 
9 
1 7 
8 
p+o17-->f18 2 1 4 2 1 0 0 1.00000000 5.60700 1
11.95760000 -6.27200000 -1.51472000E-8 2.43339000E-8 -1.57749000E-9 1.02875000E-10 -1.00000000
1 8 
0 9 
9 
9 
1 7 
8 
p+o17-->f18 2 2 4 2 1 0 0 1.00000000 5.60700 1
0.27002700 -1.96100000 -7.21964000E-9 1.67581000E-8 -1.41249000E-9 1.09748000E-10 -1.50000000
1 8 
0 9 
9 
9 
1 7 
8 
f18-->p+o17 2 3 2 1 2 0 1 1.00000000 -5.60700 0
43.93090000 -65.06570000 -16.01880000 -1.58150000 0.09221450 -0.00872123 1.47321000
9 
9 
1 8 
0 9 
8 
1 7 
f18-->p+o17 2 4 2 1 2 0 1 1.00000000 -5.60700 0
36.28090000 -71.33300000 -1.51472000E-8 2.43339000E-8 -1.57749000E-9 1.02875000E-10 0.50000000
9 
9 
1 8 
0 9 
8 
1 7 
f18-->p+o17 2 5 2 1 2 0 1 1.00000000 -5.60700 0
24.59330000 -67.02200000 -7.21964000E-9 1.67581000E-8 -1.41249000E-9 1.09748000E-10 -6.64108000E-9
9 
9 
1 8 
0 9 
8 
1 7 
he4+ne20-->mg24 2 0 4 2 1 0 0 1.00000000 9.31200 1
32.15880000 -0.01514940 -44.64100000 -8.33867000 2.41631000 -0.77805600 1.93576000
2 10 
2 10 
12 
12 
2 9 
12 
he4+ne20-->mg24 2 1 4 2 1 0 0 1.00000000 9.31200 1
-291.64100000 -12.09660000 -63.37250000 394.64300000 -36.24320000 2.64060000 -121.21900000
2 10 
2 10 
12 
12 
2 9 
12 
mg24-->he4+ne20 2 2 2 1 2 0 1 1.00000000 -9.31200 0
56.97810000 -108.07400000 -44.64100000 -8.33867000 2.41631000 -0.77805600 3.43576000
12 
12 
2 10 
2 10 
12 
2 9 
mg24-->he4+ne20 2 3 2 1 2 0 1 1.00000000 -9.31200 0
-266.82200000 -120.15600000 -63.37250000 394.64300000 -36.24320000 2.64060000 -119.71900000
12 
12 
2 10 
2 10 
12 
2 9 
n+ne20-->he4+o17 4 0 5 2 2 0 0 1.00000000 -0.59000 1
41.63590000 -6.84618000 -40.82400000 4.19874000 -1.29421000 0.07611600 -1.86176000
0 10 
1 10 
2 8 
2 9 
0 9 
2 7 
he4+ne20-->n+mg23 4 0 5 2 2 0 1 1.00000000 -7.21600 1
20.60331000 -83.82266000 4.85380700 -5.98972600 0.13899050 0.00140921 3.78304600
2 10 
2 10 
0 12 
1 11 
2 9 
0 11 
he4+ne20-->p+na23 4 0 5 2 2 0 0 1.00000000 -2.37900 1
335.09100000 -27.85310000 37.11500000 -478.51800000 190.86700000 -136.02600000 97.98580000
2 10 
2 10 
1 11 
0 12 
2 9 
1 10 
he4+ne20-->p+na23 4 1 5 2 2 0 0 1.00000000 -2.37900 1
94.50370000 -30.72630000 100.05200000 -193.41300000 12.34670000 -0.78179900 89.03920000
2 10 
2 10 
1 11 
0 12 
2 9 
1 10 
he4+ne20-->p+na23 4 2 5 2 2 0 0 1.00000000 -2.37900 1
-28.59200000 -28.05300000 -1.84674000E-10 6.14357000E-10 -6.58195000E-11 5.93159000E-12 -1.50000000
2 10 
2 10 
1 11 
0 12 
2 9 
1 10 
p+na23-->he4+ne20 4 3 5 2 2 0 0 1.00000000 2.37900 0
334.86800000 -0.24714300 37.11500000 -478.51800000 190.86700000 -136.02600000 97.98580000
1 11 
0 12 
2 10 
2 10 
1 10 
2 9 
p+na23-->he4+ne20 4 4 5 2 2 0 0 1.00000000 2.37900 0
94.28060000 -3.12034000 100.05200000 -193.41300000 12.34670000 -0.78179900 89.03920000
1 11 
0 12 
2 10 
2 10 
1 10 
2 9 
c12+ne20-->p+p31 4 0 5 2 2 0 0 1.00000000 10.10400 1
-268.13600000 -38.76240000 361.15400000 -92.64300000 -9.98738000 0.89273700 161.04200000
6 10 
6 10 
1 15 
0 16 
3 9 
1 21 
p+p31-->c12+ne20 4 1 5 2 2 0 1 1.00000000 -10.10400 0
-266.45200000 -156.01900000 361.15400000 -92.64300000 -9.98738000 0.89273700 161.04200000
1 15 
0 16 
6 10 
6 10 
1 21 
3 9 
c12+ne20-->he4+si28 4 0 5 2 2 0 0 1.00000000 12.02110 1
-308.90500000 -47.21750000 514.19700000 -200.89600000 -6.42713000 0.75825600 236.35900000
6 10 
6 10 
2 14 
2 14 
3 9 
2 16 
he4+si28-->c12+ne20 4 1 5 2 2 0 1 1.00000000 -12.02110 0
-307.76200000 -186.72200000 514.19700000 -200.89600000 -6.42713000 0.75825600 236.35900000
2 14 
2 14 
6 10 
6 10 
2 16 
3 9 
p+na23-->mg24 2 0 4 2 1 0 0 1.00000000 11.69100 1
161.37700000 -0.16732600 12.34030000 -216.70700000 65.20770000 -32.39030000 49.86550000
1 11 
0 12 
12 
12 
1 10 
12 
p+na23-->mg24 2 1 4 2 1 0 0 1.00000000 11.69100 1
-31.88560000 -0.78000200 -100.91900000 147.72900000 -7.75605000 0.38670700 -73.74660000
1 11 
0 12 
12 
12 
1 10 
12 
mg24-->p+na23 2 2 2 1 2 0 1 1.00000000 -11.69100 0
186.41700000 -135.83200000 12.34030000 -216.70700000 65.20770000 -32.39030000 51.36550000
12 
12 
1 11 
0 12 
12 
1 10 
mg24-->p+na23 2 3 2 1 2 0 1 1.00000000 -11.69100 0
-6.84621000 -136.44500000 -100.91900000 147.72900000 -7.75605000 0.38670700 -72.24660000
12 
12 
1 11 
0 12 
12 
1 10 
he4+na23-->al27 2 0 4 2 1 0 0 1.00000000 10.09200 1
70.14428000 -2.53092600 42.72379000 -124.11910000 5.48887300 -0.24798680 62.16312000
2 11 
2 12 
13 
14 
2 10 
15 
al27-->he4+na23 2 1 2 1 2 0 1 1.00000000 -10.09200 0
94.59036000 -119.64350000 42.72379000 -124.11910000 5.48887300 -0.24798680 63.66312000
13 
14 
2 11 
2 12 
15 
2 10 
p+na23-->n+mg23 4 0 5 2 2 0 0 1.00000000 -4.84034 1
15.16740000 -56.15540000 -0.50081700 5.16149000 -0.49848700 0.03304080 -0.96071600
1 11 
0 12 
0 12 
1 11 
1 10 
0 11 
n+mg23-->p+na23 4 1 5 2 2 0 0 1.00000000 4.84034 0
15.16540000 0.01675440 -0.50081700 5.16149000 -0.49848700 0.03304080 -0.96071600
0 12 
1 11 
1 11 
0 12 
0 11 
1 10 
mg23-->na23+e++nu 1 0 1 1 1 0 0 1.00000000 4.05800 1
-2.79132000 0.00000000 0.00000000 0.00000000 0.00000000 0.00000000 0.00000000
12 
11 
11 
12 
11 
10 
n+mg23-->mg24 2 0 4 2 1 0 0 1.00000000 16.53200 1
11.39207000 -0.01837460 3.21916600 -5.40789500 0.05745295 0.00610743 3.34371600
0 12 
1 11 
12 
12 
0 11 
12 
mg24-->n+mg23 2 1 2 1 2 0 1 1.00000000 -16.53200 0
36.42029000 -191.86400000 3.21916600 -5.40789500 0.05745295 0.00610743 4.84371600
12 
12 
0 12 
1 11 
12 
0 11 
n+mg24-->mg25 2 0 4 2 1 0 0 1.00000000 7.33037 1
13.31520000 0.00000000 0.00000000 0.00000000 0.00000000 0.00000000 0.00000000
0 12 
1 12 
12 
13 
0 12 
13 
he4+mg24-->si28 2 0 4 2 1 0 0 1.00000000 9.98400 1
497.16200000 -6.39560000 434.66700000 -994.28800000 65.63080000 -4.12503000 425.44600000
2 12 
2 12 
14 
14 
2 12 
16 
he4+mg24-->si28 2 1 4 2 1 0 0 1.00000000 9.98400 1
-9.10364000 -13.69790000 -51.64280000 68.46250000 -3.86512000 0.20802800 -33.57270000
2 12 
2 12 
14 
14 
2 12 
16 
si28-->he4+mg24 2 2 2 1 2 0 1 1.00000000 -9.98400 0
522.02400000 -122.25800000 434.66700000 -994.28800000 65.63080000 -4.12503000 426.94600000
14 
14 
2 12 
2 12 
16 
2 12 
si28-->he4+mg24 2 3 2 1 2 0 1 1.00000000 -9.98400 0
15.75800000 -129.56000000 -51.64280000 68.46250000 -3.86512000 0.20802800 -32.07270000
14 
14 
2 12 
2 12 
16 
2 12 
he4+mg24-->p+al27 4 0 5 2 2 0 0 1.00000000 -1.60000 1
295.87000000 -18.81660000 31.35680000 -420.95000000 153.64600000 -99.48490000 89.67540000
2 12 
2 12 
1 13 
0 14 
2 12 
1 15 
he4+mg24-->p+al27 4 1 5 2 2 0 1 1.00000000 -1.60211 1
-50.58870000 -24.05070000 -37.66510000 107.05400000 -8.60420000 0.57792400 -39.73250000
2 12 
2 12 
1 13 
0 14 
2 12 
1 15 
p+al27-->he4+mg24 4 2 5 2 2 0 0 1.00000000 1.60000 0
295.27700000 -0.24463300 31.35680000 -420.95000000 153.64600000 -99.48490000 89.67540000
1 13 
0 14 
2 12 
2 12 
1 15 
2 12 
p+al27-->he4+mg24 4 3 5 2 2 0 0 1.00000000 1.60211 0
-51.17080000 -5.45824000 -37.66510000 107.05400000 -8.60420000 0.57792400 -39.73250000
1 13 
0 14 
2 12 
2 12 
1 15 
2 12 
mg26-->n+mg25 2 0 2 1 2 0 1 1.00000000 -11.09340 1
39.21390000 -128.73900000 0.00000000 0.00000000 0.00000000 0.00000000 1.50000000
12 
14 
0 12 
1 13 
14 
0 13 
p+mg26-->al27 2 0 4 2 1 0 0 1.00000000 8.27200 1
46.56440000 0.14951500 -37.62480000 -32.83430000 43.55770000 -29.75500000 -9.39711000
1 12 
0 14 
13 
14 
1 14 
15 
p+mg26-->al27 2 1 4 2 1 0 0 1.00000000 8.27200 1
65.54770000 -3.36607000 93.62280000 -156.34600000 9.02218000 -0.51590100 75.07080000
1 12 
0 14 
13 
14 
1 14 
15 
al27-->p+mg26 2 2 2 1 2 0 1 1.00000000 -8.27200 0
68.43190000 -95.84050000 -37.62480000 -32.83430000 43.55770000 -29.75500000 -7.89711000
13 
14 
1 12 
0 14 
15 
1 14 
al27-->p+mg26 2 3 2 1 2 0 1 1.00000000 -8.27200 0
87.41520000 -99.35610000 93.62280000 -156.34600000 9.02218000 -0.51590100 76.57080000
13 
14 
1 12 
0 14 
15 
1 14 
he4+mg26-->si30 2 0 4 2 1 0 0 1.00000000 10.64400 1
73.91020000 -0.07414090 -43.10310000 -49.06550000 4.55757000 -0.34911100 12.50930000
2 12 
2 14 
14 
16 
2 14 
18 
si30-->he4+mg26 2 1 2 1 2 0 1 1.00000000 -10.64400 0
98.78920000 -123.59400000 -43.10310000 -49.06550000 4.55757000 -0.34911100 14.00930000
14 
16 
2 12 
2 14 
18 
2 14 
p+al27-->si28 2 0 4 2 1 0 0 1.00000000 11.58600 1
17.73320000 -2.34931000 4.48841000 -21.48350000 1.95914000 -0.14825000 5.60775000
1 13 
0 14 
14 
14 
1 15 
16 
p+al27-->si28 2 1 4 2 1 0 0 1.00000000 11.58600 1
20.90730000 -3.50063000 11.77450000 -29.34720000 2.09145000 -0.13726800 10.52640000
1 13 
0 14 
14 
14 
1 15 
16 
p+al27-->si28 2 2 4 2 1 0 0 1.00000000 11.58600 1
-17.32560000 -4.97582000 11.24330000 19.67150000 -3.82346000 0.33509200 1.01760000
1 13 
0 14 
14 
14 
1 15 
16 
si28-->p+al27 2 3 2 1 2 0 1 1.00000000 -11.58600 0
43.17610000 -136.80500000 4.48841000 -21.48350000 1.95914000 -0.14825000 7.10775000
14 
14 
1 13 
0 14 
16 
1 15 
si28-->p+al27 2 4 2 1 2 0 1 1.00000000 -11.58600 0
46.35020000 -137.95600000 11.77450000 -29.34720000 2.09145000 -0.13726800 12.02640000
14 
14 
1 13 
0 14 
16 
1 15 
si28-->p+al27 2 5 2 1 2 0 1 1.00000000 -11.58600 0
8.11729000 -139.43100000 11.24330000 19.67150000 -3.82346000 0.33509200 2.51760000
14 
14 
1 13 
0 14 
16 
1 15 
he4+al27-->p31 2 0 4 2 1 0 0 1.00000000 9.66900 1
0.78429680 -2.30968600 -30.85321000 24.74084000 -4.70951300 0.38268340 -0.55922980
2 13 
2 14 
15 
16 
2 15 
21 
p31-->he4+al27 2 1 2 1 2 0 1 1.00000000 -9.66900 0
26.76774000 -114.51360000 -30.85321000 24.74084000 -4.70951300 0.38268340 0.94077020
15 
16 
2 13 
2 14 
21 
2 15 
he4+al27-->n+p30 4 0 5 2 2 0 0 1.00000000 -2.63600 1
11.31450000 -30.58800000 1.07774000E-8 -1.52947000E-8 9.09514000E-10 -5.60351000E-11 7.61020000E-9
2 13 
2 14 
0 15 
1 15 
2 15 
0 20 
he4+al27-->n+p30 4 1 5 2 2 0 0 1.00000000 -2.63600 1
13.16350000 -33.55400000 -6.26518000E-6 5.72043000E-6 -2.39450000E-7 1.12887000E-8 1.75000000
2 13 
2 14 
0 15 
1 15 
2 15 
0 20 
n+p30-->he4+al27 4 2 5 2 2 0 0 1.00000000 2.63600 0
13.22400000 1.45258000E-6 1.07774000E-8 -1.52947000E-8 9.09514000E-10 -5.60351000E-11 7.61020000E-9
0 15 
1 15 
2 13 
2 14 
0 20 
2 15 
n+p30-->he4+al27 4 3 5 2 2 0 0 1.00000000 2.63600 0
15.07300000 -2.96600000 -6.26518000E-6 5.72043000E-6 -2.39450000E-7 1.12887000E-8 1.75000000
0 15 
1 15 
2 13 
2 14 
0 20 
2 15 
n+si28-->si29 2 0 4 2 1 0 0 1.00000000 8.47437 1
12.96610000 0.00000000 0.00000000 0.00000000 0.00000000 0.00000000 0.00000000
0 14 
1 14 
14 
15 
0 16 
17 
si29-->n+si28 2 1 2 1 2 0 1 1.00000000 -8.47437 0
35.92600000 -98.34510000 0.00000000 0.00000000 0.00000000 0.00000000 1.50000000
14 
15 
0 14 
1 14 
17 
0 16 
p+si28-->p29 2 0 4 2 1 0 0 1.00000000 2.74700 1
-40.91240000 0.03096600 -36.45610000 81.44710000 -9.28192000 0.52744300 -21.22580000
1 14 
0 14 
15 
14 
1 16 
19 
p+si28-->p29 2 1 4 2 1 0 0 1.00000000 2.74700 1
16.98080000 -2.94683000 -51.21420000 34.29510000 5.39088000 -0.85323500 -32.19470000
1 14 
0 14 
15 
14 
1 16 
19 
p29-->p+si28 2 2 2 1 2 0 1 1.00000000 -2.74700 0
-17.94200000 -31.84800000 -36.45610000 81.44710000 -9.28192000 0.52744300 -19.72580000
15 
14 
1 14 
0 14 
19 
1 16 
p29-->p+si28 2 3 2 1 2 0 1 1.00000000 -2.74700 0
39.95120000 -34.82580000 -51.21420000 34.29510000 5.39088000 -0.85323500 -30.69470000
15 
14 
1 14 
0 14 
19 
1 16 
he4+si28-->s32 2 0 4 2 1 0 0 1.00000000 6.94800 1
97.10066000 -3.32444600 53.58524000 -165.68300000 7.19999700 -0.28284430 79.33873000
2 14 
2 14 
16 
16 
2 16 
22 
s32-->he4+si28 2 1 2 1 2 0 1 1.00000000 -6.94800 0
121.99240000 -83.95251000 53.58524000 -165.68300000 7.19999700 -0.28284430 80.83873000
16 
16 
2 14 
2 14 
22 
2 16 
n+si28-->he4+mg25 4 0 5 2 2 0 0 1.00000000 -2.65300 1
49.54590000 -30.78420000 -54.26610000 1.08674000 -0.63874100 0.03472930 -1.47537000
0 14 
1 14 
2 12 
2 13 
0 16 
2 13 
he4+si28-->p+p31 4 0 5 2 2 0 1 1.00000000 -1.91711 1
-9.06347000 -24.11820000 3.73526000 -6.64843000 0.25412200 -0.00588282 1.91121000
2 14 
2 14 
1 15 
0 16 
2 16 
1 21 
he4+si28-->p+p31 4 1 5 2 2 0 1 1.00000000 -1.91711 1
5.52169000 -26.56510000 4.56462000E-9 -1.05997000E-8 8.63175000E-10 -6.40626000E-11 -1.50000000
2 14 
2 14 
1 15 
0 16 
2 16 
1 21 
he4+si28-->p+p31 4 2 5 2 2 0 1 1.00000000 -1.91711 1
-1.26553000 -28.74350000 -30.97750000 45.82980000 -2.72557000 0.16391000 -23.95820000
2 14 
2 14 
1 15 
0 16 
2 16 
1 21 
he4+si28-->p+p31 4 3 5 2 2 0 1 1.00000000 -1.91711 1
29.69080000 -33.08030000 55.32170000 -73.77930000 3.25554000 -0.14437900 38.88170000
2 14 
2 14 
1 15 
0 16 
2 16 
1 21 
he4+si28-->p+p31 4 4 5 2 2 0 1 1.00000000 -1.91711 1
12.82020000 -37.62750000 -48.76880000 54.98540000 -2.70916000 0.14273300 -31.96140000
2 14 
2 14 
1 15 
0 16 
2 16 
1 21 
he4+si28-->p+p31 4 5 5 2 2 0 1 1.00000000 -1.91711 1
38.17390000 -40.68210000 -54.66500000 33.11350000 -0.64469600 -0.00155955 -27.13300000
2 14 
2 14 
1 15 
0 16 
2 16 
1 21 
p+p31-->he4+si28 4 6 5 2 2 0 0 1.00000000 1.91711 0
-8.52300000 -1.87011000 3.73526000 -6.64843000 0.25412200 -0.00588282 1.91121000
1 15 
0 16 
2 14 
2 14 
1 21 
2 16 
p+p31-->he4+si28 4 7 5 2 2 0 0 1.00000000 1.91711 0
6.06216000 -4.31706000 4.56462000E-9 -1.05997000E-8 8.63175000E-10 -6.40626000E-11 -1.50000000
1 15 
0 16 
2 14 
2 14 
1 21 
2 16 
p+p31-->he4+si28 4 8 5 2 2 0 0 1.00000000 1.91711 0
-0.72505900 -6.49545000 -30.97750000 45.82980000 -2.72557000 0.16391000 -23.95820000
1 15 
0 16 
2 14 
2 14 
1 21 
2 16 
p+p31-->he4+si28 4 9 5 2 2 0 0 1.00000000 1.91711 0
30.23130000 -10.83220000 55.32170000 -73.77930000 3.25554000 -0.14437900 38.88170000
1 15 
0 16 
2 14 
2 14 
1 21 
2 16 
p+p31-->he4+si28 4 10 5 2 2 0 0 1.00000000 1.91711 0
13.36070000 -15.37940000 -48.76880000 54.98540000 -2.70916000 0.14273300 -31.96140000
1 15 
0 16 
2 14 
2 14 
1 21 
2 16 
p+p31-->he4+si28 4 11 5 2 2 0 0 1.00000000 1.91711 0
38.71440000 -18.43400000 -54.66500000 33.11350000 -0.64469600 -0.00155955 -27.13300000
1 15 
0 16 
2 14 
2 14 
1 21 
2 16 
si29-->he4+mg25 2 0 2 1 2 0 1 1.00000000 -11.12700 1
69.68910000 -129.13100000 -52.67870000 -6.48729000 0.05113180 -0.01242850 2.04407000
14 
15 
2 12 
2 13 
17 
2 13 
n+si29-->si30 2 0 4 2 1 0 0 1.00000000 10.60940 1
13.95490000 0.00000000 0.00000000 0.00000000 0.00000000 0.00000000 0.00000000
0 14 
1 15 
14 
16 
0 17 
18 
si30-->n+si29 2 1 2 1 2 0 1 1.00000000 -10.60940 0
38.30290000 -123.12200000 0.00000000 0.00000000 0.00000000 0.00000000 1.50000000
14 
16 
0 14 
1 15 
18 
0 17 
p+si29-->p30 2 0 4 2 1 0 0 1.00000000 5.60100 1
200.43500000 -0.20575600 16.69510000 -271.44300000 82.44440000 -42.44470000 62.55100000
1 14 
0 15 
15 
15 
1 17 
20 
p+si29-->p30 2 1 4 2 1 0 0 1.00000000 5.60100 1
99.01880000 -5.10984000 98.10390000 -200.29700000 15.47880000 -1.08985000 83.84490000
1 14 
0 15 
15 
15 
1 17 
20 
p30-->p+si29 2 2 2 1 2 0 1 1.00000000 -5.60100 0
223.69200000 -65.20780000 16.69510000 -271.44300000 82.44440000 -42.44470000 64.05100000
15 
15 
1 14 
0 15 
20 
1 17 
p30-->p+si29 2 3 2 1 2 0 1 1.00000000 -5.60100 0
122.27600000 -70.11180000 98.10390000 -200.29700000 15.47880000 -1.08985000 85.34490000
15 
15 
1 14 
0 15 
20 
1 17 
he4+si29-->s33 2 0 4 2 1 0 0 1.00000000 7.11600 1
85.24337000 -3.00141100 23.08949000 -123.68000000 7.05594100 -0.42461030 55.87928000
2 14 
2 15 
16 
17 
2 17 
23 
s33-->he4+si29 2 1 2 1 2 0 1 1.00000000 -7.11600 0
109.44850000 -85.57903000 23.08949000 -123.68000000 7.05594100 -0.42461030 57.37928000
16 
17 
2 14 
2 15 
23 
2 17 
n+si29-->he4+mg26 4 0 5 2 2 0 0 1.00000000 -0.03500 1
50.12690000 -0.40481600 -52.87690000 -4.21887000 -0.01624500 -0.01959570 0.23785700
0 14 
1 15 
2 12 
2 14 
0 17 
2 14 
p+si29-->n+p29 4 0 5 2 2 0 1 1.00000000 -5.72500 1
17.74424000 -66.38786000 -2.00180500 4.40773100 -0.37484470 0.02684255 -1.41148100
1 14 
0 15 
0 15 
1 14 
1 17 
0 19 
n+p29-->p+si29 4 1 5 2 2 0 0 1.00000000 5.72500 0
17.74424000 0.04790107 -2.00180500 4.40773100 -0.37484470 0.02684255 -1.41148100
0 15 
1 14 
1 14 
0 15 
0 19 
1 17 
p+si30-->p31 2 0 4 2 1 0 0 1.00000000 7.29700 1
90.56490000 -0.14652200 -1.13784000 -109.69300000 23.47750000 -7.86356000 29.95350000
1 14 
0 16 
15 
16 
1 18 
21 
p+si30-->p31 2 1 4 2 1 0 0 1.00000000 7.29700 1
73.03480000 -7.69863000 113.37400000 -183.66400000 11.62060000 -0.73412500 86.38690000
1 14 
0 16 
15 
16 
1 18 
21 
p31-->p+si30 2 2 2 1 2 0 1 1.00000000 -7.29700 0
113.53900000 -84.81950000 -1.13784000 -109.69300000 23.47750000 -7.86356000 31.45350000
15 
16 
1 14 
0 16 
21 
1 18 
p31-->p+si30 2 3 2 1 2 0 1 1.00000000 -7.29700 0
96.00940000 -92.37160000 113.37400000 -183.66400000 11.62060000 -0.73412500 87.88690000
15 
16 
1 14 
0 16 
21 
1 18 
he4+si30-->s34 2 0 4 2 1 0 0 1.00000000 7.92400 1
34.77725000 -3.15072400 20.45803000 -62.85150000 -0.80271660 0.21843860 42.81338000
2 14 
2 16 
16 
18 
2 18 
24 
s34-->he4+si30 2 1 2 1 2 0 1 1.00000000 -7.92400 0
59.68156000 -95.10478000 20.45803000 -62.85150000 -0.80271660 0.21843860 44.31338000
16 
18 
2 14 
2 16 
24 
2 18 
p+si30-->n+p30 4 0 5 2 2 0 1 1.00000000 -5.01500 1
22.05923000 -58.15594000 -0.42513800 -0.56013740 -0.09809678 0.00859878 0.53265170
1 14 
0 16 
0 15 
1 15 
1 18 
0 20 
n+p30-->p+si30 4 1 5 2 2 0 0 1.00000000 5.01500 0
20.96062000 0.04062975 -0.42513800 -0.56013740 -0.09809678 0.00859878 0.53265170
0 15 
1 15 
1 14 
0 16 
0 20 
1 18 
p+si30-->he4+al27 4 0 5 2 2 0 1 1.00000000 -2.37200 1
6.06085500 -29.98518000 -18.58101000 13.11963000 -4.34709000 0.37511260 8.13147500
1 14 
0 16 
2 13 
2 14 
1 18 
2 15 
he4+si30-->n+s33 4 0 5 2 2 0 1 1.00000000 -3.49300 1
18.73483000 -40.60111000 2.52876200 -4.81243700 0.66267540 -0.04360635 1.93495500
2 14 
2 16 
0 16 
1 17 
2 18 
0 23 
n+s33-->he4+si30 4 1 5 2 2 0 0 1.00000000 3.49300 0
18.59186000 -0.06659414 2.52876200 -4.81243700 0.66267540 -0.04360635 1.93495500
0 16 
1 17 
2 14 
2 16 
0 23 
2 18 
p29-->si29+e++nu 1 0 1 1 1 0 0 1.00000000 4.94500 1
-1.77750000 0.00000000 0.00000000 0.00000000 0.00000000 0.00000000 0.00000000
15 
14 
14 
15 
19 
17 
n+p29-->p30 2 0 4 2 1 0 0 1.00000000 11.32000 1
8.11569500 0.01464884 -1.10422200 2.05262100 0.00756928 -0.01015551 -0.83993760
0 15 
1 14 
15 
15 
0 19 
20 
p30-->n+p29 2 1 2 1 2 0 1 1.00000000 -11.32000 0
31.36514000 -131.34830000 -1.10422200 2.05262100 0.00756928 -0.01015551 0.66006240
15 
15 
0 15 
1 14 
20 
0 19 
p30-->si30+e++nu 1 0 1 1 1 0 0 1.00000000 4.22600 1
-5.37715000 0.00000000 0.00000000 0.00000000 0.00000000 0.00000000 0.00000000
15 
15 
14 
16 
20 
18 
n+p30-->p31 2 0 4 2 1 0 0 1.00000000 12.31200 1
13.10078000 5.55702400E-4 0.28342950 0.25793300 -0.14582950 0.00771735 0.30743010
0 15 
1 15 
15 
16 
0 20 
21 
p31-->n+p30 2 1 2 1 2 0 1 1.00000000 -12.31200 0
37.16283000 -142.87400000 0.28342950 0.25793300 -0.14582950 0.00771735 1.80743000
15 
16 
0 15 
1 15 
21 
0 20 
p+p31-->s32 2 0 4 2 1 0 0 1.00000000 8.86400 1
98.53927000 -3.31768300 109.25360000 -213.47380000 12.99927000 -0.77614100 97.73750000
1 15 
0 16 
16 
16 
1 21 
22 
s32-->p+p31 2 1 2 1 2 0 1 1.00000000 -8.86400 0
122.89060000 -106.18000000 109.25360000 -213.47380000 12.99927000 -0.77614100 99.23750000
16 
16 
1 15 
0 16 
22 
1 21 
he4+p31-->cl35 2 0 4 2 1 0 0 1.00000000 6.99700 1
-5.29379100 -2.92913300 -20.30341000 16.73808000 -4.69946500 0.38289790 7.07103400
2 15 
2 16 
17 
18 
2 21 
25 
cl35-->he4+p31 2 1 2 1 2 0 1 1.00000000 -6.99700 0
18.92308000 -84.12582000 -20.30341000 16.73808000 -4.69946500 0.38289790 8.57103400
17 
18 
2 15 
2 16 
25 
2 21 
he4+p31-->p+s34 4 0 5 2 2 0 0 1.00000000 0.62600 1
-8.28985000 -2.85716600 -24.62146000 27.66253000 -5.41086500 0.42996700 3.90269100
2 15 
2 16 
1 16 
0 18 
2 21 
1 24 
p+s34-->he4+p31 4 1 5 2 2 0 1 1.00000000 -0.62600 0
-6.34896900 -10.12158000 -24.62146000 27.66253000 -5.41086500 0.42996700 3.90269100
1 16 
0 18 
2 15 
2 16 
1 24 
2 21 
n+s32-->s33 2 0 4 2 1 0 0 1.00000000 8.64037 1
13.44680000 0.00000000 0.00000000 0.00000000 0.00000000 0.00000000 0.00000000
0 16 
1 16 
16 
17 
0 22 
23 
s33-->n+s32 2 1 2 1 2 0 1 1.00000000 -8.64037 0
35.72000000 -100.27100000 0.00000000 0.00000000 0.00000000 0.00000000 1.50000000
16 
17 
0 16 
1 16 
23 
0 22 
he4+s32-->ar36 2 0 4 2 1 0 0 1.00000000 6.63900 1
-191.70050000 0.67979070 -338.47370000 550.16090000 -38.81261000 2.53000300 -243.23840000
2 16 
2 16 
18 
18 
2 22 
26 
ar36-->he4+s32 2 1 2 1 2 0 1 1.00000000 -6.63900 0
-166.78510000 -76.36248000 -338.47370000 550.16090000 -38.81261000 2.53000300 -241.73840000
18 
18 
2 16 
2 16 
26 
2 22 
n+s32-->he4+si29 4 0 5 2 2 0 0 1.00000000 1.52600 1
-87.83882000 0.59813170 -64.65839000 170.60430000 -10.68498000 0.55699400 -65.28228000
0 16 
1 16 
2 14 
2 15 
0 22 
2 17 
p+s32-->he4+p29 4 0 5 2 2 0 1 1.00000000 -4.19900 1
-4.99121800 -51.45736000 -27.61366000 29.41149000 -5.15333600 0.39584370 2.13426700
1 16 
0 16 
2 15 
2 14 
1 22 
2 19 
he4+s32-->p+cl35 4 0 5 2 2 0 1 1.00000000 -1.86700 1
103.52170000 -25.39981000 120.70160000 -231.43790000 15.42642000 -0.98618620 107.16950000
2 16 
2 16 
1 17 
0 18 
2 22 
1 25 
p+cl35-->he4+s32 4 1 5 2 2 0 0 1.00000000 1.86700 0
103.38730000 -3.73420900 120.70160000 -231.43790000 15.42642000 -0.98618620 107.16950000
1 17 
0 18 
2 16 
2 16 
1 25 
2 22 
n+s33-->s34 2 0 4 2 1 0 0 1.00000000 11.41840 1
13.90030000 0.00000000 0.00000000 0.00000000 0.00000000 0.00000000 0.00000000
0 16 
1 17 
16 
18 
0 23 
24 
s34-->n+s33 2 1 2 1 2 0 1 1.00000000 -11.41840 0
38.94750000 -132.51100000 0.00000000 0.00000000 0.00000000 0.00000000 1.50000000
16 
18 
0 16 
1 17 
24 
0 23 
he4+s33-->ar37 2 0 4 2 1 0 0 1.00000000 6.78700 1
-230.16420000 1.06278800 -378.96380000 633.21060000 -43.19730000 2.70898800 -279.32220000
2 16 
2 17 
18 
19 
2 23 
27 
ar37-->he4+s33 2 1 2 1 2 0 1 1.00000000 -6.78700 0
-205.24380000 -77.69695000 -378.96380000 633.21060000 -43.19730000 2.70898800 -277.82220000
18 
19 
2 16 
2 17 
27 
2 23 
p+s33-->he4+p30 4 0 5 2 2 0 1 1.00000000 -1.52200 1
-6.66768200 -20.46314000 -25.76246000 27.75745000 -5.07207500 0.39145770 3.21832800
1 16 
0 17 
2 15 
2 15 
1 23 
2 20 
he4+s33-->n+ar36 4 0 5 2 2 0 1 1.00000000 -2.00200 1
-39.32869000 -23.43509000 -15.19828000 64.34364000 -2.95576900 0.06046706 -21.62430000
2 16 
2 17 
0 18 
1 18 
2 23 
0 26 
n+ar36-->he4+s33 4 1 5 2 2 0 0 1.00000000 2.00200 0
-36.68662000 -0.20287610 -15.19828000 64.34364000 -2.95576900 0.06046706 -21.62430000
0 18 
1 18 
2 16 
2 17 
0 26 
2 23 
p+s34-->cl35 2 0 4 2 1 0 0 1.00000000 6.37100 1
147.54530000 -4.05548200 163.99080000 -321.01180000 19.88447000 -1.18607000 146.09720000
1 16 
0 18 
17 
18 
1 24 
25 
cl35-->p+s34 2 1 2 1 2 0 1 1.00000000 -6.37100 0
169.82130000 -77.98775000 163.99080000 -321.01180000 19.88447000 -1.18607000 147.59720000
17 
18 
1 16 
0 18 
25 
1 24 
he4+s34-->ar38 2 0 4 2 1 0 0 1.00000000 7.20800 1
-269.19820000 1.29696800 -408.32070000 706.72700000 -48.68993000 3.04952200 -308.00440000
2 16 
2 18 
18 
20 
2 24 
28 
ar38-->he4+s34 2 1 2 1 2 0 1 1.00000000 -7.20800 0
-244.27300000 -82.34827000 -408.32070000 706.72700000 -48.68993000 3.04952200 -306.50440000
18 
20 
2 16 
2 18 
28 
2 24 
he4+s34-->n+ar37 4 0 5 2 2 0 1 1.00000000 -4.63000 1
20.19915000 -53.74845000 1.82241200 -4.75903000 0.56436720 -0.03389293 1.78013000
2 16 
2 18 
0 18 
1 19 
2 24 
0 27 
n+ar37-->he4+s34 4 1 5 2 2 0 0 1.00000000 4.63000 0
20.07232000 -0.01961312 1.82241200 -4.75903000 0.56436720 -0.03389293 1.78013000
0 18 
1 19 
2 16 
2 18 
0 27 
2 24 
p+cl35-->ar36 2 0 4 2 1 0 0 1.00000000 8.50600 1
119.21450000 -3.90945100 135.94730000 -263.60430000 16.22665000 -0.97168070 120.27360000
1 17 
0 18 
18 
18 
1 25 
26 
ar36-->p+cl35 2 1 2 1 2 0 1 1.00000000 -8.50600 0
144.26430000 -102.61730000 135.94730000 -263.60430000 16.22665000 -0.97168070 121.77360000
18 
18 
1 17 
0 18 
26 
1 25 
he4+cl35-->k39 2 0 4 2 1 0 0 1.00000000 7.21800 1
-292.22440000 1.47891200 -441.60080000 762.82640000 -51.57827000 3.19634000 -334.59960000
2 17 
2 18 
19 
20 
2 25 
29 
k39-->he4+cl35 2 1 2 1 2 0 1 1.00000000 -7.21800 0
-267.29470000 -82.28237000 -441.60080000 762.82640000 -51.57827000 3.19634000 -333.09960000
19 
20 
2 17 
2 18 
29 
2 25 
he4+cl35-->p+ar38 4 0 5 2 2 0 0 1.00000000 0.83700 1
-322.22780000 1.88944700 -477.04540000 832.87720000 -55.46271000 3.39989500 -364.66050000
2 17 
2 18 
1 18 
0 20 
2 25 
1 28 
p+ar38-->he4+cl35 4 1 5 2 2 0 1 1.00000000 -0.83700 0
-319.57860000 -7.82351900 -477.04540000 832.87720000 -55.46271000 3.39989500 -364.66050000
1 18 
0 20 
2 17 
2 18 
1 28 
2 25 
n+ar36-->ar37 2 0 4 2 1 0 0 1.00000000 8.78637 1
13.97700000 0.00000000 0.00000000 0.00000000 0.00000000 0.00000000 0.00000000
0 18 
1 18 
18 
19 
0 26 
27 
ar37-->n+ar36 2 1 2 1 2 0 1 1.00000000 -8.78637 0
36.25530000 -101.96600000 0.00000000 0.00000000 0.00000000 0.00000000 1.50000000
18 
19 
0 18 
1 18 
27 
0 26 
he4+ar36-->ca40 2 0 4 2 1 0 0 1.00000000 7.04000 1
-129.01400000 0.32520040 -332.27800000 468.77030000 -29.13671000 1.76598900 -222.45390000
2 18 
2 18 
20 
20 
2 26 
30 
ca40-->he4+ar36 2 1 2 1 2 0 1 1.00000000 -7.04000 0
-104.08000000 -81.37048000 -332.27800000 468.77030000 -29.13671000 1.76598900 -220.95390000
20 
20 
2 18 
2 18 
30 
2 26 
he4+ar36-->p+k39 4 0 5 2 2 0 1 1.00000000 -1.28800 1
71.73184000 -18.67134000 96.35326000 -179.34750000 12.45522000 -0.86043660 87.15678000
2 18 
2 18 
1 19 
0 20 
2 26 
1 29 
p+k39-->he4+ar36 4 1 5 2 2 0 0 1.00000000 1.28800 0
71.61177000 -3.72474200 96.35326000 -179.34750000 12.45522000 -0.86043660 87.15678000
1 19 
0 20 
2 18 
2 18 
1 29 
2 26 
n+ar37-->ar38 2 0 4 2 1 0 0 1.00000000 11.83800 1
18.54813000 -0.02772305 2.90475000 -7.93230200 0.84445210 -0.08356792 2.87937300
0 18 
1 19 
18 
20 
0 27 
28 
ar38-->n+ar37 2 1 2 1 2 0 1 1.00000000 -11.83800 0
43.60019000 -137.40180000 2.90475000 -7.93230200 0.84445210 -0.08356792 4.37937300
18 
20 
0 18 
1 19 
28 
0 27 
he4+ar37-->ca41 2 0 4 2 1 0 0 1.00000000 6.61400 1
-298.85060000 1.69901400 -474.57320000 802.89420000 -53.38534000 3.27484700 -356.45840000
2 18 
2 19 
20 
21 
2 27 
31 
ca41-->he4+ar37 2 1 2 1 2 0 1 1.00000000 -6.61400 0
-274.60570000 -75.05315000 -474.57320000 802.89420000 -53.38534000 3.27484700 -354.95840000
20 
21 
2 18 
2 19 
31 
2 27 
he4+ar37-->n+ca40 4 0 5 2 2 0 1 1.00000000 -1.74900 1
-122.28370000 -19.64199000 -76.80082000 213.13930000 -13.91339000 0.77432530 -79.32365000
2 18 
2 19 
0 20 
1 20 
2 27 
0 30 
n+ca40-->he4+ar37 4 1 5 2 2 0 0 1.00000000 1.74900 0
-119.62800000 0.65428010 -76.80082000 213.13930000 -13.91339000 0.77432530 -79.32365000
0 20 
1 20 
2 18 
2 19 
0 30 
2 27 
p+ar38-->k39 2 0 4 2 1 0 0 1.00000000 6.38100 1
164.84520000 -4.67105000 192.21070000 -369.51910000 22.70561000 -1.34633500 169.20790000
1 18 
0 20 
19 
20 
1 28 
29 
k39-->p+ar38 2 1 2 1 2 0 1 1.00000000 -6.38100 0
187.12570000 -78.71936000 192.21070000 -369.51910000 22.70561000 -1.34633500 170.70790000
19 
20 
1 18 
0 20 
29 
1 28 
he4+ar38-->ca42 2 0 4 2 1 0 0 1.00000000 6.25700 1
-325.08490000 1.55355900 -473.56320000 831.80890000 -56.73299000 3.51446300 -362.07070000
2 18 
2 20 
20 
22 
2 28 
32 
ca42-->he4+ar38 2 1 2 1 2 0 1 1.00000000 -6.25700 0
-300.14290000 -71.05580000 -473.56320000 831.80890000 -56.73299000 3.51446300 -360.57070000
20 
22 
2 18 
2 20 
32 
2 28 
he4+ar38-->n+ca41 4 0 5 2 2 0 1 1.00000000 -5.22400 1
20.74202000 -60.63861000 1.70786000 -5.27915600 0.70578540 -0.03691440 1.71002700
2 18 
2 20 
0 20 
1 21 
2 28 
0 31 
n+ca41-->he4+ar38 4 1 5 2 2 0 0 1.00000000 5.22400 0
19.93490000 -0.01670439 1.70786000 -5.27915600 0.70578540 -0.03691440 1.71002700
0 20 
1 21 
2 18 
2 20 
0 31 
2 28 
p+k39-->ca40 2 0 4 2 1 0 0 1.00000000 8.32800 1
145.00130000 -4.52093200 166.00140000 -323.68900000 20.27642000 -1.22107200 146.70140000
1 19 
0 20 
20 
20 
1 29 
30 
ca40-->p+k39 2 1 2 1 2 0 1 1.00000000 -8.32800 0
170.05540000 -101.16320000 166.00140000 -323.68900000 20.27642000 -1.22107200 148.20140000
20 
20 
1 19 
0 20 
30 
1 29 
he4+k39-->p+ca42 4 0 5 2 2 0 1 1.00000000 -0.12400 1
-226.05990000 0.87154580 -391.84210000 635.83940000 -42.04281000 2.52140500 -280.61430000
2 19 
2 20 
1 20 
0 22 
2 29 
1 32 
p+ca42-->he4+k39 4 1 5 2 2 0 0 1.00000000 0.12400 0
-223.39850000 2.31050400 -391.84210000 635.83940000 -42.04281000 2.52140500 -280.61430000
1 20 
0 22 
2 19 
2 20 
1 32 
2 29 
n+ca40-->ca41 2 0 4 2 1 0 0 1.00000000 8.36437 1
13.79830000 0.00000000 0.00000000 0.00000000 0.00000000 0.00000000 0.00000000
0 20 
1 20 
20 
21 
0 30 
31 
ca41-->n+ca40 2 1 2 1 2 0 1 1.00000000 -8.36437 0
35.38750000 -97.06850000 0.00000000 0.00000000 0.00000000 0.00000000 1.50000000
20 
21 
0 20 
1 20 
31 
0 30 
he4+ca40-->ti44 2 0 4 2 1 0 0 1.00000000 5.12700 1
-748.05560000 12.35853000 -1360.08200000 2199.10600000 -133.08030000 7.73455600 -1034.03600000
2 20 
2 20 
22 
22 
2 30 
33 
ti44-->he4+ca40 2 1 2 1 2 0 1 1.00000000 -5.12700 0
-723.10650000 -47.13774000 -1360.08200000 2199.10600000 -133.08030000 7.73455600 -1032.53600000
22 
22 
2 20 
2 20 
33 
2 30 
n+ca41-->ca42 2 0 4 2 1 0 0 1.00000000 11.48100 1
21.38279000 -0.04116600 3.89531400 -11.23313000 1.20129600 -0.10961470 3.76745200
0 20 
1 21 
20 
22 
0 31 
32 
ca42-->n+ca41 2 1 2 1 2 0 1 1.00000000 -11.48100 0
47.13185000 -133.27240000 3.89531400 -11.23313000 1.20129600 -0.10961470 5.26745200
20 
22 
0 20 
1 21 
32 
0 31 
he4+ca41-->n+ti44 4 0 5 2 2 0 1 1.00000000 -3.23600 1
-12.12060000 -37.40384000 -16.53872000 36.99542000 -0.41259220 -0.10921810 -15.57535000
2 20 
2 21 
0 22 
1 22 
2 31 
0 33 
n+ti44-->he4+ca41 4 1 5 2 2 0 0 1.00000000 3.23600 0
-8.76079300 0.14831870 -16.53872000 36.99542000 -0.41259220 -0.10921810 -15.57535000
0 22 
1 22 
2 20 
2 21 
0 33 
2 31 
he4+ti44-->cr48 2 0 4 2 1 0 0 1.00000000 7.69200 1
-913.08370000 15.94906000 -1694.96000000 2711.84300000 -157.53530000 8.85642500 -1292.62000000
2 22 
2 22 
24 
24 
2 33 
34 
cr48-->he4+ti44 2 1 2 1 2 0 1 1.00000000 -7.69200 0
-888.12220000 -73.31275000 -1694.96000000 2711.84300000 -157.53530000 8.85642500 -1291.12000000
24 
24 
2 22 
2 22 
34 
2 33 
n+cr48-->cr49 2 0 4 2 1 0 0 1.00000000 10.58200 1
12.25346000 -0.03629708 1.71443000 2.03720400 -0.36701360 0.02198775 0.22712030
0 24 
1 24 
24 
25 
0 34 
35 
cr49-->n+cr48 2 1 2 1 2 0 1 1.00000000 -10.58200 0
34.13653000 -122.83510000 1.71443000 2.03720400 -0.36701360 0.02198775 1.72712000
24 
25 
0 24 
1 24 
35 
0 34 
he4+cr48-->fe52 2 0 4 2 1 0 0 1.00000000 7.93900 1
-929.10310000 20.57299000 -2039.67800000 3077.99800000 -171.57070000 9.38827100 -1509.29900000
2 24 
2 24 
26 
26 
2 34 
39 
fe52-->he4+cr48 2 1 2 1 2 0 1 1.00000000 -7.93900 0
-904.13110000 -71.55514000 -2039.67800000 3077.99800000 -171.57070000 9.38827100 -1507.79900000
26 
26 
2 24 
2 24 
39 
2 34 
he4+cr48-->p+mn51 4 0 5 2 2 0 0 1.00000000 0.55800 1
-1009.57900000 16.30895000 -1770.72100000 2898.76900000 -172.96560000 9.91764600 -1360.55800000
2 24 
2 24 
1 25 
0 26 
2 34 
1 37 
p+mn51-->he4+cr48 4 1 5 2 2 0 1 1.00000000 -0.55800 0
-1010.07500000 9.83364100 -1770.72100000 2898.76900000 -172.96560000 9.91764600 -1360.55800000
1 25 
0 26 
2 24 
2 24 
1 37 
2 34 
n+cr49-->cr50 2 0 4 2 1 0 0 1.00000000 13.00000 1
19.42267000 -0.02016780 1.72564700 -5.67545800 0.67179540 -0.06668862 1.66395500
0 24 
1 25 
24 
26 
0 35 
36 
cr50-->n+cr49 2 1 2 1 2 0 1 1.00000000 -13.00000 0
44.88989000 -150.87870000 1.72564700 -5.67545800 0.67179540 -0.06668862 3.16395500
24 
26 
0 24 
1 25 
36 
0 35 
he4+cr49-->fe53 2 0 4 2 1 0 0 1.00000000 8.04100 1
-976.99170000 16.83269000 -1806.18700000 2896.24600000 -169.26980000 9.56774800 -1377.15900000
2 24 
2 25 
26 
27 
2 35 
40 
fe53-->he4+cr49 2 1 2 1 2 0 1 1.00000000 -8.04100 0
-952.30500000 -76.47910000 -1806.18700000 2896.24600000 -169.26980000 9.56774800 -1375.65900000
26 
27 
2 24 
2 25 
40 
2 35 
he4+cr49-->n+fe52 4 0 5 2 2 0 1 1.00000000 -2.64300 1
-124.55620000 -29.96312000 -79.99974000 216.92910000 -14.11215000 0.78429590 -81.53055000
2 24 
2 25 
0 26 
1 26 
2 35 
0 39 
n+fe52-->he4+cr49 4 1 5 2 2 0 0 1.00000000 2.64300 0
-121.46730000 0.70757130 -79.99974000 216.92910000 -14.11215000 0.78429590 -81.53055000
0 26 
1 26 
2 24 
2 25 
0 39 
2 35 
p+cr50-->mn51 2 0 4 2 1 0 0 1.00000000 5.27200 1
176.80260000 -6.39261000 259.02620000 -453.83650000 26.02742000 -1.48696200 217.74890000
1 24 
0 26 
25 
26 
1 36 
37 
mn51-->p+cr50 2 1 2 1 2 0 1 1.00000000 -5.27200 0
198.68690000 -67.57153000 259.02620000 -453.83650000 26.02742000 -1.48696200 219.24890000
25 
26 
1 24 
0 26 
37 
1 36 
he4+cr50-->fe54 2 0 4 2 1 0 0 1.00000000 8.41900 1
-954.09260000 15.86963000 -1731.83300000 2798.93400000 -167.11380000 9.63610100 -1321.66100000
2 24 
2 26 
26 
28 
2 36 
41 
fe54-->he4+cr50 2 1 2 1 2 0 1 1.00000000 -8.41900 0
-929.11590000 -81.82865000 -1731.83300000 2798.93400000 -167.11380000 9.63610100 -1320.16100000
26 
28 
2 24 
2 26 
41 
2 36 
he4+cr50-->n+fe53 4 0 5 2 2 0 1 1.00000000 -4.95900 1
5.14638700 -57.45285000 -9.42015400 16.40647000 0.54450900 -0.10457270 -8.19978500
2 24 
2 26 
0 26 
1 27 
2 36 
0 40 
n+fe53-->he4+cr50 4 1 5 2 2 0 0 1.00000000 4.95900 0
4.36583600 0.09386843 -9.42015400 16.40647000 0.54450900 -0.10457270 -8.19978500
0 26 
1 27 
2 24 
2 26 
0 40 
2 36 
he4+cr50-->p+mn53 4 0 5 2 2 0 1 1.00000000 -0.43500 1
-527.60530000 4.00893100 -995.17910000 1578.93400000 -94.38599000 5.42266700 -741.48480000
2 24 
2 26 
1 25 
0 28 
2 36 
1 38 
p+mn53-->he4+cr50 4 1 5 2 2 0 0 1.00000000 0.43500 0
-528.38580000 9.05688900 -995.17910000 1578.93400000 -94.38599000 5.42266700 -741.48480000
1 25 
0 28 
2 24 
2 26 
1 38 
2 36 
p+mn51-->fe52 2 0 4 2 1 0 0 1.00000000 7.38100 1
210.30380000 -6.67931500 278.64040000 -512.43870000 30.45880000 -1.76820900 238.67630000
1 25 
0 26 
26 
26 
1 37 
39 
fe52-->p+mn51 2 1 2 1 2 0 1 1.00000000 -7.38100 0
235.77220000 -92.33213000 278.64040000 -512.43870000 30.45880000 -1.76820900 240.17630000
26 
26 
1 25 
0 26 
39 
1 37 
he4+mn51-->co55 2 0 4 2 1 0 0 1.00000000 8.21200 1
-1058.00500000 22.18902000 -2204.09900000 3387.67400000 -191.27060000 10.52825000 -1645.93600000
2 25 
2 26 
27 
28 
2 37 
43 
co55-->he4+mn51 2 1 2 1 2 0 1 1.00000000 -8.21200 0
-1033.31300000 -73.10714000 -2204.09900000 3387.67400000 -191.27060000 10.52825000 -1644.43600000
27 
28 
2 25 
2 26 
43 
2 37 
he4+mn51-->p+fe54 4 0 5 2 2 0 0 1.00000000 3.14800 1
-1022.34500000 21.48520000 -2142.07900000 3290.55000000 -186.55060000 10.31492000 -1596.07000000
2 25 
2 26 
1 26 
0 28 
2 37 
1 41 
p+fe54-->he4+mn51 4 1 5 2 2 0 1 1.00000000 -3.14800 0
-1019.25300000 -15.04577000 -2142.07900000 3290.55000000 -186.55060000 10.31492000 -1596.07000000
1 26 
0 28 
2 25 
2 26 
1 41 
2 37 
p+mn53-->fe54 2 0 4 2 1 0 0 1.00000000 8.85400 1
160.93410000 -6.65283200 262.41420000 -439.79830000 24.08767000 -1.34078300 216.51410000
1 25 
0 28 
26 
28 
1 38 
41 
fe54-->p+mn53 2 1 2 1 2 0 1 1.00000000 -8.85400 0
186.69130000 -109.39910000 262.41420000 -439.79830000 24.08767000 -1.34078300 218.01410000
26 
28 
1 25 
0 28 
41 
1 38 
p+mn53-->n+fe53 4 0 5 2 2 0 1 1.00000000 -4.52400 1
17.21182000 -52.42526000 -5.16022800 8.43217200 -0.28195410 0.00525721 -4.25840000
1 25 
0 28 
0 26 
1 27 
1 38 
0 40 
n+fe53-->p+mn53 4 1 5 2 2 0 0 1.00000000 4.52400 0
17.21182000 0.07350215 -5.16022800 8.43217200 -0.28195410 0.00525721 -4.25840000
0 26 
1 27 
1 25 
0 28 
0 40 
1 38 
he4+mn53-->n+co56 4 0 5 2 2 0 1 1.00000000 -4.29500 1
15.52021000 -49.82233000 -0.63620410 -6.83938600 2.42649200 -0.22343400 0.62718490
2 25 
2 28 
0 27 
1 29 
2 38 
0 44 
n+co56-->he4+mn53 4 1 5 2 2 0 0 1.00000000 4.29500 0
16.70613000 0.01899294 -0.63620410 -6.83938600 2.42649200 -0.22343400 0.62718490
0 27 
1 29 
2 25 
2 28 
0 44 
2 38 
n+fe52-->fe53 2 0 4 2 1 0 0 1.00000000 10.68400 1
12.22244000 -0.02830146 1.02231100 2.64958800 -0.26724430 0.00483798 -0.27746950
0 26 
1 26 
26 
27 
0 39 
40 
fe53-->n+fe52 2 1 2 1 2 0 1 1.00000000 -10.68400 0
33.82019000 -124.01080000 1.02231100 2.64958800 -0.26724430 0.00483798 1.22253100
26 
27 
0 26 
1 26 
40 
0 39 
he4+fe52-->ni56 2 0 4 2 1 0 0 1.00000000 7.99500 1
-1051.63300000 22.55988000 -2240.77600000 3416.33100000 -192.54350000 10.63188000 -1666.42700000
2 26 
2 26 
28 
28 
2 39 
45 
ni56-->he4+fe52 2 1 2 1 2 0 1 1.00000000 -7.99500 0
-1026.65200000 -70.21810000 -2240.77600000 3416.33100000 -192.54350000 10.63188000 -1664.92700000
28 
28 
2 26 
2 26 
45 
2 39 
he4+fe52-->p+co55 4 0 5 2 2 0 0 1.00000000 0.83000 1
-1059.52900000 22.24880000 -2217.72900000 3406.66300000 -193.00140000 10.67078000 -1652.69800000
2 26 
2 26 
1 27 
0 28 
2 39 
1 43 
p+co55-->he4+fe52 4 1 5 2 2 0 1 1.00000000 -0.83000 0
-1060.30700000 12.61706000 -2217.72900000 3406.66300000 -193.00140000 10.67078000 -1652.69800000
1 27 
0 28 
2 26 
2 26 
1 43 
2 39 
fe53-->mn53+e++nu 1 0 1 1 1 0 0 1.00000000 3.74500 1
-6.60210000 0.00000000 0.00000000 0.00000000 0.00000000 0.00000000 0.00000000
26 
27 
25 
28 
40 
38 
n+fe53-->fe54 2 0 4 2 1 0 0 1.00000000 13.37800 1
14.21715000 0.02013716 -2.13561700 3.38180200 0.08884158 -0.04017888 -1.88778000
0 26 
1 27 
26 
28 
0 40 
41 
fe54-->n+fe53 2 1 2 1 2 0 1 1.00000000 -13.37800 0
39.97431000 -155.22490000 -2.13561700 3.38180200 0.08884158 -0.04017888 -0.38777960
26 
28 
0 26 
1 27 
41 
0 40 
he4+fe53-->ni57 2 0 4 2 1 0 0 1.00000000 7.55900 1
-1068.30500000 23.14307000 -2290.41400000 3487.24300000 -195.28200000 10.70118000 -1703.67200000
2 26 
2 27 
28 
29 
2 40 
46 
ni57-->he4+fe53 2 1 2 1 2 0 1 1.00000000 -7.55900 0
-1042.62900000 -64.57534000 -2290.41400000 3487.24300000 -195.28200000 10.70118000 -1702.17200000
28 
29 
2 26 
2 27 
46 
2 40 
he4+fe53-->n+ni56 4 0 5 2 2 0 1 1.00000000 -2.68800 1
-54.14368000 -30.85646000 -37.38731000 90.80152000 -2.45744700 -0.05298996 -36.61460000
2 26 
2 27 
0 28 
1 28 
2 40 
0 45 
n+ni56-->he4+fe53 4 1 5 2 2 0 0 1.00000000 2.68800 0
-50.76053000 0.33643180 -37.38731000 90.80152000 -2.45744700 -0.05298996 -36.61460000
0 28 
1 28 
2 26 
2 27 
0 45 
2 40 
he4+fe53-->p+co56 4 0 5 2 2 0 0 1.00000000 0.23000 1
-1027.67600000 22.11354000 -2200.65100000 3354.56200000 -189.19810000 10.42755000 -1632.80800000
2 26 
2 27 
1 27 
0 29 
2 40 
1 44 
p+co56-->he4+fe53 4 1 5 2 2 0 1 1.00000000 -0.23000 0
-1026.49000000 19.44451000 -2200.65100000 3354.56200000 -189.19810000 10.42755000 -1632.80800000
1 27 
0 29 
2 26 
2 27 
1 44 
2 40 
n+fe54-->fe55 2 0 4 2 1 0 0 1.00000000 9.29937 1
15.26380000 0.00000000 0.00000000 0.00000000 0.00000000 0.00000000 0.00000000
0 26 
1 28 
26 
29 
0 41 
42 
fe55-->n+fe54 2 1 2 1 2 0 1 1.00000000 -9.29937 0
37.55570000 -107.91900000 0.00000000 0.00000000 0.00000000 0.00000000 1.50000000
26 
29 
0 26 
1 28 
42 
0 41 
p+fe54-->co55 2 0 4 2 1 0 0 1.00000000 5.06400 1
193.25010000 -6.98644600 285.18750000 -500.23890000 29.07342000 -1.68596500 239.23210000
1 26 
0 28 
27 
28 
1 41 
43 
co55-->p+fe54 2 1 2 1 2 0 1 1.00000000 -5.06400 0
214.84890000 -65.75163000 285.18750000 -500.23890000 29.07342000 -1.68596500 240.73210000
27 
28 
1 26 
0 28 
43 
1 41 
he4+fe54-->ni58 2 0 4 2 1 0 0 1.00000000 6.40000 1
-1083.91100000 22.36875000 -2236.47200000 3455.66500000 -199.33790000 11.19313000 -1670.04300000
2 26 
2 28 
28 
30 
2 41 
47 
ni58-->he4+fe54 2 1 2 1 2 0 1 1.00000000 -6.40000 0
-1058.92600000 -51.90005000 -2236.47200000 3455.66500000 -199.33790000 11.19313000 -1668.54300000
28 
30 
2 26 
2 28 
47 
2 41 
he4+fe54-->n+ni57 4 0 5 2 2 0 1 1.00000000 -5.81900 1
13.33649000 -67.48935000 -2.12926000 3.79507500 0.05844895 0.01686415 -1.88788000
2 26 
2 28 
0 28 
1 29 
2 41 
0 46 
n+ni57-->he4+fe54 4 1 5 2 2 0 0 1.00000000 5.81900 0
13.25539000 0.03723257 -2.12926000 3.79507500 0.05844895 0.01686415 -1.88788000
0 28 
1 29 
2 26 
2 28 
0 46 
2 41 
p+fe55-->co56 2 0 4 2 1 0 0 1.00000000 5.84900 1
162.77570000 -6.91578600 271.59340000 -451.69540000 24.55328000 -1.36138700 223.18480000
1 26 
0 29 
27 
29 
1 42 
44 
co56-->p+fe55 2 1 2 1 2 0 1 1.00000000 -5.84900 0
185.64350000 -74.79051000 271.59340000 -451.69540000 24.55328000 -1.36138700 224.68480000
27 
29 
1 26 
0 29 
44 
1 42 
p+fe55-->n+co55 4 0 5 2 2 0 1 1.00000000 -4.23400 1
19.55076000 -49.08583000 -2.74815100 3.34551200 0.15546680 -0.01895724 -2.13034400
1 26 
0 29 
0 27 
1 28 
1 42 
0 43 
n+co55-->p+fe55 4 1 5 2 2 0 0 1.00000000 4.23400 0
18.85762000 0.04762358 -2.74815100 3.34551200 0.15546680 -0.01895724 -2.13034400
0 27 
1 28 
1 26 
0 29 
0 43 
1 42 
he4+fe55-->n+ni58 4 0 5 2 2 0 1 1.00000000 -2.89800 1
-54.84884000 -33.26153000 -46.62646000 105.30970000 -2.87476300 -0.10371300 -44.53774000
2 26 
2 29 
0 28 
1 30 
2 42 
0 47 
n+ni58-->he4+fe55 4 1 5 2 2 0 0 1.00000000 2.89800 0
-52.15591000 0.36831030 -46.62646000 105.30970000 -2.87476300 -0.10371300 -44.53774000
0 28 
1 30 
2 26 
2 29 
0 47 
2 42 
co55-->fe55+e++nu 1 0 1 1 1 0 0 1.00000000 3.45100 1
-11.41970000 0.00000000 0.00000000 0.00000000 0.00000000 0.00000000 0.00000000
27 
28 
26 
29 
43 
42 
n+co55-->co56 2 0 4 2 1 0 0 1.00000000 10.08300 1
21.09291000 -0.03876006 3.77278400 -10.13235000 1.11693100 -0.11040740 3.61458100
0 27 
1 28 
27 
29 
0 43 
44 
co56-->n+co55 2 1 2 1 2 0 1 1.00000000 -10.08300 0
44.65386000 -117.04690000 3.77278400 -10.13235000 1.11693100 -0.11040740 5.11458100
27 
29 
0 27 
1 28 
44 
0 43 
p+co55-->ni56 2 0 4 2 1 0 0 1.00000000 7.16500 1
226.31280000 -7.20889800 299.34180000 -553.41110000 33.68339000 -1.99146500 256.16650000
1 27 
0 28 
28 
28 
1 43 
45 
ni56-->p+co55 2 1 2 1 2 0 1 1.00000000 -7.16500 0
252.07090000 -90.35514000 299.34180000 -553.41110000 33.68339000 -1.99146500 257.66650000
28 
28 
1 27 
0 28 
45 
1 43 
he4+co55-->p+ni58 4 0 5 2 2 0 0 1.00000000 1.33500 1
-1093.72100000 23.10530000 -2303.48500000 3530.74600000 -199.90740000 11.05051000 -1714.44900000
2 27 
2 28 
1 28 
0 30 
2 43 
1 47 
p+ni58-->he4+co55 4 1 5 2 2 0 1 1.00000000 -1.33500 0
-1090.33500000 7.61329700 -2303.48500000 3530.74600000 -199.90740000 11.05051000 -1714.44900000
1 28 
0 30 
2 27 
2 28 
1 47 
2 43 
p+co56-->ni57 2 0 4 2 1 0 0 1.00000000 7.32900 1
169.55040000 -7.21926600 287.05120000 -474.90110000 25.24578000 -1.35421000 235.37160000
1 27 
0 29 
28 
29 
1 44 
46 
ni57-->p+co56 2 1 2 1 2 0 1 1.00000000 -7.32900 0
194.04060000 -92.26865000 287.05120000 -474.90110000 25.24578000 -1.35421000 236.87160000
28 
29 
1 27 
0 29 
46 
1 44 
p+co56-->n+ni56 4 0 5 2 2 0 1 1.00000000 -2.91800 1
10.34349000 -33.89777000 3.46986700 1.66718100 -0.17524730 0.02357108 1.52826900
1 27 
0 29 
0 28 
1 28 
1 44 
0 45 
n+ni56-->p+co56 4 1 5 2 2 0 0 1.00000000 2.91800 0
12.54072000 -0.03583676 3.46986700 1.66718100 -0.17524730 0.02357108 1.52826900
0 28 
1 28 
1 27 
0 29 
0 45 
1 44 
ni56+e-->co56+nu 1 0 1 1 1 1 0 1.00000000 2.13600 1
-13.54150000 0.00000000 0.00000000 0.00000000 0.00000000 0.00000000 0.00000000
28 
28 
27 
29 
45 
44 
n+ni56-->ni57 2 0 4 2 1 0 0 1.00000000 10.24700 1
20.02443000 -0.08208542 6.81184400 -12.42376000 1.07961000 -0.10086720 5.45192200
0 28 
1 28 
28 
29 
0 45 
46 
ni57-->n+ni56 2 1 2 1 2 0 1 1.00000000 -10.24700 0
42.31735000 -118.99340000 6.81184400 -12.42376000 1.07961000 -0.10086720 6.95192200
28 
29 
0 28 
1 28 
46 
0 45 
n+ni57-->ni58 2 0 4 2 1 0 0 1.00000000 12.21900 1
19.53700000 -0.03024157 2.64456300 -7.12904200 0.77086290 -0.08113558 2.41719100
0 28 
1 29 
28 
30 
0 46 
47 
ni58-->n+ni57 2 1 2 1 2 0 1 1.00000000 -12.21900 0
44.60297000 -141.82560000 2.64456300 -7.12904200 0.77086290 -0.08113558 3.91719100
28 
30 
0 28 
1 29 
47 
0 46 
