n-->p+e+nubar 1 0 1 1 1 0 0 1.00000000 0.78234 1
-6.78814000 0.00000000 0.00000000 0.00000000 0.00000000 0.00000000 0.00000000
0 
1 
1 
0 
0 
1 
n+p-->d 2 0 4 2 1 0 0 1.00000000 2.22440 1
10.68510000 1.50511000E-12 -2.02686000E-10 6.90232000E-10 -7.09921000E-11 6.04445000E-12 -2.31844000E-10
0 1 
1 0 
1 
1 
0 1 
2 
d-->n+p 2 1 2 1 2 0 1 1.00000000 -2.22440 0
32.94560000 -25.81420000 -2.02686000E-10 6.90232000E-10 -7.09921000E-11 6.04445000E-12 1.50000000
1 
1 
0 1 
1 0 
2 
0 1 
p+d-->n+p+p 5 2 6 2 3 0 0 1.00000000 -2.22500 1
16.41340000 -25.81440000 -3.92157000 2.22898000 -0.08103060 0.00337281 -0.31505900
1 1 
0 1 
0 1 1 
1 0 0 
1 2 
0 1 1 
p+p+e-->d+nu 2 0 4 2 1 1 0 0.50000000 1.44206 1
-43.64990000 -0.00246064 -2.75070000 -0.42487700 0.01598700 -6.90875000E-4 -0.20762500
1 1 
0 0 
1 
1 
1 1 
2 
p+p-->d+e++nu 2 1 4 2 1 0 0 0.50000000 1.44206 1
-34.78630000 1.41438000E-4 -3.51193000 3.10086000 -0.19831400 0.01262510 -1.02517000
1 1 
0 0 
1 
1 
1 1 
2 
n+d-->t 2 0 4 2 1 0 0 1.00000000 6.25737 1
4.23642000 -1.29490000E-12 1.73799000E-10 -5.89733000E-10 6.05046000E-11 -5.14416000E-12 1.98429000E-10
0 1 
1 1 
1 
2 
0 2 
3 
t-->n+d 2 1 2 1 2 0 1 1.00000000 -6.25737 0
27.73940000 -72.61680000 1.73799000E-10 -5.89733000E-10 6.05046000E-11 -5.14416000E-12 1.50000000
1 
2 
0 1 
1 1 
3 
0 2 
p+d-->he3 2 0 4 2 1 0 0 1.00000000 5.49400 1
7.89331000 -0.00295519 -3.23527000 1.42088000 -0.12634400 0.00974799 -0.17804500
1 1 
0 1 
2 
1 
1 2 
4 
he3-->p+d 2 1 2 1 2 0 1 1.00000000 -5.49400 0
31.40770000 -63.75300000 -3.23527000 1.42088000 -0.12634400 0.00974799 1.32196000
2 
1 
1 1 
0 1 
4 
1 2 
d+d-->he4 2 0 4 2 1 0 0 0.50000000 23.84700 1
7.53697000 -0.00347765 -3.49315000 -5.51184000 1.25705000 -0.11499100 0.56546600
1 1 
1 1 
2 
2 
2 2 
5 
he4-->d+d 2 1 2 1 2 0 1 1.00000000 -23.84700 0
32.07350000 -276.73200000 -3.49315000 -5.51184000 1.25705000 -0.11499100 2.06547000
2 
2 
1 1 
1 1 
5 
2 2 
d+d-->n+he3 4 0 5 2 2 0 0 0.50000000 3.26900 1
12.63900000 0.01019790 -6.16530000 10.92270000 -0.65415200 0.03520960 -3.41782000
1 1 
1 1 
0 2 
1 1 
2 2 
0 4 
n+he3-->d+d 4 1 5 2 2 0 0 1.00000000 -3.26900 0
13.18710000 -37.92480000 -6.16530000 10.92270000 -0.65415200 0.03520960 -3.41782000
0 2 
1 1 
1 1 
1 1 
0 4 
2 2 
d+d-->p+t 4 0 5 2 2 0 0 0.50000000 4.03300 1
11.64930000 0.01500950 -6.85042000 12.36330000 -0.63869600 0.02617010 -4.16095000
1 1 
1 1 
1 1 
0 2 
2 2 
1 3 
p+t-->d+d 4 1 5 2 2 0 0 1.00000000 -4.03300 0
12.19740000 -46.78300000 -6.85042000 12.36330000 -0.63869600 0.02617010 -4.16095000
1 1 
0 2 
1 1 
1 1 
1 3 
2 2 
t-->he3+e+nubar 1 0 1 1 1 0 0 1.00000000 0.01900 1
-20.14460000 0.00000000 0.00000000 0.00000000 0.00000000 0.00000000 0.00000000
1 
2 
2 
1 
3 
4 
he3+e-->t+nu 1 1 1 1 1 1 0 1.00000000 -0.01900 0
-32.46200000 -0.21338000 -0.82158100 11.12410000 -0.57733800 0.02904710 -0.26270500
2 
1 
1 
2 
4 
3 
p+t-->he4 2 0 4 2 1 0 0 1.00000000 19.81400 1
7.04604000 0.00110491 -4.22140000 5.32244000 -0.30367300 0.01789700 -1.41442000
1 1 
0 2 
2 
2 
1 3 
5 
he4-->p+t 2 1 2 1 2 0 1 1.00000000 -19.81400 0
31.03120000 -229.93100000 -4.22140000 5.32244000 -0.30367300 0.01789700 0.08557850
2 
2 
1 1 
0 2 
5 
1 3 
p+t-->n+he3 4 0 5 2 2 0 0 1.00000000 -0.76400 1
20.64940000 -8.86367000 0.07933450 -0.53271200 0.13522000 -0.00748114 0.10490400
1 1 
0 2 
0 2 
1 1 
1 3 
0 4 
n+he3-->p+t 4 1 5 2 2 0 0 1.00000000 0.76400 0
20.64740000 -6.73532000E-4 0.07933450 -0.53271200 0.13522000 -0.00748114 0.10490400
0 2 
1 1 
1 1 
0 2 
0 4 
1 3 
d+t-->n+he4 4 0 5 2 2 0 0 1.00000000 17.58900 1
361.17500000 -0.25925400 56.78310000 -519.36700000 215.56500000 -159.33100000 104.59800000
1 1 
1 2 
0 2 
1 2 
2 3 
0 5 
d+t-->n+he4 4 1 5 2 2 0 0 1.00000000 17.58900 1
20.58740000 -0.52300000 4.63833000E-10 -1.67345000E-9 1.85876000E-10 -1.70346000E-11 -0.66666700
1 1 
1 2 
0 2 
1 2 
2 3 
0 5 
n+he4-->d+t 4 2 5 2 2 0 0 1.00000000 -17.58900 0
362.88700000 -204.37600000 56.78310000 -519.36700000 215.56500000 -159.33100000 104.59800000
0 2 
1 2 
1 1 
1 2 
0 5 
2 3 
n+he4-->d+t 4 3 5 2 2 0 0 1.00000000 -17.58900 0
22.29940000 -204.64000000 4.63833000E-10 -1.67345000E-9 1.85876000E-10 -1.70346000E-11 -0.66666700
0 2 
1 2 
1 1 
1 2 
0 5 
2 3 
t+t-->n+n+he4 5 0 6 2 3 0 0 0.50000000 11.33200 1
30.95150000 -0.01179840 -2.52810000 -14.74040000 2.63146000 -0.24477300 2.86653000
1 1 
2 2 
0 0 2 
1 1 2 
3 3 
0 0 5 
n+n+he4-->t+t 5 1 8 3 2 0 0 1.00000000 -11.33200 0
9.14357000 -131.51600000 -2.52810000 -14.74040000 2.63146000 -0.24477300 1.36653000
0 0 2 
1 1 2 
1 1 
2 2 
0 0 5 
3 3 
n+he3-->he4 2 0 4 2 1 0 0 1.00000000 20.57740 1
1.38002000 1.36916000E-13 -1.81429000E-11 6.05380000E-11 -6.11866000E-12 5.14765000E-13 -2.05445000E-11
0 2 
1 1 
2 
2 
0 4 
5 
he4-->n+he3 2 1 2 1 2 0 1 1.00000000 -20.57740 0
25.34730000 -238.80100000 -1.81429000E-11 6.05380000E-11 -6.11866000E-12 5.14765000E-13 1.50000000
2 
2 
0 2 
1 1 
5 
0 4 
p+he3-->he4+e++nu 2 0 4 2 1 0 0 1.00000000 19.79600 1
-27.76110000 -4.30107000E-12 -6.14100000 -1.93473000E-9 2.04145000E-10 -1.80372000E-11 -0.66666700
1 2 
0 1 
2 
2 
1 4 
5 
d+he3-->p+he4 4 0 5 2 2 0 0 1.00000000 18.35300 1
157.01200000 -0.15428700 23.47820000 -202.61100000 60.91570000 -29.33580000 46.24420000
1 2 
1 1 
1 2 
0 2 
2 4 
1 5 
d+he3-->p+he4 4 1 5 2 2 0 0 1.00000000 18.35300 1
19.89320000 -1.72000000 -4.68818000E-9 1.21488000E-8 -1.10092000E-9 8.94955000E-11 -0.50000000
1 2 
1 1 
1 2 
0 2 
2 4 
1 5 
p+he4-->d+he3 4 2 5 2 2 0 0 1.00000000 -18.35300 0
158.72500000 -213.13400000 23.47820000 -202.61100000 60.91570000 -29.33580000 46.24420000
1 2 
0 2 
1 2 
1 1 
1 5 
2 4 
p+he4-->d+he3 4 3 5 2 2 0 0 1.00000000 -18.35300 0
21.60700000 -214.70000000 -4.68818000E-9 1.21488000E-8 -1.10092000E-9 8.94955000E-11 -0.50000000
1 2 
0 2 
1 2 
1 1 
1 5 
2 4 
t+he3-->d+he4 4 0 5 2 2 0 0 1.00000000 14.32000 1
23.06640000 -7.60850000E-4 -7.58973000 -1.09846000 -0.11858100 0.01115750 -0.44662400
1 2 
2 1 
1 2 
1 2 
3 4 
2 5 
d+he4-->t+he3 4 1 5 2 2 0 0 1.00000000 -14.32000 0
23.53640000 -166.18300000 -7.58973000 -1.09846000 -0.11858100 0.01115750 -0.44662400
1 2 
1 2 
1 2 
2 1 
2 5 
3 4 
t+he3-->n+p+he4 5 0 6 2 3 0 0 1.00000000 12.09600 1
23.31350000 -6.31747000E-4 -7.61344000 -0.93736100 -0.11647100 0.01032740 -0.48183100
1 2 
2 1 
0 1 2 
1 0 2 
3 4 
0 1 5 
n+p+he4-->t+he3 5 1 8 3 2 0 0 1.00000000 -12.09600 0
1.50848000 -140.36800000 -7.61344000 -0.93736100 -0.11647100 0.01032740 -1.98183000
0 1 2 
1 0 2 
1 2 
2 1 
0 1 5 
3 4 
he3+he3-->p+p+he4 5 0 6 2 3 0 0 0.50000000 12.86000 1
25.44600000 0.00685749 -13.00560000 -0.98532400 1.19691000 -0.13903100 -1.15865000
2 2 
1 1 
1 1 2 
0 0 2 
4 4 
1 1 5 
p+p+he4-->he3+he3 5 1 8 3 2 0 0 1.00000000 -12.86000 0
3.64099000 -149.22300000 -13.00560000 -0.98532400 1.19691000 -0.13903100 -2.65865000
1 1 2 
0 0 2 
2 2 
1 1 
1 1 5 
4 4 
t+he4-->li7 2 0 4 2 1 0 0 1.00000000 2.46800 1
22.95750000 -0.01374980 -5.56986000 -14.19770000 2.27582000 -0.19545000 2.92443000
1 2 
2 2 
3 
4 
3 5 
6 
li7-->t+he4 2 1 2 1 2 0 1 1.00000000 -2.46800 0
46.08770000 -28.65380000 -5.56986000 -14.19770000 2.27582000 -0.19545000 4.42443000
3 
4 
1 2 
2 2 
6 
3 5 
he3+he4-->be7 2 0 4 2 1 0 0 1.00000000 1.58800 1
15.81350000 -2.45919000E-4 -12.77580000 -0.48947900 -0.08810850 0.00557341 -0.58292600
2 2 
1 2 
4 
3 
4 5 
7 
be7-->he3+he4 2 1 2 1 2 0 1 1.00000000 -1.58800 0
38.94380000 -18.42320000 -12.77580000 -0.48947900 -0.08810850 0.00557341 0.91707400
4 
3 
2 2 
1 2 
7 
4 5 
he4+he4-->n+be7 4 0 5 2 2 0 1 0.50000000 -18.99050 1
19.00080000 -220.38400000 9.15517000E-4 -0.00210045 1.76541000E-4 -1.36797000E-5 1.00083000
2 2 
2 2 
0 4 
1 3 
5 5 
0 7 
n+be7-->he4+he4 4 1 5 2 2 0 0 1.00000000 18.99050 0
18.16140000 2.52590000E-4 9.15517000E-4 -0.00210045 1.76541000E-4 -1.36797000E-5 1.00083000
0 4 
1 3 
2 2 
2 2 
0 7 
5 5 
he4+he4-->p+li7 4 0 5 2 2 0 0 0.50000000 -17.34600 1
23.71000000 -201.29400000 -7.83923000 -2.15310000 0.13348300 -0.00732414 0.20178000
2 2 
2 2 
1 3 
0 4 
5 5 
1 6 
he4+he4-->p+li7 4 1 5 2 2 0 0 0.50000000 -17.34600 1
210.95800000 -208.34100000 173.98200000 -398.98800000 35.03640000 -2.66760000 155.92100000
2 2 
2 2 
1 3 
0 4 
5 5 
1 6 
p+li7-->he4+he4 4 2 5 2 2 0 0 1.00000000 17.34600 0
22.16460000 -0.00329980 -7.83923000 -2.15310000 0.13348300 -0.00732414 0.20178000
1 3 
0 4 
2 2 
2 2 
1 6 
5 5 
p+li7-->he4+he4 4 3 5 2 2 0 0 1.00000000 17.34600 0
209.41200000 -7.05043000 173.98200000 -398.98800000 35.03640000 -2.66760000 155.92100000
1 3 
0 4 
2 2 
2 2 
1 6 
5 5 
n+he4+he4-->d+li7 5 0 8 3 2 0 0 1.00000000 -15.12100 0
5.67174000 -175.47600000 -10.25900000 -1.85042000E-9 2.02642000E-10 -1.83918000E-11 -2.16667000
0 2 2 
1 2 2 
1 3 
1 4 
0 5 5 
2 6 
d+li7-->n+he4+he4 5 1 6 2 3 0 0 1.00000000 15.12100 1
26.40000000 -3.80207000E-12 -10.25900000 -1.85042000E-9 2.02642000E-10 -1.83918000E-11 -0.66666700
1 3 
1 4 
0 2 2 
1 2 2 
2 6 
0 5 5 
p+he4+he4-->d+be7 5 0 8 3 2 0 0 1.00000000 -16.76600 0
6.97241000 -194.55700000 -12.42800000 -2.16070000E-9 2.36020000E-10 -2.13828000E-11 -2.16667000
1 2 2 
0 2 2 
1 4 
1 3 
1 5 5 
2 7 
d+be7-->p+he4+he4 5 1 6 2 3 0 0 1.00000000 16.76600 1
27.69870000 -4.46281000E-12 -12.42800000 -2.16070000E-9 2.36020000E-10 -2.13828000E-11 -0.66666700
1 4 
1 3 
1 2 2 
0 2 2 
2 7 
1 5 5 
p+li7-->n+be7 4 0 5 2 2 0 0 1.00000000 -1.64400 1
22.36230000 -19.08100000 -2.04247000E-9 -1.16700000 -4.39104000E-10 3.41812000E-11 -1.98589000E-9
1 3 
0 4 
0 4 
1 3 
1 6 
0 7 
p+li7-->n+be7 4 1 5 2 2 0 0 1.00000000 -1.64400 1
22.78250000 -22.83200000 1.44632000E-6 -1.61715000E-6 7.98778000E-8 -4.28576000E-9 -1.50000000
1 3 
0 4 
0 4 
1 3 
1 6 
0 7 
n+be7-->p+li7 4 2 5 2 2 0 0 1.00000000 1.64400 0
22.36030000 9.06317000E-7 -2.04247000E-9 -1.16700000 -4.39104000E-10 3.41812000E-11 -1.98589000E-9
0 4 
1 3 
1 3 
0 4 
0 7 
1 6 
n+be7-->p+li7 4 3 5 2 2 0 0 1.00000000 1.64400 0
22.78050000 -3.75100000 1.44632000E-6 -1.61715000E-6 7.98778000E-8 -4.28576000E-9 -1.50000000
0 4 
1 3 
1 3 
0 4 
0 7 
1 6 
t+li7-->n+n+he4+he4 -1 0 7 2 4 0 0 1.00000000 8.86442 1
27.50430000 -5.31692000E-12 -11.33300000 -2.24192000E-9 2.21773000E-10 -1.83941000E-11 -0.66666700
1 3 
2 4 
0 0 2 2 
1 1 2 2 
3 6 
0 0 5 5 
he3+li7-->n+p+he4+he4 -1 0 7 2 4 0 0 1.00000000 9.62776 1
30.03800000 -4.24733000E-12 -17.98900000 -1.57523000E-9 1.45934000E-10 -1.15341000E-11 -0.66666700
2 3 
1 4 
0 1 2 2 
1 0 2 2 
4 6 
0 1 5 5 
be7+e-->li7+nu 1 0 1 1 1 1 0 1.00000000 0.86200 1
-22.71830000 0.00107487 0.38860800 1.16699000 -0.11712500 0.00926328 -0.10201700
4 
3 
3 
4 
7 
6 
t+be7-->n+p+he4+he4 -1 0 7 2 4 0 0 1.00000000 10.50880 1
28.69920000 -6.90040000E-12 -13.79200000 -2.92021000E-9 2.89378000E-10 -2.40287000E-11 -0.66666700
1 4 
2 3 
0 1 2 2 
1 0 2 2 
3 7 
0 1 5 5 
he3+be7-->p+p+he4+he4 -1 0 7 2 4 0 0 1.00000000 11.27210 1
31.74350000 -5.45213000E-12 -21.79300000 -1.98126000E-9 1.84204000E-10 -1.46403000E-11 -0.66666700
2 4 
1 3 
1 1 2 2 
0 0 2 2 
4 7 
1 1 5 5 
