he4+he4+he4-->c12 3 0 8 3 1 0 0 0.16666667 7.27500 1
-24.99350000 -4.29702000 -6.69304000 15.59030000 -1.57387000 0.17058800 -9.02800000
2 2 2 
2 2 2 
6 
6 
0 0 0 
1 
he4+he4+he4-->c12 3 1 8 3 1 0 0 0.16666667 7.27500 1
-49.49480000 0.32829000 -86.90160000 75.01510000 128.42700000 -215.28800000 -51.60260000
2 2 2 
2 2 2 
6 
6 
0 0 0 
1 
c12-->he4+he4+he4 3 2 3 1 3 0 0 1.00000000 -7.27500 0
-2.74994000 -84.09170000 -86.90160000 75.01510000 128.42700000 -215.28800000 -48.60260000
6 
6 
2 2 2 
2 2 2 
1 
0 0 0 
c12-->he4+he4+he4 3 3 3 1 3 0 0 1.00000000 -7.27500 0
21.75130000 -88.71700000 -6.69304000 15.59030000 -1.57387000 0.17058800 -6.02800000
6 
6 
2 2 2 
2 2 2 
1 
0 0 0 
he4+c12-->o16 2 0 4 2 1 0 0 1.00000000 7.16200 1
18.49770000 0.00482093 -33.25220000 3.33517000 -0.70171400 0.07819720 -2.80751000
2 6 
2 6 
8 
8 
0 1 
2 
he4+c12-->o16 2 1 4 2 1 0 0 1.00000000 7.16200 1
142.19100000 -89.16080000 2204.35000000 -2380.31000000 108.93100000 -5.31472000 1361.18000000
2 6 
2 6 
8 
8 
0 1 
2 
o16-->he4+c12 2 2 2 1 2 0 1 1.00000000 -7.16200 0
43.15870000 -83.10620000 -33.25220000 3.33517000 -0.70171400 0.07819720 -1.30751000
8 
8 
2 6 
2 6 
2 
0 1 
o16-->he4+c12 2 3 2 1 2 0 1 1.00000000 -7.16200 0
166.85200000 -172.27200000 2204.35000000 -2380.31000000 108.93100000 -5.31472000 1362.68000000
8 
8 
2 6 
2 6 
2 
0 1 
c12+c12-->he4+ne20 4 0 5 2 2 0 0 0.50000000 4.62100 1
61.28630000 0.00000000 -84.16500000 -1.56627000 -0.07360840 -0.07279700 -0.66666700
6 6 
6 6 
2 10 
2 10 
1 1 
0 3 
he4+ne20-->c12+c12 4 1 5 2 2 0 1 1.00000000 -4.62100 0
61.47480000 -53.62440000 -84.16500000 -1.56627000 -0.07360840 -0.07279700 -0.66666700
2 10 
2 10 
6 6 
6 6 
0 3 
1 1 
he4+o16-->ne20 2 0 4 2 1 0 0 1.00000000 4.73400 1
39.03400000 -0.03586000 -34.34570000 -25.19390000 4.79855000 -1.46444000 6.34333000
2 8 
2 8 
10 
10 
0 2 
3 
he4+o16-->ne20 2 1 4 2 1 0 0 1.00000000 4.73400 1
84.55220000 -17.82140000 293.66400000 -384.97400000 20.23800000 -1.00379000 199.69300000
2 8 
2 8 
10 
10 
0 2 
3 
ne20-->he4+o16 2 2 2 1 2 0 1 1.00000000 -4.73400 0
63.79150000 -54.97290000 -34.34570000 -25.19390000 4.79855000 -1.46444000 7.84333000
10 
10 
2 8 
2 8 
3 
0 2 
ne20-->he4+o16 2 3 2 1 2 0 1 1.00000000 -4.73400 0
109.31000000 -72.75840000 293.66400000 -384.97400000 20.23800000 -1.00379000 201.19300000
10 
10 
2 8 
2 8 
3 
0 2 
