he4+he4+he4-->c12 3 0 8 3 1 0 0 0.16666667 7.27500 1
-24.99350000 -4.29702000 -6.69304000 15.59030000 -1.57387000 0.17058800 -9.02800000
2 2 2 
2 2 2 
6 
6 
1 1 1 
2 
he4+he4+he4-->c12 3 1 8 3 1 0 0 0.16666667 7.27500 1
-49.49480000 0.32829000 -86.90160000 75.01510000 128.42700000 -215.28800000 -51.60260000
2 2 2 
2 2 2 
6 
6 
1 1 1 
2 
c12-->he4+he4+he4 3 2 3 1 3 0 0 1.00000000 -7.27500 0
-2.74994000 -84.09170000 -86.90160000 75.01510000 128.42700000 -215.28800000 -48.60260000
6 
6 
2 2 2 
2 2 2 
2 
1 1 1 
c12-->he4+he4+he4 3 3 3 1 3 0 0 1.00000000 -7.27500 0
21.75130000 -88.71700000 -6.69304000 15.59030000 -1.57387000 0.17058800 -6.02800000
6 
6 
2 2 2 
2 2 2 
2 
1 1 1 
p+c12-->n13 2 0 4 2 1 0 0 1.00000000 1.94400 1
26.14470000 -0.02087790 -10.35980000 -14.00580000 4.20059000 -1.55112000 3.59944000
1 6 
0 6 
7 
6 
0 2 
4 
p+c12-->n13 2 1 4 2 1 0 0 1.00000000 1.94400 1
15.77330000 -5.00351000 4.68321000 -9.46366000 0.71507200 -0.03964090 2.48026000
1 6 
0 6 
7 
6 
0 2 
4 
n13-->p+c12 2 2 2 1 2 0 1 1.00000000 -1.94400 0
49.04730000 -22.57390000 -10.35980000 -14.00580000 4.20059000 -1.55112000 5.09944000
7 
6 
1 6 
0 6 
4 
0 2 
n13-->p+c12 2 3 2 1 2 0 1 1.00000000 -1.94400 0
38.67590000 -27.55650000 4.68321000 -9.46366000 0.71507200 -0.03964090 3.98026000
7 
6 
1 6 
0 6 
4 
0 2 
he4+c12-->o16 2 0 4 2 1 0 0 1.00000000 7.16200 1
18.49770000 0.00482093 -33.25220000 3.33517000 -0.70171400 0.07819720 -2.80751000
2 6 
2 6 
8 
8 
1 2 
8 
he4+c12-->o16 2 1 4 2 1 0 0 1.00000000 7.16200 1
142.19100000 -89.16080000 2204.35000000 -2380.31000000 108.93100000 -5.31472000 1361.18000000
2 6 
2 6 
8 
8 
1 2 
8 
o16-->he4+c12 2 2 2 1 2 0 1 1.00000000 -7.16200 0
43.15870000 -83.10620000 -33.25220000 3.33517000 -0.70171400 0.07819720 -1.30751000
8 
8 
2 6 
2 6 
8 
1 2 
o16-->he4+c12 2 3 2 1 2 0 1 1.00000000 -7.16200 0
166.85200000 -172.27200000 2204.35000000 -2380.31000000 108.93100000 -5.31472000 1362.68000000
8 
8 
2 6 
2 6 
8 
1 2 
he4+c12-->p+n15 4 0 5 2 2 0 0 1.00000000 -4.96600 1
116.24000000 -57.76090000 9.47894000 -134.86800000 32.31110000 -12.16990000 34.30080000
2 6 
2 6 
1 7 
0 8 
1 2 
0 6 
he4+c12-->p+n15 4 1 5 2 2 0 0 1.00000000 -4.96600 1
21.71220000 -61.09470000 -9.88910000 4.37495000 2.17721000 -0.29120400 -7.38375000
2 6 
2 6 
1 7 
0 8 
1 2 
0 6 
p+n15-->he4+c12 4 2 5 2 2 0 0 1.00000000 4.96600 0
116.58800000 -0.13786000 9.47894000 -134.86800000 32.31110000 -12.16990000 34.30080000
1 7 
0 8 
2 6 
2 6 
0 6 
1 2 
p+n15-->he4+c12 4 3 5 2 2 0 0 1.00000000 4.96600 0
22.06030000 -3.47168000 -9.88910000 4.37495000 2.17721000 -0.29120400 -7.38375000
1 7 
0 8 
2 6 
2 6 
0 6 
1 2 
c12+c12-->he4+ne20 4 0 5 2 2 0 0 0.50000000 4.62100 1
61.28630000 0.00000000 -84.16500000 -1.56627000 -0.07360840 -0.07279700 -0.66666700
6 6 
6 6 
2 10 
2 10 
2 2 
1 14 
he4+ne20-->c12+c12 4 1 5 2 2 0 1 1.00000000 -4.62100 0
61.47480000 -53.62440000 -84.16500000 -1.56627000 -0.07360840 -0.07279700 -0.66666700
2 10 
2 10 
6 6 
6 6 
1 14 
2 2 
p+c13-->n14 2 0 4 2 1 0 0 1.00000000 7.55100 1
21.04270000 -0.00832618 -12.47830000 -4.17217000 2.16627000 -0.86300500 0.81667800
1 6 
0 7 
7 
7 
0 3 
5 
p+c13-->n14 2 1 4 2 1 0 0 1.00000000 7.55100 1
14.00610000 -5.70100000 -3.98255000E-8 6.79833000E-8 -4.63014000E-9 3.13320000E-10 -1.20000000
1 6 
0 7 
7 
7 
0 3 
5 
n14-->p+c13 2 2 2 1 2 0 1 1.00000000 -7.55100 0
44.24250000 -87.62930000 -12.47830000 -4.17217000 2.16627000 -0.86300500 2.31668000
7 
7 
1 6 
0 7 
5 
0 3 
n14-->p+c13 2 3 2 1 2 0 1 1.00000000 -7.55100 0
37.20590000 -93.32200000 -3.98255000E-8 6.79833000E-8 -4.63014000E-9 3.13320000E-10 0.30000000
7 
7 
1 6 
0 7 
5 
0 3 
n13-->c13+e++nu 1 0 1 1 1 0 0 1.00000000 2.22100 1
-6.75943000 0.00000000 0.00000000 0.00000000 0.00000000 0.00000000 0.00000000
7 
6 
6 
7 
4 
3 
he4+n13-->p+o16 4 0 5 2 2 0 0 1.00000000 5.21800 1
44.06930000 -0.40875400 -21.54580000 -18.92340000 0.00207575 0.02676470 8.93149000
2 7 
2 6 
1 8 
0 8 
1 4 
0 8 
p+o16-->he4+n13 4 1 5 2 2 0 0 1.00000000 -5.21800 0
45.82960000 -60.96580000 -21.54580000 -18.92340000 0.00207575 0.02676470 8.93149000
1 8 
0 8 
2 7 
2 6 
0 8 
1 4 
p+n14-->o15 2 0 4 2 1 0 0 1.00000000 7.29700 1
37.75020000 -0.02880800 -9.88762000 -30.58870000 5.13964000 -0.71429800 7.03051000
1 7 
0 7 
8 
7 
0 5 
7 
p+n14-->o15 2 1 4 2 1 0 0 1.00000000 7.29700 1
85.80850000 -3.64298000 51.73350000 -142.78100000 14.82460000 -1.22744000 49.90560000
1 7 
0 7 
8 
7 
0 5 
7 
o15-->p+n14 2 2 2 1 2 0 1 1.00000000 -7.29700 0
61.76930000 -84.70680000 -9.88762000 -30.58870000 5.13964000 -0.71429800 8.53051000
8 
7 
1 7 
0 7 
7 
0 5 
o15-->p+n14 2 3 2 1 2 0 1 1.00000000 -7.29700 0
109.82800000 -88.32100000 51.73350000 -142.78100000 14.82460000 -1.22744000 51.40560000
8 
7 
1 7 
0 7 
7 
0 5 
he4+n14-->f18 2 0 4 2 1 0 0 1.00000000 4.41500 1
69.09230000 -0.10441200 -20.16100000 -71.96820000 14.84910000 -4.70042000 19.79920000
2 7 
2 7 
9 
9 
1 5 
12 
he4+n14-->f18 2 1 4 2 1 0 0 1.00000000 4.41500 1
-22.16720000 -2.79800000 -3.02166000E-8 5.24811000E-8 -3.62204000E-9 2.47414000E-10 -1.50000000
2 7 
2 7 
9 
9 
1 5 
12 
he4+n14-->f18 2 2 4 2 1 0 0 1.00000000 4.41500 1
-392.57900000 0.08862640 -356.09000000 803.71400000 -62.14380000 4.34953000 -323.75900000
2 7 
2 7 
9 
9 
1 5 
12 
f18-->he4+n14 2 3 2 1 2 0 1 1.00000000 -4.41500 0
93.80820000 -51.34040000 -20.16100000 -71.96820000 14.84910000 -4.70042000 21.29920000
9 
9 
2 7 
2 7 
12 
1 5 
f18-->he4+n14 2 4 2 1 2 0 1 1.00000000 -4.41500 0
2.54876000 -54.03400000 -3.02166000E-8 5.24811000E-8 -3.62204000E-9 2.47414000E-10 -2.37652000E-8
9 
9 
2 7 
2 7 
12 
1 5 
f18-->he4+n14 2 5 2 1 2 0 1 1.00000000 -4.41500 0
-367.86300000 -51.14740000 -356.09000000 803.71400000 -62.14380000 4.34953000 -322.25900000
9 
9 
2 7 
2 7 
12 
1 5 
he4+n14-->p+o17 4 0 5 2 2 0 0 1.00000000 -1.19100 1
102.04100000 -13.98940000 9.89057000 -130.94100000 29.26510000 -10.56860000 35.09830000
2 7 
2 7 
1 8 
0 9 
1 5 
0 9 
he4+n14-->p+o17 4 1 5 2 2 0 0 1.00000000 -1.19100 1
14.49550000 -18.07200000 -3.94018000E-9 7.61146000E-9 -5.71060000E-10 4.13770000E-11 1.00000000
2 7 
2 7 
1 8 
0 9 
1 5 
0 9 
he4+n14-->p+o17 4 2 5 2 2 0 0 1.00000000 -1.19100 1
287.15700000 -15.61660000 146.97900000 -474.04900000 43.50120000 -3.45749000 167.13800000
2 7 
2 7 
1 8 
0 9 
1 5 
0 9 
p+o17-->he4+n14 4 3 5 2 2 0 0 1.00000000 1.19100 0
102.43200000 -0.16438600 9.89057000 -130.94100000 29.26510000 -10.56860000 35.09830000
1 8 
0 9 
2 7 
2 7 
0 9 
1 5 
p+o17-->he4+n14 4 4 5 2 2 0 0 1.00000000 1.19100 0
14.88710000 -4.24700000 -3.94018000E-9 7.61146000E-9 -5.71060000E-10 4.13770000E-11 1.00000000
1 8 
0 9 
2 7 
2 7 
0 9 
1 5 
p+n15-->o16 2 0 4 2 1 0 0 1.00000000 12.12800 1
117.07600000 -0.14559100 11.06700000 -147.48500000 38.02360000 -15.64440000 36.80590000
1 7 
0 8 
8 
8 
0 6 
8 
p+n15-->o16 2 1 4 2 1 0 0 1.00000000 12.12800 1
-101.32700000 -1.71775000 -110.61600000 234.85500000 -15.59350000 0.91074900 -99.37670000
1 7 
0 8 
8 
8 
0 6 
8 
o16-->p+n15 2 2 2 1 2 0 1 1.00000000 -12.12800 0
141.38800000 -140.88000000 11.06700000 -147.48500000 38.02360000 -15.64440000 38.30590000
8 
8 
1 7 
0 8 
8 
0 6 
o16-->p+n15 2 3 2 1 2 0 1 1.00000000 -12.12800 0
-77.01440000 -142.45200000 -110.61600000 234.85500000 -15.59350000 0.91074900 -97.87670000
8 
8 
1 7 
0 8 
8 
0 6 
he4+n15-->f19 2 0 4 2 1 0 0 1.00000000 4.01400 1
110.77700000 -0.18159900 -7.92531000 -134.75800000 28.04010000 -9.28044000 36.53980000
2 7 
2 8 
9 
10 
1 6 
13 
he4+n15-->f19 2 1 4 2 1 0 0 1.00000000 4.01400 1
-4.62232000 -4.23200000 1.81457000E-8 -2.99101000E-8 1.97115000E-9 -1.29871000E-10 -1.50000000
2 7 
2 8 
9 
10 
1 6 
13 
he4+n15-->f19 2 2 4 2 1 0 0 1.00000000 4.01400 1
7.32647000 -9.74700000 -1.12701000E-7 1.53075000E-7 -8.79861000E-9 5.28469000E-10 1.00000000
2 7 
2 8 
9 
10 
1 6 
13 
f19-->he4+n15 2 3 2 1 2 0 1 1.00000000 -4.01400 0
135.51500000 -46.75960000 -7.92531000 -134.75800000 28.04010000 -9.28044000 38.03980000
9 
10 
2 7 
2 8 
13 
1 6 
f19-->he4+n15 2 4 2 1 2 0 1 1.00000000 -4.01400 0
20.11550000 -50.81000000 1.81457000E-8 -2.99101000E-8 1.97115000E-9 -1.29871000E-10 1.38981000E-8
9 
10 
2 7 
2 8 
13 
1 6 
f19-->he4+n15 2 5 2 1 2 0 1 1.00000000 -4.01400 0
32.06430000 -56.32500000 -1.12701000E-7 1.53075000E-7 -8.79861000E-9 5.28469000E-10 2.50000000
9 
10 
2 7 
2 8 
13 
1 6 
he4+n15-->p+o18 4 0 5 2 2 0 0 1.00000000 -3.98000 1
38.89090000 -46.22320000 -11.55690000 -20.87270000 5.28582000 -1.89127000 5.91631000
2 7 
2 8 
1 8 
0 10 
1 6 
0 10 
he4+n15-->p+o18 4 1 5 2 2 0 0 1.00000000 -3.98000 1
-31.73940000 -46.42200000 7.23014000E-10 -2.45584000E-9 2.60909000E-10 -2.32238000E-11 -1.50000000
2 7 
2 8 
1 8 
0 10 
1 6 
0 10 
he4+n15-->p+o18 4 2 5 2 2 0 0 1.00000000 -3.98000 1
-230.13700000 -47.21550000 -91.26230000 370.62600000 -39.68670000 3.32290000 -114.61800000
2 7 
2 8 
1 8 
0 10 
1 6 
0 10 
p+o18-->he4+n15 4 3 5 2 2 0 0 1.00000000 3.98000 0
40.68670000 -0.03223290 -11.55690000 -20.87270000 5.28582000 -1.89127000 5.91631000
1 8 
0 10 
2 7 
2 8 
0 10 
1 6 
p+o18-->he4+n15 4 4 5 2 2 0 0 1.00000000 3.98000 0
-29.94370000 -0.23100000 7.23014000E-10 -2.45584000E-9 2.60909000E-10 -2.32238000E-11 -1.50000000
1 8 
0 10 
2 7 
2 8 
0 10 
1 6 
p+o18-->he4+n15 4 5 5 2 2 0 0 1.00000000 3.98000 0
-228.34200000 -1.02450000 -91.26230000 370.62600000 -39.68670000 3.32290000 -114.61800000
1 8 
0 10 
2 7 
2 8 
0 10 
1 6 
o15-->n15+e++nu 1 0 1 1 1 0 0 1.00000000 2.75400 1
-5.16889000 0.00000000 0.00000000 0.00000000 0.00000000 0.00000000 0.00000000
8 
7 
7 
8 
7 
6 
he4+o15-->p+f18 4 0 5 2 2 0 1 1.00000000 -2.88111 1
24.48550000 -37.37350000 10.48230000 -24.40730000 1.70614000 -0.11281200 8.77482000
2 8 
2 7 
1 9 
0 9 
1 7 
0 12 
he4+o15-->p+f18 4 1 5 2 2 0 1 1.00000000 -2.88111 1
325.34000000 -34.98830000 185.52900000 -537.88800000 39.61310000 -2.61161000 209.03500000
2 8 
2 7 
1 9 
0 9 
1 7 
0 12 
p+f18-->he4+o15 4 2 5 2 2 0 0 1.00000000 2.88111 0
25.19280000 -3.93821000 10.48230000 -24.40730000 1.70614000 -0.11281200 8.77482000
1 9 
0 9 
2 8 
2 7 
0 12 
1 7 
p+f18-->he4+o15 4 3 5 2 2 0 0 1.00000000 2.88111 0
326.04700000 -1.55302000 185.52900000 -537.88800000 39.61310000 -2.61161000 209.03500000
1 9 
0 9 
2 8 
2 7 
0 12 
1 7 
p+o16-->f17 2 0 4 2 1 0 0 1.00000000 0.60000 1
19.01630000 0.00123877 -16.86450000 -0.91193400 0.16420600 -0.01306500 -0.79985300
1 8 
0 8 
9 
8 
0 8 
11 
f17-->p+o16 2 1 2 1 2 0 1 1.00000000 -0.60000 0
40.84810000 -6.96676000 -16.86450000 -0.91193400 0.16420600 -0.01306500 0.70014700
9 
8 
1 8 
0 8 
11 
0 8 
he4+o16-->ne20 2 0 4 2 1 0 0 1.00000000 4.73400 1
39.03400000 -0.03586000 -34.34570000 -25.19390000 4.79855000 -1.46444000 6.34333000
2 8 
2 8 
10 
10 
1 8 
14 
he4+o16-->ne20 2 1 4 2 1 0 0 1.00000000 4.73400 1
84.55220000 -17.82140000 293.66400000 -384.97400000 20.23800000 -1.00379000 199.69300000
2 8 
2 8 
10 
10 
1 8 
14 
ne20-->he4+o16 2 2 2 1 2 0 1 1.00000000 -4.73400 0
63.79150000 -54.97290000 -34.34570000 -25.19390000 4.79855000 -1.46444000 7.84333000
10 
10 
2 8 
2 8 
14 
1 8 
ne20-->he4+o16 2 3 2 1 2 0 1 1.00000000 -4.73400 0
109.31000000 -72.75840000 293.66400000 -384.97400000 20.23800000 -1.00379000 201.19300000
10 
10 
2 8 
2 8 
14 
1 8 
he4+o16-->p+f19 4 0 5 2 2 0 0 1.00000000 -8.11400 1
84.98750000 -94.27050000 0.90603200 -89.46660000 17.02590000 -5.16094000 24.62520000
2 8 
2 8 
1 9 
0 10 
1 8 
0 13 
he4+o16-->p+f19 4 1 5 2 2 0 0 1.00000000 -8.11400 1
-61.76130000 -97.93750000 -20.91160000 109.61500000 -11.38730000 0.91623000 -32.80430000
2 8 
2 8 
1 9 
0 10 
1 8 
0 13 
p+f19-->he4+o16 4 2 5 2 2 0 0 1.00000000 8.11400 0
85.41210000 -0.11452600 0.90603200 -89.46660000 17.02590000 -5.16094000 24.62520000
1 9 
0 10 
2 8 
2 8 
0 13 
1 8 
p+f19-->he4+o16 4 3 5 2 2 0 0 1.00000000 8.11400 0
-61.33660000 -3.78146000 -20.91160000 109.61500000 -11.38730000 0.91623000 -32.80430000
1 9 
0 10 
2 8 
2 8 
0 13 
1 8 
p+o17-->f18 2 0 4 2 1 0 0 1.00000000 5.60700 1
19.60760000 -0.00473182 -16.01880000 -1.58150000 0.09221450 -0.00872123 -0.02679190
1 8 
0 9 
9 
9 
0 9 
12 
p+o17-->f18 2 1 4 2 1 0 0 1.00000000 5.60700 1
11.95760000 -6.27200000 -1.51472000E-8 2.43339000E-8 -1.57749000E-9 1.02875000E-10 -1.00000000
1 8 
0 9 
9 
9 
0 9 
12 
p+o17-->f18 2 2 4 2 1 0 0 1.00000000 5.60700 1
0.27002700 -1.96100000 -7.21964000E-9 1.67581000E-8 -1.41249000E-9 1.09748000E-10 -1.50000000
1 8 
0 9 
9 
9 
0 9 
12 
f18-->p+o17 2 3 2 1 2 0 1 1.00000000 -5.60700 0
43.93090000 -65.06570000 -16.01880000 -1.58150000 0.09221450 -0.00872123 1.47321000
9 
9 
1 8 
0 9 
12 
0 9 
f18-->p+o17 2 4 2 1 2 0 1 1.00000000 -5.60700 0
36.28090000 -71.33300000 -1.51472000E-8 2.43339000E-8 -1.57749000E-9 1.02875000E-10 0.50000000
9 
9 
1 8 
0 9 
12 
0 9 
f18-->p+o17 2 5 2 1 2 0 1 1.00000000 -5.60700 0
24.59330000 -67.02200000 -7.21964000E-9 1.67581000E-8 -1.41249000E-9 1.09748000E-10 -6.64108000E-9
9 
9 
1 8 
0 9 
12 
0 9 
p+o18-->f19 2 0 4 2 1 0 0 1.00000000 7.99400 1
309.23800000 -0.23894200 38.39780000 -444.75500000 174.46900000 -122.08700000 92.11500000
1 8 
0 10 
9 
10 
0 10 
13 
p+o18-->f19 2 1 4 2 1 0 0 1.00000000 7.99400 1
-34.31560000 -0.23100000 2.16047000E-10 -7.82237000E-10 8.82184000E-11 -8.19111000E-12 -1.50000000
1 8 
0 10 
9 
10 
0 10 
13 
p+o18-->f19 2 2 4 2 1 0 0 1.00000000 7.99400 1
-143.00700000 -0.62082900 -97.21470000 265.14600000 -20.93420000 1.43301000 -99.72760000
1 8 
0 10 
9 
10 
0 10 
13 
f19-->p+o18 2 3 2 1 2 0 1 1.00000000 -7.99400 0
332.18100000 -93.00790000 38.39780000 -444.75500000 174.46900000 -122.08700000 93.61500000
9 
10 
1 8 
0 10 
13 
0 10 
f19-->p+o18 2 4 2 1 2 0 1 1.00000000 -7.99400 0
-11.37320000 -93.00000000 2.16047000E-10 -7.82237000E-10 8.82184000E-11 -8.19111000E-12 2.53136000E-10
9 
10 
1 8 
0 10 
13 
0 10 
f19-->p+o18 2 5 2 1 2 0 1 1.00000000 -7.99400 0
-120.06500000 -93.38980000 -97.21470000 265.14600000 -20.93420000 1.43301000 -98.22760000
9 
10 
1 8 
0 10 
13 
0 10 
f17-->o17+e++nu 1 0 1 1 1 0 0 1.00000000 2.76100 1
-4.53782000 0.00000000 0.00000000 0.00000000 0.00000000 0.00000000 0.00000000
9 
8 
8 
9 
11 
9 
he4+f17-->p+ne20 4 0 5 2 2 0 0 1.00000000 4.13400 1
46.00020000 -0.22045400 -35.33140000 -10.90590000 -0.04713800 -0.00444028 4.65731000
2 9 
2 8 
1 10 
0 10 
1 11 
0 14 
p+ne20-->he4+f17 4 1 5 2 2 0 0 1.00000000 -4.13400 0
48.92450000 -48.18950000 -35.33140000 -10.90590000 -0.04713800 -0.00444028 4.65731000
1 10 
0 10 
2 9 
2 8 
0 14 
1 11 
f18-->o18+e++nu 1 0 1 1 1 0 0 1.00000000 1.65500 1
-9.15861000 0.00000000 0.00000000 0.00000000 0.00000000 0.00000000 0.00000000
9 
9 
8 
10 
12 
10 
p+f19-->ne20 2 0 4 2 1 0 0 1.00000000 12.84800 1
134.08500000 -0.17166100 13.12410000 -176.91300000 43.51110000 -17.98260000 44.11880000
1 9 
0 10 
10 
10 
0 13 
14 
p+f19-->ne20 2 1 4 2 1 0 0 1.00000000 12.84800 1
22.75560000 -5.63813000 93.26000000 -108.84800000 3.59320000 -0.06627150 62.83270000
1 9 
0 10 
10 
10 
0 13 
14 
ne20-->p+f19 2 2 2 1 2 0 1 1.00000000 -12.84800 0
158.41900000 -149.26500000 13.12410000 -176.91300000 43.51110000 -17.98260000 45.61880000
10 
10 
1 9 
0 10 
14 
0 13 
ne20-->p+f19 2 3 2 1 2 0 1 1.00000000 -12.84800 0
47.08980000 -154.73100000 93.26000000 -108.84800000 3.59320000 -0.06627150 64.33270000
10 
10 
1 9 
0 10 
14 
0 13 
