n-->p+e+nubar 1 0 1 1 1 0 0 1.00000000 0.78234 1
-6.78814000 0.00000000 0.00000000 0.00000000 0.00000000 0.00000000 0.00000000
0 
1 
1 
0 
0 
1 
he4+he4+he4-->c12 3 0 8 3 1 0 0 0.16666667 7.27500 1
-24.99350000 -4.29702000 -6.69304000 15.59030000 -1.57387000 0.17058800 -9.02800000
2 2 2 
2 2 2 
6 
6 
2 2 2 
3 
he4+he4+he4-->c12 3 1 8 3 1 0 0 0.16666667 7.27500 1
-49.49480000 0.32829000 -86.90160000 75.01510000 128.42700000 -215.28800000 -51.60260000
2 2 2 
2 2 2 
6 
6 
2 2 2 
3 
c12-->he4+he4+he4 3 2 3 1 3 0 0 1.00000000 -7.27500 0
-2.74994000 -84.09170000 -86.90160000 75.01510000 128.42700000 -215.28800000 -48.60260000
6 
6 
2 2 2 
2 2 2 
3 
2 2 2 
c12-->he4+he4+he4 3 3 3 1 3 0 0 1.00000000 -7.27500 0
21.75130000 -88.71700000 -6.69304000 15.59030000 -1.57387000 0.17058800 -6.02800000
6 
6 
2 2 2 
2 2 2 
3 
2 2 2 
he4+c12-->o16 2 0 4 2 1 0 0 1.00000000 7.16200 1
18.49770000 0.00482093 -33.25220000 3.33517000 -0.70171400 0.07819720 -2.80751000
2 6 
2 6 
8 
8 
2 3 
4 
he4+c12-->o16 2 1 4 2 1 0 0 1.00000000 7.16200 1
142.19100000 -89.16080000 2204.35000000 -2380.31000000 108.93100000 -5.31472000 1361.18000000
2 6 
2 6 
8 
8 
2 3 
4 
o16-->he4+c12 2 2 2 1 2 0 1 1.00000000 -7.16200 0
43.15870000 -83.10620000 -33.25220000 3.33517000 -0.70171400 0.07819720 -1.30751000
8 
8 
2 6 
2 6 
4 
2 3 
o16-->he4+c12 2 3 2 1 2 0 1 1.00000000 -7.16200 0
166.85200000 -172.27200000 2204.35000000 -2380.31000000 108.93100000 -5.31472000 1362.68000000
8 
8 
2 6 
2 6 
4 
2 3 
c12+c12-->n+mg23 4 0 5 2 2 0 0 0.50000000 -2.59800 1
-5393.75000000 -767.15900000 3347.22000000 2992.11000000 -236.83000000 13.10720000 -328.76300000
6 6 
6 6 
0 12 
1 11 
3 3 
0 8 
c12+c12-->he4+ne20 4 0 5 2 2 0 0 0.50000000 4.62100 1
61.28630000 0.00000000 -84.16500000 -1.56627000 -0.07360840 -0.07279700 -0.66666700
6 6 
6 6 
2 10 
2 10 
3 3 
2 6 
he4+ne20-->c12+c12 4 1 5 2 2 0 1 1.00000000 -4.62100 0
61.47480000 -53.62440000 -84.16500000 -1.56627000 -0.07360840 -0.07279700 -0.66666700
2 10 
2 10 
6 6 
6 6 
2 6 
3 3 
he4+o16-->ne20 2 0 4 2 1 0 0 1.00000000 4.73400 1
39.03400000 -0.03586000 -34.34570000 -25.19390000 4.79855000 -1.46444000 6.34333000
2 8 
2 8 
10 
10 
2 4 
6 
he4+o16-->ne20 2 1 4 2 1 0 0 1.00000000 4.73400 1
84.55220000 -17.82140000 293.66400000 -384.97400000 20.23800000 -1.00379000 199.69300000
2 8 
2 8 
10 
10 
2 4 
6 
ne20-->he4+o16 2 2 2 1 2 0 1 1.00000000 -4.73400 0
63.79150000 -54.97290000 -34.34570000 -25.19390000 4.79855000 -1.46444000 7.84333000
10 
10 
2 8 
2 8 
6 
2 4 
ne20-->he4+o16 2 3 2 1 2 0 1 1.00000000 -4.73400 0
109.31000000 -72.75840000 293.66400000 -384.97400000 20.23800000 -1.00379000 201.19300000
10 
10 
2 8 
2 8 
6 
2 4 
he4+o16-->n+ne19 4 0 5 2 2 0 1 1.00000000 -12.13400 1
11.79712000 -140.81280000 -2.30507400 10.00245000 -0.77329950 0.04600412 -2.99864600
2 8 
2 8 
0 10 
1 9 
2 4 
0 5 
n+ne19-->he4+o16 4 1 5 2 2 0 0 1.00000000 12.13400 0
12.23249000 -0.00380215 -2.30507400 10.00245000 -0.77329950 0.04600412 -2.99864600
0 10 
1 9 
2 8 
2 8 
0 5 
2 4 
c12+o16-->n+si27 4 0 5 2 2 0 0 1.00000000 -0.42300 1
77.95770000 0.11554500 -111.34500000 -7.42171000 2.18086000 -0.39947900 -2.15025000
6 8 
6 8 
0 14 
1 13 
3 4 
0 11 
c12+o16-->he4+mg24 4 0 5 2 2 0 0 1.00000000 6.77100 1
48.53410000 0.37204000 -133.41300000 50.15720000 -3.15987000 0.01782510 -23.70270000
6 8 
6 8 
2 12 
2 12 
3 4 
2 9 
he4+mg24-->c12+o16 4 1 5 2 2 0 1 1.00000000 -6.77100 0
49.57380000 -78.20200000 -133.41300000 50.15720000 -3.15987000 0.01782510 -23.70270000
2 12 
2 12 
6 8 
6 8 
2 9 
3 4 
o16+o16-->n+s31 4 0 5 2 2 0 0 0.50000000 1.50000 1
77.54910000 -0.37364100 -120.83000000 -7.72334000 -2.27939000 0.16765500 7.62001000
8 8 
8 8 
0 16 
1 15 
4 4 
0 14 
o16+o16-->he4+si28 4 0 5 2 2 0 0 0.50000000 9.59300 1
97.24350000 -0.26851400 -119.32400000 -32.24970000 1.46214000 -0.20089300 13.21480000
8 8 
8 8 
2 14 
2 14 
4 4 
2 12 
he4+si28-->o16+o16 4 1 5 2 2 0 1 1.00000000 -9.59300 0
97.79040000 -111.59000000 -119.32400000 -32.24970000 1.46214000 -0.20089300 13.21480000
2 14 
2 14 
8 8 
8 8 
2 12 
4 4 
n+ne19-->ne20 2 0 4 2 1 0 0 1.00000000 16.86400 1
4.33546300 0.01079407 -0.99866940 4.80014700 -0.36861940 0.01918863 -1.15887300
0 10 
1 9 
10 
10 
0 5 
6 
ne20-->n+ne19 2 1 2 1 2 0 1 1.00000000 -16.86400 0
28.65743000 -195.68750000 -0.99866940 4.80014700 -0.36861940 0.01918863 0.34112700
10 
10 
0 10 
1 9 
6 
0 5 
he4+ne19-->mg23 2 0 4 2 1 0 0 1.00000000 9.64800 1
58.01977000 -2.10732200 31.44697000 -103.45080000 5.00666200 -0.26497700 52.10394000
2 10 
2 9 
12 
11 
2 5 
8 
mg23-->he4+ne19 2 1 2 1 2 0 1 1.00000000 -9.64800 0
82.13210000 -114.06750000 31.44697000 -103.45080000 5.00666200 -0.26497700 53.60394000
12 
11 
2 10 
2 9 
8 
2 5 
n+ne20-->ne21 2 0 4 2 1 0 0 1.00000000 6.76037 1
12.24470000 0.00000000 0.00000000 0.00000000 0.00000000 0.00000000 0.00000000
0 10 
1 10 
10 
11 
0 6 
7 
ne21-->n+ne20 2 1 2 1 2 0 1 1.00000000 -6.76037 0
34.49090000 -78.45410000 0.00000000 0.00000000 0.00000000 0.00000000 1.50000000
10 
11 
0 10 
1 10 
7 
0 6 
he4+ne20-->mg24 2 0 4 2 1 0 0 1.00000000 9.31200 1
32.15880000 -0.01514940 -44.64100000 -8.33867000 2.41631000 -0.77805600 1.93576000
2 10 
2 10 
12 
12 
2 6 
9 
he4+ne20-->mg24 2 1 4 2 1 0 0 1.00000000 9.31200 1
-291.64100000 -12.09660000 -63.37250000 394.64300000 -36.24320000 2.64060000 -121.21900000
2 10 
2 10 
12 
12 
2 6 
9 
mg24-->he4+ne20 2 2 2 1 2 0 1 1.00000000 -9.31200 0
56.97810000 -108.07400000 -44.64100000 -8.33867000 2.41631000 -0.77805600 3.43576000
12 
12 
2 10 
2 10 
9 
2 6 
mg24-->he4+ne20 2 3 2 1 2 0 1 1.00000000 -9.31200 0
-266.82200000 -120.15600000 -63.37250000 394.64300000 -36.24320000 2.64060000 -119.71900000
12 
12 
2 10 
2 10 
9 
2 6 
he4+ne20-->n+mg23 4 0 5 2 2 0 1 1.00000000 -7.21600 1
20.60331000 -83.82266000 4.85380700 -5.98972600 0.13899050 0.00140921 3.78304600
2 10 
2 10 
0 12 
1 11 
2 6 
0 8 
c12+ne20-->n+s31 4 0 5 2 2 0 0 1.00000000 3.92763 1
-342.12900000 -54.11800000 638.95700000 -289.04000000 -3.53144000 0.64899100 297.72100000
6 10 
6 10 
0 16 
1 15 
3 6 
0 14 
n+s31-->c12+ne20 4 1 5 2 2 0 1 1.00000000 -3.92763 0
-340.44500000 -99.69810000 638.95700000 -289.04000000 -3.53144000 0.64899100 297.72100000
0 16 
1 15 
6 10 
6 10 
0 14 
3 6 
c12+ne20-->he4+si28 4 0 5 2 2 0 0 1.00000000 12.02110 1
-308.90500000 -47.21750000 514.19700000 -200.89600000 -6.42713000 0.75825600 236.35900000
6 10 
6 10 
2 14 
2 14 
3 6 
2 12 
he4+si28-->c12+ne20 4 1 5 2 2 0 1 1.00000000 -12.02110 0
-307.76200000 -186.72200000 514.19700000 -200.89600000 -6.42713000 0.75825600 236.35900000
2 14 
2 14 
6 10 
6 10 
2 12 
3 6 
he4+ne21-->mg25 2 0 4 2 1 0 0 1.00000000 9.88200 1
38.88810000 -0.01138190 -45.60650000 -4.46556000 -0.49116000 0.06786960 0.69883100
2 10 
2 11 
12 
13 
2 7 
10 
he4+ne21-->mg25 2 1 4 2 1 0 0 1.00000000 9.88200 1
25.84300000 -22.10340000 15.88000000 -35.85140000 2.20585000 -0.12133200 13.35430000
2 10 
2 11 
12 
13 
2 7 
10 
he4+ne21-->n+mg24 4 0 5 2 2 0 0 1.00000000 2.55100 1
46.23910000 -0.00763896 -46.11470000 -2.02291000 -0.60863100 0.06596860 0.06247850
2 10 
2 11 
0 12 
1 12 
2 7 
0 9 
he4+ne21-->n+mg24 4 1 5 2 2 0 0 1.00000000 2.55100 1
31.77700000 -22.46130000 23.66200000 -40.13970000 2.31426000 -0.13077700 17.14820000
2 10 
2 11 
0 12 
1 12 
2 7 
0 9 
n+mg24-->he4+ne21 4 2 5 2 2 0 0 1.00000000 -2.55100 0
48.79630000 -29.61360000 -46.11470000 -2.02291000 -0.60863100 0.06596860 0.06247850
0 12 
1 12 
2 10 
2 11 
0 9 
2 7 
n+mg24-->he4+ne21 4 3 5 2 2 0 0 1.00000000 -2.55100 0
34.33430000 -52.06730000 23.66200000 -40.13970000 2.31426000 -0.13077700 17.14820000
0 12 
1 12 
2 10 
2 11 
0 9 
2 7 
n+mg23-->mg24 2 0 4 2 1 0 0 1.00000000 16.53200 1
11.39207000 -0.01837460 3.21916600 -5.40789500 0.05745295 0.00610743 3.34371600
0 12 
1 11 
12 
12 
0 8 
9 
mg24-->n+mg23 2 1 2 1 2 0 1 1.00000000 -16.53200 0
36.42029000 -191.86400000 3.21916600 -5.40789500 0.05745295 0.00610743 4.84371600
12 
12 
0 12 
1 11 
9 
0 8 
he4+mg23-->si27 2 0 4 2 1 0 0 1.00000000 9.33700 1
-10.98549000 -1.91270800 -40.10140000 43.17666000 -5.01826300 0.36026630 -9.96397700
2 12 
2 11 
14 
13 
2 8 
11 
si27-->he4+mg23 2 1 2 1 2 0 1 1.00000000 -9.33700 0
13.46058000 -110.26390000 -40.10140000 43.17666000 -5.01826300 0.36026630 -8.46397700
14 
13 
2 12 
2 11 
11 
2 8 
n+mg24-->mg25 2 0 4 2 1 0 0 1.00000000 7.33037 1
13.31520000 0.00000000 0.00000000 0.00000000 0.00000000 0.00000000 0.00000000
0 12 
1 12 
12 
13 
0 9 
10 
he4+mg24-->si28 2 0 4 2 1 0 0 1.00000000 9.98400 1
497.16200000 -6.39560000 434.66700000 -994.28800000 65.63080000 -4.12503000 425.44600000
2 12 
2 12 
14 
14 
2 9 
12 
he4+mg24-->si28 2 1 4 2 1 0 0 1.00000000 9.98400 1
-9.10364000 -13.69790000 -51.64280000 68.46250000 -3.86512000 0.20802800 -33.57270000
2 12 
2 12 
14 
14 
2 9 
12 
si28-->he4+mg24 2 2 2 1 2 0 1 1.00000000 -9.98400 0
522.02400000 -122.25800000 434.66700000 -994.28800000 65.63080000 -4.12503000 426.94600000
14 
14 
2 12 
2 12 
12 
2 9 
si28-->he4+mg24 2 3 2 1 2 0 1 1.00000000 -9.98400 0
15.75800000 -129.56000000 -51.64280000 68.46250000 -3.86512000 0.20802800 -32.07270000
14 
14 
2 12 
2 12 
12 
2 9 
he4+mg24-->n+si27 4 0 5 2 2 0 1 1.00000000 -7.19500 1
18.00699000 -83.52619000 0.90938500 0.77596790 -0.17087840 0.01430855 0.39171010
2 12 
2 12 
0 14 
1 13 
2 9 
0 11 
si28-->n+si27 2 0 2 1 2 0 1 1.00000000 -17.17900 1
33.05453000 -199.34960000 0.05229858 1.53179200 -0.21124660 0.01439913 1.56270200
14 
14 
0 14 
1 13 
12 
0 11 
n+si28-->si29 2 0 4 2 1 0 0 1.00000000 8.47437 1
12.96610000 0.00000000 0.00000000 0.00000000 0.00000000 0.00000000 0.00000000
0 14 
1 14 
14 
15 
0 12 
13 
si29-->n+si28 2 1 2 1 2 0 1 1.00000000 -8.47437 0
35.92600000 -98.34510000 0.00000000 0.00000000 0.00000000 0.00000000 1.50000000
14 
15 
0 14 
1 14 
13 
0 12 
he4+si28-->s32 2 0 4 2 1 0 0 1.00000000 6.94800 1
97.10066000 -3.32444600 53.58524000 -165.68300000 7.19999700 -0.28284430 79.33873000
2 14 
2 14 
16 
16 
2 12 
15 
s32-->he4+si28 2 1 2 1 2 0 1 1.00000000 -6.94800 0
121.99240000 -83.95251000 53.58524000 -165.68300000 7.19999700 -0.28284430 80.83873000
16 
16 
2 14 
2 14 
15 
2 12 
n+si28-->he4+mg25 4 0 5 2 2 0 0 1.00000000 -2.65300 1
49.54590000 -30.78420000 -54.26610000 1.08674000 -0.63874100 0.03472930 -1.47537000
0 14 
1 14 
2 12 
2 13 
0 12 
2 10 
he4+si28-->n+s31 4 0 5 2 2 0 1 1.00000000 -8.09400 1
14.38420000 -93.95226000 -0.21299100 4.63233800 -0.59887550 0.04629269 -0.85816210
2 14 
2 14 
0 16 
1 15 
2 12 
0 14 
n+s31-->he4+si28 4 1 5 2 2 0 0 1.00000000 8.09400 0
14.92468000 -0.02544068 -0.21299100 4.63233800 -0.59887550 0.04629269 -0.85816210
0 16 
1 15 
2 14 
2 14 
0 14 
2 12 
si29-->he4+mg25 2 0 2 1 2 0 1 1.00000000 -11.12700 1
69.68910000 -129.13100000 -52.67870000 -6.48729000 0.05113180 -0.01242850 2.04407000
14 
15 
2 12 
2 13 
13 
2 10 
he4+si29-->s33 2 0 4 2 1 0 0 1.00000000 7.11600 1
85.24337000 -3.00141100 23.08949000 -123.68000000 7.05594100 -0.42461030 55.87928000
2 14 
2 15 
16 
17 
2 13 
16 
s33-->he4+si29 2 1 2 1 2 0 1 1.00000000 -7.11600 0
109.44850000 -85.57903000 23.08949000 -123.68000000 7.05594100 -0.42461030 57.37928000
16 
17 
2 14 
2 15 
16 
2 13 
s31-->he4+si27 2 0 2 1 2 0 1 1.00000000 -9.08500 1
23.04575000 -108.02520000 -19.52399000 11.20871000 -4.18845700 0.36543710 9.86319900
16 
15 
2 14 
2 13 
14 
2 11 
n+s31-->s32 2 0 4 2 1 0 0 1.00000000 15.04200 1
7.13405900 0.00884264 -0.58970600 2.99368300 -0.29276720 0.01496654 -0.60250510
0 16 
1 15 
16 
16 
0 14 
15 
s32-->n+s31 2 1 2 1 2 0 1 1.00000000 -15.04200 0
31.48534000 -174.54600000 -0.58970600 2.99368300 -0.29276720 0.01496654 0.89749490
16 
16 
0 16 
1 15 
15 
0 14 
he4+s31-->ar35 2 0 4 2 1 0 0 1.00000000 6.42800 1
-346.02160000 2.38274000 -501.05950000 876.39860000 -56.44117000 3.36041800 -388.86810000
2 16 
2 15 
18 
17 
2 14 
17 
ar35-->he4+s31 2 1 2 1 2 0 1 1.00000000 -6.42800 0
-321.80480000 -72.21099000 -501.05950000 876.39860000 -56.44117000 3.36041800 -387.36810000
18 
17 
2 16 
2 15 
17 
2 14 
n+s32-->s33 2 0 4 2 1 0 0 1.00000000 8.64037 1
13.44680000 0.00000000 0.00000000 0.00000000 0.00000000 0.00000000 0.00000000
0 16 
1 16 
16 
17 
0 15 
16 
s33-->n+s32 2 1 2 1 2 0 1 1.00000000 -8.64037 0
35.72000000 -100.27100000 0.00000000 0.00000000 0.00000000 0.00000000 1.50000000
16 
17 
0 16 
1 16 
16 
0 15 
he4+s32-->ar36 2 0 4 2 1 0 0 1.00000000 6.63900 1
-191.70050000 0.67979070 -338.47370000 550.16090000 -38.81261000 2.53000300 -243.23840000
2 16 
2 16 
18 
18 
2 15 
18 
ar36-->he4+s32 2 1 2 1 2 0 1 1.00000000 -6.63900 0
-166.78510000 -76.36248000 -338.47370000 550.16090000 -38.81261000 2.53000300 -241.73840000
18 
18 
2 16 
2 16 
18 
2 15 
n+s32-->he4+si29 4 0 5 2 2 0 0 1.00000000 1.52600 1
-87.83882000 0.59813170 -64.65839000 170.60430000 -10.68498000 0.55699400 -65.28228000
0 16 
1 16 
2 14 
2 15 
0 15 
2 13 
he4+s32-->n+ar35 4 0 5 2 2 0 1 1.00000000 -8.61500 1
14.26058000 -99.95885000 -2.78861900 7.93755500 -0.67124460 0.05561457 -2.88997600
2 16 
2 16 
0 18 
1 17 
2 15 
0 17 
n+ar35-->he4+s32 4 1 5 2 2 0 0 1.00000000 8.61500 0
14.12616000 0.01391806 -2.78861900 7.93755500 -0.67124460 0.05561457 -2.88997600
0 18 
1 17 
2 16 
2 16 
0 17 
2 15 
he4+s33-->ar37 2 0 4 2 1 0 0 1.00000000 6.78700 1
-230.16420000 1.06278800 -378.96380000 633.21060000 -43.19730000 2.70898800 -279.32220000
2 16 
2 17 
18 
19 
2 16 
19 
ar37-->he4+s33 2 1 2 1 2 0 1 1.00000000 -6.78700 0
-205.24380000 -77.69695000 -378.96380000 633.21060000 -43.19730000 2.70898800 -277.82220000
18 
19 
2 16 
2 17 
19 
2 16 
he4+s33-->n+ar36 4 0 5 2 2 0 1 1.00000000 -2.00200 1
-39.32869000 -23.43509000 -15.19828000 64.34364000 -2.95576900 0.06046706 -21.62430000
2 16 
2 17 
0 18 
1 18 
2 16 
0 18 
n+ar36-->he4+s33 4 1 5 2 2 0 0 1.00000000 2.00200 0
-36.68662000 -0.20287610 -15.19828000 64.34364000 -2.95576900 0.06046706 -21.62430000
0 18 
1 18 
2 16 
2 17 
0 18 
2 16 
n+ar35-->ar36 2 0 4 2 1 0 0 1.00000000 15.25400 1
7.35130300 0.01924879 -1.75828700 4.04178600 -0.19201790 7.60168600E-4 -1.57564300
0 18 
1 17 
18 
18 
0 17 
18 
ar36-->n+ar35 2 1 2 1 2 0 1 1.00000000 -15.25400 0
32.40110000 -176.99580000 -1.75828700 4.04178600 -0.19201790 7.60168600E-4 -0.07564269
18 
18 
0 18 
1 17 
18 
0 17 
n+ar36-->ar37 2 0 4 2 1 0 0 1.00000000 8.78637 1
13.97700000 0.00000000 0.00000000 0.00000000 0.00000000 0.00000000 0.00000000
0 18 
1 18 
18 
19 
0 18 
19 
ar37-->n+ar36 2 1 2 1 2 0 1 1.00000000 -8.78637 0
36.25530000 -101.96600000 0.00000000 0.00000000 0.00000000 0.00000000 1.50000000
18 
19 
0 18 
1 18 
19 
0 18 
he4+ar36-->ca40 2 0 4 2 1 0 0 1.00000000 7.04000 1
-129.01400000 0.32520040 -332.27800000 468.77030000 -29.13671000 1.76598900 -222.45390000
2 18 
2 18 
20 
20 
2 18 
20 
ca40-->he4+ar36 2 1 2 1 2 0 1 1.00000000 -7.04000 0
-104.08000000 -81.37048000 -332.27800000 468.77030000 -29.13671000 1.76598900 -220.95390000
20 
20 
2 18 
2 18 
20 
2 18 
he4+ar37-->n+ca40 4 0 5 2 2 0 1 1.00000000 -1.74900 1
-122.28370000 -19.64199000 -76.80082000 213.13930000 -13.91339000 0.77432530 -79.32365000
2 18 
2 19 
0 20 
1 20 
2 19 
0 20 
n+ca40-->he4+ar37 4 1 5 2 2 0 0 1.00000000 1.74900 0
-119.62800000 0.65428010 -76.80082000 213.13930000 -13.91339000 0.77432530 -79.32365000
0 20 
1 20 
2 18 
2 19 
0 20 
2 19 
he4+ca40-->ti44 2 0 4 2 1 0 0 1.00000000 5.12700 1
-748.05560000 12.35853000 -1360.08200000 2199.10600000 -133.08030000 7.73455600 -1034.03600000
2 20 
2 20 
22 
22 
2 20 
21 
ti44-->he4+ca40 2 1 2 1 2 0 1 1.00000000 -5.12700 0
-723.10650000 -47.13774000 -1360.08200000 2199.10600000 -133.08030000 7.73455600 -1032.53600000
22 
22 
2 20 
2 20 
21 
2 20 
he4+ti44-->cr48 2 0 4 2 1 0 0 1.00000000 7.69200 1
-913.08370000 15.94906000 -1694.96000000 2711.84300000 -157.53530000 8.85642500 -1292.62000000
2 22 
2 22 
24 
24 
2 21 
22 
cr48-->he4+ti44 2 1 2 1 2 0 1 1.00000000 -7.69200 0
-888.12220000 -73.31275000 -1694.96000000 2711.84300000 -157.53530000 8.85642500 -1291.12000000
24 
24 
2 22 
2 22 
22 
2 21 
he4+cr48-->fe52 2 0 4 2 1 0 0 1.00000000 7.93900 1
-929.10310000 20.57299000 -2039.67800000 3077.99800000 -171.57070000 9.38827100 -1509.29900000
2 24 
2 24 
26 
26 
2 22 
23 
fe52-->he4+cr48 2 1 2 1 2 0 1 1.00000000 -7.93900 0
-904.13110000 -71.55514000 -2039.67800000 3077.99800000 -171.57070000 9.38827100 -1507.79900000
26 
26 
2 24 
2 24 
23 
2 22 
he4+fe52-->ni56 2 0 4 2 1 0 0 1.00000000 7.99500 1
-1051.63300000 22.55988000 -2240.77600000 3416.33100000 -192.54350000 10.63188000 -1666.42700000
2 26 
2 26 
28 
28 
2 23 
24 
ni56-->he4+fe52 2 1 2 1 2 0 1 1.00000000 -7.99500 0
-1026.65200000 -70.21810000 -2240.77600000 3416.33100000 -192.54350000 10.63188000 -1664.92700000
28 
28 
2 26 
2 26 
24 
2 23 
he4+ni56-->zn60 2 0 4 2 1 0 0 1.00000000 2.70800 1
-1043.41000000 22.80261000 -2281.02700000 3453.87200000 -196.91940000 11.01885000 -1685.65700000
2 28 
2 28 
30 
30 
2 24 
25 
zn60-->he4+ni56 2 1 2 1 2 0 1 1.00000000 -2.70800 0
-1018.42100000 -8.62237800 -2281.02700000 3453.87200000 -196.91940000 11.01885000 -1684.15700000
30 
30 
2 28 
2 28 
25 
2 24 
he4+zn60-->ge64 2 0 4 2 1 0 0 1.00000000 2.66700 1
-876.44450000 24.33508000 -2362.56600000 3352.36300000 -183.32180000 10.00416000 -1686.78000000
2 30 
2 30 
32 
32 
2 25 
26 
ge64-->he4+zn60 2 1 2 1 2 0 1 1.00000000 -2.66700 0
-851.44930000 -6.61412500 -2362.56600000 3352.36300000 -183.32180000 10.00416000 -1685.28000000
32 
32 
2 30 
2 30 
26 
2 25 
he4+ge64-->se68 2 0 4 2 1 0 0 1.00000000 2.94200 1
-911.69630000 26.32198000 -2543.55000000 3570.93500000 -190.34910000 10.11438000 -1810.21700000
2 32 
2 32 
34 
34 
2 26 
27 
se68-->he4+ge64 2 1 2 1 2 0 1 1.00000000 -2.94200 0
-886.69510000 -7.81846100 -2543.55000000 3570.93500000 -190.34910000 10.11438000 -1808.71700000
34 
34 
2 32 
2 32 
27 
2 26 
