
#    t     dt   F+(4He)   F+(12C)   F+(16O)   F-(4He)   F-(12C)   F-(16O)   
-17.930 -19.934 4.242e+00 3.440e+00 -6.662e+00 -6.662e+00 3.691e+00 3.440e+00 4.242e+00 3.332e+00 3.440e+00
-17.865 -19.869 4.242e+00 3.440e+00 -6.597e+00 -6.597e+00 3.691e+00 3.440e+00 4.242e+00 3.332e+00 3.440e+00
-17.796 -19.800 4.242e+00 3.440e+00 -6.527e+00 -6.527e+00 3.691e+00 3.440e+00 4.242e+00 3.332e+00 3.440e+00
-17.731 -19.735 4.242e+00 3.440e+00 -6.462e+00 -6.462e+00 3.691e+00 3.440e+00 4.242e+00 3.332e+00 3.440e+00
-17.666 -19.671 4.242e+00 3.440e+00 -6.397e+00 -6.397e+00 3.691e+00 3.440e+00 4.242e+00 3.332e+00 3.440e+00
-17.597 -19.602 4.242e+00 3.440e+00 -6.327e+00 -6.327e+00 3.691e+00 3.440e+00 4.242e+00 3.332e+00 3.440e+00
-17.532 -19.537 4.242e+00 3.440e+00 -6.262e+00 -6.262e+00 3.691e+00 3.440e+00 4.242e+00 3.332e+00 3.440e+00
-17.463 -19.468 4.242e+00 3.440e+00 -6.193e+00 -6.193e+00 3.691e+00 3.440e+00 4.242e+00 3.332e+00 3.440e+00
-17.398 -19.403 4.242e+00 3.440e+00 -6.128e+00 -6.128e+00 3.691e+00 3.440e+00 4.242e+00 3.332e+00 3.440e+00
-17.329 -19.334 4.242e+00 3.440e+00 -6.059e+00 -6.059e+00 3.691e+00 3.440e+00 4.242e+00 3.332e+00 3.440e+00
-17.264 -19.269 4.242e+00 3.440e+00 -5.994e+00 -5.994e+00 3.691e+00 3.440e+00 4.242e+00 3.332e+00 3.440e+00
-17.200 -19.204 4.242e+00 3.440e+00 -5.929e+00 -5.929e+00 3.691e+00 3.440e+00 4.242e+00 3.332e+00 3.440e+00
-17.130 -19.135 4.242e+00 3.440e+00 -5.859e+00 -5.859e+00 3.691e+00 3.440e+00 4.242e+00 3.332e+00 3.440e+00
-17.066 -19.070 4.242e+00 3.440e+00 -5.795e+00 -5.795e+00 3.691e+00 3.440e+00 4.242e+00 3.332e+00 3.440e+00
-16.997 -19.001 4.242e+00 3.440e+00 -5.725e+00 -5.725e+00 3.691e+00 3.440e+00 4.242e+00 3.332e+00 3.440e+00
-16.932 -18.936 4.242e+00 3.440e+00 -5.660e+00 -5.660e+00 3.691e+00 3.440e+00 4.242e+00 3.332e+00 3.440e+00
-16.863 -18.867 4.242e+00 3.440e+00 -5.591e+00 -5.591e+00 3.691e+00 3.440e+00 4.242e+00 3.332e+00 3.440e+00
-16.798 -18.802 4.242e+00 3.440e+00 -5.526e+00 -5.526e+00 3.691e+00 3.440e+00 4.242e+00 3.332e+00 3.440e+00
-16.733 -18.737 4.242e+00 3.440e+00 -5.462e+00 -5.462e+00 3.691e+00 3.440e+00 4.242e+00 3.332e+00 3.440e+00
-16.664 -18.668 4.242e+00 3.440e+00 -5.392e+00 -5.392e+00 3.691e+00 3.440e+00 4.242e+00 3.332e+00 3.440e+00
-16.599 -18.603 4.242e+00 3.440e+00 -5.327e+00 -5.327e+00 3.691e+00 3.440e+00 4.242e+00 3.332e+00 3.440e+00
-16.530 -18.534 4.242e+00 3.440e+00 -5.258e+00 -5.258e+00 3.691e+00 3.440e+00 4.242e+00 3.332e+00 3.440e+00
-16.465 -18.469 4.242e+00 3.440e+00 -5.193e+00 -5.193e+00 3.691e+00 3.440e+00 4.242e+00 3.332e+00 3.440e+00
-16.396 -18.400 4.242e+00 3.440e+00 -5.124e+00 -5.124e+00 3.691e+00 3.440e+00 4.242e+00 3.332e+00 3.440e+00
-16.331 -18.335 4.242e+00 3.440e+00 -5.059e+00 -5.059e+00 3.691e+00 3.440e+00 4.242e+00 3.332e+00 3.440e+00
-16.266 -18.271 4.242e+00 3.440e+00 -4.995e+00 -4.995e+00 3.691e+00 3.440e+00 4.242e+00 3.332e+00 3.440e+00
-16.197 -18.201 4.242e+00 3.440e+00 -4.925e+00 -4.925e+00 3.691e+00 3.440e+00 4.242e+00 3.332e+00 3.440e+00
-16.132 -18.137 4.242e+00 3.440e+00 -4.861e+00 -4.861e+00 3.691e+00 3.440e+00 4.242e+00 3.332e+00 3.440e+00
-16.063 -18.067 4.242e+00 3.440e+00 -4.792e+00 -4.792e+00 3.691e+00 3.440e+00 4.242e+00 3.332e+00 3.440e+00
-15.998 -18.003 4.242e+00 3.440e+00 -4.727e+00 -4.727e+00 3.691e+00 3.440e+00 4.242e+00 3.332e+00 3.440e+00
-15.929 -17.933 4.242e+00 3.440e+00 -4.658e+00 -4.658e+00 3.691e+00 3.440e+00 4.242e+00 3.332e+00 3.440e+00
-15.864 -17.869 4.242e+00 3.440e+00 -4.593e+00 -4.593e+00 3.691e+00 3.440e+00 4.242e+00 3.332e+00 3.440e+00
-15.799 -17.804 4.242e+00 3.440e+00 -4.528e+00 -4.528e+00 3.691e+00 3.440e+00 4.242e+00 3.332e+00 3.440e+00
-15.730 -17.735 4.242e+00 3.440e+00 -4.459e+00 -4.459e+00 3.691e+00 3.440e+00 4.242e+00 3.332e+00 3.440e+00
-15.666 -17.670 4.242e+00 3.440e+00 -4.394e+00 -4.394e+00 3.691e+00 3.440e+00 4.242e+00 3.332e+00 3.440e+00
-15.596 -17.601 4.242e+00 3.440e+00 -4.325e+00 -4.325e+00 3.691e+00 3.440e+00 4.242e+00 3.332e+00 3.440e+00
-15.532 -17.536 4.242e+00 3.440e+00 -4.260e+00 -4.260e+00 3.691e+00 3.440e+00 4.242e+00 3.332e+00 3.440e+00
-15.462 -17.467 4.242e+00 3.440e+00 -4.191e+00 -4.191e+00 3.691e+00 3.440e+00 4.242e+00 3.332e+00 3.440e+00
-15.398 -17.402 4.242e+00 3.440e+00 -4.126e+00 -4.126e+00 3.691e+00 3.440e+00 4.242e+00 3.332e+00 3.440e+00
-15.333 -17.337 4.242e+00 3.440e+00 -4.061e+00 -4.061e+00 3.691e+00 3.440e+00 4.242e+00 3.332e+00 3.440e+00
-15.264 -17.268 4.242e+00 3.440e+00 -3.992e+00 -3.992e+00 3.691e+00 3.440e+00 4.242e+00 3.332e+00 3.440e+00
-15.199 -17.203 4.242e+00 3.440e+00 -3.927e+00 -3.927e+00 3.691e+00 3.440e+00 4.242e+00 3.332e+00 3.440e+00
-15.130 -17.134 4.242e+00 3.440e+00 -3.858e+00 -3.858e+00 3.691e+00 3.440e+00 4.242e+00 3.332e+00 3.440e+00
-15.065 -17.069 4.242e+00 3.440e+00 -3.793e+00 -3.793e+00 3.691e+00 3.440e+00 4.242e+00 3.332e+00 3.440e+00
-14.996 -17.000 4.242e+00 3.440e+00 -3.724e+00 -3.724e+00 3.691e+00 3.440e+00 4.242e+00 3.332e+00 3.440e+00
-14.931 -16.935 4.242e+00 3.440e+00 -3.659e+00 -3.659e+00 3.691e+00 3.440e+00 4.242e+00 3.332e+00 3.440e+00
-14.866 -16.870 4.242e+00 3.440e+00 -3.594e+00 -3.594e+00 3.691e+00 3.440e+00 4.242e+00 3.332e+00 3.440e+00
-14.797 -16.801 4.242e+00 3.440e+00 -3.525e+00 -3.525e+00 3.691e+00 3.440e+00 4.242e+00 3.332e+00 3.440e+00
-14.732 -16.736 4.242e+00 3.440e+00 -3.460e+00 -3.460e+00 3.691e+00 3.440e+00 4.242e+00 3.332e+00 3.440e+00
-14.663 -16.667 4.242e+00 3.440e+00 -3.391e+00 -3.391e+00 3.691e+00 3.440e+00 4.242e+00 3.332e+00 3.440e+00
-14.598 -16.602 4.242e+00 3.440e+00 -3.327e+00 -3.327e+00 3.691e+00 3.440e+00 4.242e+00 3.332e+00 3.440e+00
-14.533 -16.538 4.242e+00 3.440e+00 -3.262e+00 -3.262e+00 3.691e+00 3.440e+00 4.242e+00 3.332e+00 3.440e+00
-14.464 -16.469 4.242e+00 3.440e+00 -3.193e+00 -3.193e+00 3.691e+00 3.440e+00 4.242e+00 3.332e+00 3.440e+00
-14.399 -16.404 4.242e+00 3.440e+00 -3.128e+00 -3.128e+00 3.691e+00 3.440e+00 4.242e+00 3.332e+00 3.440e+00
-14.330 -16.335 4.242e+00 3.440e+00 -3.059e+00 -3.059e+00 3.691e+00 3.440e+00 4.242e+00 3.332e+00 3.440e+00
-14.265 -16.270 4.242e+00 3.440e+00 -2.994e+00 -2.994e+00 3.691e+00 3.440e+00 4.242e+00 3.332e+00 3.440e+00
-14.196 -16.201 4.242e+00 3.440e+00 -2.925e+00 -2.925e+00 3.691e+00 3.440e+00 4.242e+00 3.332e+00 3.440e+00
-14.131 -16.136 4.242e+00 3.440e+00 -2.860e+00 -2.860e+00 3.691e+00 3.440e+00 4.242e+00 3.332e+00 3.440e+00
-14.067 -16.071 4.242e+00 3.440e+00 -2.795e+00 -2.795e+00 3.691e+00 3.440e+00 4.242e+00 3.332e+00 3.440e+00
-13.997 -16.002 4.242e+00 3.440e+00 -2.726e+00 -2.726e+00 3.691e+00 3.440e+00 4.242e+00 3.332e+00 3.440e+00
-13.933 -15.937 4.242e+00 3.440e+00 -2.661e+00 -2.661e+00 3.691e+00 3.440e+00 4.242e+00 3.332e+00 3.440e+00
-13.864 -15.868 4.242e+00 3.440e+00 -2.592e+00 -2.592e+00 3.691e+00 3.440e+00 4.242e+00 3.332e+00 3.440e+00
-13.799 -15.803 4.242e+00 3.440e+00 -2.527e+00 -2.527e+00 3.691e+00 3.440e+00 4.242e+00 3.332e+00 3.440e+00
-13.730 -15.734 4.242e+00 3.440e+00 -2.458e+00 -2.458e+00 3.691e+00 3.440e+00 4.242e+00 3.332e+00 3.440e+00
-13.665 -15.669 4.242e+00 3.440e+00 -2.393e+00 -2.393e+00 3.691e+00 3.440e+00 4.242e+00 3.332e+00 3.440e+00
-13.600 -15.604 4.242e+00 3.440e+00 -2.328e+00 -2.328e+00 3.691e+00 3.440e+00 4.242e+00 3.332e+00 3.440e+00
-13.531 -15.535 4.242e+00 3.440e+00 -2.259e+00 -2.259e+00 3.691e+00 3.440e+00 4.242e+00 3.332e+00 3.440e+00
-13.466 -15.470 4.242e+00 3.440e+00 -2.194e+00 -2.194e+00 3.691e+00 3.440e+00 4.242e+00 3.332e+00 3.440e+00
-13.397 -15.401 4.242e+00 3.440e+00 -2.125e+00 -2.125e+00 3.691e+00 3.440e+00 4.242e+00 3.332e+00 3.440e+00
-13.332 -15.336 4.242e+00 3.440e+00 -2.060e+00 -2.060e+00 3.691e+00 3.440e+00 4.242e+00 3.332e+00 3.440e+00
-13.263 -15.267 4.242e+00 3.440e+00 -1.991e+00 -1.991e+00 3.691e+00 3.440e+00 4.242e+00 3.332e+00 3.440e+00
-13.198 -15.202 4.242e+00 3.440e+00 -1.926e+00 -1.926e+00 3.691e+00 3.440e+00 4.242e+00 3.332e+00 3.440e+00
-13.133 -15.138 4.242e+00 3.440e+00 -1.862e+00 -1.862e+00 3.691e+00 3.440e+00 4.242e+00 3.332e+00 3.440e+00
-13.064 -15.068 4.242e+00 3.440e+00 -1.792e+00 -1.792e+00 3.691e+00 3.440e+00 4.242e+00 3.332e+00 3.440e+00
-12.999 -15.004 4.242e+00 3.440e+00 -1.728e+00 -1.728e+00 3.691e+00 3.440e+00 4.242e+00 3.332e+00 3.440e+00
-12.930 -14.934 4.242e+00 3.440e+00 -1.658e+00 -1.658e+00 3.691e+00 3.440e+00 4.242e+00 3.332e+00 3.440e+00
-12.865 -14.870 4.242e+00 3.440e+00 -1.594e+00 -1.594e+00 3.691e+00 3.440e+00 4.242e+00 3.332e+00 3.440e+00
-12.796 -14.800 4.242e+00 3.440e+00 -1.525e+00 -1.525e+00 3.691e+00 3.440e+00 4.242e+00 3.332e+00 3.440e+00
-12.731 -14.736 4.242e+00 3.440e+00 -1.460e+00 -1.460e+00 3.691e+00 3.440e+00 4.242e+00 3.332e+00 3.440e+00
-12.666 -14.671 4.242e+00 3.440e+00 -1.395e+00 -1.395e+00 3.691e+00 3.440e+00 4.242e+00 3.332e+00 3.440e+00
-12.597 -14.602 4.242e+00 3.440e+00 -1.326e+00 -1.326e+00 3.691e+00 3.440e+00 4.242e+00 3.332e+00 3.440e+00
-12.533 -14.537 4.242e+00 3.440e+00 -1.261e+00 -1.261e+00 3.691e+00 3.440e+00 4.242e+00 3.332e+00 3.440e+00
-12.463 -14.468 4.242e+00 3.440e+00 -1.192e+00 -1.192e+00 3.691e+00 3.440e+00 4.242e+00 3.332e+00 3.440e+00
-12.399 -14.403 4.242e+00 3.440e+00 -1.127e+00 -1.127e+00 3.691e+00 3.440e+00 4.242e+00 3.332e+00 3.440e+00
-12.329 -14.334 4.242e+00 3.440e+00 -1.058e+00 -1.058e+00 3.691e+00 3.440e+00 4.242e+00 3.332e+00 3.440e+00
-12.265 -14.269 4.242e+00 3.440e+00 -9.930e-01 -9.930e-01 3.691e+00 3.440e+00 4.242e+00 3.332e+00 3.440e+00
-12.200 -14.204 4.242e+00 3.440e+00 -9.282e-01 -9.282e-01 3.691e+00 3.440e+00 4.242e+00 3.332e+00 3.440e+00
-12.131 -14.135 4.242e+00 3.440e+00 -8.590e-01 -8.590e-01 3.691e+00 3.440e+00 4.242e+00 3.332e+00 3.440e+00
-12.066 -14.070 4.242e+00 3.440e+00 -7.942e-01 -7.942e-01 3.691e+00 3.440e+00 4.242e+00 3.332e+00 3.440e+00
-11.997 -14.001 4.242e+00 3.440e+00 -7.251e-01 -7.251e-01 3.691e+00 3.440e+00 4.242e+00 3.332e+00 3.440e+00
-11.932 -13.936 4.242e+00 3.440e+00 -6.602e-01 -6.602e-01 3.691e+00 3.440e+00 4.242e+00 3.332e+00 3.440e+00
-11.863 -13.867 4.242e+00 3.440e+00 -5.911e-01 -5.911e-01 3.691e+00 3.440e+00 4.242e+00 3.332e+00 3.440e+00
-11.798 -13.802 4.242e+00 3.440e+00 -5.263e-01 -5.263e-01 3.691e+00 3.440e+00 4.242e+00 3.332e+00 3.440e+00
-11.733 -13.737 4.242e+00 3.440e+00 -4.615e-01 -4.615e-01 3.691e+00 3.440e+00 4.242e+00 3.332e+00 3.440e+00
-11.664 -13.668 4.242e+00 3.440e+00 -3.923e-01 -3.923e-01 3.691e+00 3.440e+00 4.242e+00 3.332e+00 3.440e+00
-11.599 -13.603 4.242e+00 3.440e+00 -3.275e-01 -3.275e-01 3.691e+00 3.440e+00 4.242e+00 3.332e+00 3.440e+00
-11.530 -13.534 4.242e+00 3.440e+00 -2.584e-01 -2.584e-01 3.691e+00 3.440e+00 4.242e+00 3.332e+00 3.440e+00
-11.465 -13.469 4.242e+00 3.440e+00 -1.935e-01 -1.935e-01 3.691e+00 3.440e+00 4.242e+00 3.332e+00 3.440e+00
-11.396 -13.400 4.242e+00 3.440e+00 -1.244e-01 -1.244e-01 3.691e+00 3.440e+00 4.242e+00 3.333e+00 3.440e+00
-11.331 -13.336 4.242e+00 3.440e+00 -5.957e-02 -5.957e-02 3.691e+00 3.440e+00 4.242e+00 3.333e+00 3.440e+00
-11.266 -13.271 4.242e+00 3.440e+00 5.248e-03 5.248e-03 3.691e+00 3.440e+00 4.242e+00 3.333e+00 3.440e+00
-11.197 -13.202 4.242e+00 3.440e+00 7.439e-02 7.439e-02 3.691e+00 3.440e+00 4.242e+00 3.333e+00 3.440e+00
-11.132 -13.137 4.242e+00 3.440e+00 1.392e-01 1.392e-01 3.691e+00 3.440e+00 4.242e+00 3.333e+00 3.440e+00
-11.063 -13.068 4.242e+00 3.440e+00 2.083e-01 2.083e-01 3.691e+00 3.440e+00 4.242e+00 3.333e+00 3.440e+00
-10.998 -13.003 4.242e+00 3.440e+00 2.732e-01 2.732e-01 3.691e+00 3.440e+00 4.242e+00 3.333e+00 3.440e+00
-10.929 -12.934 4.242e+00 3.440e+00 3.423e-01 3.423e-01 3.691e+00 3.440e+00 4.242e+00 3.333e+00 3.440e+00
-10.864 -12.869 4.242e+00 3.440e+00 4.071e-01 4.071e-01 3.691e+00 3.440e+00 4.242e+00 3.333e+00 3.440e+00
-10.800 -12.804 4.242e+00 3.440e+00 4.719e-01 4.719e-01 3.691e+00 3.440e+00 4.242e+00 3.333e+00 3.440e+00
-10.731 -12.735 4.242e+00 3.440e+00 5.411e-01 5.411e-01 3.691e+00 3.440e+00 4.242e+00 3.333e+00 3.439e+00
-10.666 -12.670 4.242e+00 3.440e+00 6.059e-01 6.059e-01 3.691e+00 3.440e+00 4.242e+00 3.333e+00 3.439e+00
-10.597 -12.601 4.242e+00 3.440e+00 6.750e-01 6.750e-01 3.691e+00 3.440e+00 4.242e+00 3.333e+00 3.439e+00
-10.532 -12.536 4.242e+00 3.440e+00 7.398e-01 7.398e-01 3.691e+00 3.440e+00 4.242e+00 3.333e+00 3.439e+00
-10.463 -12.467 4.242e+00 3.440e+00 8.090e-01 8.090e-01 3.691e+00 3.440e+00 4.242e+00 3.334e+00 3.439e+00
-10.398 -12.402 4.242e+00 3.440e+00 8.738e-01 8.738e-01 3.691e+00 3.440e+00 4.242e+00 3.334e+00 3.439e+00
-10.333 -12.337 4.242e+00 3.440e+00 9.386e-01 9.386e-01 3.691e+00 3.440e+00 4.242e+00 3.334e+00 3.439e+00
-10.264 -12.268 4.242e+00 3.440e+00 1.008e+00 1.008e+00 3.691e+00 3.440e+00 4.242e+00 3.334e+00 3.438e+00
-10.199 -12.203 4.242e+00 3.440e+00 1.072e+00 1.072e+00 3.692e+00 3.440e+00 4.242e+00 3.335e+00 3.438e+00
-10.130 -12.134 4.242e+00 3.440e+00 1.142e+00 1.142e+00 3.692e+00 3.440e+00 4.242e+00 3.335e+00 3.438e+00
-10.065 -12.069 4.242e+00 3.440e+00 1.206e+00 1.206e+00 3.692e+00 3.440e+00 4.242e+00 3.336e+00 3.437e+00
-9.996 -12.000 4.242e+00 3.440e+00 1.276e+00 1.276e+00 3.692e+00 3.440e+00 4.242e+00 3.336e+00 3.437e+00
-9.931 -11.935 4.242e+00 3.440e+00 1.340e+00 1.340e+00 3.692e+00 3.440e+00 4.242e+00 3.337e+00 3.437e+00
-9.866 -11.871 4.242e+00 3.440e+00 1.405e+00 1.405e+00 3.693e+00 3.440e+00 4.242e+00 3.337e+00 3.436e+00
-9.797 -11.801 4.242e+00 3.440e+00 1.474e+00 1.474e+00 3.693e+00 3.440e+00 4.241e+00 3.338e+00 3.435e+00
-9.732 -11.737 4.242e+00 3.440e+00 1.539e+00 1.539e+00 3.694e+00 3.440e+00 4.241e+00 3.339e+00 3.434e+00
-9.663 -11.667 4.242e+00 3.440e+00 1.608e+00 1.608e+00 3.694e+00 3.440e+00 4.241e+00 3.340e+00 3.434e+00
-9.598 -11.603 4.242e+00 3.440e+00 1.673e+00 1.673e+00 3.695e+00 3.440e+00 4.241e+00 3.342e+00 3.432e+00
-9.529 -11.534 4.242e+00 3.440e+00 1.742e+00 1.742e+00 3.695e+00 3.440e+00 4.241e+00 3.343e+00 3.431e+00
-9.464 -11.469 4.242e+00 3.440e+00 1.806e+00 1.806e+00 3.696e+00 3.440e+00 4.241e+00 3.345e+00 3.430e+00
-9.400 -11.404 4.242e+00 3.440e+00 1.871e+00 1.871e+00 3.697e+00 3.440e+00 4.240e+00 3.347e+00 3.428e+00
-9.330 -11.335 4.242e+00 3.440e+00 1.940e+00 1.940e+00 3.698e+00 3.440e+00 4.240e+00 3.350e+00 3.426e+00
-9.266 -11.270 4.242e+00 3.440e+00 2.005e+00 2.005e+00 3.699e+00 3.440e+00 4.240e+00 3.352e+00 3.424e+00
-9.196 -11.201 4.242e+00 3.440e+00 2.074e+00 2.074e+00 3.701e+00 3.440e+00 4.239e+00 3.356e+00 3.421e+00
-9.132 -11.136 4.242e+00 3.440e+00 2.138e+00 2.138e+00 3.703e+00 3.440e+00 4.239e+00 3.359e+00 3.418e+00
-9.062 -11.067 4.242e+00 3.440e+00 2.207e+00 2.207e+00 3.705e+00 3.440e+00 4.238e+00 3.364e+00 3.414e+00
-8.998 -11.002 4.242e+00 3.440e+00 2.272e+00 2.272e+00 3.707e+00 3.440e+00 4.237e+00 3.369e+00 3.409e+00
-8.933 -10.937 4.242e+00 3.440e+00 2.336e+00 2.336e+00 3.709e+00 3.440e+00 4.237e+00 3.374e+00 3.404e+00
-8.864 -10.868 4.242e+00 3.440e+00 2.405e+00 2.405e+00 3.712e+00 3.440e+00 4.236e+00 3.381e+00 3.398e+00
-8.799 -10.803 4.242e+00 3.440e+00 2.469e+00 2.469e+00 3.716e+00 3.440e+00 4.235e+00 3.388e+00 3.391e+00
-8.730 -10.734 4.242e+00 3.440e+00 2.538e+00 2.538e+00 3.720e+00 3.440e+00 4.233e+00 3.397e+00 3.382e+00
-8.665 -10.669 4.242e+00 3.440e+00 2.602e+00 2.602e+00 3.724e+00 3.440e+00 4.232e+00 3.406e+00 3.372e+00
-8.596 -10.600 4.242e+00 3.440e+00 2.670e+00 2.670e+00 3.730e+00 3.440e+00 4.230e+00 3.418e+00 3.359e+00
-8.531 -10.535 4.242e+00 3.440e+00 2.734e+00 2.734e+00 3.736e+00 3.440e+00 4.228e+00 3.430e+00 3.345e+00
-8.466 -10.470 4.242e+00 3.440e+00 2.797e+00 2.797e+00 3.743e+00 3.440e+00 4.226e+00 3.444e+00 3.328e+00
-8.397 -10.401 4.242e+00 3.440e+00 2.865e+00 2.865e+00 3.751e+00 3.440e+00 4.223e+00 3.460e+00 3.305e+00
-8.332 -10.336 4.242e+00 3.440e+00 2.929e+00 2.929e+00 3.760e+00 3.440e+00 4.220e+00 3.477e+00 3.280e+00
-8.263 -10.267 4.242e+00 3.440e+00 2.996e+00 2.996e+00 3.770e+00 3.440e+00 4.217e+00 3.497e+00 3.246e+00
-8.198 -10.203 4.242e+00 3.440e+00 3.059e+00 3.059e+00 3.781e+00 3.440e+00 4.213e+00 3.518e+00 3.206e+00
-8.129 -10.133 4.242e+00 3.440e+00 3.125e+00 3.125e+00 3.795e+00 3.440e+00 4.207e+00 3.542e+00 3.152e+00
-8.064 -10.069 4.242e+00 3.440e+00 3.187e+00 3.187e+00 3.809e+00 3.440e+00 4.202e+00 3.567e+00 3.084e+00
-7.999 -10.004 4.242e+00 3.440e+00 3.249e+00 3.249e+00 3.824e+00 3.440e+00 4.195e+00 3.593e+00 2.991e+00
-7.930 -9.935 4.242e+00 3.440e+00 3.314e+00 3.314e+00 3.843e+00 3.440e+00 4.187e+00 3.624e+00 2.840e+00
-7.865 -9.870 4.242e+00 3.440e+00 3.374e+00 3.374e+00 3.861e+00 3.440e+00 4.178e+00 3.655e+00 2.585e+00
-7.796 -9.801 4.242e+00 3.440e+00 3.438e+00 3.438e+00 3.883e+00 3.440e+00 4.167e+00 3.689e+00 1.011e+00
-7.731 -9.736 4.242e+00 3.440e+00 3.497e+00 3.497e+00 3.905e+00 3.440e+00 4.155e+00 3.723e+00 2.589e+00
-7.662 -9.667 4.241e+00 3.440e+00 3.559e+00 3.559e+00 3.930e+00 3.440e+00 4.140e+00 3.760e+00 2.938e+00
-7.598 -9.602 4.241e+00 3.440e+00 3.615e+00 3.615e+00 3.955e+00 3.440e+00 4.124e+00 3.797e+00 3.138e+00
-7.533 -9.537 4.241e+00 3.440e+00 3.671e+00 3.671e+00 3.981e+00 3.440e+00 4.105e+00 3.834e+00 3.287e+00
-7.464 -9.468 4.241e+00 3.440e+00 3.729e+00 3.729e+00 4.010e+00 3.440e+00 4.081e+00 3.874e+00 3.415e+00
-7.399 -9.403 4.240e+00 3.440e+00 3.781e+00 3.781e+00 4.038e+00 3.440e+00 4.055e+00 3.912e+00 3.516e+00
-7.330 -9.334 4.240e+00 3.441e+00 3.835e+00 3.835e+00 4.068e+00 3.441e+00 4.023e+00 3.952e+00 3.610e+00
-7.265 -9.269 4.239e+00 3.441e+00 3.883e+00 3.883e+00 4.097e+00 3.441e+00 3.988e+00 3.988e+00 3.688e+00
-7.200 -9.204 4.239e+00 3.442e+00 3.928e+00 3.928e+00 4.125e+00 3.442e+00 3.947e+00 4.024e+00 3.757e+00
-7.131 -9.135 4.238e+00 3.443e+00 3.974e+00 3.974e+00 4.154e+00 3.443e+00 3.896e+00 4.060e+00 3.823e+00
-7.066 -9.070 4.237e+00 3.444e+00 4.013e+00 4.013e+00 4.180e+00 3.444e+00 3.841e+00 4.092e+00 3.877e+00
-6.997 -9.001 4.235e+00 3.445e+00 4.052e+00 4.052e+00 4.206e+00 3.445e+00 3.772e+00 4.123e+00 3.928e+00
-6.932 -8.936 4.233e+00 3.447e+00 4.084e+00 4.084e+00 4.228e+00 3.447e+00 3.698e+00 4.149e+00 3.970e+00
-6.863 -8.867 4.231e+00 3.450e+00 4.113e+00 4.113e+00 4.249e+00 3.450e+00 3.607e+00 4.173e+00 4.007e+00
-6.798 -8.802 4.229e+00 3.453e+00 4.137e+00 4.137e+00 4.265e+00 3.453e+00 3.509e+00 4.192e+00 4.036e+00
-6.733 -8.738 4.226e+00 3.457e+00 4.156e+00 4.156e+00 4.278e+00 3.457e+00 3.399e+00 4.207e+00 4.059e+00
-6.664 -8.668 4.222e+00 3.462e+00 4.171e+00 4.171e+00 4.288e+00 3.462e+00 3.267e+00 4.218e+00 4.076e+00
-6.599 -8.604 4.217e+00 3.468e+00 4.180e+00 4.180e+00 4.294e+00 3.468e+00 3.131e+00 4.223e+00 4.087e+00
-6.530 -8.534 4.212e+00 3.475e+00 4.186e+00 4.186e+00 4.296e+00 3.475e+00 2.976e+00 4.225e+00 4.092e+00
-6.465 -8.470 4.205e+00 3.482e+00 4.187e+00 4.187e+00 4.295e+00 3.482e+00 2.832e+00 4.222e+00 4.091e+00
-6.396 -8.401 4.198e+00 3.491e+00 4.184e+00 4.184e+00 4.290e+00 3.491e+00 2.690e+00 4.215e+00 4.085e+00
-6.331 -8.336 4.189e+00 3.501e+00 4.178e+00 4.178e+00 4.283e+00 3.501e+00 2.586e+00 4.204e+00 4.076e+00
-6.267 -8.271 4.179e+00 3.512e+00 4.170e+00 4.170e+00 4.273e+00 3.512e+00 2.517e+00 4.190e+00 4.062e+00
-6.197 -8.202 4.167e+00 3.524e+00 4.158e+00 4.158e+00 4.260e+00 3.524e+00 2.483e+00 4.172e+00 4.044e+00
-6.133 -8.137 4.155e+00 3.537e+00 4.145e+00 4.145e+00 4.245e+00 3.537e+00 2.479e+00 4.151e+00 4.023e+00
-6.063 -8.068 4.139e+00 3.551e+00 4.129e+00 4.129e+00 4.227e+00 3.551e+00 2.491e+00 4.124e+00 3.996e+00
-5.999 -8.003 4.122e+00 3.565e+00 4.111e+00 4.111e+00 4.207e+00 3.565e+00 2.512e+00 4.095e+00 3.966e+00
-5.929 -7.934 4.102e+00 3.581e+00 4.090e+00 4.090e+00 4.183e+00 3.581e+00 2.541e+00 4.058e+00 3.929e+00
-5.865 -7.869 4.081e+00 3.596e+00 4.067e+00 4.067e+00 4.157e+00 3.596e+00 2.572e+00 4.018e+00 3.888e+00
-5.800 -7.804 4.057e+00 3.612e+00 4.042e+00 4.042e+00 4.129e+00 3.612e+00 2.608e+00 3.971e+00 3.840e+00
-5.731 -7.735 4.030e+00 3.628e+00 4.011e+00 4.011e+00 4.094e+00 3.628e+00 2.651e+00 3.912e+00 3.779e+00
-5.666 -7.670 4.002e+00 3.643e+00 3.980e+00 3.980e+00 4.058e+00 3.643e+00 2.696e+00 3.847e+00 3.712e+00
-5.597 -7.601 3.971e+00 3.659e+00 3.944e+00 3.944e+00 4.016e+00 3.659e+00 2.749e+00 3.765e+00 3.626e+00
-5.532 -7.536 3.940e+00 3.672e+00 3.908e+00 3.908e+00 3.974e+00 3.672e+00 2.801e+00 3.675e+00 3.530e+00
-5.463 -7.467 3.908e+00 3.684e+00 3.868e+00 3.868e+00 3.927e+00 3.684e+00 2.858e+00 3.560e+00 3.405e+00
-5.398 -7.402 3.879e+00 3.693e+00 3.830e+00 3.830e+00 3.883e+00 3.693e+00 2.908e+00 3.432e+00 3.262e+00
-5.333 -7.337 3.853e+00 3.701e+00 3.795e+00 3.795e+00 3.841e+00 3.701e+00 2.950e+00 3.282e+00 3.084e+00
-5.264 -7.268 3.829e+00 3.707e+00 3.763e+00 3.763e+00 3.802e+00 3.707e+00 2.979e+00 3.097e+00 2.845e+00
-5.199 -7.203 3.811e+00 3.710e+00 3.740e+00 3.740e+00 3.774e+00 3.710e+00 2.988e+00 2.906e+00 2.557e+00
-5.130 -7.134 3.795e+00 3.712e+00 3.724e+00 3.724e+00 3.752e+00 3.712e+00 2.977e+00 2.696e+00 2.131e+00
-5.065 -7.070 3.784e+00 3.713e+00 3.714e+00 3.714e+00 3.739e+00 3.713e+00 2.951e+00 2.506e+00 1.229e+00
-4.996 -7.000 2.882e+00 -8.890e-01 -2.400e+01 -4.118e-01 2.405e+00 -2.400e+01 2.882e+00 2.405e+00 -2.400e+01
-4.909 -5.950 2.844e+00 -7.423e-01 -2.400e+01 -2.652e-01 2.367e+00 -2.400e+01 2.844e+00 2.367e+00 -2.400e+01
-4.826 -5.868 2.771e+00 -5.273e-01 -2.400e+01 -5.017e-02 2.294e+00 -2.400e+01 2.770e+00 2.293e+00 -2.400e+01
-4.785 -5.826 2.736e+00 -4.273e-01 -2.400e+01 4.981e-02 2.259e+00 -2.400e+01 2.736e+00 2.258e+00 -2.400e+01
-4.702 -5.743 2.671e+00 -2.396e-01 -2.400e+01 2.375e-01 2.194e+00 -2.400e+01 2.670e+00 2.193e+00 -2.400e+01
-4.661 -5.702 2.640e+00 -1.510e-01 -2.400e+01 3.261e-01 2.163e+00 -2.400e+01 2.638e+00 2.161e+00 -2.400e+01
-4.578 -5.619 2.581e+00 1.759e-02 -2.400e+01 4.947e-01 2.104e+00 -2.400e+01 2.577e+00 2.100e+00 -2.400e+01
-4.495 -5.536 2.524e+00 1.765e-01 -2.400e+01 6.536e-01 2.047e+00 -2.400e+01 2.518e+00 2.041e+00 -2.400e+01
-4.454 -5.495 2.496e+00 2.528e-01 -2.400e+01 7.299e-01 2.019e+00 -2.400e+01 2.489e+00 2.012e+00 -2.400e+01
-4.371 -5.412 2.443e+00 3.999e-01 -2.400e+01 8.770e-01 1.966e+00 -2.400e+01 2.431e+00 1.954e+00 -2.400e+01
-4.329 -5.371 2.417e+00 4.710e-01 -2.400e+01 9.481e-01 1.940e+00 -2.400e+01 2.402e+00 1.925e+00 -2.400e+01
-4.266 -6.744 3.696e+00 3.677e+00 3.672e+00 3.673e+00 3.678e+00 3.676e+00 2.407e+00 1.125e+00 1.731e+00
-4.198 -6.346 3.691e+00 3.674e+00 3.669e+00 3.671e+00 3.675e+00 3.673e+00 2.350e+00 1.301e+00 1.612e+00
-4.129 -6.115 3.687e+00 3.671e+00 3.667e+00 3.669e+00 3.673e+00 3.670e+00 2.291e+00 1.396e+00 1.480e+00
-4.062 -5.948 3.683e+00 3.668e+00 3.665e+00 3.668e+00 3.671e+00 3.667e+00 2.232e+00 1.451e+00 1.333e+00
-3.994 -5.807 3.680e+00 3.666e+00 3.664e+00 3.667e+00 3.669e+00 3.665e+00 2.169e+00 1.483e+00 1.149e+00
-3.929 -5.692 3.678e+00 3.665e+00 3.663e+00 3.666e+00 3.668e+00 3.664e+00 2.105e+00 1.496e+00 9.225e-01
-3.863 -5.868 3.677e+00 3.664e+00 3.659e+00 3.663e+00 3.664e+00 3.663e+00 2.162e+00 2.307e-01 1.545e+00
-3.798 -5.802 3.676e+00 3.663e+00 3.659e+00 3.662e+00 3.663e+00 3.662e+00 2.151e+00 2.104e-01 1.533e+00
-3.733 -5.737 3.675e+00 3.662e+00 3.658e+00 3.662e+00 3.662e+00 3.661e+00 2.139e+00 1.906e-01 1.522e+00
-3.664 -5.668 3.674e+00 3.661e+00 3.657e+00 3.661e+00 3.662e+00 3.660e+00 2.127e+00 1.701e-01 1.510e+00
-3.596 -5.600 3.673e+00 3.661e+00 3.656e+00 3.660e+00 3.661e+00 3.659e+00 2.115e+00 1.508e-01 1.499e+00
-3.533 -5.537 3.672e+00 3.660e+00 3.656e+00 3.660e+00 3.660e+00 3.659e+00 2.105e+00 1.329e-01 1.488e+00
-3.465 -5.470 3.671e+00 3.659e+00 3.655e+00 3.659e+00 3.659e+00 3.658e+00 2.093e+00 1.134e-01 1.477e+00
-3.399 -5.403 3.670e+00 3.659e+00 3.654e+00 3.659e+00 3.659e+00 3.657e+00 2.081e+00 9.475e-02 1.465e+00
-3.332 -5.336 3.669e+00 3.658e+00 3.654e+00 3.658e+00 3.658e+00 3.656e+00 2.070e+00 7.659e-02 1.454e+00
-3.266 -5.270 3.668e+00 3.657e+00 3.653e+00 3.658e+00 3.657e+00 3.656e+00 2.059e+00 5.923e-02 1.443e+00
-3.200 -5.204 3.668e+00 3.657e+00 3.652e+00 3.657e+00 3.657e+00 3.655e+00 2.047e+00 4.174e-02 1.432e+00
-3.129 -5.134 3.667e+00 3.656e+00 3.652e+00 3.657e+00 3.656e+00 3.654e+00 2.035e+00 2.264e-02 1.420e+00
-3.064 -5.068 3.666e+00 3.655e+00 3.651e+00 3.656e+00 3.655e+00 3.654e+00 2.024e+00 6.250e-03 1.409e+00
-2.998 -5.002 3.666e+00 3.655e+00 3.651e+00 3.656e+00 3.655e+00 3.653e+00 2.014e+00 -9.403e-03 1.399e+00
-2.931 -4.935 -2.400e+01 -2.400e+01 -2.400e+01 -2.400e+01 -2.400e+01 -2.400e+01 -2.400e+01 -2.400e+01 -2.400e+01
-2.844 -3.885 -2.400e+01 -2.400e+01 -2.400e+01 -2.400e+01 -2.400e+01 -2.400e+01 -2.400e+01 -2.400e+01 -2.400e+01
-2.761 -3.803 -2.400e+01 -2.400e+01 -2.400e+01 -2.400e+01 -2.400e+01 -2.400e+01 -2.400e+01 -2.400e+01 -2.400e+01
-2.720 -3.761 -2.400e+01 -2.400e+01 -2.400e+01 -2.400e+01 -2.400e+01 -2.400e+01 -2.400e+01 -2.400e+01 -2.400e+01
-2.637 -3.678 -2.400e+01 -2.400e+01 -2.400e+01 -2.400e+01 -2.400e+01 -2.400e+01 -2.400e+01 -2.400e+01 -2.400e+01
-2.596 -3.637 -2.400e+01 -2.400e+01 -2.400e+01 -2.400e+01 -2.400e+01 -2.400e+01 -2.400e+01 -2.400e+01 -2.400e+01
-2.513 -3.554 -2.400e+01 -2.400e+01 -2.400e+01 -2.400e+01 -2.400e+01 -2.400e+01 -2.400e+01 -2.400e+01 -2.400e+01
-2.430 -3.471 -2.400e+01 -2.400e+01 -2.400e+01 -2.400e+01 -2.400e+01 -2.400e+01 -2.400e+01 -2.400e+01 -2.400e+01
-2.389 -3.430 -2.400e+01 -2.400e+01 -2.400e+01 -2.400e+01 -2.400e+01 -2.400e+01 -2.400e+01 -2.400e+01 -2.400e+01
-2.306 -3.347 -2.400e+01 -2.400e+01 -2.400e+01 -2.400e+01 -2.400e+01 -2.400e+01 -2.400e+01 -2.400e+01 -2.400e+01
-2.265 -3.306 -2.400e+01 -2.400e+01 -2.400e+01 -2.400e+01 -2.400e+01 -2.400e+01 -2.400e+01 -2.400e+01 -2.400e+01
-2.182 -3.223 -2.400e+01 -2.400e+01 -2.400e+01 -2.400e+01 -2.400e+01 -2.400e+01 -2.400e+01 -2.400e+01 -2.400e+01
-2.099 -3.140 -2.400e+01 -2.400e+01 -2.400e+01 -2.400e+01 -2.400e+01 -2.400e+01 -2.400e+01 -2.400e+01 -2.400e+01
-2.058 -3.099 -2.400e+01 -2.400e+01 -2.400e+01 -2.400e+01 -2.400e+01 -2.400e+01 -2.400e+01 -2.400e+01 -2.400e+01
-1.975 -3.016 -2.400e+01 -2.400e+01 -2.400e+01 -2.400e+01 -2.400e+01 -2.400e+01 -2.400e+01 -2.400e+01 -2.400e+01
-1.892 -2.933 -2.400e+01 -2.400e+01 -2.400e+01 -2.400e+01 -2.400e+01 -2.400e+01 -2.400e+01 -2.400e+01 -2.400e+01
-1.851 -2.892 -2.400e+01 -2.400e+01 -2.400e+01 -2.400e+01 -2.400e+01 -2.400e+01 -2.400e+01 -2.400e+01 -2.400e+01
-1.768 -2.809 -2.400e+01 -2.400e+01 -2.400e+01 -2.400e+01 -2.400e+01 -2.400e+01 -2.400e+01 -2.400e+01 -2.400e+01
-1.726 -2.768 -2.400e+01 -2.400e+01 -2.400e+01 -2.400e+01 -2.400e+01 -2.400e+01 -2.400e+01 -2.400e+01 -2.400e+01
-1.644 -2.685 -2.400e+01 -2.400e+01 -2.400e+01 -2.400e+01 -2.400e+01 -2.400e+01 -2.400e+01 -2.400e+01 -2.400e+01
-1.561 -2.602 -2.400e+01 -2.400e+01 -2.400e+01 -2.400e+01 -2.400e+01 -2.400e+01 -2.400e+01 -2.400e+01 -2.400e+01
-1.519 -2.561 -2.400e+01 -2.400e+01 -2.400e+01 -2.400e+01 -2.400e+01 -2.400e+01 -2.400e+01 -2.400e+01 -2.400e+01
-1.437 -2.478 -2.400e+01 -2.400e+01 -2.400e+01 -2.400e+01 -2.400e+01 -2.400e+01 -2.400e+01 -2.400e+01 -2.400e+01
-1.395 -2.437 -2.400e+01 -2.400e+01 -2.400e+01 -2.400e+01 -2.400e+01 -2.400e+01 -2.400e+01 -2.400e+01 -2.400e+01
-1.312 -2.354 -2.400e+01 -2.400e+01 -2.400e+01 -2.400e+01 -2.400e+01 -2.400e+01 -2.400e+01 -2.400e+01 -2.400e+01
-1.230 -2.271 -2.400e+01 -2.400e+01 -2.400e+01 -2.400e+01 -2.400e+01 -2.400e+01 -2.400e+01 -2.400e+01 -2.400e+01
-1.188 -2.230 -2.400e+01 -2.400e+01 -2.400e+01 -2.400e+01 -2.400e+01 -2.400e+01 -2.400e+01 -2.400e+01 -2.400e+01
-1.106 -2.147 -2.400e+01 -2.400e+01 -2.400e+01 -2.400e+01 -2.400e+01 -2.400e+01 -2.400e+01 -2.400e+01 -2.400e+01
-1.064 -2.106 -2.400e+01 -2.400e+01 -2.400e+01 -2.400e+01 -2.400e+01 -2.400e+01 -2.400e+01 -2.400e+01 -2.400e+01
-0.981 -2.023 -2.400e+01 -2.400e+01 -2.400e+01 -2.400e+01 -2.400e+01 -2.400e+01 -2.400e+01 -2.400e+01 -2.400e+01
-0.899 -1.940 -2.400e+01 -2.400e+01 -2.400e+01 -2.400e+01 -2.400e+01 -2.400e+01 -2.400e+01 -2.400e+01 -2.400e+01
-0.857 -1.899 -2.400e+01 -2.400e+01 -2.400e+01 -2.400e+01 -2.400e+01 -2.400e+01 -2.400e+01 -2.400e+01 -2.400e+01
-0.774 -1.816 -2.400e+01 -2.400e+01 -2.400e+01 -2.400e+01 -2.400e+01 -2.400e+01 -2.400e+01 -2.400e+01 -2.400e+01
-0.733 -1.774 -2.400e+01 -2.400e+01 -2.400e+01 -2.400e+01 -2.400e+01 -2.400e+01 -2.400e+01 -2.400e+01 -2.400e+01
-0.650 -1.692 -2.400e+01 -2.400e+01 -2.400e+01 -2.400e+01 -2.400e+01 -2.400e+01 -2.400e+01 -2.400e+01 -2.400e+01
-0.567 -1.609 -2.400e+01 -2.400e+01 -2.400e+01 -2.400e+01 -2.400e+01 -2.400e+01 -2.400e+01 -2.400e+01 -2.400e+01
-0.526 -1.567 -2.400e+01 -2.400e+01 -2.400e+01 -2.400e+01 -2.400e+01 -2.400e+01 -2.400e+01 -2.400e+01 -2.400e+01
-0.443 -1.485 -2.400e+01 -2.400e+01 -2.400e+01 -2.400e+01 -2.400e+01 -2.400e+01 -2.400e+01 -2.400e+01 -2.400e+01
-0.360 -1.402 -2.400e+01 -2.400e+01 -2.400e+01 -2.400e+01 -2.400e+01 -2.400e+01 -2.400e+01 -2.400e+01 -2.400e+01
-0.319 -1.360 -2.400e+01 -2.400e+01 -2.400e+01 -2.400e+01 -2.400e+01 -2.400e+01 -2.400e+01 -2.400e+01 -2.400e+01
-0.236 -1.278 -2.400e+01 -2.400e+01 -2.400e+01 -2.400e+01 -2.400e+01 -2.400e+01 -2.400e+01 -2.400e+01 -2.400e+01
-0.195 -1.236 -2.400e+01 -2.400e+01 -2.400e+01 -2.400e+01 -2.400e+01 -2.400e+01 -2.400e+01 -2.400e+01 -2.400e+01
-0.112 -1.153 -2.400e+01 -2.400e+01 -2.400e+01 -2.400e+01 -2.400e+01 -2.400e+01 -2.400e+01 -2.400e+01 -2.400e+01
-0.029 -1.071 -2.400e+01 -2.400e+01 -2.400e+01 -2.400e+01 -2.400e+01 -2.400e+01 -2.400e+01 -2.400e+01 -2.400e+01
+0.012 -1.029 -2.400e+01 -2.400e+01 -2.400e+01 -2.400e+01 -2.400e+01 -2.400e+01 -2.400e+01 -2.400e+01 -2.400e+01
+0.095 -0.947 -2.400e+01 -2.400e+01 -2.400e+01 -2.400e+01 -2.400e+01 -2.400e+01 -2.400e+01 -2.400e+01 -2.400e+01
+0.136 -0.905 -2.400e+01 -2.400e+01 -2.400e+01 -2.400e+01 -2.400e+01 -2.400e+01 -2.400e+01 -2.400e+01 -2.400e+01
+0.219 -0.822 -2.400e+01 -2.400e+01 -2.400e+01 -2.400e+01 -2.400e+01 -2.400e+01 -2.400e+01 -2.400e+01 -2.400e+01
+0.302 -0.740 -2.400e+01 -2.400e+01 -2.400e+01 -2.400e+01 -2.400e+01 -2.400e+01 -2.400e+01 -2.400e+01 -2.400e+01
+0.343 -0.698 -2.400e+01 -2.400e+01 -2.400e+01 -2.400e+01 -2.400e+01 -2.400e+01 -2.400e+01 -2.400e+01 -2.400e+01
+0.426 -0.615 -2.400e+01 -2.400e+01 -2.400e+01 -2.400e+01 -2.400e+01 -2.400e+01 -2.400e+01 -2.400e+01 -2.400e+01
+0.467 -0.574 -2.400e+01 -2.400e+01 -2.400e+01 -2.400e+01 -2.400e+01 -2.400e+01 -2.400e+01 -2.400e+01 -2.400e+01
+0.550 -0.491 -2.400e+01 -2.400e+01 -2.400e+01 -2.400e+01 -2.400e+01 -2.400e+01 -2.400e+01 -2.400e+01 -2.400e+01
+0.633 -0.408 -2.400e+01 -2.400e+01 -2.400e+01 -2.400e+01 -2.400e+01 -2.400e+01 -2.400e+01 -2.400e+01 -2.400e+01
+0.674 -0.367 -2.400e+01 -2.400e+01 -2.400e+01 -2.400e+01 -2.400e+01 -2.400e+01 -2.400e+01 -2.400e+01 -2.400e+01
+0.757 -0.284 -2.400e+01 -2.400e+01 -2.400e+01 -2.400e+01 -2.400e+01 -2.400e+01 -2.400e+01 -2.400e+01 -2.400e+01
+0.840 -0.201 -2.400e+01 -2.400e+01 -2.400e+01 -2.400e+01 -2.400e+01 -2.400e+01 -2.400e+01 -2.400e+01 -2.400e+01
+0.881 -0.160 -2.400e+01 -2.400e+01 -2.400e+01 -2.400e+01 -2.400e+01 -2.400e+01 -2.400e+01 -2.400e+01 -2.400e+01
+0.964 -0.077 -2.400e+01 -2.400e+01 -2.400e+01 -2.400e+01 -2.400e+01 -2.400e+01 -2.400e+01 -2.400e+01 -2.400e+01
+1.006 -0.036 -2.400e+01 -2.400e+01 -2.400e+01 -2.400e+01 -2.400e+01 -2.400e+01 -2.400e+01 -2.400e+01 -2.400e+01
+1.088 +0.047 -2.400e+01 -2.400e+01 -2.400e+01 -2.400e+01 -2.400e+01 -2.400e+01 -2.400e+01 -2.400e+01 -2.400e+01
+1.171 +0.130 -2.400e+01 -2.400e+01 -2.400e+01 -2.400e+01 -2.400e+01 -2.400e+01 -2.400e+01 -2.400e+01 -2.400e+01
+1.212 +0.171 -2.400e+01 -2.400e+01 -2.400e+01 -2.400e+01 -2.400e+01 -2.400e+01 -2.400e+01 -2.400e+01 -2.400e+01
+1.295 +0.254 -2.400e+01 -2.400e+01 -2.400e+01 -2.400e+01 -2.400e+01 -2.400e+01 -2.400e+01 -2.400e+01 -2.400e+01
+1.337 +0.295 -2.400e+01 -2.400e+01 -2.400e+01 -2.400e+01 -2.400e+01 -2.400e+01 -2.400e+01 -2.400e+01 -2.400e+01
+1.419 +0.378 -2.400e+01 -2.400e+01 -2.400e+01 -2.400e+01 -2.400e+01 -2.400e+01 -2.400e+01 -2.400e+01 -2.400e+01
+1.502 +0.461 -2.400e+01 -2.400e+01 -2.400e+01 -2.400e+01 -2.400e+01 -2.400e+01 -2.400e+01 -2.400e+01 -2.400e+01
+1.544 +0.502 -2.400e+01 -2.400e+01 -2.400e+01 -2.400e+01 -2.400e+01 -2.400e+01 -2.400e+01 -2.400e+01 -2.400e+01
+1.626 +0.585 -2.400e+01 -2.400e+01 -2.400e+01 -2.400e+01 -2.400e+01 -2.400e+01 -2.400e+01 -2.400e+01 -2.400e+01
+1.668 +0.626 -2.400e+01 -2.400e+01 -2.400e+01 -2.400e+01 -2.400e+01 -2.400e+01 -2.400e+01 -2.400e+01 -2.400e+01
+1.751 +0.709 -2.400e+01 -2.400e+01 -2.400e+01 -2.400e+01 -2.400e+01 -2.400e+01 -2.400e+01 -2.400e+01 -2.400e+01
+1.833 +0.792 -2.400e+01 -2.400e+01 -2.400e+01 -2.400e+01 -2.400e+01 -2.400e+01 -2.400e+01 -2.400e+01 -2.400e+01
+1.875 +0.833 -2.400e+01 -2.400e+01 -2.400e+01 -2.400e+01 -2.400e+01 -2.400e+01 -2.400e+01 -2.400e+01 -2.400e+01
+1.958 +0.916 -2.400e+01 -2.400e+01 -2.400e+01 -2.400e+01 -2.400e+01 -2.400e+01 -2.400e+01 -2.400e+01 -2.400e+01
+2.040 +0.999 -2.400e+01 -2.400e+01 -2.400e+01 -2.400e+01 -2.400e+01 -2.400e+01 -2.400e+01 -2.400e+01 -2.400e+01