
#    t     dt   F+(1H)   F+(2H)   F+(3He)   F-(1H)   F-(2H)   F-(3He)   
-10.929 -11.859 7.872e-01 8.711e-01 1.669e+00 1.656e+00 6.612e-01 8.888e-01 1.593e+00 4.546e-01 1.591e+00
-10.874 -11.805 8.405e-01 9.153e-01 1.678e+00 1.663e+00 7.271e-01 9.422e-01 1.593e+00 4.616e-01 1.590e+00
-10.820 -11.751 8.937e-01 9.605e-01 1.688e+00 1.671e+00 7.923e-01 9.956e-01 1.592e+00 4.671e-01 1.589e+00
-10.766 -11.696 9.470e-01 1.006e+00 1.699e+00 1.681e+00 8.568e-01 1.049e+00 1.592e+00 4.712e-01 1.588e+00
-10.712 -11.642 1.000e+00 1.053e+00 1.711e+00 1.691e+00 9.204e-01 1.103e+00 1.592e+00 4.740e-01 1.588e+00
-10.657 -11.588 1.054e+00 1.101e+00 1.724e+00 1.702e+00 9.831e-01 1.156e+00 1.592e+00 4.756e-01 1.587e+00
-10.603 -11.534 1.107e+00 1.149e+00 1.739e+00 1.715e+00 1.045e+00 1.210e+00 1.591e+00 4.763e-01 1.587e+00
-10.549 -11.479 1.161e+00 1.197e+00 1.755e+00 1.728e+00 1.106e+00 1.263e+00 1.591e+00 4.764e-01 1.586e+00
-10.495 -11.425 1.214e+00 1.247e+00 1.772e+00 1.743e+00 1.166e+00 1.317e+00 1.591e+00 4.760e-01 1.585e+00
-10.441 -11.371 1.268e+00 1.296e+00 1.791e+00 1.760e+00 1.225e+00 1.370e+00 1.591e+00 4.754e-01 1.584e+00
-10.386 -11.317 1.321e+00 1.346e+00 1.812e+00 1.778e+00 1.284e+00 1.424e+00 1.591e+00 4.745e-01 1.584e+00
-10.332 -11.262 1.369e+00 1.391e+00 1.832e+00 1.795e+00 1.335e+00 1.471e+00 1.591e+00 4.736e-01 1.583e+00
-10.278 -11.208 1.417e+00 1.437e+00 1.853e+00 1.814e+00 1.387e+00 1.520e+00 1.591e+00 4.734e-01 1.582e+00
-10.224 -11.154 1.466e+00 1.483e+00 1.867e+00 1.824e+00 1.413e+00 1.568e+00 1.573e+00 6.576e-01 1.563e+00
-10.169 -11.100 1.513e+00 1.529e+00 1.886e+00 1.840e+00 1.453e+00 1.616e+00 1.563e+00 7.349e-01 1.551e+00
-10.115 -11.046 1.560e+00 1.574e+00 1.908e+00 1.859e+00 1.498e+00 1.663e+00 1.555e+00 7.791e-01 1.543e+00
-10.061 -10.991 1.607e+00 1.619e+00 1.932e+00 1.880e+00 1.545e+00 1.709e+00 1.549e+00 8.122e-01 1.535e+00
-10.007 -10.937 1.654e+00 1.664e+00 1.958e+00 1.903e+00 1.593e+00 1.756e+00 1.543e+00 8.421e-01 1.527e+00
-9.952 -10.883 1.700e+00 1.709e+00 1.985e+00 1.927e+00 1.641e+00 1.803e+00 1.537e+00 8.713e-01 1.518e+00
-9.898 -10.829 1.747e+00 1.755e+00 2.013e+00 1.953e+00 1.689e+00 1.850e+00 1.529e+00 9.008e-01 1.509e+00
-9.844 -10.774 1.793e+00 1.800e+00 2.042e+00 1.979e+00 1.737e+00 1.896e+00 1.521e+00 9.305e-01 1.498e+00
-9.790 -10.720 1.840e+00 1.845e+00 2.073e+00 2.007e+00 1.784e+00 1.942e+00 1.512e+00 9.604e-01 1.486e+00
-9.736 -10.666 1.886e+00 1.890e+00 2.104e+00 2.036e+00 1.831e+00 1.988e+00 1.502e+00 9.902e-01 1.472e+00
-9.681 -10.612 1.931e+00 1.934e+00 2.136e+00 2.066e+00 1.878e+00 2.034e+00 1.491e+00 1.020e+00 1.457e+00
-9.627 -10.557 1.976e+00 1.978e+00 2.168e+00 2.096e+00 1.924e+00 2.078e+00 1.479e+00 1.049e+00 1.441e+00
-9.573 -10.503 2.020e+00 2.022e+00 2.202e+00 2.127e+00 1.969e+00 2.123e+00 1.465e+00 1.077e+00 1.422e+00
-9.519 -10.449 2.064e+00 2.064e+00 2.235e+00 2.158e+00 2.014e+00 2.166e+00 1.451e+00 1.105e+00 1.402e+00
-9.464 -10.395 2.106e+00 2.106e+00 2.269e+00 2.190e+00 2.057e+00 2.209e+00 1.434e+00 1.131e+00 1.379e+00
-9.410 -10.341 2.148e+00 2.147e+00 2.302e+00 2.222e+00 2.100e+00 2.250e+00 1.417e+00 1.156e+00 1.355e+00
-9.356 -10.286 2.189e+00 2.187e+00 2.336e+00 2.254e+00 2.142e+00 2.291e+00 1.398e+00 1.180e+00 1.328e+00
-9.302 -10.232 2.228e+00 2.225e+00 2.369e+00 2.286e+00 2.182e+00 2.330e+00 1.377e+00 1.201e+00 1.298e+00
-9.248 -10.178 2.267e+00 2.263e+00 2.402e+00 2.317e+00 2.222e+00 2.369e+00 1.355e+00 1.221e+00 1.266e+00
-9.193 -10.124 2.285e+00 2.281e+00 2.434e+00 2.348e+00 2.260e+00 2.387e+00 1.479e+00 9.507e-01 1.447e+00
-9.139 -10.069 2.312e+00 2.307e+00 2.450e+00 2.364e+00 2.279e+00 2.414e+00 1.412e+00 1.107e+00 1.352e+00
-9.085 -10.015 2.334e+00 2.329e+00 2.473e+00 2.386e+00 2.306e+00 2.436e+00 1.434e+00 1.046e+00 1.386e+00
-9.031 -9.961 2.358e+00 2.352e+00 2.492e+00 2.404e+00 2.328e+00 2.459e+00 1.407e+00 1.090e+00 1.349e+00
-8.981 -9.948 2.379e+00 2.373e+00 2.512e+00 2.423e+00 2.351e+00 2.481e+00 1.408e+00 1.073e+00 1.352e+00
-8.935 -9.935 2.401e+00 2.394e+00 2.531e+00 2.442e+00 2.372e+00 2.503e+00 1.391e+00 1.090e+00 1.330e+00
-8.893 -9.922 2.421e+00 2.414e+00 2.549e+00 2.460e+00 2.393e+00 2.522e+00 1.391e+00 1.073e+00 1.332e+00
-8.853 -9.910 2.440e+00 2.433e+00 2.567e+00 2.476e+00 2.413e+00 2.541e+00 1.380e+00 1.078e+00 1.318e+00
-8.824 -10.023 2.458e+00 2.450e+00 2.584e+00 2.493e+00 2.432e+00 2.559e+00 1.375e+00 1.068e+00 1.315e+00
-8.794 -9.969 2.474e+00 2.466e+00 2.599e+00 2.508e+00 2.449e+00 2.575e+00 1.382e+00 1.033e+00 1.329e+00
-8.763 -9.914 2.477e+00 2.468e+00 2.614e+00 2.522e+00 2.465e+00 2.578e+00 1.520e+00 2.335e-01 1.512e+00
-8.729 -9.860 2.484e+00 2.475e+00 2.615e+00 2.524e+00 2.467e+00 2.585e+00 1.461e+00 7.502e-01 1.440e+00
-8.729 -12.684 2.485e+00 2.476e+00 2.617e+00 2.524e+00 2.468e+00 2.586e+00 1.465e+00 7.309e-01 1.457e+00
-8.729 -12.630 2.485e+00 2.476e+00 2.617e+00 2.524e+00 2.468e+00 2.586e+00 1.467e+00 7.210e-01 1.466e+00
-8.729 -12.575 2.485e+00 2.476e+00 2.618e+00 2.525e+00 2.468e+00 2.586e+00 1.468e+00 7.118e-01 1.468e+00
-8.729 -12.521 2.485e+00 2.476e+00 2.618e+00 2.525e+00 2.469e+00 2.586e+00 1.470e+00 7.015e-01 1.469e+00
-8.729 -12.467 2.485e+00 2.476e+00 2.618e+00 2.525e+00 2.469e+00 2.586e+00 1.471e+00 6.924e-01 1.471e+00
-8.729 -12.413 2.485e+00 2.476e+00 2.618e+00 2.525e+00 2.469e+00 2.586e+00 1.473e+00 6.837e-01 1.472e+00
-8.729 -12.358 2.485e+00 2.476e+00 2.619e+00 2.526e+00 2.469e+00 2.586e+00 1.474e+00 6.747e-01 1.474e+00
-8.729 -12.304 2.485e+00 2.477e+00 2.619e+00 2.526e+00 2.470e+00 2.586e+00 1.475e+00 6.661e-01 1.475e+00
-8.728 -12.250 2.486e+00 2.477e+00 2.619e+00 2.526e+00 2.470e+00 2.587e+00 1.477e+00 6.578e-01 1.476e+00
-8.728 -12.196 2.486e+00 2.477e+00 2.619e+00 2.526e+00 2.470e+00 2.587e+00 1.478e+00 6.499e-01 1.477e+00
-8.728 -12.142 2.486e+00 2.477e+00 2.619e+00 2.527e+00 2.470e+00 2.587e+00 1.479e+00 6.417e-01 1.478e+00
-8.728 -12.087 2.486e+00 2.477e+00 2.619e+00 2.527e+00 2.471e+00 2.587e+00 1.479e+00 6.397e-01 1.479e+00
-8.728 -12.033 2.486e+00 2.477e+00 2.620e+00 2.527e+00 2.471e+00 2.587e+00 1.479e+00 6.380e-01 1.479e+00
-8.727 -11.979 2.486e+00 2.477e+00 2.620e+00 2.527e+00 2.471e+00 2.587e+00 1.479e+00 6.373e-01 1.479e+00
-8.727 -11.925 2.486e+00 2.477e+00 2.620e+00 2.527e+00 2.471e+00 2.587e+00 1.480e+00 6.349e-01 1.479e+00
-8.727 -11.870 2.486e+00 2.477e+00 2.620e+00 2.527e+00 2.471e+00 2.587e+00 1.480e+00 6.317e-01 1.480e+00
-8.727 -11.816 2.486e+00 2.477e+00 2.620e+00 2.527e+00 2.471e+00 2.587e+00 1.481e+00 6.253e-01 1.481e+00
-8.726 -11.762 2.486e+00 2.477e+00 2.620e+00 2.527e+00 2.471e+00 2.587e+00 1.481e+00 6.248e-01 1.481e+00
-8.726 -11.708 2.486e+00 2.477e+00 2.620e+00 2.527e+00 2.471e+00 2.587e+00 1.482e+00 6.188e-01 1.481e+00
-8.725 -11.653 2.486e+00 2.477e+00 2.620e+00 2.527e+00 2.471e+00 2.587e+00 1.482e+00 6.164e-01 1.482e+00
-8.725 -11.599 2.486e+00 2.477e+00 2.620e+00 2.527e+00 2.471e+00 2.587e+00 1.482e+00 6.133e-01 1.482e+00
-8.724 -11.545 2.486e+00 2.477e+00 2.620e+00 2.528e+00 2.472e+00 2.587e+00 1.483e+00 6.101e-01 1.483e+00
-8.723 -11.491 2.487e+00 2.477e+00 2.620e+00 2.528e+00 2.472e+00 2.587e+00 1.483e+00 6.069e-01 1.483e+00
-8.722 -11.437 2.487e+00 2.478e+00 2.620e+00 2.528e+00 2.472e+00 2.588e+00 1.483e+00 6.053e-01 1.483e+00
-8.721 -11.382 2.487e+00 2.478e+00 2.620e+00 2.528e+00 2.472e+00 2.588e+00 1.484e+00 6.007e-01 1.484e+00
-8.720 -11.328 2.487e+00 2.478e+00 2.621e+00 2.528e+00 2.472e+00 2.588e+00 1.484e+00 6.005e-01 1.484e+00
-8.719 -11.274 2.487e+00 2.478e+00 2.621e+00 2.528e+00 2.472e+00 2.588e+00 1.484e+00 6.004e-01 1.484e+00
-8.718 -11.220 2.487e+00 2.478e+00 2.621e+00 2.528e+00 2.472e+00 2.588e+00 1.484e+00 5.979e-01 1.484e+00
-8.716 -11.165 2.487e+00 2.478e+00 2.621e+00 2.528e+00 2.472e+00 2.588e+00 1.485e+00 5.967e-01 1.484e+00
-8.714 -11.111 2.487e+00 2.478e+00 2.621e+00 2.528e+00 2.472e+00 2.588e+00 1.485e+00 5.939e-01 1.484e+00
-8.712 -11.057 2.487e+00 2.478e+00 2.621e+00 2.528e+00 2.472e+00 2.588e+00 1.485e+00 5.905e-01 1.485e+00
-8.710 -11.003 2.487e+00 2.478e+00 2.621e+00 2.528e+00 2.472e+00 2.588e+00 1.486e+00 5.855e-01 1.485e+00
-8.690 -10.677 2.487e+00 2.478e+00 2.621e+00 2.529e+00 2.473e+00 2.588e+00 1.487e+00 5.727e-01 1.487e+00
-8.658 -10.406 2.487e+00 2.478e+00 2.622e+00 2.529e+00 2.473e+00 2.588e+00 1.488e+00 5.628e-01 1.488e+00
-8.629 -10.244 2.488e+00 2.479e+00 2.622e+00 2.529e+00 2.473e+00 2.589e+00 1.489e+00 5.535e-01 1.489e+00
-8.590 -10.081 2.488e+00 2.479e+00 2.622e+00 2.529e+00 2.474e+00 2.589e+00 1.490e+00 5.496e-01 1.489e+00
-8.557 -9.972 2.488e+00 2.479e+00 2.622e+00 2.529e+00 2.474e+00 2.589e+00 1.490e+00 5.456e-01 1.490e+00
-8.539 -9.918 2.488e+00 2.479e+00 2.622e+00 2.529e+00 2.474e+00 2.589e+00 1.490e+00 5.442e-01 1.490e+00
-8.509 -11.108 2.490e+00 2.481e+00 2.624e+00 2.532e+00 2.476e+00 2.591e+00 1.496e+00 4.847e-01 1.495e+00
-8.478 -10.458 2.490e+00 2.481e+00 2.625e+00 2.532e+00 2.477e+00 2.591e+00 1.497e+00 4.714e-01 1.496e+00
-8.446 -10.187 2.490e+00 2.481e+00 2.625e+00 2.532e+00 2.477e+00 2.591e+00 1.497e+00 4.680e-01 1.497e+00
-8.416 -10.024 2.491e+00 2.481e+00 2.625e+00 2.533e+00 2.477e+00 2.592e+00 1.497e+00 4.647e-01 1.497e+00
-8.377 -9.861 2.491e+00 2.482e+00 2.625e+00 2.533e+00 2.477e+00 2.592e+00 1.497e+00 4.614e-01 1.497e+00
-8.358 -10.664 2.493e+00 2.484e+00 2.628e+00 2.535e+00 2.480e+00 2.594e+00 1.499e+00 4.271e-01 1.499e+00
-8.328 -10.230 2.493e+00 2.484e+00 2.628e+00 2.535e+00 2.480e+00 2.594e+00 1.499e+00 4.236e-01 1.499e+00
-8.299 -10.013 2.494e+00 2.484e+00 2.628e+00 2.535e+00 2.481e+00 2.594e+00 1.499e+00 4.230e-01 1.499e+00
-8.267 -9.850 2.494e+00 2.484e+00 2.628e+00 2.536e+00 2.481e+00 2.595e+00 1.499e+00 4.218e-01 1.499e+00
-8.239 -10.372 2.496e+00 2.487e+00 2.630e+00 2.538e+00 2.483e+00 2.597e+00 1.500e+00 4.055e-01 1.499e+00
-8.210 -10.047 2.496e+00 2.487e+00 2.630e+00 2.538e+00 2.483e+00 2.597e+00 1.500e+00 4.046e-01 1.499e+00
-8.176 -9.830 2.496e+00 2.487e+00 2.631e+00 2.538e+00 2.483e+00 2.597e+00 1.500e+00 4.040e-01 1.499e+00
-8.148 -10.275 2.499e+00 2.490e+00 2.633e+00 2.540e+00 2.486e+00 2.600e+00 1.499e+00 3.956e-01 1.499e+00
-8.118 -9.950 2.499e+00 2.490e+00 2.633e+00 2.541e+00 2.486e+00 2.600e+00 1.499e+00 3.948e-01 1.499e+00
-8.088 -10.502 2.502e+00 2.493e+00 2.636e+00 2.543e+00 2.489e+00 2.603e+00 1.498e+00 3.902e-01 1.497e+00
-8.060 -10.014 2.502e+00 2.493e+00 2.636e+00 2.543e+00 2.489e+00 2.603e+00 1.498e+00 3.900e-01 1.497e+00
-8.029 -10.504 2.504e+00 2.495e+00 2.638e+00 2.545e+00 2.492e+00 2.605e+00 1.497e+00 3.879e-01 1.496e+00
-7.999 -9.962 2.505e+00 2.495e+00 2.638e+00 2.546e+00 2.492e+00 2.606e+00 1.497e+00 3.875e-01 1.496e+00
-7.968 -10.258 2.508e+00 2.498e+00 2.641e+00 2.548e+00 2.495e+00 2.608e+00 1.495e+00 3.857e-01 1.495e+00
-7.937 -9.824 2.508e+00 2.498e+00 2.641e+00 2.548e+00 2.495e+00 2.609e+00 1.495e+00 3.855e-01 1.495e+00
-7.909 -10.048 2.510e+00 2.501e+00 2.643e+00 2.550e+00 2.497e+00 2.611e+00 1.494e+00 3.842e-01 1.494e+00
-7.880 -10.364 2.512e+00 2.503e+00 2.645e+00 2.552e+00 2.499e+00 2.613e+00 1.493e+00 3.830e-01 1.493e+00
-7.850 -11.509 2.514e+00 2.504e+00 2.647e+00 2.554e+00 2.501e+00 2.615e+00 1.492e+00 3.821e-01 1.492e+00
-7.818 -9.882 2.515e+00 2.506e+00 2.648e+00 2.555e+00 2.502e+00 2.616e+00 1.492e+00 3.814e-01 1.491e+00
-7.789 -9.979 2.518e+00 2.508e+00 2.650e+00 2.557e+00 2.505e+00 2.619e+00 1.490e+00 3.800e-01 1.490e+00
-7.758 -10.040 2.521e+00 2.511e+00 2.653e+00 2.560e+00 2.508e+00 2.622e+00 1.489e+00 3.786e-01 1.488e+00
-7.728 -10.061 2.524e+00 2.513e+00 2.655e+00 2.562e+00 2.510e+00 2.624e+00 1.487e+00 3.772e-01 1.487e+00
-7.699 -10.018 2.526e+00 2.516e+00 2.657e+00 2.564e+00 2.513e+00 2.627e+00 1.486e+00 3.758e-01 1.486e+00
-7.668 -9.874 2.529e+00 2.519e+00 2.660e+00 2.567e+00 2.516e+00 2.630e+00 1.484e+00 3.741e-01 1.484e+00
-7.639 -9.810 2.532e+00 2.522e+00 2.662e+00 2.569e+00 2.519e+00 2.633e+00 1.483e+00 3.727e-01 1.482e+00
-7.610 -10.473 2.536e+00 2.526e+00 2.666e+00 2.573e+00 2.523e+00 2.637e+00 1.480e+00 3.703e-01 1.480e+00
-7.579 -10.029 2.539e+00 2.528e+00 2.668e+00 2.575e+00 2.525e+00 2.639e+00 1.479e+00 3.688e-01 1.479e+00
-7.550 -10.818 2.544e+00 2.533e+00 2.673e+00 2.579e+00 2.530e+00 2.644e+00 1.476e+00 3.661e-01 1.476e+00
-7.520 -9.970 2.547e+00 2.536e+00 2.676e+00 2.582e+00 2.533e+00 2.647e+00 1.474e+00 3.642e-01 1.474e+00
-7.490 -10.212 2.551e+00 2.541e+00 2.680e+00 2.586e+00 2.538e+00 2.652e+00 1.471e+00 3.613e-01 1.471e+00
-7.460 -10.458 2.556e+00 2.545e+00 2.684e+00 2.590e+00 2.543e+00 2.657e+00 1.468e+00 3.582e-01 1.468e+00
-7.430 -10.994 2.561e+00 2.550e+00 2.688e+00 2.595e+00 2.547e+00 2.662e+00 1.465e+00 3.552e-01 1.465e+00
-7.400 -11.625 2.565e+00 2.554e+00 2.692e+00 2.598e+00 2.551e+00 2.666e+00 1.462e+00 3.523e-01 1.462e+00
-7.370 -10.319 2.571e+00 2.559e+00 2.697e+00 2.603e+00 2.557e+00 2.671e+00 1.459e+00 3.486e-01 1.458e+00
-7.339 -9.926 2.576e+00 2.565e+00 2.702e+00 2.608e+00 2.562e+00 2.677e+00 1.455e+00 3.448e-01 1.455e+00
-7.310 -10.487 2.583e+00 2.571e+00 2.708e+00 2.614e+00 2.569e+00 2.684e+00 1.450e+00 3.398e-01 1.449e+00
-7.279 -9.781 2.588e+00 2.576e+00 2.713e+00 2.619e+00 2.574e+00 2.689e+00 1.446e+00 3.357e-01 1.445e+00
-7.250 -9.926 2.594e+00 2.582e+00 2.718e+00 2.624e+00 2.580e+00 2.695e+00 1.441e+00 3.311e-01 1.441e+00
-7.219 -9.881 2.601e+00 2.588e+00 2.724e+00 2.629e+00 2.586e+00 2.701e+00 1.436e+00 3.259e-01 1.436e+00
-7.190 -9.796 2.607e+00 2.594e+00 2.730e+00 2.635e+00 2.592e+00 2.707e+00 1.430e+00 3.204e-01 1.430e+00
-7.160 -10.171 2.615e+00 2.602e+00 2.737e+00 2.642e+00 2.600e+00 2.715e+00 1.423e+00 3.133e-01 1.423e+00
-7.130 -9.835 2.621e+00 2.608e+00 2.743e+00 2.648e+00 2.606e+00 2.722e+00 1.417e+00 3.073e-01 1.417e+00
-7.099 -9.885 2.630e+00 2.617e+00 2.751e+00 2.655e+00 2.615e+00 2.730e+00 1.409e+00 2.988e-01 1.408e+00
-7.070 -9.983 2.638e+00 2.624e+00 2.757e+00 2.662e+00 2.622e+00 2.738e+00 1.401e+00 2.911e-01 1.401e+00
-7.040 -9.929 2.645e+00 2.631e+00 2.764e+00 2.668e+00 2.629e+00 2.745e+00 1.393e+00 2.834e-01 1.393e+00
-7.010 -10.854 2.654e+00 2.640e+00 2.772e+00 2.677e+00 2.638e+00 2.754e+00 1.383e+00 2.727e-01 1.382e+00
-6.980 -9.827 2.661e+00 2.647e+00 2.779e+00 2.683e+00 2.645e+00 2.761e+00 1.374e+00 2.635e-01 1.373e+00
-6.950 -9.923 2.670e+00 2.656e+00 2.787e+00 2.691e+00 2.654e+00 2.770e+00 1.362e+00 2.519e-01 1.362e+00
-6.920 -9.808 2.678e+00 2.663e+00 2.794e+00 2.698e+00 2.661e+00 2.778e+00 1.351e+00 2.413e-01 1.351e+00
-6.890 -10.935 2.687e+00 2.672e+00 2.802e+00 2.706e+00 2.670e+00 2.787e+00 1.337e+00 2.274e-01 1.337e+00
-6.860 -9.856 2.696e+00 2.681e+00 2.810e+00 2.714e+00 2.679e+00 2.796e+00 1.323e+00 2.133e-01 1.323e+00
-6.830 -9.962 2.705e+00 2.689e+00 2.819e+00 2.722e+00 2.688e+00 2.805e+00 1.308e+00 1.977e-01 1.307e+00
-6.800 -9.932 2.714e+00 2.698e+00 2.827e+00 2.730e+00 2.696e+00 2.814e+00 1.292e+00 1.818e-01 1.291e+00
-6.770 -9.718 2.723e+00 2.706e+00 2.834e+00 2.738e+00 2.705e+00 2.822e+00 1.275e+00 1.650e-01 1.275e+00
-6.740 -10.036 2.732e+00 2.715e+00 2.843e+00 2.746e+00 2.714e+00 2.831e+00 1.254e+00 1.445e-01 1.254e+00
-6.710 -10.384 2.741e+00 2.723e+00 2.851e+00 2.754e+00 2.722e+00 2.840e+00 1.234e+00 1.245e-01 1.234e+00
-6.680 -10.503 2.749e+00 2.731e+00 2.858e+00 2.762e+00 2.730e+00 2.848e+00 1.213e+00 1.026e-01 1.212e+00
-6.650 -10.227 2.757e+00 2.739e+00 2.866e+00 2.769e+00 2.738e+00 2.856e+00 1.190e+00 8.000e-02 1.190e+00
-6.620 -10.009 2.765e+00 2.747e+00 2.873e+00 2.776e+00 2.746e+00 2.864e+00 1.165e+00 5.543e-02 1.165e+00
-6.590 -9.722 2.773e+00 2.754e+00 2.880e+00 2.783e+00 2.753e+00 2.872e+00 1.141e+00 3.084e-02 1.140e+00
-6.560 -9.505 2.780e+00 2.761e+00 2.887e+00 2.789e+00 2.760e+00 2.879e+00 1.113e+00 3.529e-03 1.113e+00
-6.530 -9.966 2.788e+00 2.768e+00 2.893e+00 2.796e+00 2.768e+00 2.887e+00 1.083e+00 -2.735e-02 1.082e+00
-6.500 -9.471 2.794e+00 2.775e+00 2.900e+00 2.802e+00 2.774e+00 2.893e+00 1.052e+00 -5.745e-02 1.052e+00
-6.470 -9.665 2.801e+00 2.781e+00 2.906e+00 2.809e+00 2.781e+00 2.900e+00 1.017e+00 -9.254e-02 1.017e+00
-6.440 -10.121 2.808e+00 2.787e+00 2.912e+00 2.814e+00 2.787e+00 2.907e+00 9.818e-01 -1.280e-01 9.814e-01
-6.410 -9.490 2.814e+00 2.793e+00 2.917e+00 2.819e+00 2.792e+00 2.912e+00 9.462e-01 -1.637e-01 9.458e-01
-6.380 -10.081 2.819e+00 2.798e+00 2.922e+00 2.824e+00 2.798e+00 2.918e+00 9.089e-01 -2.009e-01 9.085e-01
-6.350 -9.398 2.824e+00 2.803e+00 2.926e+00 2.829e+00 2.802e+00 2.923e+00 8.710e-01 -2.388e-01 8.707e-01
-6.320 -9.860 2.829e+00 2.808e+00 2.931e+00 2.833e+00 2.807e+00 2.928e+00 8.281e-01 -2.818e-01 8.277e-01
-6.290 -9.535 2.833e+00 2.812e+00 2.935e+00 2.837e+00 2.811e+00 2.932e+00 7.861e-01 -3.237e-01 7.857e-01
-6.260 -9.343 2.837e+00 2.816e+00 2.939e+00 2.841e+00 2.815e+00 2.936e+00 7.417e-01 -3.681e-01 7.413e-01
-6.230 -9.471 2.841e+00 2.819e+00 2.942e+00 2.844e+00 2.819e+00 2.940e+00 6.956e-01 -4.142e-01 6.952e-01
-6.200 -9.919 2.844e+00 2.822e+00 2.945e+00 2.847e+00 2.822e+00 2.943e+00 6.496e-01 -4.602e-01 6.493e-01
-6.170 -9.205 2.847e+00 2.825e+00 2.948e+00 2.850e+00 2.825e+00 2.946e+00 6.048e-01 -5.050e-01 6.045e-01
-6.140 -9.071 2.850e+00 2.827e+00 2.950e+00 2.852e+00 2.827e+00 2.948e+00 5.607e-01 -5.491e-01 5.604e-01
-6.110 -9.027 2.852e+00 2.830e+00 2.952e+00 2.854e+00 2.829e+00 2.951e+00 5.136e-01 -5.962e-01 5.133e-01
-6.080 -8.975 2.855e+00 2.832e+00 2.954e+00 2.856e+00 2.832e+00 2.953e+00 4.628e-01 -6.470e-01 4.624e-01
-6.050 -9.283 2.856e+00 2.834e+00 2.956e+00 2.858e+00 2.834e+00 2.955e+00 4.133e-01 -6.965e-01 4.129e-01
-6.020 -8.907 2.858e+00 2.835e+00 2.958e+00 2.859e+00 2.835e+00 2.956e+00 3.695e-01 -7.403e-01 3.691e-01
-5.990 -10.839 2.860e+00 2.837e+00 2.959e+00 2.861e+00 2.837e+00 2.958e+00 3.201e-01 -7.896e-01 3.198e-01
-5.960 -8.735 2.861e+00 2.838e+00 2.960e+00 2.862e+00 2.838e+00 2.959e+00 2.784e-01 -8.314e-01 2.781e-01
-5.929 -8.782 2.862e+00 2.839e+00 2.961e+00 2.863e+00 2.839e+00 2.960e+00 2.325e-01 -8.773e-01 2.321e-01
-5.900 -8.946 2.863e+00 2.840e+00 2.962e+00 2.864e+00 2.840e+00 2.961e+00 1.841e-01 -9.257e-01 1.837e-01
-5.870 -9.696 2.864e+00 2.841e+00 2.963e+00 2.865e+00 2.841e+00 2.962e+00 1.365e-01 -9.733e-01 1.361e-01
-5.840 -8.937 2.865e+00 2.842e+00 2.964e+00 2.866e+00 2.842e+00 2.963e+00 9.474e-02 -1.015e+00 9.437e-02
-5.810 -8.639 2.865e+00 2.842e+00 2.964e+00 2.866e+00 2.842e+00 2.964e+00 5.445e-02 -1.055e+00 5.409e-02
-5.780 -9.631 2.866e+00 2.843e+00 2.965e+00 2.867e+00 2.843e+00 2.964e+00 4.460e-03 -1.105e+00 4.097e-03
-5.750 -9.158 2.867e+00 2.843e+00 2.965e+00 2.867e+00 2.843e+00 2.965e+00 -3.820e-02 -1.148e+00 -3.857e-02
-5.720 -9.386 2.867e+00 2.844e+00 2.966e+00 2.868e+00 2.844e+00 2.966e+00 -8.089e-02 -1.191e+00 -8.125e-02
-5.690 -8.364 2.868e+00 2.844e+00 2.966e+00 2.868e+00 2.844e+00 2.966e+00 -1.158e-01 -1.226e+00 -1.162e-01
-5.660 -8.429 2.868e+00 2.845e+00 2.967e+00 2.868e+00 2.845e+00 2.966e+00 -1.596e-01 -1.269e+00 -1.599e-01
-5.630 -8.673 2.868e+00 2.845e+00 2.967e+00 2.869e+00 2.845e+00 2.967e+00 -2.039e-01 -1.314e+00 -2.043e-01
-5.599 -8.246 2.869e+00 2.845e+00 2.967e+00 2.869e+00 2.845e+00 2.967e+00 -2.384e-01 -1.348e+00 -2.387e-01
-5.569 -8.463 2.869e+00 2.846e+00 2.968e+00 2.869e+00 2.846e+00 2.967e+00 -2.833e-01 -1.393e+00 -2.837e-01
-5.540 -8.202 2.869e+00 2.846e+00 2.968e+00 2.870e+00 2.846e+00 2.968e+00 -3.176e-01 -1.427e+00 -3.180e-01
-5.510 -9.032 2.870e+00 2.846e+00 2.968e+00 2.870e+00 2.846e+00 2.968e+00 -3.610e-01 -1.471e+00 -3.613e-01
-5.480 -8.396 2.870e+00 2.846e+00 2.968e+00 2.870e+00 2.846e+00 2.968e+00 -3.959e-01 -1.506e+00 -3.963e-01
-5.449 -8.188 2.870e+00 2.847e+00 2.968e+00 2.870e+00 2.846e+00 2.968e+00 -4.310e-01 -1.541e+00 -4.315e-01
-5.419 -8.106 2.870e+00 2.847e+00 2.969e+00 2.870e+00 2.847e+00 2.968e+00 -4.653e-01 -1.575e+00 -4.657e-01
-5.390 -7.997 2.870e+00 2.847e+00 2.969e+00 2.871e+00 2.847e+00 2.969e+00 -5.007e-01 -1.611e+00 -5.011e-01
-5.360 -8.855 2.870e+00 2.847e+00 2.969e+00 2.871e+00 2.847e+00 2.969e+00 -5.455e-01 -1.655e+00 -5.460e-01
-5.330 -8.590 2.871e+00 2.847e+00 2.969e+00 2.871e+00 2.847e+00 2.969e+00 -5.814e-01 -1.691e+00 -5.817e-01
-5.300 -8.687 2.871e+00 2.847e+00 2.969e+00 2.871e+00 2.847e+00 2.969e+00 -6.161e-01 -1.726e+00 -6.165e-01
-5.270 -8.559 2.871e+00 2.847e+00 2.969e+00 2.871e+00 2.847e+00 2.969e+00 -6.506e-01 -1.760e+00 -6.510e-01
-5.240 -8.660 2.871e+00 2.847e+00 2.969e+00 2.871e+00 2.847e+00 2.969e+00 -6.863e-01 -1.796e+00 -6.867e-01
-5.210 -8.851 2.871e+00 2.848e+00 2.969e+00 2.871e+00 2.848e+00 2.969e+00 -7.212e-01 -1.831e+00 -7.215e-01
-5.179 -7.722 2.871e+00 2.848e+00 2.969e+00 2.871e+00 2.848e+00 2.969e+00 -7.475e-01 -1.857e+00 -7.479e-01
-5.150 -7.745 2.871e+00 2.848e+00 2.970e+00 2.871e+00 2.848e+00 2.969e+00 -7.826e-01 -1.892e+00 -7.830e-01
-5.120 -7.804 2.871e+00 2.848e+00 2.970e+00 2.871e+00 2.848e+00 2.970e+00 -8.179e-01 -1.928e+00 -8.183e-01
-5.090 -7.986 2.871e+00 2.848e+00 2.970e+00 2.871e+00 2.848e+00 2.970e+00 -8.537e-01 -1.963e+00 -8.540e-01
-5.060 -8.277 2.871e+00 2.848e+00 2.970e+00 2.871e+00 2.848e+00 2.970e+00 -8.897e-01 -2.000e+00 -8.901e-01
-5.030 -7.572 2.871e+00 2.848e+00 2.970e+00 2.872e+00 2.848e+00 2.970e+00 -9.149e-01 -2.025e+00 -9.152e-01
-5.000 -7.684 2.872e+00 2.848e+00 2.970e+00 2.872e+00 2.848e+00 2.970e+00 -9.509e-01 -2.061e+00 -9.513e-01
-4.970 -7.803 2.872e+00 2.848e+00 2.970e+00 2.872e+00 2.848e+00 2.970e+00 -9.890e-01 -2.099e+00 -9.893e-01
-4.940 -8.329 2.872e+00 2.848e+00 2.970e+00 2.872e+00 2.848e+00 2.970e+00 -1.028e+00 -2.138e+00 -1.028e+00
-4.909 -7.455 2.872e+00 2.848e+00 2.970e+00 2.872e+00 2.848e+00 2.970e+00 -1.057e+00 -2.167e+00 -1.058e+00
-4.880 -7.746 2.872e+00 2.848e+00 2.970e+00 2.872e+00 2.848e+00 2.970e+00 -1.096e+00 -2.206e+00 -1.096e+00
-4.850 -8.933 2.872e+00 2.848e+00 2.970e+00 2.872e+00 2.848e+00 2.970e+00 -1.132e+00 -2.242e+00 -1.132e+00
-4.820 -7.524 2.872e+00 2.848e+00 2.970e+00 2.872e+00 2.848e+00 2.970e+00 -1.163e+00 -2.273e+00 -1.164e+00
-4.790 -7.859 2.872e+00 2.848e+00 2.970e+00 2.872e+00 2.848e+00 2.970e+00 -1.205e+00 -2.315e+00 -1.205e+00
-4.760 -7.394 2.872e+00 2.848e+00 2.970e+00 2.872e+00 2.848e+00 2.970e+00 -1.236e+00 -2.346e+00 -1.237e+00
-4.730 -7.959 2.872e+00 2.848e+00 2.970e+00 2.872e+00 2.848e+00 2.970e+00 -1.283e+00 -2.393e+00 -1.283e+00
-4.700 -7.404 2.872e+00 2.848e+00 2.970e+00 2.872e+00 2.848e+00 2.970e+00 -1.314e+00 -2.424e+00 -1.315e+00
-4.669 -7.126 2.872e+00 2.848e+00 2.970e+00 2.872e+00 2.848e+00 2.970e+00 -1.347e+00 -2.457e+00 -1.348e+00
-4.640 -7.691 2.872e+00 2.848e+00 2.970e+00 2.872e+00 2.848e+00 2.970e+00 -1.396e+00 -2.506e+00 -1.397e+00
-4.609 -7.277 2.872e+00 2.848e+00 2.970e+00 2.872e+00 2.848e+00 2.970e+00 -1.431e+00 -2.541e+00 -1.432e+00
-4.580 -7.113 2.872e+00 2.848e+00 2.970e+00 2.872e+00 2.848e+00 2.970e+00 -1.467e+00 -2.577e+00 -1.468e+00
-4.549 -6.978 2.872e+00 2.848e+00 2.970e+00 2.872e+00 2.848e+00 2.970e+00 -1.503e+00 -2.613e+00 -1.504e+00
-4.520 -8.023 2.872e+00 2.848e+00 2.970e+00 2.872e+00 2.848e+00 2.970e+00 -1.553e+00 -2.663e+00 -1.554e+00
-4.490 -7.597 2.872e+00 2.848e+00 2.970e+00 2.872e+00 2.848e+00 2.970e+00 -1.594e+00 -2.704e+00 -1.594e+00
-4.460 -7.411 2.872e+00 2.848e+00 2.970e+00 2.872e+00 2.848e+00 2.970e+00 -1.635e+00 -2.745e+00 -1.635e+00
-4.430 -7.432 2.872e+00 2.848e+00 2.970e+00 2.872e+00 2.848e+00 2.970e+00 -1.677e+00 -2.787e+00 -1.678e+00
-4.400 -7.796 2.872e+00 2.848e+00 2.970e+00 2.872e+00 2.848e+00 2.970e+00 -1.722e+00 -2.832e+00 -1.722e+00
-4.369 -6.716 2.872e+00 2.848e+00 2.970e+00 2.872e+00 2.848e+00 2.970e+00 -1.750e+00 -2.860e+00 -1.751e+00
-4.340 -6.850 2.872e+00 2.848e+00 2.970e+00 2.872e+00 2.848e+00 2.970e+00 -1.800e+00 -2.910e+00 -1.800e+00
-4.309 -6.929 2.872e+00 2.849e+00 2.970e+00 2.872e+00 2.849e+00 2.970e+00 -1.853e+00 -2.963e+00 -1.854e+00
-4.280 -7.424 2.872e+00 2.849e+00 2.970e+00 2.872e+00 2.849e+00 2.970e+00 -1.910e+00 -3.021e+00 -1.911e+00
-4.249 -6.678 2.872e+00 2.849e+00 2.970e+00 2.872e+00 2.849e+00 2.970e+00 -1.944e+00 -3.054e+00 -1.945e+00
-4.220 -7.219 2.872e+00 2.849e+00 2.970e+00 2.872e+00 2.849e+00 2.970e+00 -2.004e+00 -3.114e+00 -2.006e+00
-4.189 -6.647 2.872e+00 2.849e+00 2.970e+00 2.872e+00 2.849e+00 2.970e+00 -2.037e+00 -3.147e+00 -2.038e+00
-4.160 -7.956 2.872e+00 2.849e+00 2.970e+00 2.872e+00 2.849e+00 2.970e+00 -2.096e+00 -3.207e+00 -2.097e+00
-4.130 -6.745 2.872e+00 2.849e+00 2.970e+00 2.872e+00 2.849e+00 2.970e+00 -2.142e+00 -3.253e+00 -2.143e+00
-4.100 -6.432 2.872e+00 2.849e+00 2.970e+00 2.872e+00 2.849e+00 2.970e+00 -2.179e+00 -3.290e+00 -2.181e+00
-4.070 -7.622 2.872e+00 2.849e+00 2.970e+00 2.872e+00 2.849e+00 2.970e+00 -2.246e+00 -3.356e+00 -2.247e+00
-4.040 -6.872 2.872e+00 2.849e+00 2.970e+00 2.872e+00 2.849e+00 2.970e+00 -2.292e+00 -3.402e+00 -2.293e+00
-4.009 -6.642 2.872e+00 2.849e+00 2.970e+00 2.872e+00 2.849e+00 2.970e+00 -2.338e+00 -3.448e+00 -2.339e+00
-3.978 -6.432 2.872e+00 2.849e+00 2.970e+00 2.872e+00 2.849e+00 2.970e+00 -2.384e+00 -3.495e+00 -2.384e+00
-3.949 -6.337 2.872e+00 2.849e+00 2.970e+00 2.872e+00 2.849e+00 2.970e+00 -2.431e+00 -3.542e+00 -2.432e+00
-3.919 -6.273 2.872e+00 2.849e+00 2.970e+00 2.872e+00 2.849e+00 2.970e+00 -2.485e+00 -3.596e+00 -2.487e+00
-3.890 -6.271 2.872e+00 2.849e+00 2.970e+00 2.872e+00 2.849e+00 2.970e+00 -2.540e+00 -3.651e+00 -2.541e+00
-3.859 -6.292 2.872e+00 2.849e+00 2.970e+00 2.872e+00 2.849e+00 2.970e+00 -2.590e+00 -3.701e+00 -2.592e+00
-3.830 -6.382 2.872e+00 2.849e+00 2.970e+00 2.872e+00 2.849e+00 2.970e+00 -2.655e+00 -3.766e+00 -2.656e+00
-3.800 -6.690 2.872e+00 2.849e+00 2.970e+00 2.872e+00 2.849e+00 2.970e+00 -2.717e+00 -3.828e+00 -2.719e+00
-3.766 -5.768 2.872e+00 2.849e+00 2.970e+00 2.872e+00 2.849e+00 2.970e+00 -2.728e+00 -3.839e+00 -2.730e+00
-3.740 -5.898 2.872e+00 2.849e+00 2.970e+00 2.872e+00 2.849e+00 2.970e+00 -2.805e+00 -3.916e+00 -2.807e+00
-3.710 -6.155 2.872e+00 2.849e+00 2.970e+00 2.872e+00 2.849e+00 2.970e+00 -2.890e+00 -4.002e+00 -2.893e+00
-3.678 -5.613 2.872e+00 2.849e+00 2.970e+00 2.872e+00 2.849e+00 2.970e+00 -2.899e+00 -4.010e+00 -2.902e+00
-3.647 -5.745 2.872e+00 2.849e+00 2.970e+00 2.872e+00 2.849e+00 2.970e+00 -2.990e+00 -4.102e+00 -2.991e+00
-3.620 -6.731 2.872e+00 2.849e+00 2.970e+00 2.872e+00 2.849e+00 2.970e+00 -3.090e+00 -4.202e+00 -3.092e+00
-3.589 -5.646 2.872e+00 2.849e+00 2.970e+00 2.872e+00 2.849e+00 2.970e+00 -3.112e+00 -4.223e+00 -3.115e+00
-3.560 -6.901 2.872e+00 2.849e+00 2.970e+00 2.872e+00 2.849e+00 2.970e+00 -3.222e+00 -4.336e+00 -3.225e+00
-3.529 -5.599 2.872e+00 2.849e+00 2.970e+00 2.872e+00 2.849e+00 2.970e+00 -3.250e+00 -4.363e+00 -3.254e+00
-3.495 -5.274 2.872e+00 2.849e+00 2.970e+00 2.872e+00 2.849e+00 2.970e+00 -3.258e+00 -4.371e+00 -3.261e+00
-3.469 -5.783 2.872e+00 2.849e+00 2.970e+00 2.872e+00 2.849e+00 2.970e+00 -3.396e+00 -4.509e+00 -3.398e+00
-3.439 -5.349 2.872e+00 2.849e+00 2.970e+00 2.872e+00 2.849e+00 2.970e+00 -3.409e+00 -4.524e+00 -3.416e+00
-3.401 -5.078 2.872e+00 2.849e+00 2.970e+00 2.872e+00 2.849e+00 2.970e+00 -3.417e+00 -4.530e+00 -3.425e+00
-3.377 -5.576 2.872e+00 2.849e+00 2.970e+00 2.872e+00 2.849e+00 2.970e+00 -3.601e+00 -4.715e+00 -3.604e+00
-3.346 -5.196 2.872e+00 2.849e+00 2.970e+00 2.872e+00 2.849e+00 2.970e+00 -3.614e+00 -4.728e+00 -3.620e+00
-3.313 -4.979 2.872e+00 2.849e+00 2.970e+00 2.872e+00 2.849e+00 2.970e+00 -3.622e+00 -4.737e+00 -3.632e+00
-3.290 -6.779 2.872e+00 2.849e+00 2.970e+00 2.872e+00 2.849e+00 2.970e+00 -3.806e+00 -4.922e+00 -3.809e+00
-3.257 -5.314 2.872e+00 2.849e+00 2.970e+00 2.872e+00 2.849e+00 2.970e+00 -3.866e+00 -4.984e+00 -3.870e+00
-3.223 -4.989 2.872e+00 2.849e+00 2.970e+00 2.872e+00 2.849e+00 2.970e+00 -3.880e+00 -4.994e+00 -3.886e+00
-3.195 -4.826 2.872e+00 2.849e+00 2.970e+00 2.872e+00 2.849e+00 2.970e+00 -3.886e+00 -5.002e+00 -3.889e+00
-3.157 -4.664 2.872e+00 2.849e+00 2.970e+00 2.872e+00 2.849e+00 2.970e+00 -3.898e+00 -4.955e+00 -3.905e+00
-3.140 -6.366 2.872e+00 2.849e+00 2.970e+00 2.872e+00 2.849e+00 2.970e+00 -4.123e+00 -5.240e+00 -4.130e+00
-3.109 -5.173 2.872e+00 2.849e+00 2.970e+00 2.872e+00 2.849e+00 2.970e+00 -4.183e+00 -5.314e+00 -4.188e+00
-3.075 -4.848 2.872e+00 2.849e+00 2.970e+00 2.872e+00 2.849e+00 2.970e+00 -4.199e+00 -5.321e+00 -4.206e+00
-3.047 -4.685 2.872e+00 2.849e+00 2.970e+00 2.872e+00 2.849e+00 2.970e+00 -4.249e+00 -4.994e+00 -4.268e+00
-3.010 -4.522 2.872e+00 2.849e+00 2.970e+00 2.872e+00 2.849e+00 2.970e+00 -4.236e+00 -5.135e+00 -4.248e+00
-2.979 -4.414 2.872e+00 2.849e+00 2.970e+00 2.872e+00 2.849e+00 2.970e+00 -4.269e+00 -4.984e+00 -4.289e+00
-2.942 -4.305 2.872e+00 2.849e+00 2.970e+00 2.872e+00 2.849e+00 2.970e+00 -4.229e+00 -5.342e+00 -4.238e+00
-2.921 -4.251 2.872e+00 2.849e+00 2.970e+00 2.872e+00 2.849e+00 2.970e+00 -4.232e+00 -5.350e+00 -4.241e+00
-2.899 -5.126 2.872e+00 2.849e+00 2.970e+00 2.872e+00 2.849e+00 2.970e+00 -4.655e+00 -5.495e+00 -4.669e+00
-2.869 -4.746 2.872e+00 2.849e+00 2.970e+00 2.872e+00 2.849e+00 2.970e+00 -4.671e+00 -5.596e+00 -4.678e+00
-2.838 -4.529 2.872e+00 2.849e+00 2.970e+00 2.872e+00 2.849e+00 2.970e+00 -4.725e+00 -5.414e+00 -4.734e+00
-2.805 -4.367 2.872e+00 2.849e+00 2.970e+00 2.872e+00 2.849e+00 2.970e+00 -4.720e+00 -5.512e+00 -4.736e+00
-2.778 -4.258 2.872e+00 2.849e+00 2.970e+00 2.872e+00 2.849e+00 2.970e+00 -4.732e+00 -5.514e+00 -4.741e+00
-2.744 -4.150 2.872e+00 2.849e+00 2.970e+00 2.872e+00 2.849e+00 2.970e+00 -4.722e+00 -5.642e+00 -4.730e+00
-2.705 -4.041 2.872e+00 2.849e+00 2.970e+00 2.872e+00 2.849e+00 2.970e+00 -4.726e+00 -5.666e+00 -4.734e+00
-2.683 -3.987 2.872e+00 2.849e+00 2.970e+00 2.872e+00 2.849e+00 2.970e+00 -4.861e+00 -5.189e+00 -4.921e+00
-2.659 -3.933 2.872e+00 2.849e+00 2.970e+00 2.872e+00 2.849e+00 2.970e+00 -4.771e+00 -5.494e+00 -4.781e+00
-2.606 -3.824 2.872e+00 2.849e+00 2.970e+00 2.872e+00 2.849e+00 2.970e+00 -4.773e+00 -5.528e+00 -4.792e+00
-2.578 -3.770 2.872e+00 2.849e+00 2.970e+00 2.872e+00 2.849e+00 2.970e+00 -4.752e+00 -5.697e+00 -4.760e+00
-2.547 -3.716 2.872e+00 2.849e+00 2.970e+00 2.872e+00 2.849e+00 2.970e+00 -4.932e+00 -5.141e+00 -5.012e+00
-2.540 -5.251 2.872e+00 2.849e+00 2.970e+00 2.872e+00 2.849e+00 2.970e+00 -5.693e+00 -6.158e+00 -5.754e+00
-2.507 -4.492 2.872e+00 2.849e+00 2.970e+00 2.872e+00 2.849e+00 2.970e+00 -5.962e+00 -6.123e+00 -6.105e+00
-2.475 -4.221 2.872e+00 2.849e+00 2.970e+00 2.872e+00 2.849e+00 2.970e+00 -5.916e+00 -6.399e+00 -5.992e+00
-2.446 -4.058 2.872e+00 2.849e+00 2.970e+00 2.872e+00 2.849e+00 2.970e+00 -6.135e+00 -6.137e+00 -6.367e+00
-2.407 -3.896 2.872e+00 2.849e+00 2.970e+00 2.872e+00 2.849e+00 2.970e+00 -5.921e+00 -6.807e+00 -5.970e+00
-2.374 -3.787 2.872e+00 2.849e+00 2.970e+00 2.872e+00 2.849e+00 2.970e+00 -5.944e+00 -6.858e+00 -5.996e+00
-2.355 -3.733 2.872e+00 2.849e+00 2.970e+00 2.872e+00 2.849e+00 2.970e+00 -6.308e+00 -6.153e+00 -6.715e+00
-2.313 -3.625 2.872e+00 2.849e+00 2.970e+00 2.872e+00 2.849e+00 2.970e+00 -6.291e+00 -6.224e+00 -6.614e+00
-2.290 -3.570 2.872e+00 2.849e+00 2.970e+00 2.872e+00 2.849e+00 2.970e+00 -6.051e+00 -6.692e+00 -6.130e+00
-2.265 -3.516 2.872e+00 2.849e+00 2.970e+00 2.872e+00 2.849e+00 2.970e+00 -6.328e+00 -6.253e+00 -6.674e+00
-2.238 -3.462 2.872e+00 2.849e+00 2.970e+00 2.872e+00 2.849e+00 2.970e+00 -6.133e+00 -6.538e+00 -6.212e+00
-2.210 -3.408 2.872e+00 2.849e+00 2.970e+00 2.872e+00 2.849e+00 2.970e+00 -6.286e+00 -6.339e+00 -6.539e+00
-2.180 -3.353 2.872e+00 2.849e+00 2.970e+00 2.872e+00 2.849e+00 2.970e+00 -6.105e+00 -6.745e+00 -6.187e+00
-2.148 -3.299 2.872e+00 2.849e+00 2.970e+00 2.872e+00 2.849e+00 2.970e+00 -6.373e+00 -6.313e+00 -6.735e+00
-2.114 -3.245 2.872e+00 2.849e+00 2.970e+00 2.872e+00 2.849e+00 2.970e+00 -6.127e+00 -6.810e+00 -6.209e+00
-2.079 -3.191 2.872e+00 2.849e+00 2.970e+00 2.872e+00 2.849e+00 2.970e+00 -6.428e+00 -6.323e+00 -6.866e+00
-2.043 -3.136 2.872e+00 2.849e+00 2.970e+00 2.872e+00 2.849e+00 2.970e+00 -6.152e+00 -6.862e+00 -6.237e+00
-2.005 -3.082 2.872e+00 2.849e+00 2.970e+00 2.872e+00 2.849e+00 2.970e+00 -6.437e+00 -6.369e+00 -6.850e+00
-1.966 -3.028 2.872e+00 2.849e+00 2.970e+00 2.872e+00 2.849e+00 2.970e+00 -6.181e+00 -6.896e+00 -6.274e+00