# ASY method (with partition functions): 39251 integration steps in 7.1697e-01 seconds
# All quantities except Asy, RG_PE, and sumX are log10(x)
# Log of absolute values for E and dE/dt as they can be negative
# Units: t and dt in s; E in erg; dE/dt in erg/g/s; others dimensionless 
#
#    t     dt     |E|  |dE/dt| Asy  Equil  sumX  X(1H)     X(2H)     X(3He)     

-10.929 -11.859  9.505 20.437 0.429 0.000 1.000 -1.249e-01 -1.024e+01 -8.842e+00
-10.874 -11.805  9.559 20.437 0.429 0.000 1.000 -1.249e-01 -1.017e+01 -8.788e+00
-10.820 -11.751  9.614 20.437 0.429 0.000 1.000 -1.249e-01 -1.011e+01 -8.735e+00
-10.766 -11.696  9.669 20.438 0.429 0.000 1.000 -1.249e-01 -1.005e+01 -8.681e+00
-10.712 -11.642  9.723 20.438 0.429 0.000 1.000 -1.249e-01 -9.983e+00 -8.628e+00
-10.657 -11.588  9.778 20.438 0.429 0.000 1.000 -1.249e-01 -9.921e+00 -8.575e+00
-10.603 -11.534  9.832 20.438 0.429 0.000 1.000 -1.249e-01 -9.860e+00 -8.521e+00
-10.549 -11.479  9.887 20.437 0.429 0.000 1.000 -1.249e-01 -9.800e+00 -8.468e+00
-10.495 -11.425  9.941 20.437 0.429 0.000 1.000 -1.249e-01 -9.741e+00 -8.414e+00
-10.441 -11.371  9.995 20.437 0.429 0.000 1.000 -1.249e-01 -9.682e+00 -8.361e+00
-10.386 -11.317 10.050 20.437 0.429 0.000 1.000 -1.249e-01 -9.631e+00 -8.313e+00
-10.332 -11.262 10.104 20.436 0.429 0.000 1.000 -1.249e-01 -9.579e+00 -8.265e+00
-10.278 -11.208 10.158 20.436 0.571 0.000 1.000 -1.249e-01 -9.553e+00 -8.216e+00
-10.224 -11.154 10.214 20.449 0.571 0.000 1.000 -1.249e-01 -9.514e+00 -8.169e+00
-10.169 -11.100 10.270 20.456 0.571 0.000 1.000 -1.249e-01 -9.468e+00 -8.122e+00
-10.115 -11.046 10.327 20.460 0.571 0.000 1.000 -1.249e-01 -9.421e+00 -8.075e+00
-10.061 -10.991 10.384 20.463 0.571 0.000 1.000 -1.249e-01 -9.373e+00 -8.029e+00
-10.007 -10.937 10.441 20.466 0.571 0.000 1.000 -1.249e-01 -9.325e+00 -7.982e+00
-9.952 -10.883 10.497 20.469 0.571 0.000 1.000 -1.249e-01 -9.277e+00 -7.936e+00
-9.898 -10.829 10.554 20.472 0.571 0.000 1.000 -1.249e-01 -9.229e+00 -7.889e+00
-9.844 -10.774 10.611 20.476 0.571 0.000 1.000 -1.249e-01 -9.182e+00 -7.843e+00
-9.790 -10.720 10.668 20.479 0.571 0.000 1.000 -1.249e-01 -9.135e+00 -7.798e+00
-9.736 -10.666 10.726 20.483 0.571 0.000 1.000 -1.249e-01 -9.088e+00 -7.752e+00
-9.681 -10.612 10.783 20.487 0.571 0.000 1.000 -1.249e-01 -9.042e+00 -7.708e+00
-9.627 -10.557 10.840 20.490 0.571 0.000 1.000 -1.249e-01 -8.997e+00 -7.664e+00
-9.573 -10.503 10.898 20.494 0.571 0.000 1.000 -1.249e-01 -8.953e+00 -7.621e+00
-9.519 -10.449 10.955 20.498 0.571 0.000 1.000 -1.249e-01 -8.909e+00 -7.579e+00
-9.464 -10.395 11.013 20.501 0.571 0.000 1.000 -1.249e-01 -8.866e+00 -7.537e+00
-9.410 -10.341 11.070 20.504 0.571 0.000 1.000 -1.249e-01 -8.825e+00 -7.497e+00
-9.356 -10.286 11.128 20.506 0.571 0.000 1.000 -1.249e-01 -8.784e+00 -7.458e+00
-9.302 -10.232 11.185 20.508 0.571 0.000 1.000 -1.249e-01 -8.745e+00 -7.420e+00
-9.248 -10.178 11.242 20.509 0.714 0.000 1.000 -1.249e-01 -8.707e+00 -7.402e+00
-9.193 -10.124 11.292 20.453 0.714 0.000 1.000 -1.249e-01 -8.687e+00 -7.375e+00
-9.139 -10.069 11.345 20.477 0.714 0.000 1.000 -1.249e-01 -8.661e+00 -7.354e+00
-9.085 -10.015 11.397 20.462 0.714 0.000 1.000 -1.249e-01 -8.639e+00 -7.330e+00
-9.031 -9.961 11.449 20.467 0.714 0.000 1.000 -1.249e-01 -8.616e+00 -7.309e+00
-8.981 -9.948 11.497 20.459 0.714 0.000 1.000 -1.249e-01 -8.594e+00 -7.288e+00
-8.935 -9.935 11.541 20.458 0.714 0.000 1.000 -1.249e-01 -8.573e+00 -7.268e+00
-8.893 -9.922 11.581 20.450 0.714 0.000 1.000 -1.249e-01 -8.554e+00 -7.250e+00
-8.853 -9.910 11.618 20.446 0.714 0.000 1.000 -1.249e-01 -8.535e+00 -7.232e+00
-8.824 -10.023 11.645 20.439 0.714 0.000 1.000 -1.249e-01 -8.517e+00 -7.216e+00
-8.794 -9.969 11.672 20.427 0.429 0.000 1.000 -1.249e-01 -8.501e+00 -7.214e+00
-8.763 -9.914 11.697 20.347 0.571 0.000 1.000 -1.249e-01 -8.500e+00 -7.206e+00
-8.729 -9.860 11.725 20.381 0.429 0.000 1.000 -1.249e-01 -8.499e+00 -7.206e+00
-8.729 -12.684 11.725 20.381 0.286 0.000 1.000 -1.249e-01 -8.499e+00 -7.206e+00
-8.729 -12.630 11.725 20.381 0.286 0.000 1.000 -1.249e-01 -8.498e+00 -7.206e+00
-8.729 -12.575 11.725 20.380 0.429 0.000 1.000 -1.249e-01 -8.498e+00 -7.206e+00
-8.729 -12.521 11.725 20.378 0.286 0.000 1.000 -1.249e-01 -8.498e+00 -7.206e+00
-8.729 -12.467 11.725 20.377 0.286 0.000 1.000 -1.249e-01 -8.497e+00 -7.206e+00
-8.729 -12.413 11.725 20.376 0.286 0.000 1.000 -1.249e-01 -8.497e+00 -7.205e+00
-8.729 -12.358 11.725 20.375 0.286 0.000 1.000 -1.249e-01 -8.497e+00 -7.205e+00
-8.729 -12.304 11.725 20.374 0.286 0.000 1.000 -1.249e-01 -8.497e+00 -7.205e+00
-8.728 -12.250 11.725 20.374 0.286 0.000 1.000 -1.249e-01 -8.496e+00 -7.205e+00
-8.728 -12.196 11.725 20.373 0.286 0.000 1.000 -1.249e-01 -8.496e+00 -7.205e+00
-8.728 -12.142 11.725 20.372 0.286 0.000 1.000 -1.249e-01 -8.496e+00 -7.205e+00
-8.728 -12.087 11.726 20.372 0.286 0.000 1.000 -1.249e-01 -8.496e+00 -7.205e+00
-8.728 -12.033 11.726 20.371 0.286 0.000 1.000 -1.249e-01 -8.496e+00 -7.205e+00
-8.727 -11.979 11.726 20.371 0.286 0.000 1.000 -1.249e-01 -8.496e+00 -7.205e+00
-8.727 -11.925 11.726 20.371 0.286 0.000 1.000 -1.249e-01 -8.496e+00 -7.205e+00
-8.727 -11.870 11.726 20.371 0.286 0.000 1.000 -1.249e-01 -8.496e+00 -7.205e+00
-8.727 -11.816 11.727 20.370 0.143 0.000 1.000 -1.249e-01 -8.496e+00 -7.205e+00
-8.726 -11.762 11.727 20.370 0.286 0.000 1.000 -1.249e-01 -8.495e+00 -7.205e+00
-8.726 -11.708 11.727 20.370 0.286 0.000 1.000 -1.249e-01 -8.495e+00 -7.205e+00
-8.725 -11.653 11.728 20.369 0.286 0.000 1.000 -1.249e-01 -8.495e+00 -7.204e+00
-8.725 -11.599 11.728 20.369 0.286 0.000 1.000 -1.249e-01 -8.495e+00 -7.204e+00
-8.724 -11.545 11.729 20.369 0.286 0.000 1.000 -1.249e-01 -8.495e+00 -7.204e+00
-8.723 -11.491 11.730 20.368 0.286 0.000 1.000 -1.249e-01 -8.495e+00 -7.204e+00
-8.722 -11.437 11.730 20.368 0.286 0.000 1.000 -1.249e-01 -8.495e+00 -7.204e+00
-8.721 -11.382 11.731 20.368 0.143 0.000 1.000 -1.249e-01 -8.495e+00 -7.204e+00
-8.720 -11.328 11.732 20.368 0.143 0.000 1.000 -1.249e-01 -8.495e+00 -7.204e+00
-8.719 -11.274 11.733 20.368 0.286 0.000 1.000 -1.249e-01 -8.495e+00 -7.204e+00
-8.718 -11.220 11.734 20.367 0.286 0.000 1.000 -1.249e-01 -8.495e+00 -7.204e+00
-8.716 -11.165 11.735 20.367 0.286 0.000 1.000 -1.249e-01 -8.495e+00 -7.204e+00
-8.714 -11.111 11.737 20.367 0.286 0.000 1.000 -1.249e-01 -8.495e+00 -7.204e+00
-8.712 -11.057 11.738 20.367 0.286 0.000 1.000 -1.249e-01 -8.494e+00 -7.204e+00
-8.710 -11.003 11.740 20.366 0.286 0.000 1.000 -1.249e-01 -8.494e+00 -7.204e+00
-8.690 -10.677 11.757 20.365 0.143 0.000 1.000 -1.249e-01 -8.494e+00 -7.204e+00
-8.658 -10.406 11.784 20.364 0.286 0.000 1.000 -1.249e-01 -8.494e+00 -7.203e+00
-8.629 -10.244 11.808 20.363 0.143 0.000 1.000 -1.249e-01 -8.493e+00 -7.203e+00
-8.590 -10.081 11.841 20.363 0.286 0.000 1.000 -1.249e-01 -8.493e+00 -7.203e+00
-8.557 -9.972 11.869 20.363 0.286 0.000 1.000 -1.249e-01 -8.493e+00 -7.203e+00
-8.539 -9.918 11.885 20.362 0.286 0.000 1.000 -1.249e-01 -8.493e+00 -7.203e+00
-8.509 -11.108 11.911 20.357 0.286 0.000 1.000 -1.249e-01 -8.490e+00 -7.201e+00
-8.478 -10.458 11.938 20.356 0.286 0.000 1.000 -1.249e-01 -8.490e+00 -7.201e+00
-8.446 -10.187 11.966 20.356 0.286 0.000 1.000 -1.249e-01 -8.489e+00 -7.200e+00
-8.416 -10.024 11.992 20.355 0.286 0.000 1.000 -1.249e-01 -8.489e+00 -7.200e+00
-8.377 -9.861 12.027 20.355 0.000 0.000 1.000 -1.249e-01 -8.489e+00 -7.200e+00
-8.358 -10.664 12.044 20.352 0.286 0.000 1.000 -1.249e-01 -8.486e+00 -7.198e+00
-8.328 -10.230 12.071 20.352 0.286 0.000 1.000 -1.249e-01 -8.486e+00 -7.198e+00
-8.299 -10.013 12.097 20.352 0.286 0.000 1.000 -1.249e-01 -8.486e+00 -7.197e+00
-8.267 -9.850 12.126 20.351 0.143 0.000 1.000 -1.249e-01 -8.486e+00 -7.197e+00
-8.239 -10.372 12.151 20.349 0.143 0.000 1.000 -1.249e-01 -8.484e+00 -7.195e+00
-8.210 -10.047 12.178 20.349 0.143 0.000 1.000 -1.249e-01 -8.483e+00 -7.195e+00
-8.176 -9.830 12.209 20.349 0.286 0.000 1.000 -1.249e-01 -8.483e+00 -7.195e+00
-8.148 -10.275 12.235 20.348 0.286 0.000 1.000 -1.249e-01 -8.481e+00 -7.192e+00
-8.118 -9.950 12.262 20.347 0.286 0.000 1.000 -1.249e-01 -8.480e+00 -7.192e+00
-8.088 -10.502 12.290 20.346 0.143 0.000 1.000 -1.249e-01 -8.477e+00 -7.189e+00
-8.060 -10.014 12.317 20.346 0.286 0.000 1.000 -1.249e-01 -8.477e+00 -7.189e+00
-8.029 -10.504 12.345 20.345 0.286 0.000 1.000 -1.249e-01 -8.475e+00 -7.187e+00
-7.999 -9.962 12.373 20.344 0.286 0.000 1.000 -1.249e-01 -8.475e+00 -7.186e+00
-7.968 -10.258 12.402 20.343 0.286 0.000 1.000 -1.249e-01 -8.472e+00 -7.184e+00
-7.937 -9.824 12.432 20.343 0.286 0.000 1.000 -1.249e-01 -8.472e+00 -7.183e+00
-7.909 -10.048 12.458 20.342 0.286 0.000 1.000 -1.249e-01 -8.469e+00 -7.181e+00
-7.880 -10.364 12.485 20.341 0.286 0.000 1.000 -1.249e-01 -8.467e+00 -7.179e+00
-7.850 -11.509 12.514 20.340 0.286 0.000 1.000 -1.249e-01 -8.466e+00 -7.177e+00
-7.818 -9.882 12.544 20.339 0.143 0.000 1.000 -1.249e-01 -8.464e+00 -7.176e+00
-7.789 -9.979 12.572 20.338 0.143 0.000 1.000 -1.249e-01 -8.462e+00 -7.173e+00
-7.758 -10.040 12.601 20.336 0.286 0.000 1.000 -1.249e-01 -8.459e+00 -7.171e+00
-7.728 -10.061 12.629 20.335 0.286 0.000 1.000 -1.249e-01 -8.456e+00 -7.168e+00
-7.699 -10.018 12.657 20.334 0.286 0.000 1.000 -1.249e-01 -8.454e+00 -7.166e+00
-7.668 -9.874 12.687 20.332 0.286 0.000 1.000 -1.249e-01 -8.451e+00 -7.162e+00
-7.639 -9.810 12.714 20.331 0.143 0.000 1.000 -1.249e-01 -8.448e+00 -7.160e+00
-7.610 -10.473 12.742 20.328 0.143 0.000 1.000 -1.249e-01 -8.444e+00 -7.156e+00
-7.579 -10.029 12.771 20.327 0.286 0.000 1.000 -1.249e-01 -8.441e+00 -7.153e+00
-7.550 -10.818 12.799 20.324 0.286 0.000 1.000 -1.249e-01 -8.437e+00 -7.149e+00
-7.520 -9.970 12.827 20.322 0.286 0.000 1.000 -1.249e-01 -8.434e+00 -7.146e+00
-7.490 -10.212 12.855 20.319 0.286 0.000 1.000 -1.249e-01 -8.429e+00 -7.141e+00
-7.460 -10.458 12.883 20.316 0.286 0.000 1.000 -1.249e-01 -8.424e+00 -7.136e+00
-7.430 -10.994 12.911 20.313 0.286 0.000 1.000 -1.249e-01 -8.420e+00 -7.132e+00
-7.400 -11.625 12.939 20.310 0.143 0.000 1.000 -1.249e-01 -8.415e+00 -7.127e+00
-7.370 -10.319 12.968 20.306 0.143 0.000 1.000 -1.249e-01 -8.410e+00 -7.122e+00
-7.339 -9.926 12.996 20.303 0.286 0.000 1.000 -1.249e-01 -8.405e+00 -7.117e+00
-7.310 -10.487 13.023 20.298 0.286 0.000 1.000 -1.249e-01 -8.398e+00 -7.110e+00
-7.279 -9.781 13.052 20.294 0.286 0.000 1.000 -1.249e-01 -8.393e+00 -7.105e+00
-7.250 -9.926 13.078 20.289 0.286 0.000 1.000 -1.249e-01 -8.387e+00 -7.099e+00
-7.219 -9.881 13.106 20.284 0.286 0.000 1.000 -1.249e-01 -8.381e+00 -7.093e+00
-7.190 -9.796 13.133 20.278 0.286 0.000 1.000 -1.249e-01 -8.375e+00 -7.087e+00
-7.160 -10.171 13.160 20.271 0.286 0.000 1.000 -1.249e-01 -8.367e+00 -7.079e+00
-7.130 -9.835 13.187 20.265 0.143 0.000 1.000 -1.249e-01 -8.361e+00 -7.073e+00
-7.099 -9.885 13.213 20.257 0.286 0.000 1.000 -1.249e-01 -8.352e+00 -7.064e+00
-7.070 -9.983 13.239 20.249 0.286 0.000 1.000 -1.249e-01 -8.345e+00 -7.057e+00
-7.040 -9.929 13.265 20.241 0.143 0.000 1.000 -1.249e-01 -8.338e+00 -7.050e+00
-7.010 -10.854 13.291 20.230 0.286 0.000 1.000 -1.249e-01 -8.329e+00 -7.041e+00
-6.980 -9.827 13.316 20.221 0.286 0.000 1.000 -1.249e-01 -8.322e+00 -7.034e+00
-6.950 -9.923 13.341 20.210 0.286 0.000 1.000 -1.249e-01 -8.313e+00 -7.026e+00
-6.920 -9.808 13.366 20.199 0.286 0.000 1.000 -1.249e-01 -8.306e+00 -7.018e+00
-6.890 -10.935 13.390 20.185 0.286 0.000 1.000 -1.249e-01 -8.297e+00 -7.009e+00
-6.860 -9.856 13.414 20.171 0.143 0.000 1.000 -1.249e-01 -8.288e+00 -7.001e+00
-6.830 -9.962 13.438 20.155 0.286 0.000 1.000 -1.249e-01 -8.279e+00 -6.992e+00
-6.800 -9.932 13.461 20.139 0.286 0.000 1.000 -1.249e-01 -8.271e+00 -6.983e+00
-6.770 -9.718 13.483 20.123 0.143 0.000 1.000 -1.249e-01 -8.263e+00 -6.975e+00
-6.740 -10.036 13.505 20.102 0.286 0.000 1.000 -1.249e-01 -8.253e+00 -6.966e+00
-6.710 -10.384 13.526 20.082 0.286 0.000 1.000 -1.249e-01 -8.245e+00 -6.958e+00
-6.680 -10.503 13.547 20.060 0.286 0.000 1.000 -1.249e-01 -8.237e+00 -6.950e+00
-6.650 -10.227 13.567 20.038 0.286 0.000 1.000 -1.249e-01 -8.229e+00 -6.942e+00
-6.620 -10.009 13.587 20.013 0.286 0.000 1.000 -1.249e-01 -8.221e+00 -6.934e+00
-6.590 -9.722 13.606 19.988 0.286 0.000 1.000 -1.249e-01 -8.214e+00 -6.927e+00
-6.560 -9.505 13.624 19.961 0.286 0.000 1.000 -1.249e-01 -8.207e+00 -6.920e+00
-6.530 -9.966 13.641 19.930 0.286 0.000 1.000 -1.249e-01 -8.200e+00 -6.913e+00
-6.500 -9.471 13.658 19.900 0.286 0.000 1.000 -1.249e-01 -8.193e+00 -6.906e+00
-6.470 -9.665 13.674 19.865 0.286 0.000 1.000 -1.249e-01 -8.187e+00 -6.899e+00
-6.440 -10.121 13.690 19.830 0.286 0.000 1.000 -1.249e-01 -8.180e+00 -6.893e+00
-6.410 -9.490 13.705 19.794 0.286 0.000 1.000 -1.249e-01 -8.175e+00 -6.888e+00
-6.380 -10.081 13.719 19.757 0.286 0.000 1.000 -1.249e-01 -8.170e+00 -6.883e+00
-6.350 -9.398 13.732 19.719 0.286 0.000 1.000 -1.249e-01 -8.165e+00 -6.878e+00
-6.320 -9.860 13.745 19.676 0.286 0.000 1.000 -1.249e-01 -8.160e+00 -6.873e+00
-6.290 -9.535 13.756 19.634 0.286 0.000 1.000 -1.249e-01 -8.156e+00 -6.869e+00
-6.260 -9.343 13.768 19.589 0.286 0.000 1.000 -1.249e-01 -8.152e+00 -6.865e+00
-6.230 -9.471 13.778 19.543 0.286 0.000 1.000 -1.249e-01 -8.149e+00 -6.862e+00
-6.200 -9.919 13.788 19.497 0.286 0.000 1.000 -1.249e-01 -8.145e+00 -6.858e+00
-6.170 -9.205 13.798 19.453 0.286 0.000 1.000 -1.249e-01 -8.143e+00 -6.856e+00
-6.140 -9.071 13.807 19.409 0.286 0.000 1.000 -1.249e-01 -8.140e+00 -6.853e+00
-6.110 -9.027 13.815 19.361 0.286 0.000 1.000 -1.249e-01 -8.138e+00 -6.851e+00
-6.080 -8.975 13.823 19.311 0.286 0.000 1.000 -1.249e-01 -8.136e+00 -6.849e+00
-6.050 -9.283 13.830 19.261 0.286 0.000 1.000 -1.249e-01 -8.134e+00 -6.847e+00
-6.020 -8.907 13.838 19.217 0.286 0.000 1.000 -1.249e-01 -8.132e+00 -6.846e+00
-5.990 -10.839 13.844 19.168 0.286 0.000 1.000 -1.249e-01 -8.131e+00 -6.844e+00
-5.960 -8.735 13.851 19.126 0.286 0.000 1.000 -1.249e-01 -8.130e+00 -6.843e+00
-5.929 -8.782 13.857 19.080 0.286 0.000 1.000 -1.249e-01 -8.129e+00 -6.842e+00
-5.900 -8.946 13.862 19.032 0.286 0.000 1.000 -1.249e-01 -8.128e+00 -6.841e+00
-5.870 -9.696 13.868 18.984 0.286 0.000 1.000 -1.249e-01 -8.127e+00 -6.840e+00
-5.840 -8.937 13.873 18.943 0.286 0.000 1.000 -1.249e-01 -8.126e+00 -6.839e+00
-5.810 -8.639 13.878 18.902 0.286 0.000 1.000 -1.249e-01 -8.125e+00 -6.839e+00
-5.780 -9.631 13.883 18.852 0.286 0.000 1.000 -1.249e-01 -8.125e+00 -6.838e+00
-5.750 -9.158 13.887 18.810 0.286 0.000 1.000 -1.249e-01 -8.124e+00 -6.837e+00
-5.720 -9.386 13.892 18.767 0.286 0.000 1.000 -1.249e-01 -8.124e+00 -6.837e+00
-5.690 -8.364 13.896 18.732 0.286 0.000 1.000 -1.249e-01 -8.123e+00 -6.836e+00
-5.660 -8.429 13.900 18.688 0.286 0.000 1.000 -1.249e-01 -8.123e+00 -6.836e+00
-5.630 -8.673 13.904 18.644 0.286 0.000 1.000 -1.249e-01 -8.122e+00 -6.836e+00
-5.599 -8.246 13.908 18.610 0.286 0.000 1.000 -1.249e-01 -8.122e+00 -6.835e+00
-5.569 -8.463 13.911 18.565 0.286 0.000 1.000 -1.249e-01 -8.122e+00 -6.835e+00
-5.540 -8.202 13.915 18.530 0.286 0.000 1.000 -1.249e-01 -8.122e+00 -6.835e+00
-5.510 -9.032 13.918 18.487 0.286 0.000 1.000 -1.249e-01 -8.121e+00 -6.835e+00
-5.480 -8.396 13.922 18.452 0.286 0.000 1.000 -1.249e-01 -8.121e+00 -6.834e+00
-5.449 -8.188 13.925 18.417 0.286 0.000 1.000 -1.249e-01 -8.121e+00 -6.834e+00
-5.419 -8.106 13.929 18.383 0.286 0.000 1.000 -1.249e-01 -8.121e+00 -6.834e+00
-5.390 -7.997 13.932 18.347 0.286 0.000 1.000 -1.249e-01 -8.121e+00 -6.834e+00
-5.360 -8.855 13.935 18.302 0.286 0.000 1.000 -1.249e-01 -8.121e+00 -6.834e+00
-5.330 -8.590 13.938 18.267 0.286 0.000 1.000 -1.249e-01 -8.120e+00 -6.834e+00
-5.300 -8.687 13.941 18.232 0.286 0.000 1.000 -1.249e-01 -8.120e+00 -6.833e+00
-5.270 -8.559 13.944 18.197 0.286 0.000 1.000 -1.249e-01 -8.120e+00 -6.833e+00
-5.240 -8.660 13.947 18.162 0.286 0.000 1.000 -1.249e-01 -8.120e+00 -6.833e+00
-5.210 -8.851 13.949 18.127 0.286 0.000 1.000 -1.249e-01 -8.120e+00 -6.833e+00
-5.179 -7.722 13.952 18.101 0.286 0.000 1.000 -1.249e-01 -8.120e+00 -6.833e+00
-5.150 -7.745 13.955 18.066 0.286 0.000 1.000 -1.249e-01 -8.120e+00 -6.833e+00
-5.120 -7.804 13.958 18.030 0.286 0.000 1.000 -1.249e-01 -8.120e+00 -6.833e+00
-5.090 -7.986 13.960 17.995 0.429 0.000 1.000 -1.249e-01 -8.120e+00 -6.833e+00
-5.060 -8.277 13.963 17.959 0.429 0.000 1.000 -1.249e-01 -8.120e+00 -6.833e+00
-5.030 -7.572 13.966 17.933 0.286 0.000 1.000 -1.249e-01 -8.120e+00 -6.833e+00
-5.000 -7.684 13.968 17.897 0.286 0.000 1.000 -1.249e-01 -8.120e+00 -6.833e+00
-4.970 -7.803 13.971 17.859 0.286 0.000 1.000 -1.249e-01 -8.120e+00 -6.833e+00
-4.940 -8.329 13.973 17.821 0.429 0.000 1.000 -1.249e-01 -8.119e+00 -6.833e+00
-4.909 -7.455 13.976 17.791 0.286 0.000 1.000 -1.249e-01 -8.119e+00 -6.833e+00
-4.880 -7.746 13.978 17.753 0.429 0.000 1.000 -1.249e-01 -8.119e+00 -6.833e+00
-4.850 -8.933 13.980 17.717 0.286 0.000 1.000 -1.249e-01 -8.119e+00 -6.833e+00
-4.820 -7.524 13.983 17.685 0.286 0.000 1.000 -1.249e-01 -8.119e+00 -6.833e+00
-4.790 -7.859 13.985 17.644 0.286 0.000 1.000 -1.249e-01 -8.119e+00 -6.832e+00
-4.760 -7.394 13.987 17.613 0.286 0.000 1.000 -1.249e-01 -8.119e+00 -6.832e+00
-4.730 -7.959 13.989 17.566 0.286 0.000 1.000 -1.249e-01 -8.119e+00 -6.832e+00
-4.700 -7.404 13.991 17.535 0.286 0.000 1.000 -1.249e-01 -8.119e+00 -6.832e+00
-4.669 -7.126 13.993 17.502 0.429 0.000 1.000 -1.249e-01 -8.119e+00 -6.832e+00
-4.640 -7.691 13.995 17.454 0.286 0.000 1.000 -1.249e-01 -8.119e+00 -6.832e+00
-4.609 -7.277 13.997 17.418 0.429 0.000 1.000 -1.249e-01 -8.119e+00 -6.832e+00
-4.580 -7.113 13.999 17.383 0.286 0.000 1.000 -1.249e-01 -8.119e+00 -6.832e+00
-4.549 -6.978 14.001 17.347 0.286 0.000 1.000 -1.249e-01 -8.119e+00 -6.832e+00
-4.520 -8.023 14.003 17.297 0.143 0.000 1.000 -1.249e-01 -8.119e+00 -6.832e+00
-4.490 -7.597 14.005 17.257 0.286 0.000 1.000 -1.249e-01 -8.119e+00 -6.832e+00
-4.460 -7.411 14.006 17.216 0.429 0.000 1.000 -1.249e-01 -8.119e+00 -6.832e+00
-4.430 -7.432 14.008 17.173 0.286 0.000 1.000 -1.249e-01 -8.119e+00 -6.832e+00
-4.400 -7.796 14.010 17.129 0.429 0.000 1.000 -1.249e-01 -8.119e+00 -6.832e+00
-4.369 -6.716 14.011 17.102 0.429 0.000 1.000 -1.249e-01 -8.119e+00 -6.832e+00
-4.340 -6.850 14.013 17.052 0.429 0.000 1.000 -1.249e-01 -8.119e+00 -6.832e+00
-4.309 -6.929 14.014 16.999 0.429 0.000 1.000 -1.249e-01 -8.119e+00 -6.832e+00
-4.280 -7.424 14.016 16.943 0.429 0.000 1.000 -1.249e-01 -8.119e+00 -6.832e+00
-4.249 -6.678 14.017 16.909 0.429 0.000 1.000 -1.249e-01 -8.119e+00 -6.832e+00
-4.220 -7.219 14.018 16.850 0.286 0.000 1.000 -1.249e-01 -8.119e+00 -6.832e+00
-4.189 -6.647 14.020 16.818 0.286 0.000 1.000 -1.249e-01 -8.119e+00 -6.832e+00
-4.160 -7.956 14.021 16.760 0.429 0.000 1.000 -1.249e-01 -8.119e+00 -6.832e+00
-4.130 -6.745 14.022 16.715 0.429 0.000 1.000 -1.249e-01 -8.119e+00 -6.832e+00
-4.100 -6.432 14.023 16.678 0.429 0.000 1.000 -1.249e-01 -8.119e+00 -6.832e+00
-4.070 -7.622 14.024 16.613 0.429 0.000 1.000 -1.249e-01 -8.119e+00 -6.832e+00
-4.040 -6.872 14.025 16.569 0.429 0.000 1.000 -1.249e-01 -8.119e+00 -6.832e+00
-4.009 -6.642 14.026 16.524 0.286 0.000 1.000 -1.249e-01 -8.119e+00 -6.832e+00
-3.978 -6.432 14.027 16.480 0.429 0.000 1.000 -1.249e-01 -8.119e+00 -6.832e+00
-3.949 -6.337 14.028 16.434 0.429 0.000 1.000 -1.249e-01 -8.119e+00 -6.832e+00
-3.919 -6.273 14.029 16.383 0.286 0.000 1.000 -1.249e-01 -8.119e+00 -6.832e+00
-3.890 -6.271 14.029 16.330 0.429 0.000 1.000 -1.249e-01 -8.119e+00 -6.832e+00
-3.859 -6.292 14.030 16.283 0.429 0.000 1.000 -1.249e-01 -8.119e+00 -6.832e+00
-3.830 -6.382 14.031 16.222 0.429 0.000 1.000 -1.249e-01 -8.119e+00 -6.832e+00
-3.800 -6.690 14.032 16.165 0.429 0.000 1.000 -1.249e-01 -8.119e+00 -6.832e+00
-3.766 -5.768 14.032 16.154 0.429 0.000 1.000 -1.249e-01 -8.119e+00 -6.832e+00
-3.740 -5.898 14.033 16.084 0.286 0.000 1.000 -1.249e-01 -8.119e+00 -6.832e+00
-3.710 -6.155 14.033 16.007 0.286 0.000 1.000 -1.249e-01 -8.119e+00 -6.832e+00
-3.678 -5.613 14.034 15.999 0.286 0.000 1.000 -1.249e-01 -8.119e+00 -6.832e+00
-3.647 -5.745 14.035 15.919 0.429 0.000 1.000 -1.249e-01 -8.119e+00 -6.832e+00
-3.620 -6.731 14.035 15.834 0.429 0.000 1.000 -1.249e-01 -8.119e+00 -6.832e+00
-3.589 -5.646 14.036 15.815 0.286 0.000 1.000 -1.249e-01 -8.119e+00 -6.832e+00
-3.560 -6.901 14.036 15.726 0.429 0.000 1.000 -1.249e-01 -8.119e+00 -6.832e+00
-3.529 -5.599 14.036 15.704 0.429 0.000 1.000 -1.249e-01 -8.119e+00 -6.832e+00
-3.495 -5.274 14.037 15.698 0.429 0.000 1.000 -1.249e-01 -8.119e+00 -6.832e+00
-3.469 -5.783 14.037 15.595 0.429 0.000 1.000 -1.249e-01 -8.119e+00 -6.832e+00
-3.439 -5.349 14.038 15.584 0.286 0.000 1.000 -1.249e-01 -8.119e+00 -6.832e+00
-3.401 -5.078 14.038 15.579 0.429 0.000 1.000 -1.249e-01 -8.119e+00 -6.832e+00
-3.377 -5.576 14.038 15.458 0.429 0.000 1.000 -1.249e-01 -8.119e+00 -6.832e+00
-3.346 -5.196 14.039 15.449 0.429 0.000 1.000 -1.249e-01 -8.119e+00 -6.832e+00
-3.313 -4.979 14.039 15.444 0.429 0.000 1.000 -1.249e-01 -8.119e+00 -6.832e+00
-3.290 -6.779 14.039 15.343 0.429 0.000 1.000 -1.249e-01 -8.119e+00 -6.832e+00
-3.257 -5.314 14.040 15.314 0.429 0.000 1.000 -1.249e-01 -8.119e+00 -6.832e+00
-3.223 -4.989 14.040 15.308 0.429 0.000 1.000 -1.249e-01 -8.119e+00 -6.832e+00
-3.195 -4.826 14.040 15.305 0.571 0.000 1.000 -1.249e-01 -8.119e+00 -6.832e+00
-3.157 -4.664 14.041 15.303 0.429 0.000 1.000 -1.249e-01 -8.119e+00 -6.832e+00
-3.140 -6.366 14.041 15.213 0.571 0.000 1.000 -1.249e-01 -8.119e+00 -6.832e+00
-3.109 -5.173 14.041 15.194 0.429 0.000 1.000 -1.249e-01 -8.119e+00 -6.832e+00
-3.075 -4.848 14.042 15.190 0.429 0.000 1.000 -1.249e-01 -8.119e+00 -6.832e+00
-3.047 -4.685 14.042 15.195 0.429 0.000 1.000 -1.249e-01 -8.119e+00 -6.832e+00
-3.010 -4.522 14.043 15.189 0.429 0.000 1.000 -1.249e-01 -8.119e+00 -6.832e+00
-2.979 -4.414 14.043 15.191 0.429 0.000 1.000 -1.249e-01 -8.119e+00 -6.832e+00
-2.942 -4.305 14.044 15.182 0.429 0.000 1.000 -1.249e-01 -8.119e+00 -6.832e+00
-2.921 -4.251 14.044 15.181 0.429 0.000 1.000 -1.249e-01 -8.119e+00 -6.832e+00
-2.899 -5.126 14.044 15.107 0.571 0.000 1.000 -1.249e-01 -8.119e+00 -6.832e+00
-2.869 -4.746 14.045 15.102 0.571 0.000 1.000 -1.249e-01 -8.119e+00 -6.832e+00
-2.838 -4.529 14.045 15.102 0.571 0.000 1.000 -1.249e-01 -8.119e+00 -6.832e+00
-2.805 -4.367 14.046 15.100 0.571 0.000 1.000 -1.249e-01 -8.119e+00 -6.832e+00
-2.778 -4.258 14.046 15.099 0.571 0.000 1.000 -1.249e-01 -8.119e+00 -6.832e+00
-2.744 -4.150 14.047 15.096 0.571 0.000 1.000 -1.249e-01 -8.119e+00 -6.832e+00
-2.705 -4.041 14.048 15.096 0.571 0.000 1.000 -1.249e-01 -8.119e+00 -6.832e+00
-2.683 -3.987 14.048 15.101 0.429 0.000 1.000 -1.249e-01 -8.119e+00 -6.832e+00
-2.659 -3.933 14.049 15.096 0.429 0.000 1.000 -1.249e-01 -8.119e+00 -6.832e+00
-2.606 -3.824 14.050 15.094 0.429 0.000 1.000 -1.249e-01 -8.119e+00 -6.832e+00
-2.578 -3.770 14.051 15.093 0.571 0.000 1.000 -1.249e-01 -8.119e+00 -6.832e+00
-2.547 -3.716 14.052 15.100 0.429 0.000 1.000 -1.249e-01 -8.119e+00 -6.832e+00
-2.540 -5.251 14.052 15.052 0.571 0.000 1.000 -1.249e-01 -8.119e+00 -6.832e+00
-2.507 -4.492 14.053 15.050 0.571 0.000 1.000 -1.249e-01 -8.119e+00 -6.832e+00
-2.475 -4.221 14.054 15.048 0.571 0.000 1.000 -1.249e-01 -8.119e+00 -6.832e+00
-2.446 -4.058 14.055 15.049 0.571 0.000 1.000 -1.249e-01 -8.119e+00 -6.832e+00
-2.407 -3.896 14.057 15.047 0.571 0.000 1.000 -1.249e-01 -8.119e+00 -6.832e+00
-2.374 -3.787 14.058 15.047 0.571 0.000 1.000 -1.249e-01 -8.119e+00 -6.832e+00
-2.355 -3.733 14.059 15.048 0.571 0.000 1.000 -1.249e-01 -8.119e+00 -6.832e+00
-2.313 -3.625 14.061 15.048 0.571 0.000 1.000 -1.249e-01 -8.119e+00 -6.832e+00
-2.290 -3.570 14.062 15.047 0.571 0.000 1.000 -1.249e-01 -8.119e+00 -6.832e+00
-2.265 -3.516 14.063 15.047 0.571 0.000 1.000 -1.249e-01 -8.119e+00 -6.832e+00
-2.238 -3.462 14.064 15.047 0.571 0.000 1.000 -1.249e-01 -8.119e+00 -6.832e+00
-2.210 -3.408 14.066 15.047 0.571 0.000 1.000 -1.249e-01 -8.119e+00 -6.832e+00
-2.180 -3.353 14.068 15.046 0.571 0.000 1.000 -1.249e-01 -8.119e+00 -6.832e+00
-2.148 -3.299 14.070 15.047 0.571 0.000 1.000 -1.249e-01 -8.119e+00 -6.832e+00
-2.114 -3.245 14.072 15.046 0.571 0.000 1.000 -1.249e-01 -8.119e+00 -6.832e+00
-2.079 -3.191 14.075 15.047 0.571 0.000 1.000 -1.249e-01 -8.119e+00 -6.832e+00
-2.043 -3.136 14.078 15.046 0.571 0.000 1.000 -1.249e-01 -8.119e+00 -6.832e+00
-2.005 -3.082 14.081 15.047 0.571 0.000 1.000 -1.249e-01 -8.119e+00 -6.832e+00
-1.966 -3.028 14.085 15.046 0.571 0.000 1.000 -1.249e-01 -8.119e+00 -6.832e+00
