
#    t     dt   F+(4He)   F+(12C)   F+(16O)   F-(4He)   F-(12C)   F-(16O)   
-10.916 -11.846 4.242e+00 3.440e+00 2.560e-01 2.560e-01 3.691e+00 3.440e+00 4.242e+00 3.333e+00 3.440e+00
-10.862 -11.792 4.242e+00 3.440e+00 3.102e-01 3.102e-01 3.691e+00 3.440e+00 4.242e+00 3.333e+00 3.440e+00
-10.807 -11.738 4.242e+00 3.440e+00 3.645e-01 3.645e-01 3.691e+00 3.440e+00 4.242e+00 3.333e+00 3.440e+00
-10.753 -11.683 4.242e+00 3.440e+00 4.187e-01 4.187e-01 3.691e+00 3.440e+00 4.242e+00 3.333e+00 3.440e+00
-10.699 -11.629 4.242e+00 3.440e+00 4.729e-01 4.729e-01 3.691e+00 3.440e+00 4.242e+00 3.333e+00 3.440e+00
-10.645 -11.575 4.242e+00 3.440e+00 5.271e-01 5.271e-01 3.691e+00 3.440e+00 4.242e+00 3.333e+00 3.439e+00
-10.590 -11.521 4.242e+00 3.440e+00 5.814e-01 5.814e-01 3.691e+00 3.440e+00 4.242e+00 3.333e+00 3.439e+00
-10.536 -11.467 4.242e+00 3.440e+00 6.356e-01 6.356e-01 3.691e+00 3.440e+00 4.242e+00 3.333e+00 3.439e+00
-10.482 -11.412 4.242e+00 3.440e+00 6.898e-01 6.898e-01 3.691e+00 3.440e+00 4.242e+00 3.333e+00 3.439e+00
-10.428 -11.358 4.242e+00 3.440e+00 7.440e-01 7.440e-01 3.691e+00 3.440e+00 4.242e+00 3.333e+00 3.439e+00
-10.373 -11.304 4.242e+00 3.440e+00 7.983e-01 7.983e-01 3.691e+00 3.440e+00 4.242e+00 3.334e+00 3.439e+00
-10.319 -11.250 4.242e+00 3.440e+00 8.525e-01 8.525e-01 3.691e+00 3.440e+00 4.242e+00 3.334e+00 3.439e+00
-10.265 -11.195 4.242e+00 3.440e+00 9.067e-01 9.067e-01 3.691e+00 3.440e+00 4.242e+00 3.334e+00 3.439e+00
-10.211 -11.141 4.242e+00 3.440e+00 9.609e-01 9.609e-01 3.691e+00 3.440e+00 4.242e+00 3.334e+00 3.439e+00
-10.157 -11.087 4.242e+00 3.440e+00 1.015e+00 1.015e+00 3.691e+00 3.440e+00 4.242e+00 3.334e+00 3.438e+00
-10.102 -11.033 4.242e+00 3.440e+00 1.069e+00 1.069e+00 3.692e+00 3.440e+00 4.242e+00 3.335e+00 3.438e+00
-10.048 -10.978 4.242e+00 3.440e+00 1.124e+00 1.124e+00 3.692e+00 3.440e+00 4.242e+00 3.335e+00 3.438e+00
-9.994 -10.924 4.242e+00 3.440e+00 1.178e+00 1.178e+00 3.692e+00 3.440e+00 4.242e+00 3.335e+00 3.438e+00
-9.940 -10.870 4.242e+00 3.440e+00 1.232e+00 1.232e+00 3.692e+00 3.440e+00 4.242e+00 3.336e+00 3.437e+00
-9.885 -10.816 4.242e+00 3.440e+00 1.286e+00 1.286e+00 3.692e+00 3.440e+00 4.242e+00 3.336e+00 3.437e+00
-9.831 -10.762 4.242e+00 3.440e+00 1.340e+00 1.340e+00 3.692e+00 3.440e+00 4.242e+00 3.337e+00 3.437e+00
-9.777 -10.707 4.242e+00 3.440e+00 1.395e+00 1.395e+00 3.693e+00 3.440e+00 4.242e+00 3.337e+00 3.436e+00
-9.723 -10.653 4.242e+00 3.440e+00 1.449e+00 1.449e+00 3.693e+00 3.440e+00 4.241e+00 3.338e+00 3.436e+00
-9.669 -10.599 4.242e+00 3.440e+00 1.503e+00 1.503e+00 3.693e+00 3.440e+00 4.241e+00 3.339e+00 3.435e+00
-9.614 -10.545 4.242e+00 3.440e+00 1.557e+00 1.557e+00 3.694e+00 3.440e+00 4.241e+00 3.340e+00 3.434e+00
-9.560 -10.490 4.242e+00 3.440e+00 1.611e+00 1.611e+00 3.694e+00 3.440e+00 4.241e+00 3.341e+00 3.433e+00
-9.506 -10.436 4.242e+00 3.440e+00 1.665e+00 1.665e+00 3.695e+00 3.440e+00 4.241e+00 3.342e+00 3.433e+00
-9.452 -10.382 4.242e+00 3.440e+00 1.720e+00 1.720e+00 3.695e+00 3.440e+00 4.241e+00 3.343e+00 3.432e+00
-9.397 -10.328 4.242e+00 3.440e+00 1.774e+00 1.774e+00 3.696e+00 3.440e+00 4.241e+00 3.344e+00 3.430e+00
-9.343 -10.274 4.242e+00 3.440e+00 1.828e+00 1.828e+00 3.696e+00 3.440e+00 4.240e+00 3.346e+00 3.429e+00
-9.289 -10.219 4.242e+00 3.440e+00 1.882e+00 1.882e+00 3.697e+00 3.440e+00 4.240e+00 3.347e+00 3.428e+00
-9.235 -10.165 4.242e+00 3.440e+00 1.936e+00 1.936e+00 3.698e+00 3.440e+00 4.240e+00 3.349e+00 3.426e+00
-9.180 -10.111 4.242e+00 3.440e+00 1.990e+00 1.990e+00 3.699e+00 3.440e+00 4.240e+00 3.352e+00 3.424e+00
-9.126 -10.057 4.242e+00 3.440e+00 2.044e+00 2.044e+00 3.700e+00 3.440e+00 4.239e+00 3.354e+00 3.422e+00
-9.072 -10.002 4.242e+00 3.440e+00 2.098e+00 2.098e+00 3.701e+00 3.440e+00 4.239e+00 3.357e+00 3.420e+00
-9.018 -9.948 4.242e+00 3.440e+00 2.152e+00 2.152e+00 3.703e+00 3.440e+00 4.239e+00 3.360e+00 3.417e+00
-8.964 -9.894 4.242e+00 3.440e+00 2.206e+00 2.206e+00 3.705e+00 3.440e+00 4.238e+00 3.364e+00 3.414e+00
-8.909 -9.840 4.242e+00 3.440e+00 2.260e+00 2.260e+00 3.706e+00 3.440e+00 4.238e+00 3.368e+00 3.410e+00
-8.855 -9.785 4.242e+00 3.440e+00 2.314e+00 2.314e+00 3.708e+00 3.440e+00 4.237e+00 3.372e+00 3.406e+00
-8.801 -9.731 4.242e+00 3.440e+00 2.368e+00 2.368e+00 3.711e+00 3.440e+00 4.236e+00 3.377e+00 3.401e+00
-8.747 -9.677 4.242e+00 3.440e+00 2.422e+00 2.422e+00 3.713e+00 3.440e+00 4.236e+00 3.383e+00 3.396e+00
-8.692 -9.623 4.242e+00 3.440e+00 2.476e+00 2.476e+00 3.716e+00 3.440e+00 4.235e+00 3.389e+00 3.390e+00
-8.638 -9.569 4.242e+00 3.440e+00 2.530e+00 2.530e+00 3.719e+00 3.440e+00 4.234e+00 3.396e+00 3.383e+00
-8.584 -9.514 4.242e+00 3.440e+00 2.583e+00 2.583e+00 3.723e+00 3.440e+00 4.232e+00 3.404e+00 3.375e+00
-8.530 -9.460 4.242e+00 3.440e+00 2.637e+00 2.637e+00 3.727e+00 3.440e+00 4.231e+00 3.412e+00 3.366e+00
-8.475 -9.406 4.242e+00 3.440e+00 2.690e+00 2.690e+00 3.732e+00 3.440e+00 4.230e+00 3.422e+00 3.355e+00
-8.421 -9.352 4.242e+00 3.440e+00 2.744e+00 2.744e+00 3.737e+00 3.440e+00 4.228e+00 3.432e+00 3.342e+00
-8.367 -9.297 4.242e+00 3.440e+00 2.797e+00 2.797e+00 3.743e+00 3.440e+00 4.226e+00 3.443e+00 3.328e+00
-8.313 -9.243 4.242e+00 3.440e+00 2.851e+00 2.851e+00 3.749e+00 3.440e+00 4.224e+00 3.456e+00 3.311e+00
-8.259 -9.189 4.242e+00 3.440e+00 2.904e+00 2.904e+00 3.756e+00 3.440e+00 4.222e+00 3.470e+00 3.291e+00
-8.204 -9.135 4.242e+00 3.440e+00 2.957e+00 2.957e+00 3.764e+00 3.440e+00 4.219e+00 3.485e+00 3.267e+00
-8.150 -9.080 4.242e+00 3.440e+00 3.009e+00 3.009e+00 3.773e+00 3.440e+00 4.216e+00 3.501e+00 3.238e+00
-8.096 -9.026 4.242e+00 3.440e+00 3.062e+00 3.062e+00 3.782e+00 3.440e+00 4.212e+00 3.519e+00 3.204e+00
-8.042 -8.972 4.242e+00 3.440e+00 3.114e+00 3.114e+00 3.793e+00 3.440e+00 4.208e+00 3.538e+00 3.162e+00
-7.987 -8.918 4.242e+00 3.440e+00 3.166e+00 3.166e+00 3.804e+00 3.440e+00 4.204e+00 3.558e+00 3.109e+00
-7.933 -8.864 4.242e+00 3.440e+00 3.218e+00 3.218e+00 3.816e+00 3.440e+00 4.199e+00 3.580e+00 3.041e+00
-7.879 -8.809 4.242e+00 3.440e+00 3.270e+00 3.270e+00 3.830e+00 3.440e+00 4.193e+00 3.603e+00 2.950e+00
-7.825 -8.755 4.242e+00 3.440e+00 3.321e+00 3.321e+00 3.845e+00 3.440e+00 4.186e+00 3.627e+00 2.819e+00
-7.770 -8.701 4.242e+00 3.440e+00 3.372e+00 3.372e+00 3.860e+00 3.440e+00 4.179e+00 3.653e+00 2.601e+00
-7.716 -8.647 4.242e+00 3.440e+00 3.422e+00 3.422e+00 3.877e+00 3.440e+00 4.170e+00 3.680e+00 2.043e+00
-7.662 -8.592 4.242e+00 3.440e+00 3.472e+00 3.472e+00 3.895e+00 3.440e+00 4.161e+00 3.708e+00 2.323e+00
-7.608 -8.538 4.241e+00 3.440e+00 3.521e+00 3.521e+00 3.914e+00 3.440e+00 4.150e+00 3.737e+00 2.752e+00
-7.554 -8.484 4.241e+00 3.440e+00 3.569e+00 3.569e+00 3.935e+00 3.440e+00 4.137e+00 3.767e+00 2.981e+00
-7.499 -8.430 4.241e+00 3.440e+00 3.617e+00 3.617e+00 3.956e+00 3.440e+00 4.123e+00 3.798e+00 3.142e+00
-7.445 -8.375 4.241e+00 3.440e+00 3.664e+00 3.664e+00 3.978e+00 3.440e+00 4.107e+00 3.829e+00 3.270e+00
-7.391 -8.321 4.241e+00 3.440e+00 3.710e+00 3.710e+00 4.001e+00 3.440e+00 4.089e+00 3.861e+00 3.376e+00
-7.337 -8.267 4.241e+00 3.440e+00 3.755e+00 3.755e+00 4.024e+00 3.440e+00 4.069e+00 3.893e+00 3.467e+00
-7.282 -8.213 4.240e+00 3.440e+00 3.799e+00 3.799e+00 4.048e+00 3.440e+00 4.045e+00 3.925e+00 3.548e+00
-7.228 -8.159 4.240e+00 3.441e+00 3.841e+00 3.841e+00 4.072e+00 3.441e+00 4.019e+00 3.956e+00 3.621e+00
-7.174 -8.104 4.239e+00 3.441e+00 3.882e+00 3.882e+00 4.096e+00 3.441e+00 3.989e+00 3.988e+00 3.686e+00
-7.120 -8.050 4.239e+00 3.441e+00 3.921e+00 3.921e+00 4.120e+00 3.441e+00 3.954e+00 4.018e+00 3.746e+00
-7.065 -7.996 4.238e+00 3.442e+00 3.958e+00 3.958e+00 4.144e+00 3.442e+00 3.915e+00 4.048e+00 3.800e+00
-7.011 -7.942 4.237e+00 3.443e+00 3.993e+00 3.993e+00 4.167e+00 3.443e+00 3.871e+00 4.076e+00 3.850e+00
-6.957 -7.887 4.237e+00 3.444e+00 4.026e+00 4.026e+00 4.189e+00 3.444e+00 3.821e+00 4.103e+00 3.895e+00
-6.903 -7.833 4.235e+00 3.445e+00 4.057e+00 4.057e+00 4.209e+00 3.445e+00 3.764e+00 4.127e+00 3.935e+00
-6.849 -7.779 4.234e+00 3.447e+00 4.084e+00 4.084e+00 4.229e+00 3.447e+00 3.699e+00 4.150e+00 3.971e+00
-6.794 -7.725 4.232e+00 3.449e+00 4.109e+00 4.109e+00 4.246e+00 3.449e+00 3.626e+00 4.170e+00 4.002e+00
-6.740 -7.670 4.231e+00 3.451e+00 4.131e+00 4.131e+00 4.261e+00 3.451e+00 3.543e+00 4.188e+00 4.029e+00
-6.686 -7.616 4.228e+00 3.454e+00 4.149e+00 4.149e+00 4.274e+00 3.454e+00 3.450e+00 4.203e+00 4.052e+00
-6.632 -7.562 4.226e+00 3.457e+00 4.164e+00 4.164e+00 4.284e+00 3.457e+00 3.345e+00 4.214e+00 4.070e+00
-6.577 -7.508 4.223e+00 3.461e+00 4.176e+00 4.176e+00 4.292e+00 3.461e+00 3.230e+00 4.223e+00 4.083e+00
-6.523 -7.454 4.219e+00 3.465e+00 4.184e+00 4.184e+00 4.297e+00 3.465e+00 3.104e+00 4.228e+00 4.092e+00
-6.469 -7.399 4.215e+00 3.471e+00 4.189e+00 4.189e+00 4.300e+00 3.471e+00 2.971e+00 4.230e+00 4.097e+00
-6.415 -7.345 4.210e+00 3.476e+00 4.192e+00 4.192e+00 4.300e+00 3.476e+00 2.836e+00 4.229e+00 4.099e+00
-6.360 -7.291 4.205e+00 3.483e+00 4.191e+00 4.191e+00 4.298e+00 3.483e+00 2.708e+00 4.225e+00 4.096e+00
-6.306 -7.237 4.199e+00 3.490e+00 4.188e+00 4.188e+00 4.293e+00 3.490e+00 2.600e+00 4.219e+00 4.090e+00
-6.252 -7.182 4.192e+00 3.498e+00 4.182e+00 4.182e+00 4.287e+00 3.498e+00 2.522e+00 4.210e+00 4.082e+00
-6.198 -7.128 4.184e+00 3.507e+00 4.175e+00 4.175e+00 4.279e+00 3.507e+00 2.479e+00 4.198e+00 4.070e+00
-6.144 -7.074 4.175e+00 3.516e+00 4.167e+00 4.167e+00 4.269e+00 3.516e+00 2.464e+00 4.184e+00 4.057e+00
-6.089 -7.020 4.165e+00 3.526e+00 4.156e+00 4.156e+00 4.257e+00 3.526e+00 2.466e+00 4.168e+00 4.040e+00
-6.035 -6.965 4.154e+00 3.537e+00 4.145e+00 4.145e+00 4.245e+00 3.537e+00 2.479e+00 4.150e+00 4.022e+00
-5.981 -6.911 4.142e+00 3.548e+00 4.132e+00 4.132e+00 4.230e+00 3.548e+00 2.498e+00 4.129e+00 4.001e+00
-5.927 -6.857 4.128e+00 3.560e+00 4.117e+00 4.117e+00 4.214e+00 3.560e+00 2.519e+00 4.105e+00 3.976e+00
-5.872 -6.803 4.113e+00 3.573e+00 4.101e+00 4.101e+00 4.196e+00 3.573e+00 2.544e+00 4.078e+00 3.948e+00
-5.826 -6.821 4.096e+00 3.586e+00 4.083e+00 4.083e+00 4.175e+00 3.586e+00 2.571e+00 4.046e+00 3.917e+00
-5.779 -6.767 4.079e+00 3.598e+00 4.064e+00 4.064e+00 4.155e+00 3.598e+00 2.598e+00 4.013e+00 3.883e+00
-5.731 -6.713 4.062e+00 3.609e+00 4.046e+00 4.046e+00 4.134e+00 3.609e+00 2.624e+00 3.979e+00 3.848e+00
-5.683 -6.659 4.043e+00 3.621e+00 4.025e+00 4.025e+00 4.110e+00 3.621e+00 2.656e+00 3.940e+00 3.808e+00
-5.641 -6.677 4.023e+00 3.632e+00 4.002e+00 4.002e+00 4.084e+00 3.632e+00 2.691e+00 3.895e+00 3.761e+00
-5.598 -6.623 4.003e+00 3.643e+00 3.980e+00 3.980e+00 4.058e+00 3.643e+00 2.724e+00 3.848e+00 3.712e+00
-5.554 -6.569 3.984e+00 3.652e+00 3.957e+00 3.957e+00 4.032e+00 3.652e+00 2.756e+00 3.798e+00 3.660e+00
-5.509 -6.515 3.963e+00 3.662e+00 3.933e+00 3.933e+00 4.004e+00 3.662e+00 2.793e+00 3.741e+00 3.599e+00
-5.463 -6.461 3.942e+00 3.671e+00 3.906e+00 3.906e+00 3.974e+00 3.671e+00 2.833e+00 3.674e+00 3.528e+00
-5.416 -6.406 3.920e+00 3.680e+00 3.879e+00 3.879e+00 3.941e+00 3.680e+00 2.874e+00 3.597e+00 3.444e+00
-5.368 -6.352 3.898e+00 3.687e+00 3.850e+00 3.850e+00 3.908e+00 3.687e+00 2.915e+00 3.508e+00 3.344e+00
-5.320 -6.298 3.876e+00 3.694e+00 3.821e+00 3.821e+00 3.874e+00 3.694e+00 2.953e+00 3.403e+00 3.224e+00
-5.271 -6.244 3.856e+00 3.700e+00 3.793e+00 3.793e+00 3.841e+00 3.700e+00 2.986e+00 3.282e+00 3.077e+00
-5.222 -6.189 3.838e+00 3.705e+00 3.768e+00 3.768e+00 3.810e+00 3.705e+00 3.010e+00 3.144e+00 2.897e+00
-5.172 -6.135 3.822e+00 3.708e+00 3.747e+00 3.747e+00 3.785e+00 3.708e+00 3.021e+00 2.992e+00 2.675e+00
-5.134 -6.217 3.808e+00 3.711e+00 3.732e+00 3.732e+00 3.765e+00 3.711e+00 3.018e+00 2.833e+00 2.399e+00
-5.103 -6.267 3.799e+00 3.712e+00 3.724e+00 3.724e+00 3.755e+00 3.712e+00 2.998e+00 2.726e+00 2.177e+00
-5.076 -6.286 3.793e+00 3.713e+00 3.719e+00 3.719e+00 3.747e+00 3.713e+00 2.985e+00 2.630e+00 1.894e+00
-5.051 -6.304 3.787e+00 3.713e+00 3.716e+00 3.716e+00 3.742e+00 3.713e+00 2.970e+00 2.550e+00 1.509e+00
-5.030 -6.355 3.783e+00 3.713e+00 3.713e+00 3.713e+00 3.738e+00 3.713e+00 2.957e+00 2.478e+00 -1.538e-01
-5.010 -6.373 3.780e+00 3.713e+00 3.711e+00 3.711e+00 3.735e+00 3.713e+00 2.944e+00 2.422e+00 1.330e+00
-4.993 -6.392 3.777e+00 3.713e+00 3.710e+00 3.710e+00 3.732e+00 3.713e+00 2.933e+00 2.370e+00 1.583e+00
-4.976 -6.411 3.774e+00 3.713e+00 3.709e+00 3.709e+00 3.730e+00 3.713e+00 2.922e+00 2.323e+00 1.706e+00
-4.961 -6.429 3.772e+00 3.713e+00 3.708e+00 3.708e+00 3.728e+00 3.713e+00 2.912e+00 2.281e+00 1.783e+00
-4.945 -6.375 3.770e+00 3.713e+00 3.707e+00 3.707e+00 3.727e+00 3.713e+00 2.902e+00 2.243e+00 1.834e+00
-4.931 -6.425 3.768e+00 3.712e+00 3.706e+00 3.706e+00 3.726e+00 3.712e+00 2.893e+00 2.205e+00 1.876e+00
-4.918 -6.444 3.766e+00 3.712e+00 3.705e+00 3.705e+00 3.724e+00 3.712e+00 2.884e+00 2.170e+00 1.905e+00
-4.905 -6.463 3.765e+00 3.712e+00 3.705e+00 3.705e+00 3.723e+00 3.712e+00 2.876e+00 2.138e+00 1.927e+00
-4.894 -6.481 3.763e+00 3.712e+00 3.704e+00 3.704e+00 3.722e+00 3.712e+00 2.868e+00 2.109e+00 1.944e+00
-4.882 -6.427 3.762e+00 3.711e+00 3.704e+00 3.704e+00 3.722e+00 3.711e+00 2.860e+00 2.082e+00 1.957e+00
-4.871 -6.477 3.761e+00 3.711e+00 3.703e+00 3.703e+00 3.721e+00 3.711e+00 2.853e+00 2.055e+00 1.969e+00
-4.861 -6.496 3.759e+00 3.711e+00 3.703e+00 3.703e+00 3.720e+00 3.711e+00 2.846e+00 2.030e+00 1.978e+00
-4.851 -6.515 3.758e+00 3.711e+00 3.703e+00 3.703e+00 3.719e+00 3.711e+00 2.840e+00 2.006e+00 1.985e+00
-4.840 -6.460 3.757e+00 3.711e+00 3.702e+00 3.702e+00 3.719e+00 3.711e+00 2.833e+00 1.985e+00 1.991e+00
-4.831 -6.511 3.756e+00 3.710e+00 3.702e+00 3.702e+00 3.718e+00 3.710e+00 2.827e+00 1.963e+00 1.996e+00
-4.823 -6.529 3.755e+00 3.710e+00 3.702e+00 3.702e+00 3.717e+00 3.710e+00 2.821e+00 1.942e+00 2.000e+00
-4.815 -6.548 3.754e+00 3.710e+00 3.701e+00 3.701e+00 3.717e+00 3.710e+00 2.816e+00 1.923e+00 2.003e+00
-4.806 -6.494 3.754e+00 3.710e+00 3.701e+00 3.701e+00 3.716e+00 3.710e+00 2.810e+00 1.905e+00 2.005e+00
-4.798 -6.544 3.753e+00 3.709e+00 3.701e+00 3.701e+00 3.716e+00 3.709e+00 2.805e+00 1.887e+00 2.008e+00
-4.790 -6.563 3.752e+00 3.709e+00 3.700e+00 3.701e+00 3.715e+00 3.709e+00 2.800e+00 1.870e+00 2.009e+00
-4.782 -6.508 3.751e+00 3.709e+00 3.700e+00 3.700e+00 3.715e+00 3.709e+00 2.795e+00 1.854e+00 2.010e+00
-4.775 -6.559 3.751e+00 3.709e+00 3.700e+00 3.700e+00 3.715e+00 3.709e+00 2.790e+00 1.837e+00 2.012e+00
-4.768 -6.577 3.750e+00 3.709e+00 3.700e+00 3.700e+00 3.714e+00 3.709e+00 2.786e+00 1.822e+00 2.012e+00
-4.760 -6.523 3.749e+00 3.708e+00 3.700e+00 3.700e+00 3.714e+00 3.708e+00 2.781e+00 1.807e+00 2.013e+00
-4.754 -6.573 3.748e+00 3.708e+00 3.699e+00 3.699e+00 3.713e+00 3.708e+00 2.777e+00 1.793e+00 2.013e+00
-4.748 -6.592 3.748e+00 3.708e+00 3.699e+00 3.699e+00 3.713e+00 3.708e+00 2.773e+00 1.779e+00 2.013e+00
-4.741 -6.538 3.747e+00 3.708e+00 3.699e+00 3.699e+00 3.713e+00 3.708e+00 2.769e+00 1.765e+00 2.013e+00
-4.734 -6.588 3.747e+00 3.708e+00 3.699e+00 3.699e+00 3.712e+00 3.708e+00 2.764e+00 1.752e+00 2.013e+00
-4.729 -6.607 3.746e+00 3.707e+00 3.699e+00 3.699e+00 3.712e+00 3.707e+00 2.760e+00 1.739e+00 2.012e+00
-4.722 -6.552 3.745e+00 3.707e+00 3.698e+00 3.698e+00 3.712e+00 3.707e+00 2.757e+00 1.727e+00 2.012e+00
-4.717 -6.603 3.745e+00 3.707e+00 3.698e+00 3.698e+00 3.711e+00 3.707e+00 2.753e+00 1.715e+00 2.011e+00
-4.711 -6.621 3.744e+00 3.707e+00 3.698e+00 3.698e+00 3.711e+00 3.707e+00 2.749e+00 1.703e+00 2.011e+00
-4.705 -6.567 3.744e+00 3.707e+00 3.698e+00 3.698e+00 3.711e+00 3.707e+00 2.746e+00 1.692e+00 2.010e+00
-4.700 -6.617 3.743e+00 3.706e+00 3.698e+00 3.698e+00 3.711e+00 3.706e+00 2.742e+00 1.680e+00 2.009e+00
-4.695 -6.636 3.743e+00 3.706e+00 3.697e+00 3.698e+00 3.710e+00 3.706e+00 2.739e+00 1.670e+00 2.009e+00
-4.689 -6.582 3.742e+00 3.706e+00 3.697e+00 3.697e+00 3.710e+00 3.706e+00 2.736e+00 1.659e+00 2.008e+00
-4.684 -6.632 3.742e+00 3.706e+00 3.697e+00 3.697e+00 3.710e+00 3.706e+00 2.732e+00 1.649e+00 2.007e+00
-4.679 -6.578 3.742e+00 3.706e+00 3.697e+00 3.697e+00 3.709e+00 3.706e+00 2.729e+00 1.639e+00 2.006e+00
-4.674 -6.628 3.741e+00 3.706e+00 3.697e+00 3.697e+00 3.709e+00 3.705e+00 2.726e+00 1.629e+00 2.005e+00
-4.669 -6.646 3.741e+00 3.705e+00 3.697e+00 3.697e+00 3.709e+00 3.705e+00 2.723e+00 1.619e+00 2.004e+00
-4.664 -6.592 3.740e+00 3.705e+00 3.696e+00 3.697e+00 3.709e+00 3.705e+00 2.720e+00 1.610e+00 2.003e+00
-4.660 -6.642 3.740e+00 3.705e+00 3.696e+00 3.696e+00 3.708e+00 3.705e+00 2.717e+00 1.600e+00 2.002e+00
-4.655 -6.661 3.739e+00 3.705e+00 3.696e+00 3.696e+00 3.708e+00 3.705e+00 2.714e+00 1.591e+00 2.001e+00
-4.651 -6.607 3.739e+00 3.705e+00 3.696e+00 3.696e+00 3.708e+00 3.705e+00 2.711e+00 1.582e+00 1.999e+00
-4.646 -6.657 3.739e+00 3.705e+00 3.696e+00 3.696e+00 3.708e+00 3.704e+00 2.708e+00 1.573e+00 1.998e+00
-4.641 -6.603 3.738e+00 3.704e+00 3.696e+00 3.696e+00 3.708e+00 3.704e+00 2.706e+00 1.565e+00 1.997e+00
-4.637 -6.653 3.738e+00 3.704e+00 3.696e+00 3.696e+00 3.707e+00 3.704e+00 2.703e+00 1.556e+00 1.996e+00
-4.633 -6.672 3.737e+00 3.704e+00 3.695e+00 3.696e+00 3.707e+00 3.704e+00 2.700e+00 1.548e+00 1.995e+00
-4.629 -6.618 3.737e+00 3.704e+00 3.695e+00 3.695e+00 3.707e+00 3.704e+00 2.697e+00 1.540e+00 1.994e+00
-4.625 -6.668 3.737e+00 3.704e+00 3.695e+00 3.695e+00 3.707e+00 3.704e+00 2.695e+00 1.532e+00 1.992e+00
-4.621 -6.686 3.736e+00 3.704e+00 3.695e+00 3.695e+00 3.706e+00 3.703e+00 2.692e+00 1.524e+00 1.991e+00
-4.617 -6.632 3.736e+00 3.703e+00 3.695e+00 3.695e+00 3.706e+00 3.703e+00 2.690e+00 1.517e+00 1.990e+00
-4.613 -6.682 3.736e+00 3.703e+00 3.695e+00 3.695e+00 3.706e+00 3.703e+00 2.687e+00 1.509e+00 1.989e+00
-4.609 -6.628 3.735e+00 3.703e+00 3.695e+00 3.695e+00 3.706e+00 3.703e+00 2.685e+00 1.502e+00 1.988e+00
-4.605 -6.678 3.735e+00 3.703e+00 3.694e+00 3.695e+00 3.706e+00 3.703e+00 2.683e+00 1.494e+00 1.987e+00
-4.602 -6.697 3.735e+00 3.703e+00 3.694e+00 3.695e+00 3.705e+00 3.703e+00 2.680e+00 1.487e+00 1.985e+00
-4.598 -6.643 3.734e+00 3.703e+00 3.694e+00 3.694e+00 3.705e+00 3.703e+00 2.678e+00 1.480e+00 1.984e+00
-4.594 -6.693 3.734e+00 3.702e+00 3.694e+00 3.694e+00 3.705e+00 3.702e+00 2.676e+00 1.473e+00 1.983e+00
-4.591 -6.639 3.734e+00 3.702e+00 3.694e+00 3.694e+00 3.705e+00 3.702e+00 2.673e+00 1.466e+00 1.982e+00
-4.587 -6.689 3.733e+00 3.702e+00 3.694e+00 3.694e+00 3.705e+00 3.702e+00 2.671e+00 1.459e+00 1.980e+00
-4.584 -6.708 3.733e+00 3.702e+00 3.694e+00 3.694e+00 3.704e+00 3.702e+00 2.669e+00 1.453e+00 1.979e+00
-4.580 -6.653 3.733e+00 3.702e+00 3.694e+00 3.694e+00 3.704e+00 3.702e+00 2.667e+00 1.446e+00 1.978e+00
-4.577 -6.704 3.733e+00 3.702e+00 3.693e+00 3.694e+00 3.704e+00 3.702e+00 2.665e+00 1.440e+00 1.977e+00
-4.573 -6.649 3.732e+00 3.702e+00 3.693e+00 3.694e+00 3.704e+00 3.702e+00 2.662e+00 1.434e+00 1.976e+00
-4.570 -6.700 3.732e+00 3.701e+00 3.693e+00 3.693e+00 3.704e+00 3.701e+00 2.660e+00 1.427e+00 1.974e+00
-4.567 -6.718 3.732e+00 3.701e+00 3.693e+00 3.693e+00 3.704e+00 3.701e+00 2.658e+00 1.421e+00 1.973e+00
-4.563 -6.664 3.731e+00 3.701e+00 3.693e+00 3.693e+00 3.703e+00 3.701e+00 2.656e+00 1.415e+00 1.972e+00
-4.560 -6.714 3.731e+00 3.701e+00 3.693e+00 3.693e+00 3.703e+00 3.701e+00 2.654e+00 1.409e+00 1.971e+00
-4.557 -6.660 3.731e+00 3.701e+00 3.693e+00 3.693e+00 3.703e+00 3.701e+00 2.652e+00 1.403e+00 1.970e+00
-4.554 -6.710 3.731e+00 3.701e+00 3.693e+00 3.693e+00 3.703e+00 3.701e+00 2.650e+00 1.397e+00 1.969e+00
-4.551 -6.729 3.730e+00 3.701e+00 3.692e+00 3.693e+00 3.703e+00 3.701e+00 2.648e+00 1.391e+00 1.967e+00
-4.548 -6.675 3.730e+00 3.701e+00 3.692e+00 3.693e+00 3.703e+00 3.700e+00 2.646e+00 1.386e+00 1.966e+00
-4.545 -6.725 3.730e+00 3.700e+00 3.692e+00 3.693e+00 3.702e+00 3.700e+00 2.644e+00 1.380e+00 1.965e+00
-4.542 -6.671 3.730e+00 3.700e+00 3.692e+00 3.692e+00 3.702e+00 3.700e+00 2.643e+00 1.374e+00 1.964e+00
-4.539 -6.721 3.729e+00 3.700e+00 3.692e+00 3.692e+00 3.702e+00 3.700e+00 2.641e+00 1.369e+00 1.963e+00
-4.536 -6.739 3.729e+00 3.700e+00 3.692e+00 3.692e+00 3.702e+00 3.700e+00 2.639e+00 1.363e+00 1.961e+00
-4.533 -6.685 3.729e+00 3.700e+00 3.692e+00 3.692e+00 3.702e+00 3.700e+00 2.637e+00 1.358e+00 1.960e+00
-4.530 -6.735 3.729e+00 3.700e+00 3.692e+00 3.692e+00 3.702e+00 3.700e+00 2.635e+00 1.353e+00 1.959e+00
-4.527 -6.681 3.728e+00 3.700e+00 3.692e+00 3.692e+00 3.702e+00 3.699e+00 2.633e+00 1.348e+00 1.958e+00
-4.524 -6.731 3.728e+00 3.699e+00 3.691e+00 3.692e+00 3.701e+00 3.699e+00 2.632e+00 1.342e+00 1.957e+00
-4.521 -6.677 3.728e+00 3.699e+00 3.691e+00 3.692e+00 3.701e+00 3.699e+00 2.630e+00 1.337e+00 1.956e+00
-4.519 -6.727 3.728e+00 3.699e+00 3.691e+00 3.692e+00 3.701e+00 3.699e+00 2.628e+00 1.332e+00 1.955e+00
-4.516 -6.746 3.727e+00 3.699e+00 3.691e+00 3.691e+00 3.701e+00 3.699e+00 2.626e+00 1.327e+00 1.953e+00
-4.513 -6.692 3.727e+00 3.699e+00 3.691e+00 3.691e+00 3.701e+00 3.699e+00 2.625e+00 1.322e+00 1.952e+00
-4.511 -6.742 3.727e+00 3.699e+00 3.691e+00 3.691e+00 3.701e+00 3.699e+00 2.623e+00 1.317e+00 1.951e+00
-4.508 -6.688 3.727e+00 3.699e+00 3.691e+00 3.691e+00 3.700e+00 3.699e+00 2.621e+00 1.312e+00 1.950e+00
-4.505 -6.738 3.726e+00 3.699e+00 3.691e+00 3.691e+00 3.700e+00 3.698e+00 2.620e+00 1.307e+00 1.949e+00
-4.503 -6.757 3.726e+00 3.698e+00 3.691e+00 3.691e+00 3.700e+00 3.698e+00 2.618e+00 1.302e+00 1.948e+00
-4.500 -6.702 3.726e+00 3.698e+00 3.690e+00 3.691e+00 3.700e+00 3.698e+00 2.616e+00 1.298e+00 1.947e+00
-4.498 -6.753 3.726e+00 3.698e+00 3.690e+00 3.691e+00 3.700e+00 3.698e+00 2.615e+00 1.293e+00 1.946e+00
-4.495 -6.698 3.726e+00 3.698e+00 3.690e+00 3.691e+00 3.700e+00 3.698e+00 2.613e+00 1.288e+00 1.945e+00
-4.493 -6.749 3.725e+00 3.698e+00 3.690e+00 3.691e+00 3.700e+00 3.698e+00 2.612e+00 1.284e+00 1.943e+00
-4.490 -6.767 3.725e+00 3.698e+00 3.690e+00 3.690e+00 3.700e+00 3.698e+00 2.610e+00 1.279e+00 1.942e+00
-4.488 -6.713 3.725e+00 3.698e+00 3.690e+00 3.690e+00 3.699e+00 3.698e+00 2.608e+00 1.275e+00 1.941e+00
-4.485 -6.763 3.725e+00 3.698e+00 3.690e+00 3.690e+00 3.699e+00 3.697e+00 2.607e+00 1.270e+00 1.940e+00
-4.483 -6.709 3.724e+00 3.698e+00 3.690e+00 3.690e+00 3.699e+00 3.697e+00 2.605e+00 1.266e+00 1.939e+00
-4.480 -6.759 3.724e+00 3.697e+00 3.690e+00 3.690e+00 3.699e+00 3.697e+00 2.604e+00 1.262e+00 1.938e+00
-4.478 -6.705 3.724e+00 3.697e+00 3.690e+00 3.690e+00 3.699e+00 3.697e+00 2.602e+00 1.257e+00 1.937e+00
-4.476 -6.755 3.724e+00 3.697e+00 3.689e+00 3.690e+00 3.699e+00 3.697e+00 2.601e+00 1.253e+00 1.936e+00
-4.473 -6.774 3.724e+00 3.697e+00 3.689e+00 3.690e+00 3.699e+00 3.697e+00 2.599e+00 1.249e+00 1.935e+00
-4.471 -6.720 3.723e+00 3.697e+00 3.689e+00 3.690e+00 3.698e+00 3.697e+00 2.598e+00 1.245e+00 1.934e+00
-4.469 -6.770 3.723e+00 3.697e+00 3.689e+00 3.690e+00 3.698e+00 3.697e+00 2.597e+00 1.240e+00 1.933e+00
-4.466 -6.716 3.723e+00 3.697e+00 3.689e+00 3.689e+00 3.698e+00 3.697e+00 2.595e+00 1.236e+00 1.932e+00
-4.460 -6.762 3.723e+00 3.696e+00 3.689e+00 3.689e+00 3.698e+00 3.696e+00 2.591e+00 1.224e+00 1.929e+00
-4.428 -6.794 3.720e+00 3.695e+00 3.687e+00 3.688e+00 3.696e+00 3.695e+00 2.571e+00 1.168e+00 1.914e+00
-4.400 -6.753 3.717e+00 3.693e+00 3.686e+00 3.687e+00 3.694e+00 3.693e+00 2.553e+00 1.117e+00 1.900e+00
-4.370 -6.831 3.715e+00 3.692e+00 3.685e+00 3.685e+00 3.693e+00 3.691e+00 2.533e+00 1.063e+00 1.885e+00
-4.339 -6.832 3.712e+00 3.690e+00 3.683e+00 3.684e+00 3.691e+00 3.690e+00 2.513e+00 1.010e+00 1.868e+00
-4.309 -6.870 3.710e+00 3.688e+00 3.682e+00 3.682e+00 3.689e+00 3.688e+00 2.494e+00 9.575e-01 1.852e+00
-4.280 -6.863 3.707e+00 3.686e+00 3.680e+00 3.681e+00 3.687e+00 3.686e+00 2.474e+00 9.062e-01 1.835e+00
-4.250 -6.839 3.704e+00 3.685e+00 3.678e+00 3.679e+00 3.685e+00 3.684e+00 2.454e+00 8.544e-01 1.818e+00
-4.219 -6.912 3.702e+00 3.683e+00 3.676e+00 3.678e+00 3.683e+00 3.682e+00 2.432e+00 8.009e-01 1.799e+00
-4.190 -6.876 3.699e+00 3.681e+00 3.675e+00 3.676e+00 3.681e+00 3.680e+00 2.411e+00 7.496e-01 1.780e+00
-4.160 -6.936 3.696e+00 3.679e+00 3.673e+00 3.674e+00 3.679e+00 3.678e+00 2.390e+00 6.977e-01 1.760e+00
-4.129 -6.903 3.694e+00 3.676e+00 3.671e+00 3.673e+00 3.677e+00 3.676e+00 2.367e+00 6.445e-01 1.739e+00
-4.100 -6.915 3.691e+00 3.674e+00 3.669e+00 3.671e+00 3.675e+00 3.674e+00 2.344e+00 5.928e-01 1.718e+00
-4.069 -6.989 3.688e+00 3.672e+00 3.667e+00 3.669e+00 3.672e+00 3.671e+00 2.320e+00 5.395e-01 1.696e+00
-4.040 -7.000 3.685e+00 3.670e+00 3.665e+00 3.667e+00 3.670e+00 3.669e+00 2.295e+00 4.864e-01 1.672e+00
-4.010 -6.949 3.682e+00 3.668e+00 3.663e+00 3.665e+00 3.668e+00 3.667e+00 2.269e+00 4.336e-01 1.648e+00
-3.980 -7.028 3.679e+00 3.665e+00 3.660e+00 3.663e+00 3.666e+00 3.664e+00 2.242e+00 3.790e-01 1.621e+00
-3.950 -7.040 3.677e+00 3.663e+00 3.658e+00 3.661e+00 3.663e+00 3.662e+00 2.213e+00 3.238e-01 1.594e+00
-3.920 -7.059 3.674e+00 3.661e+00 3.656e+00 3.660e+00 3.661e+00 3.660e+00 2.183e+00 2.683e-01 1.565e+00
-3.890 -7.049 3.671e+00 3.658e+00 3.654e+00 3.658e+00 3.659e+00 3.657e+00 2.151e+00 2.115e-01 1.533e+00
-3.860 -7.019 3.668e+00 3.656e+00 3.652e+00 3.656e+00 3.656e+00 3.655e+00 2.117e+00 1.533e-01 1.500e+00
-3.830 -7.022 3.665e+00 3.654e+00 3.649e+00 3.654e+00 3.654e+00 3.652e+00 2.081e+00 9.437e-02 1.465e+00
-3.800 -7.044 3.663e+00 3.651e+00 3.647e+00 3.652e+00 3.652e+00 3.650e+00 2.042e+00 3.347e-02 1.427e+00
-3.770 -7.113 3.660e+00 3.649e+00 3.645e+00 3.650e+00 3.649e+00 3.647e+00 2.000e+00 -2.913e-02 1.386e+00
-3.740 -7.105 3.657e+00 3.647e+00 3.643e+00 3.649e+00 3.647e+00 3.645e+00 1.956e+00 -9.365e-02 1.342e+00
-3.710 -7.078 3.655e+00 3.645e+00 3.641e+00 3.647e+00 3.645e+00 3.643e+00 1.908e+00 -1.604e-01 1.294e+00
-3.680 -7.072 3.652e+00 3.643e+00 3.639e+00 3.645e+00 3.643e+00 3.641e+00 1.856e+00 -2.297e-01 1.243e+00
-3.650 -7.095 3.650e+00 3.641e+00 3.637e+00 3.644e+00 3.641e+00 3.639e+00 1.800e+00 -3.018e-01 1.188e+00
-3.620 -7.154 3.648e+00 3.639e+00 3.635e+00 3.643e+00 3.639e+00 3.637e+00 1.740e+00 -3.772e-01 1.128e+00
-3.590 -7.146 3.646e+00 3.637e+00 3.634e+00 3.641e+00 3.637e+00 3.635e+00 1.675e+00 -4.558e-01 1.064e+00
-3.560 -7.157 3.644e+00 3.636e+00 3.632e+00 3.640e+00 3.636e+00 3.633e+00 1.605e+00 -5.385e-01 9.936e-01
-3.530 -7.115 3.643e+00 3.634e+00 3.631e+00 3.639e+00 3.635e+00 3.632e+00 1.529e+00 -6.253e-01 9.182e-01
-3.500 -7.121 3.641e+00 3.633e+00 3.630e+00 3.638e+00 3.633e+00 3.630e+00 1.448e+00 -7.168e-01 8.367e-01
-3.470 -7.119 3.640e+00 3.632e+00 3.629e+00 3.637e+00 3.632e+00 3.629e+00 1.360e+00 -8.136e-01 7.488e-01
-3.440 -7.125 3.639e+00 3.631e+00 3.628e+00 3.637e+00 3.631e+00 3.628e+00 1.264e+00 -9.162e-01 6.537e-01
-3.410 -7.139 3.638e+00 3.630e+00 3.627e+00 3.636e+00 3.630e+00 3.627e+00 1.162e+00 -1.025e+00 5.514e-01
-3.380 -7.187 3.637e+00 3.630e+00 3.626e+00 3.636e+00 3.630e+00 3.626e+00 1.052e+00 -1.140e+00 4.413e-01
-3.350 -7.131 3.636e+00 3.629e+00 3.626e+00 3.635e+00 3.629e+00 3.626e+00 9.333e-01 -1.263e+00 3.228e-01
-3.320 -7.194 3.636e+00 3.629e+00 3.625e+00 3.635e+00 3.629e+00 3.625e+00 8.055e-01 -1.394e+00 1.951e-01
-3.290 -7.143 3.635e+00 3.628e+00 3.625e+00 3.635e+00 3.628e+00 3.625e+00 6.683e-01 -1.534e+00 5.797e-02
-3.260 -7.146 3.635e+00 3.628e+00 3.625e+00 3.635e+00 3.628e+00 3.625e+00 5.230e-01 -1.682e+00 -8.723e-02
-3.230 -7.176 3.635e+00 3.628e+00 3.624e+00 3.634e+00 3.628e+00 3.624e+00 3.821e-01 -1.824e+00 -2.282e-01
-3.200 -7.028 3.634e+00 3.628e+00 3.624e+00 3.634e+00 3.628e+00 3.624e+00 2.481e-01 -1.959e+00 -3.621e-01
-3.170 -6.980 3.634e+00 3.628e+00 3.624e+00 3.634e+00 3.628e+00 3.624e+00 1.210e-01 -2.087e+00 -4.892e-01
-3.140 -7.066 3.634e+00 3.627e+00 3.624e+00 3.634e+00 3.627e+00 3.624e+00 1.845e-03 -2.207e+00 -6.084e-01
-3.110 -6.963 3.634e+00 3.627e+00 3.624e+00 3.634e+00 3.627e+00 3.624e+00 -1.116e-01 -2.320e+00 -7.218e-01
-3.080 -6.530 3.634e+00 3.627e+00 3.624e+00 3.634e+00 3.627e+00 3.624e+00 -2.166e-01 -2.426e+00 -8.268e-01
-3.050 -7.133 3.634e+00 3.627e+00 3.624e+00 3.634e+00 3.627e+00 3.624e+00 -3.175e-01 -2.527e+00 -9.277e-01
-3.020 -6.389 3.634e+00 3.627e+00 3.624e+00 3.634e+00 3.627e+00 3.624e+00 -4.127e-01 -2.622e+00 -1.023e+00
-2.990 -6.430 3.634e+00 3.627e+00 3.624e+00 3.634e+00 3.627e+00 3.624e+00 -5.034e-01 -2.713e+00 -1.114e+00
-2.960 -6.265 3.634e+00 3.627e+00 3.624e+00 3.634e+00 3.627e+00 3.624e+00 -5.888e-01 -2.798e+00 -1.199e+00
-2.930 -6.174 3.634e+00 3.627e+00 3.624e+00 3.634e+00 3.627e+00 3.624e+00 -6.693e-01 -2.879e+00 -1.279e+00
-2.900 -6.218 3.634e+00 3.627e+00 3.624e+00 3.634e+00 3.627e+00 3.624e+00 -7.483e-01 -2.958e+00 -1.358e+00
-2.870 -5.994 3.634e+00 3.627e+00 3.624e+00 3.634e+00 3.627e+00 3.624e+00 -8.216e-01 -3.031e+00 -1.432e+00
-2.840 -6.607 3.634e+00 3.627e+00 3.624e+00 3.634e+00 3.627e+00 3.624e+00 -8.955e-01 -3.105e+00 -1.506e+00
-2.810 -6.255 3.634e+00 3.627e+00 3.624e+00 3.634e+00 3.627e+00 3.624e+00 -9.645e-01 -3.174e+00 -1.575e+00
-2.780 -5.895 3.634e+00 3.627e+00 3.624e+00 3.634e+00 3.627e+00 3.624e+00 -1.030e+00 -3.239e+00 -1.640e+00
-2.750 -6.500 3.634e+00 3.627e+00 3.624e+00 3.634e+00 3.627e+00 3.624e+00 -1.093e+00 -3.303e+00 -1.704e+00
-2.720 -6.425 3.634e+00 3.627e+00 3.624e+00 3.634e+00 3.627e+00 3.624e+00 -1.155e+00 -3.365e+00 -1.765e+00
-2.690 -5.929 3.634e+00 3.627e+00 3.624e+00 3.634e+00 3.627e+00 3.624e+00 -1.214e+00 -3.423e+00 -1.824e+00
-2.660 -6.059 3.634e+00 3.627e+00 3.624e+00 3.634e+00 3.627e+00 3.624e+00 -1.271e+00 -3.481e+00 -1.881e+00
-2.630 -5.552 3.634e+00 3.627e+00 3.624e+00 3.634e+00 3.627e+00 3.624e+00 -1.325e+00 -3.535e+00 -1.935e+00
-2.600 -5.446 3.634e+00 3.627e+00 3.624e+00 3.634e+00 3.627e+00 3.624e+00 -1.378e+00 -3.588e+00 -1.988e+00
-2.570 -5.461 3.634e+00 3.627e+00 3.624e+00 3.634e+00 3.627e+00 3.624e+00 -1.432e+00 -3.642e+00 -2.043e+00
-2.540 -5.737 3.634e+00 3.627e+00 3.624e+00 3.634e+00 3.627e+00 3.624e+00 -1.487e+00 -3.697e+00 -2.097e+00
-2.510 -5.394 3.634e+00 3.627e+00 3.624e+00 3.634e+00 3.627e+00 3.624e+00 -1.536e+00 -3.746e+00 -2.146e+00
-2.479 -5.398 3.634e+00 3.627e+00 3.624e+00 3.634e+00 3.627e+00 3.624e+00 -1.586e+00 -3.795e+00 -2.196e+00
-2.450 -5.451 3.634e+00 3.627e+00 3.624e+00 3.634e+00 3.627e+00 3.624e+00 -1.635e+00 -3.845e+00 -2.246e+00
-2.420 -5.617 3.634e+00 3.627e+00 3.624e+00 3.634e+00 3.627e+00 3.624e+00 -1.686e+00 -3.896e+00 -2.296e+00
-2.390 -5.223 3.634e+00 3.627e+00 3.624e+00 3.634e+00 3.627e+00 3.624e+00 -1.730e+00 -3.940e+00 -2.340e+00
-2.360 -5.072 3.634e+00 3.627e+00 3.624e+00 3.634e+00 3.627e+00 3.624e+00 -1.774e+00 -3.984e+00 -2.384e+00
-2.330 -5.831 3.634e+00 3.627e+00 3.624e+00 3.634e+00 3.627e+00 3.624e+00 -1.825e+00 -4.035e+00 -2.435e+00
-2.300 -6.199 3.634e+00 3.627e+00 3.624e+00 3.634e+00 3.627e+00 3.624e+00 -1.869e+00 -4.079e+00 -2.479e+00
-2.270 -5.011 3.634e+00 3.627e+00 3.624e+00 3.634e+00 3.627e+00 3.624e+00 -1.909e+00 -4.119e+00 -2.519e+00
-2.240 -5.088 3.634e+00 3.627e+00 3.624e+00 3.634e+00 3.627e+00 3.624e+00 -1.955e+00 -4.165e+00 -2.565e+00
-2.210 -5.066 3.634e+00 3.627e+00 3.624e+00 3.634e+00 3.627e+00 3.624e+00 -2.002e+00 -4.212e+00 -2.612e+00
-2.180 -6.487 3.634e+00 3.627e+00 3.624e+00 3.634e+00 3.627e+00 3.624e+00 -2.053e+00 -4.263e+00 -2.663e+00
-2.149 -5.024 3.634e+00 3.627e+00 3.624e+00 3.634e+00 3.627e+00 3.624e+00 -2.107e+00 -4.317e+00 -2.717e+00
-2.120 -5.120 3.634e+00 3.627e+00 3.624e+00 3.634e+00 3.627e+00 3.624e+00 -2.165e+00 -4.375e+00 -2.775e+00
-2.090 -4.914 3.634e+00 3.627e+00 3.624e+00 3.634e+00 3.627e+00 3.624e+00 -2.225e+00 -4.435e+00 -2.835e+00
-2.060 -5.067 3.634e+00 3.627e+00 3.624e+00 3.634e+00 3.627e+00 3.624e+00 -2.294e+00 -4.504e+00 -2.904e+00
-2.030 -4.979 3.634e+00 3.627e+00 3.624e+00 3.634e+00 3.627e+00 3.624e+00 -2.364e+00 -4.574e+00 -2.975e+00
-2.000 -5.305 3.634e+00 3.627e+00 3.624e+00 3.634e+00 3.627e+00 3.624e+00 -2.445e+00 -4.655e+00 -3.055e+00