# ASY+PE method (with partition functions): 24735 integration steps in 2.6451e-01 seconds
# All quantities except Asy, RG_PE, and sumX are log10(x)
# Log of absolute values for E and dE/dt as they can be negative
# Units: t and dt in s; E in erg; dE/dt in erg/g/s; others dimensionless 
#
#    t     dt     |E|  |dE/dt| Asy  Equil  sumMF    dtUpper     dtLower  X(4He)     X(12C)     X(16O)     X(20Ne)     X(24Mg)     X(28Si)     X(32S)     X(36Ar)     X(40Ca)     X(44Ti)     X(48Cr)     X(52Fe)     X(56Ni)     X(60Zn)     X(64Ge)     X(68Se)     

-17.930 -19.934  8.654 26.588 0.000 0.000 1.00000 -1.8934e+01 -1.9934e+01 -9.386e+00 -3.010e-01 -3.010e-01 -8.696e+00 -1.027e+01 -1.270e+01 -2.400e+01 -2.400e+01 -2.400e+01 -2.400e+01 -2.400e+01 -2.400e+01 -2.400e+01 -2.400e+01 -2.400e+01 -2.400e+01
-17.865 -19.869  8.719 26.588 0.000 0.000 1.00000 -1.8869e+01 -1.9869e+01 -9.320e+00 -3.010e-01 -3.010e-01 -8.631e+00 -1.021e+01 -1.263e+01 -2.400e+01 -2.400e+01 -2.400e+01 -2.400e+01 -2.400e+01 -2.400e+01 -2.400e+01 -2.400e+01 -2.400e+01 -2.400e+01
-17.796 -19.800  8.789 26.588 0.000 0.000 1.00000 -1.8800e+01 -1.9800e+01 -9.251e+00 -3.010e-01 -3.010e-01 -8.561e+00 -1.014e+01 -1.256e+01 -2.400e+01 -2.400e+01 -2.400e+01 -2.400e+01 -2.400e+01 -2.400e+01 -2.400e+01 -2.400e+01 -2.400e+01 -2.400e+01
-17.731 -19.735  8.854 26.588 0.000 0.000 1.00000 -1.8735e+01 -1.9735e+01 -9.186e+00 -3.010e-01 -3.010e-01 -8.496e+00 -1.007e+01 -1.250e+01 -2.400e+01 -2.400e+01 -2.400e+01 -2.400e+01 -2.400e+01 -2.400e+01 -2.400e+01 -2.400e+01 -2.400e+01 -2.400e+01
-17.666 -19.671  8.919 26.588 0.000 0.000 1.00000 -1.8671e+01 -1.9671e+01 -9.120e+00 -3.010e-01 -3.010e-01 -8.431e+00 -1.001e+01 -1.243e+01 -2.400e+01 -2.400e+01 -2.400e+01 -2.400e+01 -2.400e+01 -2.400e+01 -2.400e+01 -2.400e+01 -2.400e+01 -2.400e+01
-17.597 -19.602  8.989 26.588 0.000 0.000 1.00000 -1.8602e+01 -1.9602e+01 -9.051e+00 -3.010e-01 -3.010e-01 -8.362e+00 -9.936e+00 -1.236e+01 -2.400e+01 -2.400e+01 -2.400e+01 -2.400e+01 -2.400e+01 -2.400e+01 -2.400e+01 -2.400e+01 -2.400e+01 -2.400e+01
-17.532 -19.537  9.054 26.588 0.000 0.000 1.00000 -1.8537e+01 -1.9537e+01 -8.986e+00 -3.010e-01 -3.010e-01 -8.297e+00 -9.871e+00 -1.230e+01 -2.400e+01 -2.400e+01 -2.400e+01 -2.400e+01 -2.400e+01 -2.400e+01 -2.400e+01 -2.400e+01 -2.400e+01 -2.400e+01
-17.463 -19.468  9.123 26.588 0.000 0.000 1.00000 -1.8468e+01 -1.9468e+01 -8.917e+00 -3.010e-01 -3.010e-01 -8.227e+00 -9.802e+00 -1.223e+01 -2.400e+01 -2.400e+01 -2.400e+01 -2.400e+01 -2.400e+01 -2.400e+01 -2.400e+01 -2.400e+01 -2.400e+01 -2.400e+01
-17.398 -19.403  9.188 26.588 0.000 0.000 1.00000 -1.8403e+01 -1.9403e+01 -8.852e+00 -3.010e-01 -3.010e-01 -8.162e+00 -9.737e+00 -1.217e+01 -2.400e+01 -2.400e+01 -2.400e+01 -2.400e+01 -2.400e+01 -2.400e+01 -2.400e+01 -2.400e+01 -2.400e+01 -2.400e+01
-17.329 -19.334  9.257 26.588 0.000 0.000 1.00000 -1.8334e+01 -1.9334e+01 -8.782e+00 -3.010e-01 -3.010e-01 -8.093e+00 -9.668e+00 -1.210e+01 -2.400e+01 -2.400e+01 -2.400e+01 -2.400e+01 -2.400e+01 -2.400e+01 -2.400e+01 -2.400e+01 -2.400e+01 -2.400e+01
-17.264 -19.269  9.322 26.588 0.000 0.000 1.00000 -1.8269e+01 -1.9269e+01 -8.717e+00 -3.010e-01 -3.010e-01 -8.028e+00 -9.603e+00 -1.203e+01 -2.400e+01 -2.400e+01 -2.400e+01 -2.400e+01 -2.400e+01 -2.400e+01 -2.400e+01 -2.400e+01 -2.400e+01 -2.400e+01
-17.200 -19.204  9.387 26.588 0.000 0.000 1.00000 -1.8204e+01 -1.9204e+01 -8.652e+00 -3.010e-01 -3.010e-01 -7.963e+00 -9.538e+00 -1.197e+01 -2.400e+01 -2.400e+01 -2.400e+01 -2.400e+01 -2.400e+01 -2.400e+01 -2.400e+01 -2.400e+01 -2.400e+01 -2.400e+01
-17.130 -19.135  9.456 26.588 0.000 0.000 1.00000 -1.8135e+01 -1.9135e+01 -8.583e+00 -3.010e-01 -3.010e-01 -7.894e+00 -9.469e+00 -1.190e+01 -2.400e+01 -2.400e+01 -2.400e+01 -2.400e+01 -2.400e+01 -2.400e+01 -2.400e+01 -2.400e+01 -2.400e+01 -2.400e+01
-17.066 -19.070  9.521 26.588 0.000 0.000 1.00000 -1.8070e+01 -1.9070e+01 -8.518e+00 -3.010e-01 -3.010e-01 -7.829e+00 -9.404e+00 -1.183e+01 -2.400e+01 -2.400e+01 -2.400e+01 -2.400e+01 -2.400e+01 -2.400e+01 -2.400e+01 -2.400e+01 -2.400e+01 -2.400e+01
-16.997 -19.001  9.591 26.588 0.000 0.000 1.00000 -1.8001e+01 -1.9001e+01 -8.449e+00 -3.010e-01 -3.010e-01 -7.760e+00 -9.334e+00 -1.176e+01 -2.400e+01 -2.400e+01 -2.400e+01 -2.400e+01 -2.400e+01 -2.400e+01 -2.400e+01 -2.400e+01 -2.400e+01 -2.400e+01
-16.932 -18.936  9.655 26.588 0.000 0.000 1.00000 -1.7936e+01 -1.8936e+01 -8.384e+00 -3.010e-01 -3.010e-01 -7.695e+00 -9.270e+00 -1.170e+01 -2.400e+01 -2.400e+01 -2.400e+01 -2.400e+01 -2.400e+01 -2.400e+01 -2.400e+01 -2.400e+01 -2.400e+01 -2.400e+01
-16.863 -18.867  9.725 26.588 0.000 0.000 1.00000 -1.7867e+01 -1.8867e+01 -8.315e+00 -3.010e-01 -3.010e-01 -7.626e+00 -9.200e+00 -1.163e+01 -2.400e+01 -2.400e+01 -2.400e+01 -2.400e+01 -2.400e+01 -2.400e+01 -2.400e+01 -2.400e+01 -2.400e+01 -2.400e+01
-16.798 -18.802  9.790 26.588 0.000 0.000 1.00000 -1.7802e+01 -1.8802e+01 -8.250e+00 -3.010e-01 -3.010e-01 -7.561e+00 -9.136e+00 -1.156e+01 -2.400e+01 -2.400e+01 -2.400e+01 -2.400e+01 -2.400e+01 -2.400e+01 -2.400e+01 -2.400e+01 -2.400e+01 -2.400e+01
-16.733 -18.737  9.854 26.588 0.000 0.000 1.00000 -1.7737e+01 -1.8737e+01 -8.185e+00 -3.010e-01 -3.010e-01 -7.496e+00 -9.071e+00 -1.150e+01 -2.400e+01 -2.400e+01 -2.400e+01 -2.400e+01 -2.400e+01 -2.400e+01 -2.400e+01 -2.400e+01 -2.400e+01 -2.400e+01
-16.664 -18.668  9.924 26.588 0.000 0.000 1.00000 -1.7668e+01 -1.8668e+01 -8.116e+00 -3.010e-01 -3.010e-01 -7.427e+00 -9.001e+00 -1.143e+01 -2.400e+01 -2.400e+01 -2.400e+01 -2.400e+01 -2.400e+01 -2.400e+01 -2.400e+01 -2.400e+01 -2.400e+01 -2.400e+01
-16.599 -18.603  9.988 26.588 0.000 0.000 1.00000 -1.7603e+01 -1.8603e+01 -8.051e+00 -3.010e-01 -3.010e-01 -7.362e+00 -8.937e+00 -1.136e+01 -2.400e+01 -2.400e+01 -2.400e+01 -2.400e+01 -2.400e+01 -2.400e+01 -2.400e+01 -2.400e+01 -2.400e+01 -2.400e+01
-16.530 -18.534 10.058 26.588 0.000 0.000 1.00000 -1.7534e+01 -1.8534e+01 -7.982e+00 -3.010e-01 -3.010e-01 -7.293e+00 -8.867e+00 -1.130e+01 -2.400e+01 -2.400e+01 -2.400e+01 -2.400e+01 -2.400e+01 -2.400e+01 -2.400e+01 -2.400e+01 -2.400e+01 -2.400e+01
-16.465 -18.469 10.122 26.588 0.000 0.000 1.00000 -1.7469e+01 -1.8469e+01 -7.917e+00 -3.010e-01 -3.010e-01 -7.228e+00 -8.803e+00 -1.123e+01 -2.400e+01 -2.400e+01 -2.400e+01 -2.400e+01 -2.400e+01 -2.400e+01 -2.400e+01 -2.400e+01 -2.400e+01 -2.400e+01
-16.396 -18.400 10.192 26.588 0.000 0.000 1.00000 -1.7400e+01 -1.8400e+01 -7.848e+00 -3.010e-01 -3.010e-01 -7.159e+00 -8.733e+00 -1.116e+01 -2.400e+01 -2.400e+01 -2.400e+01 -2.400e+01 -2.400e+01 -2.400e+01 -2.400e+01 -2.400e+01 -2.400e+01 -2.400e+01
-16.331 -18.335 10.256 26.588 0.000 0.000 1.00000 -1.7335e+01 -1.8335e+01 -7.783e+00 -3.010e-01 -3.010e-01 -7.094e+00 -8.669e+00 -1.110e+01 -2.400e+01 -2.400e+01 -2.400e+01 -2.400e+01 -2.400e+01 -2.400e+01 -2.400e+01 -2.400e+01 -2.400e+01 -2.400e+01
-16.266 -18.271 10.321 26.588 0.000 0.000 1.00000 -1.7271e+01 -1.8271e+01 -7.718e+00 -3.010e-01 -3.010e-01 -7.029e+00 -8.604e+00 -1.103e+01 -2.400e+01 -2.400e+01 -2.400e+01 -2.400e+01 -2.400e+01 -2.400e+01 -2.400e+01 -2.400e+01 -2.400e+01 -2.400e+01
-16.197 -18.201 10.390 26.588 0.000 0.000 1.00000 -1.7201e+01 -1.8201e+01 -7.649e+00 -3.010e-01 -3.010e-01 -6.960e+00 -8.535e+00 -1.096e+01 -2.400e+01 -2.400e+01 -2.400e+01 -2.400e+01 -2.400e+01 -2.400e+01 -2.400e+01 -2.400e+01 -2.400e+01 -2.400e+01
-16.132 -18.137 10.455 26.588 0.000 0.000 1.00000 -1.7137e+01 -1.8137e+01 -7.584e+00 -3.010e-01 -3.010e-01 -6.895e+00 -8.470e+00 -1.090e+01 -2.399e+01 -2.400e+01 -2.400e+01 -2.400e+01 -2.400e+01 -2.400e+01 -2.400e+01 -2.400e+01 -2.400e+01 -2.400e+01
-16.063 -18.067 10.524 26.588 0.000 0.000 1.00000 -1.7067e+01 -1.8067e+01 -7.515e+00 -3.010e-01 -3.010e-01 -6.826e+00 -8.401e+00 -1.083e+01 -2.399e+01 -2.400e+01 -2.400e+01 -2.400e+01 -2.400e+01 -2.400e+01 -2.400e+01 -2.400e+01 -2.400e+01 -2.400e+01
-15.998 -18.003 10.589 26.588 0.000 0.000 1.00000 -1.7003e+01 -1.8003e+01 -7.450e+00 -3.010e-01 -3.010e-01 -6.761e+00 -8.336e+00 -1.076e+01 -2.399e+01 -2.400e+01 -2.400e+01 -2.400e+01 -2.400e+01 -2.400e+01 -2.400e+01 -2.400e+01 -2.400e+01 -2.400e+01
-15.929 -17.933 10.658 26.588 0.000 0.000 1.00000 -1.6933e+01 -1.7933e+01 -7.381e+00 -3.010e-01 -3.010e-01 -6.692e+00 -8.267e+00 -1.069e+01 -2.398e+01 -2.400e+01 -2.400e+01 -2.400e+01 -2.400e+01 -2.400e+01 -2.400e+01 -2.400e+01 -2.400e+01 -2.400e+01
-15.864 -17.869 10.723 26.588 0.000 0.000 1.00000 -1.6869e+01 -1.7869e+01 -7.316e+00 -3.010e-01 -3.010e-01 -6.627e+00 -8.202e+00 -1.063e+01 -2.397e+01 -2.400e+01 -2.400e+01 -2.400e+01 -2.400e+01 -2.400e+01 -2.400e+01 -2.400e+01 -2.400e+01 -2.400e+01
-15.799 -17.804 10.788 26.588 0.000 0.000 1.00000 -1.6804e+01 -1.7804e+01 -7.252e+00 -3.010e-01 -3.010e-01 -6.562e+00 -8.137e+00 -1.057e+01 -2.395e+01 -2.400e+01 -2.400e+01 -2.400e+01 -2.400e+01 -2.400e+01 -2.400e+01 -2.400e+01 -2.400e+01 -2.400e+01
-15.730 -17.735 10.857 26.588 0.000 0.000 1.00000 -1.6735e+01 -1.7735e+01 -7.182e+00 -3.010e-01 -3.010e-01 -6.493e+00 -8.068e+00 -1.050e+01 -2.392e+01 -2.400e+01 -2.400e+01 -2.400e+01 -2.400e+01 -2.400e+01 -2.400e+01 -2.400e+01 -2.400e+01 -2.400e+01
-15.666 -17.670 10.922 26.588 0.000 0.000 1.00000 -1.6670e+01 -1.7670e+01 -7.118e+00 -3.010e-01 -3.010e-01 -6.428e+00 -8.003e+00 -1.043e+01 -2.388e+01 -2.400e+01 -2.400e+01 -2.400e+01 -2.400e+01 -2.400e+01 -2.400e+01 -2.400e+01 -2.400e+01 -2.400e+01
-15.596 -17.601 10.991 26.588 0.000 0.000 1.00000 -1.6601e+01 -1.7601e+01 -7.049e+00 -3.010e-01 -3.010e-01 -6.359e+00 -7.934e+00 -1.036e+01 -2.382e+01 -2.400e+01 -2.400e+01 -2.400e+01 -2.400e+01 -2.400e+01 -2.400e+01 -2.400e+01 -2.400e+01 -2.400e+01
-15.532 -17.536 11.056 26.588 0.000 0.000 1.00000 -1.6536e+01 -1.7536e+01 -6.984e+00 -3.010e-01 -3.010e-01 -6.294e+00 -7.869e+00 -1.030e+01 -2.374e+01 -2.400e+01 -2.400e+01 -2.400e+01 -2.400e+01 -2.400e+01 -2.400e+01 -2.400e+01 -2.400e+01 -2.400e+01
-15.462 -17.467 11.125 26.588 0.000 0.000 1.00000 -1.6467e+01 -1.7467e+01 -6.915e+00 -3.010e-01 -3.010e-01 -6.225e+00 -7.800e+00 -1.023e+01 -2.363e+01 -2.400e+01 -2.400e+01 -2.400e+01 -2.400e+01 -2.400e+01 -2.400e+01 -2.400e+01 -2.400e+01 -2.400e+01
-15.398 -17.402 11.190 26.588 0.000 0.000 1.00000 -1.6402e+01 -1.7402e+01 -6.850e+00 -3.010e-01 -3.010e-01 -6.160e+00 -7.735e+00 -1.016e+01 -2.351e+01 -2.400e+01 -2.400e+01 -2.400e+01 -2.400e+01 -2.400e+01 -2.400e+01 -2.400e+01 -2.400e+01 -2.400e+01
-15.333 -17.337 11.255 26.588 0.000 0.000 1.00000 -1.6337e+01 -1.7337e+01 -6.785e+00 -3.010e-01 -3.010e-01 -6.096e+00 -7.670e+00 -1.010e+01 -2.337e+01 -2.400e+01 -2.400e+01 -2.400e+01 -2.400e+01 -2.400e+01 -2.400e+01 -2.400e+01 -2.400e+01 -2.400e+01
-15.264 -17.268 11.324 26.588 0.000 0.000 1.00000 -1.6268e+01 -1.7268e+01 -6.716e+00 -3.010e-01 -3.010e-01 -6.026e+00 -7.601e+00 -1.003e+01 -2.321e+01 -2.400e+01 -2.400e+01 -2.400e+01 -2.400e+01 -2.400e+01 -2.400e+01 -2.400e+01 -2.400e+01 -2.400e+01
-15.199 -17.203 11.389 26.588 0.000 0.000 1.00000 -1.6203e+01 -1.7203e+01 -6.651e+00 -3.010e-01 -3.010e-01 -5.962e+00 -7.536e+00 -9.965e+00 -2.304e+01 -2.400e+01 -2.400e+01 -2.400e+01 -2.400e+01 -2.400e+01 -2.400e+01 -2.400e+01 -2.400e+01 -2.400e+01
-15.130 -17.134 11.458 26.588 0.000 0.000 1.00000 -1.6134e+01 -1.7134e+01 -6.582e+00 -3.010e-01 -3.010e-01 -5.892e+00 -7.467e+00 -9.895e+00 -2.285e+01 -2.400e+01 -2.400e+01 -2.400e+01 -2.400e+01 -2.400e+01 -2.400e+01 -2.400e+01 -2.400e+01 -2.400e+01
-15.065 -17.069 11.523 26.588 0.000 0.000 1.00000 -1.6069e+01 -1.7069e+01 -6.517e+00 -3.010e-01 -3.010e-01 -5.828e+00 -7.402e+00 -9.831e+00 -2.267e+01 -2.400e+01 -2.400e+01 -2.400e+01 -2.400e+01 -2.400e+01 -2.400e+01 -2.400e+01 -2.400e+01 -2.400e+01
-14.996 -17.000 11.592 26.588 0.000 0.000 1.00000 -1.6000e+01 -1.7000e+01 -6.448e+00 -3.010e-01 -3.010e-01 -5.759e+00 -7.333e+00 -9.761e+00 -2.247e+01 -2.400e+01 -2.400e+01 -2.400e+01 -2.400e+01 -2.400e+01 -2.400e+01 -2.400e+01 -2.400e+01 -2.400e+01
-14.931 -16.935 11.657 26.588 0.000 0.000 1.00000 -1.5935e+01 -1.6935e+01 -6.383e+00 -3.010e-01 -3.010e-01 -5.694e+00 -7.268e+00 -9.697e+00 -2.228e+01 -2.400e+01 -2.400e+01 -2.400e+01 -2.400e+01 -2.400e+01 -2.400e+01 -2.400e+01 -2.400e+01 -2.400e+01
-14.866 -16.870 11.721 26.588 0.000 0.000 1.00000 -1.5870e+01 -1.6870e+01 -6.318e+00 -3.010e-01 -3.010e-01 -5.629e+00 -7.204e+00 -9.632e+00 -2.208e+01 -2.400e+01 -2.400e+01 -2.400e+01 -2.400e+01 -2.400e+01 -2.400e+01 -2.400e+01 -2.400e+01 -2.400e+01
-14.797 -16.801 11.791 26.588 0.000 0.000 1.00000 -1.5801e+01 -1.6801e+01 -6.249e+00 -3.010e-01 -3.010e-01 -5.560e+00 -7.134e+00 -9.563e+00 -2.188e+01 -2.400e+01 -2.400e+01 -2.400e+01 -2.400e+01 -2.400e+01 -2.400e+01 -2.400e+01 -2.400e+01 -2.400e+01
-14.732 -16.736 11.855 26.588 0.000 0.000 1.00000 -1.5736e+01 -1.6736e+01 -6.184e+00 -3.010e-01 -3.010e-01 -5.495e+00 -7.070e+00 -9.498e+00 -2.169e+01 -2.400e+01 -2.400e+01 -2.400e+01 -2.400e+01 -2.400e+01 -2.400e+01 -2.400e+01 -2.400e+01 -2.400e+01
-14.663 -16.667 11.925 26.588 0.000 0.000 1.00000 -1.5667e+01 -1.6667e+01 -6.115e+00 -3.010e-01 -3.010e-01 -5.426e+00 -7.001e+00 -9.429e+00 -2.148e+01 -2.400e+01 -2.400e+01 -2.400e+01 -2.400e+01 -2.400e+01 -2.400e+01 -2.400e+01 -2.400e+01 -2.400e+01
-14.598 -16.602 11.989 26.588 0.000 0.000 1.00000 -1.5602e+01 -1.6602e+01 -6.050e+00 -3.010e-01 -3.010e-01 -5.361e+00 -6.936e+00 -9.364e+00 -2.129e+01 -2.400e+01 -2.400e+01 -2.400e+01 -2.400e+01 -2.400e+01 -2.400e+01 -2.400e+01 -2.400e+01 -2.400e+01
-14.533 -16.538 12.054 26.588 0.000 0.000 1.00000 -1.5538e+01 -1.6538e+01 -5.985e+00 -3.010e-01 -3.010e-01 -5.296e+00 -6.871e+00 -9.299e+00 -2.109e+01 -2.400e+01 -2.400e+01 -2.400e+01 -2.400e+01 -2.400e+01 -2.400e+01 -2.400e+01 -2.400e+01 -2.400e+01
-14.464 -16.469 12.123 26.588 0.000 0.000 1.00000 -1.5469e+01 -1.6469e+01 -5.916e+00 -3.010e-01 -3.010e-01 -5.227e+00 -6.802e+00 -9.230e+00 -2.088e+01 -2.400e+01 -2.400e+01 -2.400e+01 -2.400e+01 -2.400e+01 -2.400e+01 -2.400e+01 -2.400e+01 -2.400e+01
-14.399 -16.404 12.188 26.588 0.000 0.000 1.00000 -1.5404e+01 -1.6404e+01 -5.851e+00 -3.010e-01 -3.010e-01 -5.162e+00 -6.737e+00 -9.165e+00 -2.069e+01 -2.400e+01 -2.400e+01 -2.400e+01 -2.400e+01 -2.400e+01 -2.400e+01 -2.400e+01 -2.400e+01 -2.400e+01
-14.330 -16.335 12.257 26.588 0.000 0.000 1.00000 -1.5335e+01 -1.6335e+01 -5.782e+00 -3.010e-01 -3.010e-01 -5.093e+00 -6.668e+00 -9.096e+00 -2.048e+01 -2.400e+01 -2.400e+01 -2.400e+01 -2.400e+01 -2.400e+01 -2.400e+01 -2.400e+01 -2.400e+01 -2.400e+01
-14.265 -16.270 12.322 26.588 0.000 0.000 1.00000 -1.5270e+01 -1.6270e+01 -5.718e+00 -3.010e-01 -3.010e-01 -5.028e+00 -6.603e+00 -9.031e+00 -2.029e+01 -2.400e+01 -2.400e+01 -2.400e+01 -2.400e+01 -2.400e+01 -2.400e+01 -2.400e+01 -2.400e+01 -2.400e+01
-14.196 -16.201 12.391 26.588 0.000 0.000 1.00000 -1.5201e+01 -1.6201e+01 -5.648e+00 -3.010e-01 -3.010e-01 -4.959e+00 -6.534e+00 -8.962e+00 -2.008e+01 -2.400e+01 -2.400e+01 -2.400e+01 -2.400e+01 -2.400e+01 -2.400e+01 -2.400e+01 -2.400e+01 -2.400e+01
-14.131 -16.136 12.456 26.588 0.000 0.000 1.00000 -1.5136e+01 -1.6136e+01 -5.584e+00 -3.010e-01 -3.010e-01 -4.894e+00 -6.469e+00 -8.897e+00 -1.989e+01 -2.400e+01 -2.400e+01 -2.400e+01 -2.400e+01 -2.400e+01 -2.400e+01 -2.400e+01 -2.400e+01 -2.400e+01
-14.067 -16.071 12.521 26.587 0.000 0.000 1.00000 -1.5071e+01 -1.6071e+01 -5.519e+00 -3.010e-01 -3.010e-01 -4.829e+00 -6.404e+00 -8.832e+00 -1.969e+01 -2.400e+01 -2.400e+01 -2.400e+01 -2.400e+01 -2.400e+01 -2.400e+01 -2.400e+01 -2.400e+01 -2.400e+01
-13.997 -16.002 12.590 26.587 0.000 0.000 1.00000 -1.5002e+01 -1.6002e+01 -5.450e+00 -3.010e-01 -3.010e-01 -4.760e+00 -6.335e+00 -8.763e+00 -1.948e+01 -2.400e+01 -2.400e+01 -2.400e+01 -2.400e+01 -2.400e+01 -2.400e+01 -2.400e+01 -2.400e+01 -2.400e+01
-13.933 -15.937 12.655 26.587 0.000 0.000 1.00000 -1.4937e+01 -1.5937e+01 -5.385e+00 -3.011e-01 -3.010e-01 -4.695e+00 -6.270e+00 -8.698e+00 -1.929e+01 -2.400e+01 -2.400e+01 -2.400e+01 -2.400e+01 -2.400e+01 -2.400e+01 -2.400e+01 -2.400e+01 -2.400e+01
-13.864 -15.868 12.724 26.587 0.000 0.000 1.00000 -1.4868e+01 -1.5868e+01 -5.316e+00 -3.011e-01 -3.010e-01 -4.626e+00 -6.201e+00 -8.629e+00 -1.908e+01 -2.400e+01 -2.400e+01 -2.400e+01 -2.400e+01 -2.400e+01 -2.400e+01 -2.400e+01 -2.400e+01 -2.400e+01
-13.799 -15.803 12.789 26.587 0.000 0.000 1.00000 -1.4803e+01 -1.5803e+01 -5.251e+00 -3.011e-01 -3.010e-01 -4.562e+00 -6.136e+00 -8.564e+00 -1.889e+01 -2.400e+01 -2.400e+01 -2.400e+01 -2.400e+01 -2.400e+01 -2.400e+01 -2.400e+01 -2.400e+01 -2.400e+01
-13.730 -15.734 12.858 26.587 0.000 0.000 1.00000 -1.4734e+01 -1.5734e+01 -5.182e+00 -3.011e-01 -3.010e-01 -4.492e+00 -6.067e+00 -8.495e+00 -1.868e+01 -2.400e+01 -2.400e+01 -2.400e+01 -2.400e+01 -2.400e+01 -2.400e+01 -2.400e+01 -2.400e+01 -2.400e+01
-13.665 -15.669 12.923 26.587 0.000 0.000 1.00000 -1.4669e+01 -1.5669e+01 -5.117e+00 -3.011e-01 -3.010e-01 -4.428e+00 -6.002e+00 -8.430e+00 -1.849e+01 -2.400e+01 -2.400e+01 -2.400e+01 -2.400e+01 -2.400e+01 -2.400e+01 -2.400e+01 -2.400e+01 -2.400e+01
-13.600 -15.604 12.988 26.587 0.000 0.000 1.00000 -1.4604e+01 -1.5604e+01 -5.052e+00 -3.011e-01 -3.010e-01 -4.363e+00 -5.937e+00 -8.366e+00 -1.829e+01 -2.400e+01 -2.400e+01 -2.400e+01 -2.400e+01 -2.400e+01 -2.400e+01 -2.400e+01 -2.400e+01 -2.400e+01
-13.531 -15.535 13.057 26.587 0.000 0.000 1.00000 -1.4535e+01 -1.5535e+01 -4.983e+00 -3.011e-01 -3.010e-01 -4.294e+00 -5.868e+00 -8.296e+00 -1.808e+01 -2.400e+01 -2.400e+01 -2.400e+01 -2.400e+01 -2.400e+01 -2.400e+01 -2.400e+01 -2.400e+01 -2.400e+01
-13.466 -15.470 13.122 26.587 0.000 0.000 1.00000 -1.4470e+01 -1.5470e+01 -4.918e+00 -3.011e-01 -3.010e-01 -4.229e+00 -5.804e+00 -8.232e+00 -1.789e+01 -2.400e+01 -2.400e+01 -2.400e+01 -2.400e+01 -2.400e+01 -2.400e+01 -2.400e+01 -2.400e+01 -2.400e+01
-13.397 -15.401 13.191 26.587 0.000 0.000 1.00000 -1.4401e+01 -1.5401e+01 -4.849e+00 -3.011e-01 -3.010e-01 -4.160e+00 -5.734e+00 -8.162e+00 -1.768e+01 -2.400e+01 -2.400e+01 -2.400e+01 -2.400e+01 -2.400e+01 -2.400e+01 -2.400e+01 -2.400e+01 -2.400e+01
-13.332 -15.336 13.255 26.587 0.000 0.000 1.00000 -1.4336e+01 -1.5336e+01 -4.784e+00 -3.011e-01 -3.010e-01 -4.095e+00 -5.670e+00 -8.098e+00 -1.749e+01 -2.400e+01 -2.400e+01 -2.400e+01 -2.400e+01 -2.400e+01 -2.400e+01 -2.400e+01 -2.400e+01 -2.400e+01
-13.263 -15.267 13.325 26.587 0.000 0.000 1.00000 -1.4267e+01 -1.5267e+01 -4.715e+00 -3.011e-01 -3.010e-01 -4.026e+00 -5.600e+00 -8.028e+00 -1.728e+01 -2.400e+01 -2.400e+01 -2.400e+01 -2.400e+01 -2.400e+01 -2.400e+01 -2.400e+01 -2.400e+01 -2.400e+01
-13.198 -15.202 13.389 26.587 0.000 0.000 1.00000 -1.4202e+01 -1.5202e+01 -4.650e+00 -3.011e-01 -3.010e-01 -3.961e+00 -5.536e+00 -7.964e+00 -1.709e+01 -2.400e+01 -2.400e+01 -2.400e+01 -2.400e+01 -2.400e+01 -2.400e+01 -2.400e+01 -2.400e+01 -2.400e+01
-13.133 -15.138 13.454 26.587 0.000 0.000 1.00000 -1.4138e+01 -1.5138e+01 -4.585e+00 -3.012e-01 -3.010e-01 -3.896e+00 -5.471e+00 -7.899e+00 -1.689e+01 -2.400e+01 -2.400e+01 -2.400e+01 -2.400e+01 -2.400e+01 -2.400e+01 -2.400e+01 -2.400e+01 -2.400e+01
-13.064 -15.068 13.523 26.587 0.000 0.000 1.00000 -1.4068e+01 -1.5068e+01 -4.516e+00 -3.012e-01 -3.010e-01 -3.827e+00 -5.402e+00 -7.830e+00 -1.668e+01 -2.400e+01 -2.400e+01 -2.400e+01 -2.400e+01 -2.400e+01 -2.400e+01 -2.400e+01 -2.400e+01 -2.400e+01
-12.999 -15.004 13.588 26.587 0.000 0.000 1.00000 -1.4004e+01 -1.5004e+01 -4.452e+00 -3.012e-01 -3.010e-01 -3.762e+00 -5.337e+00 -7.765e+00 -1.649e+01 -2.400e+01 -2.400e+01 -2.400e+01 -2.400e+01 -2.400e+01 -2.400e+01 -2.400e+01 -2.400e+01 -2.400e+01
-12.930 -14.934 13.657 26.587 0.000 0.000 1.00000 -1.3934e+01 -1.4934e+01 -4.382e+00 -3.012e-01 -3.010e-01 -3.693e+00 -5.268e+00 -7.696e+00 -1.628e+01 -2.399e+01 -2.400e+01 -2.400e+01 -2.400e+01 -2.400e+01 -2.400e+01 -2.400e+01 -2.400e+01 -2.400e+01
-12.865 -14.870 13.722 26.587 0.000 0.000 1.00000 -1.3870e+01 -1.4870e+01 -4.318e+00 -3.013e-01 -3.010e-01 -3.628e+00 -5.203e+00 -7.631e+00 -1.609e+01 -2.398e+01 -2.400e+01 -2.400e+01 -2.400e+01 -2.400e+01 -2.400e+01 -2.400e+01 -2.400e+01 -2.400e+01
-12.796 -14.800 13.791 26.587 0.000 0.000 1.00000 -1.3800e+01 -1.4800e+01 -4.249e+00 -3.013e-01 -3.010e-01 -3.559e+00 -5.134e+00 -7.562e+00 -1.588e+01 -2.396e+01 -2.400e+01 -2.400e+01 -2.400e+01 -2.400e+01 -2.400e+01 -2.400e+01 -2.400e+01 -2.400e+01
-12.731 -14.736 13.856 26.587 0.000 0.000 1.00000 -1.3736e+01 -1.4736e+01 -4.184e+00 -3.014e-01 -3.010e-01 -3.494e+00 -5.069e+00 -7.497e+00 -1.569e+01 -2.392e+01 -2.400e+01 -2.400e+01 -2.400e+01 -2.400e+01 -2.400e+01 -2.400e+01 -2.400e+01 -2.400e+01
-12.666 -14.671 13.921 26.587 0.000 0.000 1.00000 -1.3671e+01 -1.4671e+01 -4.119e+00 -3.014e-01 -3.010e-01 -3.430e+00 -5.004e+00 -7.432e+00 -1.549e+01 -2.384e+01 -2.400e+01 -2.400e+01 -2.400e+01 -2.400e+01 -2.400e+01 -2.400e+01 -2.400e+01 -2.400e+01
-12.597 -14.602 13.990 26.587 0.000 0.000 1.00000 -1.3602e+01 -1.4602e+01 -4.050e+00 -3.015e-01 -3.010e-01 -3.361e+00 -4.935e+00 -7.363e+00 -1.528e+01 -2.370e+01 -2.400e+01 -2.400e+01 -2.400e+01 -2.400e+01 -2.400e+01 -2.400e+01 -2.400e+01 -2.400e+01
-12.533 -14.537 14.054 26.586 0.000 0.000 1.00000 -1.3537e+01 -1.4537e+01 -3.985e+00 -3.016e-01 -3.010e-01 -3.296e+00 -4.870e+00 -7.298e+00 -1.509e+01 -2.351e+01 -2.400e+01 -2.400e+01 -2.400e+01 -2.400e+01 -2.400e+01 -2.400e+01 -2.400e+01 -2.400e+01
-12.463 -14.468 14.124 26.586 0.000 0.000 1.00000 -1.3468e+01 -1.4468e+01 -3.916e+00 -3.017e-01 -3.010e-01 -3.227e+00 -4.801e+00 -7.228e+00 -1.488e+01 -2.325e+01 -2.400e+01 -2.400e+01 -2.400e+01 -2.400e+01 -2.400e+01 -2.400e+01 -2.400e+01 -2.400e+01
-12.399 -14.403 14.188 26.586 0.000 0.000 1.00000 -1.3403e+01 -1.4403e+01 -3.851e+00 -3.018e-01 -3.010e-01 -3.162e+00 -4.736e+00 -7.163e+00 -1.469e+01 -2.297e+01 -2.400e+01 -2.400e+01 -2.400e+01 -2.400e+01 -2.400e+01 -2.400e+01 -2.400e+01 -2.400e+01
-12.329 -14.334 14.257 26.586 0.000 0.000 1.00000 -1.3334e+01 -1.4334e+01 -3.782e+00 -3.019e-01 -3.010e-01 -3.093e+00 -4.667e+00 -7.094e+00 -1.448e+01 -2.265e+01 -2.400e+01 -2.400e+01 -2.400e+01 -2.400e+01 -2.400e+01 -2.400e+01 -2.400e+01 -2.400e+01
-12.265 -14.269 14.322 26.586 0.000 0.000 1.00000 -1.3269e+01 -1.4269e+01 -3.718e+00 -3.020e-01 -3.010e-01 -3.028e+00 -4.603e+00 -7.029e+00 -1.429e+01 -2.233e+01 -2.400e+01 -2.400e+01 -2.400e+01 -2.400e+01 -2.400e+01 -2.400e+01 -2.400e+01 -2.400e+01
-12.200 -14.204 14.387 26.585 0.000 0.000 1.00000 -1.3204e+01 -1.4204e+01 -3.653e+00 -3.022e-01 -3.010e-01 -2.964e+00 -4.538e+00 -6.964e+00 -1.409e+01 -2.201e+01 -2.400e+01 -2.400e+01 -2.400e+01 -2.400e+01 -2.400e+01 -2.400e+01 -2.400e+01 -2.400e+01
-12.131 -14.135 14.456 26.585 0.000 0.000 1.00000 -1.3135e+01 -1.4135e+01 -3.584e+00 -3.024e-01 -3.010e-01 -2.895e+00 -4.469e+00 -6.895e+00 -1.388e+01 -2.167e+01 -2.400e+01 -2.400e+01 -2.400e+01 -2.400e+01 -2.400e+01 -2.400e+01 -2.400e+01 -2.400e+01
-12.066 -14.070 14.520 26.584 0.000 0.000 1.00000 -1.3070e+01 -1.4070e+01 -3.519e+00 -3.026e-01 -3.011e-01 -2.830e+00 -4.404e+00 -6.830e+00 -1.369e+01 -2.135e+01 -2.400e+01 -2.400e+01 -2.400e+01 -2.400e+01 -2.400e+01 -2.400e+01 -2.400e+01 -2.400e+01
-11.997 -14.001 14.589 26.584 0.000 0.000 1.00000 -1.3001e+01 -1.4001e+01 -3.451e+00 -3.029e-01 -3.011e-01 -2.761e+00 -4.335e+00 -6.760e+00 -1.348e+01 -2.100e+01 -2.400e+01 -2.400e+01 -2.400e+01 -2.400e+01 -2.400e+01 -2.400e+01 -2.400e+01 -2.400e+01
-11.932 -13.936 14.654 26.583 0.000 0.000 1.00000 -1.2936e+01 -1.3936e+01 -3.386e+00 -3.032e-01 -3.011e-01 -2.697e+00 -4.270e+00 -6.695e+00 -1.329e+01 -2.068e+01 -2.400e+01 -2.400e+01 -2.400e+01 -2.400e+01 -2.400e+01 -2.400e+01 -2.400e+01 -2.400e+01
-11.863 -13.867 14.722 26.583 0.000 0.000 1.00000 -1.2867e+01 -1.3867e+01 -3.317e+00 -3.035e-01 -3.011e-01 -2.628e+00 -4.201e+00 -6.626e+00 -1.308e+01 -2.033e+01 -2.400e+01 -2.400e+01 -2.400e+01 -2.400e+01 -2.400e+01 -2.400e+01 -2.400e+01 -2.400e+01
-11.798 -13.802 14.787 26.582 0.000 0.000 1.00000 -1.2802e+01 -1.3802e+01 -3.253e+00 -3.039e-01 -3.011e-01 -2.564e+00 -4.137e+00 -6.560e+00 -1.288e+01 -2.001e+01 -2.400e+01 -2.400e+01 -2.400e+01 -2.400e+01 -2.400e+01 -2.400e+01 -2.400e+01 -2.400e+01
-11.733 -13.737 14.851 26.581 0.000 0.000 1.00000 -1.2737e+01 -1.3737e+01 -3.188e+00 -3.044e-01 -3.011e-01 -2.499e+00 -4.072e+00 -6.495e+00 -1.269e+01 -1.969e+01 -2.400e+01 -2.400e+01 -2.400e+01 -2.400e+01 -2.400e+01 -2.400e+01 -2.400e+01 -2.400e+01
-11.664 -13.668 14.920 26.580 0.000 0.000 1.00000 -1.2668e+01 -1.3668e+01 -3.120e+00 -3.050e-01 -3.011e-01 -2.431e+00 -4.003e+00 -6.425e+00 -1.248e+01 -1.934e+01 -2.400e+01 -2.400e+01 -2.400e+01 -2.400e+01 -2.400e+01 -2.400e+01 -2.400e+01 -2.400e+01
-11.599 -13.603 14.984 26.579 0.000 0.000 1.00000 -1.2603e+01 -1.3603e+01 -3.056e+00 -3.056e-01 -3.011e-01 -2.366e+00 -3.939e+00 -6.359e+00 -1.229e+01 -1.902e+01 -2.400e+01 -2.400e+01 -2.400e+01 -2.400e+01 -2.400e+01 -2.400e+01 -2.400e+01 -2.400e+01
-11.530 -13.534 15.052 26.577 0.000 0.000 1.00000 -1.2534e+01 -1.3534e+01 -2.987e+00 -3.064e-01 -3.011e-01 -2.298e+00 -3.870e+00 -6.289e+00 -1.208e+01 -1.867e+01 -2.400e+01 -2.400e+01 -2.400e+01 -2.400e+01 -2.400e+01 -2.400e+01 -2.400e+01 -2.400e+01
-11.465 -13.469 15.116 26.575 0.000 0.000 1.00000 -1.2469e+01 -1.3469e+01 -2.923e+00 -3.072e-01 -3.011e-01 -2.234e+00 -3.806e+00 -6.223e+00 -1.189e+01 -1.835e+01 -2.400e+01 -2.400e+01 -2.400e+01 -2.400e+01 -2.400e+01 -2.400e+01 -2.400e+01 -2.400e+01
-11.396 -13.400 15.184 26.573 0.000 0.000 1.00000 -1.2400e+01 -1.3400e+01 -2.855e+00 -3.083e-01 -3.011e-01 -2.166e+00 -3.737e+00 -6.153e+00 -1.168e+01 -1.800e+01 -2.399e+01 -2.400e+01 -2.400e+01 -2.400e+01 -2.400e+01 -2.400e+01 -2.400e+01 -2.400e+01
-11.331 -13.336 15.248 26.571 0.000 0.000 1.00000 -1.2336e+01 -1.3336e+01 -2.792e+00 -3.094e-01 -3.012e-01 -2.102e+00 -3.672e+00 -6.087e+00 -1.148e+01 -1.768e+01 -2.396e+01 -2.400e+01 -2.400e+01 -2.400e+01 -2.400e+01 -2.400e+01 -2.400e+01 -2.400e+01
-11.266 -13.271 15.312 26.568 0.000 0.000 1.00000 -1.2271e+01 -1.3271e+01 -2.728e+00 -3.108e-01 -3.012e-01 -2.039e+00 -3.608e+00 -6.020e+00 -1.129e+01 -1.736e+01 -2.390e+01 -2.400e+01 -2.400e+01 -2.400e+01 -2.400e+01 -2.400e+01 -2.400e+01 -2.400e+01
-11.197 -13.202 15.379 26.565 0.000 0.000 1.00000 -1.2202e+01 -1.3202e+01 -2.660e+00 -3.124e-01 -3.012e-01 -1.971e+00 -3.540e+00 -5.949e+00 -1.108e+01 -1.701e+01 -2.374e+01 -2.400e+01 -2.400e+01 -2.400e+01 -2.400e+01 -2.400e+01 -2.400e+01 -2.400e+01
-11.132 -13.137 15.442 26.562 0.000 0.000 1.00000 -1.2137e+01 -1.3137e+01 -2.597e+00 -3.142e-01 -3.012e-01 -1.908e+00 -3.475e+00 -5.881e+00 -1.089e+01 -1.669e+01 -2.348e+01 -2.400e+01 -2.400e+01 -2.400e+01 -2.400e+01 -2.400e+01 -2.400e+01 -2.400e+01
-11.063 -13.068 15.509 26.557 0.000 0.000 1.00000 -1.2068e+01 -1.3068e+01 -2.530e+00 -3.165e-01 -3.013e-01 -1.842e+00 -3.407e+00 -5.809e+00 -1.068e+01 -1.634e+01 -2.310e+01 -2.400e+01 -2.400e+01 -2.400e+01 -2.400e+01 -2.400e+01 -2.400e+01 -2.400e+01
-10.998 -13.003 15.572 26.553 0.000 0.000 1.00000 -1.2003e+01 -1.3003e+01 -2.468e+00 -3.189e-01 -3.013e-01 -1.779e+00 -3.343e+00 -5.740e+00 -1.048e+01 -1.602e+01 -2.268e+01 -2.400e+01 -2.400e+01 -2.400e+01 -2.400e+01 -2.400e+01 -2.400e+01 -2.400e+01
-10.929 -12.934 15.638 26.547 0.000 0.000 1.00000 -1.1934e+01 -1.2934e+01 -2.402e+00 -3.219e-01 -3.013e-01 -1.713e+00 -3.274e+00 -5.667e+00 -1.027e+01 -1.568e+01 -2.222e+01 -2.400e+01 -2.400e+01 -2.400e+01 -2.400e+01 -2.400e+01 -2.400e+01 -2.400e+01
-10.864 -12.869 15.699 26.541 0.000 0.000 1.00000 -1.1869e+01 -1.2869e+01 -2.340e+00 -3.252e-01 -3.014e-01 -1.652e+00 -3.210e+00 -5.597e+00 -1.008e+01 -1.536e+01 -2.177e+01 -2.400e+01 -2.400e+01 -2.400e+01 -2.400e+01 -2.400e+01 -2.400e+01 -2.400e+01
-10.800 -12.804 15.761 26.533 0.000 0.000 1.00000 -1.1804e+01 -1.2804e+01 -2.279e+00 -3.290e-01 -3.014e-01 -1.591e+00 -3.146e+00 -5.525e+00 -9.882e+00 -1.503e+01 -2.133e+01 -2.400e+01 -2.400e+01 -2.400e+01 -2.400e+01 -2.400e+01 -2.400e+01 -2.400e+01
-10.731 -12.735 15.825 26.524 0.000 0.000 1.00000 -1.1735e+01 -1.2735e+01 -2.215e+00 -3.336e-01 -3.015e-01 -1.526e+00 -3.077e+00 -5.448e+00 -9.672e+00 -1.469e+01 -2.085e+01 -2.400e+01 -2.400e+01 -2.400e+01 -2.400e+01 -2.400e+01 -2.400e+01 -2.400e+01
-10.666 -12.670 15.885 26.515 0.000 0.000 1.00000 -1.1670e+01 -1.2670e+01 -2.155e+00 -3.387e-01 -3.016e-01 -1.467e+00 -3.012e+00 -5.374e+00 -9.475e+00 -1.437e+01 -2.040e+01 -2.399e+01 -2.400e+01 -2.400e+01 -2.400e+01 -2.400e+01 -2.400e+01 -2.400e+01
-10.597 -12.601 15.948 26.503 0.000 0.000 1.00000 -1.1601e+01 -1.2601e+01 -2.092e+00 -3.449e-01 -3.016e-01 -1.404e+00 -2.943e+00 -5.293e+00 -9.264e+00 -1.402e+01 -1.992e+01 -2.394e+01 -2.400e+01 -2.400e+01 -2.400e+01 -2.400e+01 -2.400e+01 -2.400e+01
-10.532 -12.536 16.007 26.491 0.000 0.000 1.00000 -1.1536e+01 -1.2536e+01 -2.034e+00 -3.515e-01 -3.017e-01 -1.346e+00 -2.877e+00 -5.215e+00 -9.065e+00 -1.370e+01 -1.948e+01 -2.382e+01 -2.400e+01 -2.400e+01 -2.400e+01 -2.400e+01 -2.400e+01 -2.400e+01
-10.463 -12.467 16.068 26.476 0.000 0.000 1.00000 -1.1467e+01 -1.2467e+01 -1.972e+00 -3.597e-01 -3.018e-01 -1.285e+00 -2.806e+00 -5.129e+00 -8.852e+00 -1.336e+01 -1.900e+01 -2.351e+01 -2.400e+01 -2.400e+01 -2.400e+01 -2.400e+01 -2.400e+01 -2.400e+01
-10.398 -12.402 16.125 26.460 0.000 0.000 1.00000 -1.1402e+01 -1.2402e+01 -1.916e+00 -3.685e-01 -3.019e-01 -1.229e+00 -2.739e+00 -5.045e+00 -8.650e+00 -1.304e+01 -1.856e+01 -2.306e+01 -2.400e+01 -2.400e+01 -2.400e+01 -2.400e+01 -2.400e+01 -2.400e+01
-10.333 -12.337 16.180 26.442 0.000 0.000 1.00000 -1.1337e+01 -1.2337e+01 -1.861e+00 -3.784e-01 -3.021e-01 -1.175e+00 -2.670e+00 -4.957e+00 -8.447e+00 -1.271e+01 -1.812e+01 -2.254e+01 -2.400e+01 -2.400e+01 -2.400e+01 -2.400e+01 -2.400e+01 -2.400e+01
-10.264 -12.268 16.238 26.420 0.000 0.000 1.00000 -1.1268e+01 -1.2268e+01 -1.804e+00 -3.905e-01 -3.022e-01 -1.118e+00 -2.594e+00 -4.858e+00 -8.228e+00 -1.237e+01 -1.765e+01 -2.195e+01 -2.400e+01 -2.400e+01 -2.400e+01 -2.400e+01 -2.400e+01 -2.400e+01
-10.199 -12.203 16.291 26.398 0.000 0.000 1.00000 -1.1203e+01 -1.2203e+01 -1.753e+00 -4.034e-01 -3.024e-01 -1.067e+00 -2.521e+00 -4.760e+00 -8.019e+00 -1.205e+01 -1.720e+01 -2.139e+01 -2.400e+01 -2.400e+01 -2.400e+01 -2.400e+01 -2.400e+01 -2.400e+01
-10.130 -12.134 16.346 26.372 0.000 0.000 1.00000 -1.1134e+01 -1.2134e+01 -1.699e+00 -4.189e-01 -3.025e-01 -1.014e+00 -2.440e+00 -4.649e+00 -7.793e+00 -1.170e+01 -1.673e+01 -2.080e+01 -2.400e+01 -2.400e+01 -2.400e+01 -2.400e+01 -2.400e+01 -2.400e+01
-10.065 -12.069 16.396 26.345 0.000 0.000 1.00000 -1.1069e+01 -1.2069e+01 -1.651e+00 -4.352e-01 -3.027e-01 -9.662e-01 -2.361e+00 -4.538e+00 -7.578e+00 -1.137e+01 -1.629e+01 -2.024e+01 -2.400e+01 -2.400e+01 -2.400e+01 -2.400e+01 -2.400e+01 -2.400e+01
-9.996 -12.000 16.448 26.314 0.000 0.000 1.00000 -1.1000e+01 -1.2000e+01 -1.602e+00 -4.548e-01 -3.029e-01 -9.179e-01 -2.273e+00 -4.411e+00 -7.343e+00 -1.102e+01 -1.583e+01 -1.966e+01 -2.399e+01 -2.400e+01 -2.400e+01 -2.400e+01 -2.400e+01 -2.400e+01
-9.931 -11.935 16.495 26.283 0.000 0.000 1.00000 -1.0935e+01 -1.1935e+01 -1.558e+00 -4.752e-01 -3.031e-01 -8.752e-01 -2.186e+00 -4.283e+00 -7.117e+00 -1.069e+01 -1.539e+01 -1.911e+01 -2.398e+01 -2.400e+01 -2.400e+01 -2.400e+01 -2.400e+01 -2.400e+01
-9.866 -11.871 16.541 26.251 0.000 0.000 1.00000 -1.0871e+01 -1.1871e+01 -1.517e+00 -4.978e-01 -3.032e-01 -8.350e-01 -2.096e+00 -4.147e+00 -6.886e+00 -1.036e+01 -1.495e+01 -1.856e+01 -2.391e+01 -2.400e+01 -2.400e+01 -2.400e+01 -2.400e+01 -2.400e+01
-9.797 -11.801 16.589 26.215 0.000 0.000 1.00000 -1.0801e+01 -1.1801e+01 -1.476e+00 -5.245e-01 -3.034e-01 -7.953e-01 -1.997e+00 -3.993e+00 -6.633e+00 -1.000e+01 -1.448e+01 -1.798e+01 -2.366e+01 -2.400e+01 -2.400e+01 -2.400e+01 -2.400e+01 -2.400e+01
-9.732 -11.737 16.632 26.182 0.000 0.000 1.00000 -1.0737e+01 -1.1737e+01 -1.440e+00 -5.519e-01 -3.036e-01 -7.612e-01 -1.901e+00 -3.839e+00 -6.390e+00 -9.661e+00 -1.404e+01 -1.744e+01 -2.320e+01 -2.400e+01 -2.400e+01 -2.400e+01 -2.400e+01 -2.400e+01
-9.663 -11.667 16.676 26.146 0.000 0.000 1.00000 -1.0667e+01 -1.1667e+01 -1.406e+00 -5.838e-01 -3.037e-01 -7.286e-01 -1.796e+00 -3.667e+00 -6.124e+00 -9.295e+00 -1.357e+01 -1.686e+01 -2.257e+01 -2.400e+01 -2.400e+01 -2.400e+01 -2.400e+01 -2.400e+01
-9.598 -11.603 16.717 26.114 0.000 0.000 1.00000 -1.0603e+01 -1.1603e+01 -1.377e+00 -6.163e-01 -3.038e-01 -7.017e-01 -1.696e+00 -3.500e+00 -5.871e+00 -8.950e+00 -1.313e+01 -1.632e+01 -2.195e+01 -2.400e+01 -2.400e+01 -2.400e+01 -2.400e+01 -2.400e+01
-9.529 -11.534 16.760 26.081 0.000 0.000 1.00000 -1.0534e+01 -1.1534e+01 -1.349e+00 -6.537e-01 -3.038e-01 -6.771e-01 -1.590e+00 -3.316e+00 -5.596e+00 -8.580e+00 -1.266e+01 -1.576e+01 -2.128e+01 -2.400e+01 -2.400e+01 -2.400e+01 -2.400e+01 -2.400e+01
-9.464 -11.469 16.800 26.052 0.000 0.000 1.00000 -1.0469e+01 -1.1469e+01 -1.328e+00 -6.914e-01 -3.037e-01 -6.584e-01 -1.492e+00 -3.142e+00 -5.336e+00 -8.233e+00 -1.223e+01 -1.523e+01 -2.066e+01 -2.400e+01 -2.400e+01 -2.400e+01 -2.400e+01 -2.400e+01
-9.400 -11.404 16.840 26.024 0.000 0.000 1.00000 -1.0404e+01 -1.1404e+01 -1.310e+00 -7.314e-01 -3.036e-01 -6.439e-01 -1.395e+00 -2.967e+00 -5.077e+00 -7.888e+00 -1.179e+01 -1.471e+01 -2.005e+01 -2.400e+01 -2.400e+01 -2.400e+01 -2.400e+01 -2.400e+01
-9.330 -11.335 16.882 25.996 0.000 0.000 1.00000 -1.0335e+01 -1.1335e+01 -1.295e+00 -7.768e-01 -3.034e-01 -6.336e-01 -1.295e+00 -2.782e+00 -4.803e+00 -7.523e+00 -1.134e+01 -1.416e+01 -1.941e+01 -2.399e+01 -2.400e+01 -2.400e+01 -2.400e+01 -2.400e+01
-9.266 -11.270 16.921 25.970 0.000 0.000 1.00000 -1.0270e+01 -1.1270e+01 -1.286e+00 -8.216e-01 -3.031e-01 -6.289e-01 -1.206e+00 -2.611e+00 -4.550e+00 -7.187e+00 -1.092e+01 -1.366e+01 -1.883e+01 -2.394e+01 -2.400e+01 -2.400e+01 -2.400e+01 -2.400e+01
-9.196 -11.201 16.963 25.942 0.000 0.000 1.00000 -1.0201e+01 -1.1201e+01 -1.281e+00 -8.719e-01 -3.026e-01 -6.295e-01 -1.115e+00 -2.435e+00 -4.286e+00 -6.837e+00 -1.048e+01 -1.313e+01 -1.821e+01 -2.375e+01 -2.400e+01 -2.400e+01 -2.400e+01 -2.400e+01
-9.132 -11.136 17.002 25.914 0.000 0.000 1.00000 -1.0136e+01 -1.1136e+01 -1.281e+00 -9.212e-01 -3.020e-01 -6.357e-01 -1.036e+00 -2.276e+00 -4.047e+00 -6.519e+00 -1.008e+01 -1.266e+01 -1.766e+01 -2.335e+01 -2.400e+01 -2.400e+01 -2.400e+01 -2.400e+01
-9.062 -11.067 17.043 25.880 0.000 0.000 1.00000 -1.0067e+01 -1.1067e+01 -1.286e+00 -9.760e-01 -3.012e-01 -6.483e-01 -9.583e-01 -2.113e+00 -3.801e+00 -6.191e+00 -9.675e+00 -1.217e+01 -1.709e+01 -2.278e+01 -2.400e+01 -2.400e+01 -2.400e+01 -2.400e+01
-8.998 -11.002 17.081 25.845 0.000 0.000 1.00000 -1.0002e+01 -1.1002e+01 -1.295e+00 -1.029e+00 -3.003e-01 -6.661e-01 -8.919e-01 -1.969e+00 -3.581e+00 -5.896e+00 -9.307e+00 -1.173e+01 -1.657e+01 -2.221e+01 -2.400e+01 -2.400e+01 -2.400e+01 -2.400e+01
-8.933 -10.937 17.119 25.804 0.000 0.000 1.00000 -9.9372e+00 -1.0937e+01 -1.310e+00 -1.084e+00 -2.993e-01 -6.896e-01 -8.320e-01 -1.834e+00 -3.372e+00 -5.615e+00 -8.955e+00 -1.131e+01 -1.608e+01 -2.165e+01 -2.400e+01 -2.400e+01 -2.400e+01 -2.400e+01
-8.864 -10.868 17.157 25.756 0.000 0.000 1.00000 -9.8680e+00 -1.0868e+01 -1.331e+00 -1.145e+00 -2.981e-01 -7.212e-01 -7.757e-01 -1.699e+00 -3.162e+00 -5.331e+00 -8.598e+00 -1.088e+01 -1.558e+01 -2.108e+01 -2.400e+01 -2.400e+01 -2.400e+01 -2.400e+01
-8.799 -10.803 17.191 25.704 0.000 0.000 1.00000 -9.8032e+00 -1.0803e+01 -1.355e+00 -1.203e+00 -2.969e-01 -7.568e-01 -7.300e-01 -1.583e+00 -2.978e+00 -5.080e+00 -8.281e+00 -1.050e+01 -1.513e+01 -2.057e+01 -2.400e+01 -2.400e+01 -2.400e+01 -2.400e+01
-8.730 -10.734 17.226 25.642 0.000 0.000 1.00000 -9.7340e+00 -1.0734e+01 -1.387e+00 -1.267e+00 -2.956e-01 -8.009e-01 -6.887e-01 -1.468e+00 -2.794e+00 -4.829e+00 -7.964e+00 -1.012e+01 -1.469e+01 -2.006e+01 -2.399e+01 -2.400e+01 -2.400e+01 -2.400e+01
-8.665 -10.669 17.256 25.577 0.000 0.000 1.00000 -9.6692e+00 -1.0669e+01 -1.422e+00 -1.328e+00 -2.943e-01 -8.479e-01 -6.566e-01 -1.371e+00 -2.634e+00 -4.609e+00 -7.685e+00 -9.782e+00 -1.429e+01 -1.961e+01 -2.398e+01 -2.400e+01 -2.400e+01 -2.400e+01
-8.596 -10.600 17.286 25.502 0.000 0.000 1.00000 -9.6001e+00 -1.0600e+01 -1.465e+00 -1.395e+00 -2.929e-01 -9.036e-01 -6.293e-01 -1.276e+00 -2.477e+00 -4.391e+00 -7.408e+00 -9.449e+00 -1.390e+01 -1.916e+01 -2.394e+01 -2.400e+01 -2.400e+01 -2.400e+01
-8.531 -10.535 17.312 25.426 0.000 0.000 1.00000 -9.5353e+00 -1.0535e+01 -1.510e+00 -1.459e+00 -2.916e-01 -9.607e-01 -6.096e-01 -1.197e+00 -2.341e+00 -4.201e+00 -7.167e+00 -9.160e+00 -1.356e+01 -1.877e+01 -2.384e+01 -2.400e+01 -2.400e+01 -2.400e+01
-8.466 -10.470 17.335 25.345 0.000 0.000 1.00000 -9.4704e+00 -1.0470e+01 -1.560e+00 -1.524e+00 -2.904e-01 -1.022e+00 -5.952e-01 -1.125e+00 -2.217e+00 -4.027e+00 -6.944e+00 -8.893e+00 -1.324e+01 -1.840e+01 -2.367e+01 -2.400e+01 -2.400e+01 -2.400e+01
-8.397 -10.401 17.358 25.252 0.000 0.000 1.00000 -9.4013e+00 -1.0401e+01 -1.619e+00 -1.596e+00 -2.891e-01 -1.092e+00 -5.851e-01 -1.057e+00 -2.097e+00 -3.856e+00 -6.724e+00 -8.632e+00 -1.293e+01 -1.804e+01 -2.341e+01 -2.400e+01 -2.400e+01 -2.400e+01
-8.332 -10.336 17.377 25.160 0.000 0.000 1.00000 -9.3365e+00 -1.0336e+01 -1.680e+00 -1.664e+00 -2.880e-01 -1.160e+00 -5.799e-01 -1.002e+00 -1.995e+00 -3.711e+00 -6.536e+00 -8.409e+00 -1.267e+01 -1.773e+01 -2.313e+01 -2.400e+01 -2.400e+01 -2.400e+01
-8.263 -10.267 17.396 25.057 0.000 0.000 1.00000 -9.2673e+00 -1.0267e+01 -1.752e+00 -1.739e+00 -2.869e-01 -1.236e+00 -5.782e-01 -9.492e-01 -1.898e+00 -3.570e+00 -6.354e+00 -8.195e+00 -1.241e+01 -1.743e+01 -2.282e+01 -2.400e+01 -2.400e+01 -2.400e+01
-8.198 -10.203 17.411 24.955 0.000 0.000 1.00000 -9.2025e+00 -1.0203e+01 -1.824e+00 -1.810e+00 -2.860e-01 -1.310e+00 -5.796e-01 -9.064e-01 -1.816e+00 -3.451e+00 -6.199e+00 -8.016e+00 -1.219e+01 -1.718e+01 -2.255e+01 -2.400e+01 -2.400e+01 -2.400e+01
-8.129 -10.133 17.425 24.840 0.000 0.000 1.00000 -9.1334e+00 -1.0133e+01 -1.908e+00 -1.889e+00 -2.850e-01 -1.392e+00 -5.837e-01 -8.669e-01 -1.739e+00 -3.338e+00 -6.050e+00 -7.849e+00 -1.198e+01 -1.694e+01 -2.227e+01 -2.400e+01 -2.400e+01 -2.400e+01
-8.064 -10.069 17.437 24.728 0.000 0.000 1.00000 -9.0686e+00 -1.0069e+01 -1.993e+00 -1.964e+00 -2.842e-01 -1.470e+00 -5.893e-01 -8.350e-01 -1.676e+00 -3.243e+00 -5.926e+00 -7.713e+00 -1.181e+01 -1.673e+01 -2.204e+01 -2.400e+01 -2.400e+01 -2.400e+01
-7.999 -10.004 17.447 24.611 0.000 0.000 1.00000 -9.0037e+00 -1.0004e+01 -2.083e+00 -2.042e+00 -2.835e-01 -1.552e+00 -5.960e-01 -8.075e-01 -1.620e+00 -3.160e+00 -5.816e+00 -7.598e+00 -1.166e+01 -1.655e+01 -2.184e+01 -2.400e+01 -2.400e+01 -2.400e+01
-7.930 -9.935 17.456 24.482 0.000 0.000 1.00000 -8.9346e+00 -9.9346e+00 -2.186e+00 -2.127e+00 -2.828e-01 -1.642e+00 -6.040e-01 -7.824e-01 -1.569e+00 -3.082e+00 -5.712e+00 -7.498e+00 -1.152e+01 -1.638e+01 -2.164e+01 -2.400e+01 -2.400e+01 -2.400e+01
-7.865 -9.870 17.463 24.357 0.000 0.000 1.00000 -8.8698e+00 -9.8698e+00 -2.286e+00 -2.209e+00 -2.822e-01 -1.731e+00 -6.119e-01 -7.623e-01 -1.528e+00 -3.019e+00 -5.626e+00 -7.425e+00 -1.141e+01 -1.625e+01 -2.149e+01 -2.400e+01 -2.400e+01 -2.400e+01
-7.796 -9.801 17.470 24.222 0.000 0.000 1.00000 -8.8006e+00 -9.8006e+00 -2.397e+00 -2.300e+00 -2.817e-01 -1.832e+00 -6.204e-01 -7.438e-01 -1.491e+00 -2.961e+00 -5.547e+00 -7.369e+00 -1.132e+01 -1.612e+01 -2.134e+01 -2.400e+01 -2.400e+01 -2.400e+01
-7.731 -9.736 17.475 24.096 0.000 0.000 1.00000 -8.7358e+00 -9.7358e+00 -2.504e+00 -2.389e+00 -2.814e-01 -1.934e+00 -6.281e-01 -7.287e-01 -1.461e+00 -2.914e+00 -5.482e+00 -7.337e+00 -1.124e+01 -1.602e+01 -2.122e+01 -2.399e+01 -2.400e+01 -2.400e+01
-7.662 -9.667 17.480 23.962 0.000 0.000 1.00000 -8.6667e+00 -9.6667e+00 -2.620e+00 -2.486e+00 -2.812e-01 -2.051e+00 -6.360e-01 -7.147e-01 -1.435e+00 -2.871e+00 -5.422e+00 -7.324e+00 -1.118e+01 -1.593e+01 -2.111e+01 -2.399e+01 -2.400e+01 -2.400e+01
-7.598 -9.602 17.484 23.840 0.000 0.053 1.00000 -8.6018e+00 -9.6018e+00 -2.729e+00 -2.579e+00 -2.814e-01 -2.170e+00 -6.431e-01 -7.029e-01 -1.415e+00 -2.838e+00 -5.373e+00 -7.324e+00 -1.113e+01 -1.586e+01 -2.102e+01 -2.399e+01 -2.400e+01 -2.400e+01
-7.510 -8.552 17.489 23.740 0.000 0.053 1.00000 -8.5518e+00 -9.5518e+00 -2.885e+00 -2.716e+00 -2.818e-01 -2.357e+00 -6.521e-01 -6.883e-01 -1.393e+00 -2.799e+00 -5.315e+00 -7.476e+00 -1.108e+01 -1.577e+01 -2.092e+01 -2.399e+01 -2.400e+01 -2.400e+01
-7.428 -8.469 17.493 23.594 0.000 0.053 1.00000 -8.4690e+00 -9.4690e+00 -3.018e+00 -2.839e+00 -2.828e-01 -2.539e+00 -6.596e-01 -6.761e-01 -1.379e+00 -2.771e+00 -5.270e+00 -7.565e+00 -1.105e+01 -1.571e+01 -2.084e+01 -2.399e+01 -2.400e+01 -2.400e+01
-7.386 -8.428 17.495 23.528 0.000 0.053 1.00000 -8.4276e+00 -9.4276e+00 -3.078e+00 -2.898e+00 -2.834e-01 -2.630e+00 -6.632e-01 -6.703e-01 -1.374e+00 -2.759e+00 -5.250e+00 -7.605e+00 -1.104e+01 -1.569e+01 -2.080e+01 -2.399e+01 -2.400e+01 -2.400e+01
-7.303 -8.345 17.498 23.415 0.000 0.053 1.00000 -8.3449e+00 -9.3449e+00 -3.177e+00 -3.004e+00 -2.851e-01 -2.796e+00 -6.701e-01 -6.586e-01 -1.366e+00 -2.739e+00 -5.214e+00 -7.668e+00 -1.103e+01 -1.564e+01 -2.074e+01 -2.399e+01 -2.400e+01 -2.400e+01
-7.262 -8.303 17.500 23.369 0.000 0.053 1.00000 -8.3035e+00 -9.3035e+00 -3.215e+00 -3.049e+00 -2.862e-01 -2.866e+00 -6.735e-01 -6.526e-01 -1.364e+00 -2.730e+00 -5.197e+00 -7.689e+00 -1.102e+01 -1.562e+01 -2.070e+01 -2.399e+01 -2.400e+01 -2.400e+01
-7.180 -8.261 17.503 23.297 0.062 0.053 1.00002 -8.2178e+00 -9.2178e+00 -3.261e+00 -3.135e+00 -2.899e-01 -2.980e+00 -6.840e-01 -6.346e-01 -1.359e+00 -2.706e+00 -5.148e+00 -7.686e+00 -1.100e+01 -1.556e+01 -2.062e+01 -2.399e+01 -2.400e+01 -2.400e+01
-7.111 -8.235 17.506 23.266 0.062 0.053 1.00001 -8.1445e+00 -9.1445e+00 -3.282e+00 -3.161e+00 -2.926e-01 -3.013e+00 -6.911e-01 -6.230e-01 -1.356e+00 -2.693e+00 -5.118e+00 -7.676e+00 -1.099e+01 -1.552e+01 -2.056e+01 -2.399e+01 -2.400e+01 -2.400e+01
-7.047 -8.209 17.509 23.245 0.062 0.053 1.00001 -8.0782e+00 -9.0782e+00 -3.294e+00 -3.174e+00 -2.954e-01 -3.033e+00 -6.983e-01 -6.114e-01 -1.354e+00 -2.680e+00 -5.088e+00 -7.658e+00 -1.098e+01 -1.548e+01 -2.051e+01 -2.399e+01 -2.400e+01 -2.400e+01
-6.989 -8.184 17.512 23.232 0.062 0.053 1.00000 -8.0175e+00 -9.0175e+00 -3.300e+00 -3.180e+00 -2.983e-01 -3.045e+00 -7.057e-01 -5.998e-01 -1.352e+00 -2.668e+00 -5.058e+00 -7.635e+00 -1.096e+01 -1.545e+01 -2.045e+01 -2.399e+01 -2.400e+01 -2.400e+01
-6.908 -8.145 17.516 23.217 0.062 0.053 1.00000 -7.9344e+00 -8.9344e+00 -3.306e+00 -3.183e+00 -3.031e-01 -3.057e+00 -7.175e-01 -5.824e-01 -1.348e+00 -2.650e+00 -5.014e+00 -7.596e+00 -1.094e+01 -1.540e+01 -2.037e+01 -2.399e+01 -2.400e+01 -2.400e+01
-6.859 -8.120 17.519 23.210 0.062 0.053 1.00000 -7.8833e+00 -8.8833e+00 -3.308e+00 -3.184e+00 -3.065e-01 -3.064e+00 -7.258e-01 -5.707e-01 -1.345e+00 -2.637e+00 -4.984e+00 -7.568e+00 -1.093e+01 -1.536e+01 -2.032e+01 -2.398e+01 -2.400e+01 -2.400e+01
-6.789 -8.081 17.524 23.198 0.062 0.053 1.00000 -7.8116e+00 -8.8116e+00 -3.311e+00 -3.185e+00 -3.119e-01 -3.073e+00 -7.392e-01 -5.532e-01 -1.338e+00 -2.619e+00 -4.938e+00 -7.525e+00 -1.090e+01 -1.531e+01 -2.024e+01 -2.398e+01 -2.400e+01 -2.400e+01
-6.724 -8.043 17.530 23.187 0.125 0.053 1.00001 -7.7449e+00 -8.7449e+00 -3.312e+00 -3.186e+00 -3.178e-01 -3.079e+00 -7.536e-01 -5.355e-01 -1.330e+00 -2.601e+00 -4.891e+00 -7.480e+00 -1.087e+01 -1.525e+01 -2.015e+01 -2.398e+01 -2.400e+01 -2.400e+01
-6.662 -8.004 17.535 23.175 0.125 0.053 1.00001 -7.6820e+00 -8.6820e+00 -3.314e+00 -3.186e+00 -3.242e-01 -3.088e+00 -7.692e-01 -5.179e-01 -1.320e+00 -2.582e+00 -4.843e+00 -7.434e+00 -1.084e+01 -1.520e+01 -2.007e+01 -2.397e+01 -2.400e+01 -2.400e+01
-6.584 -7.953 17.543 23.157 0.125 0.053 1.00001 -7.6031e+00 -8.6031e+00 -3.315e+00 -3.187e+00 -3.336e-01 -3.100e+00 -7.921e-01 -4.944e-01 -1.305e+00 -2.556e+00 -4.779e+00 -7.371e+00 -1.079e+01 -1.512e+01 -1.995e+01 -2.396e+01 -2.400e+01 -2.400e+01
-6.529 -7.914 17.549 23.142 0.125 0.053 1.00001 -7.5468e+00 -8.5468e+00 -3.316e+00 -3.188e+00 -3.412e-01 -3.110e+00 -8.109e-01 -4.768e-01 -1.290e+00 -2.535e+00 -4.729e+00 -7.322e+00 -1.075e+01 -1.506e+01 -1.986e+01 -2.396e+01 -2.400e+01 -2.400e+01
-6.458 -7.863 17.558 23.121 0.125 0.053 1.00001 -7.4751e+00 -8.4751e+00 -3.316e+00 -3.189e+00 -3.524e-01 -3.123e+00 -8.384e-01 -4.537e-01 -1.269e+00 -2.506e+00 -4.662e+00 -7.254e+00 -1.068e+01 -1.497e+01 -1.974e+01 -2.394e+01 -2.400e+01 -2.400e+01
-6.390 -7.811 17.567 23.098 0.125 0.053 1.00001 -7.4064e+00 -8.4064e+00 -3.315e+00 -3.191e+00 -3.647e-01 -3.137e+00 -8.690e-01 -4.308e-01 -1.244e+00 -2.475e+00 -4.593e+00 -7.184e+00 -1.061e+01 -1.488e+01 -1.961e+01 -2.392e+01 -2.400e+01 -2.400e+01
-6.324 -7.760 17.576 23.073 0.188 0.053 1.00001 -7.3402e+00 -8.3402e+00 -3.313e+00 -3.192e+00 -3.784e-01 -3.152e+00 -9.031e-01 -4.084e-01 -1.217e+00 -2.441e+00 -4.521e+00 -7.110e+00 -1.053e+01 -1.478e+01 -1.948e+01 -2.390e+01 -2.400e+01 -2.400e+01
-6.263 -8.178 17.585 23.038 0.062 0.053 1.00000 -7.2686e+00 -8.2686e+00 -3.308e+00 -3.194e+00 -3.956e-01 -3.173e+00 -9.464e-01 -3.837e-01 -1.184e+00 -2.399e+00 -4.436e+00 -7.021e+00 -1.043e+01 -1.465e+01 -1.932e+01 -2.386e+01 -2.400e+01 -2.400e+01
-6.199 -8.037 17.596 23.007 0.125 0.053 1.00000 -7.2050e+00 -8.2050e+00 -3.303e+00 -3.196e+00 -4.127e-01 -3.188e+00 -9.900e-01 -3.623e-01 -1.151e+00 -2.357e+00 -4.357e+00 -6.936e+00 -1.032e+01 -1.453e+01 -1.917e+01 -2.380e+01 -2.400e+01 -2.400e+01
-6.130 -7.908 17.607 22.970 0.125 0.053 1.00000 -7.1372e+00 -8.1372e+00 -3.295e+00 -3.198e+00 -4.333e-01 -3.205e+00 -1.044e+00 -3.398e-01 -1.115e+00 -2.306e+00 -4.265e+00 -6.837e+00 -1.020e+01 -1.439e+01 -1.899e+01 -2.373e+01 -2.400e+01 -2.400e+01
-6.063 -7.987 17.619 22.926 0.125 0.053 1.00000 -7.0679e+00 -8.0679e+00 -3.284e+00 -3.201e+00 -4.572e-01 -3.224e+00 -1.107e+00 -3.177e-01 -1.074e+00 -2.249e+00 -4.165e+00 -6.725e+00 -1.006e+01 -1.422e+01 -1.879e+01 -2.361e+01 -2.400e+01 -2.400e+01
-5.999 -7.987 17.630 22.881 0.125 0.053 1.00000 -7.0036e+00 -8.0036e+00 -3.271e+00 -3.205e+00 -4.822e-01 -3.243e+00 -1.175e+00 -2.982e-01 -1.036e+00 -2.189e+00 -4.063e+00 -6.611e+00 -9.913e+00 -1.404e+01 -1.858e+01 -2.347e+01 -2.400e+01 -2.400e+01
-5.932 -7.807 17.642 22.829 0.125 0.053 1.00000 -6.9373e+00 -7.9373e+00 -3.256e+00 -3.208e+00 -5.112e-01 -3.263e+00 -1.254e+00 -2.794e-01 -9.946e-01 -2.123e+00 -3.950e+00 -6.483e+00 -9.746e+00 -1.384e+01 -1.834e+01 -2.327e+01 -2.400e+01 -2.400e+01
-5.861 -7.666 17.655 22.769 0.188 0.053 1.00000 -6.8681e+00 -7.8681e+00 -3.238e+00 -3.213e+00 -5.451e-01 -3.285e+00 -1.349e+00 -2.616e-01 -9.513e-01 -2.050e+00 -3.824e+00 -6.339e+00 -9.555e+00 -1.361e+01 -1.806e+01 -2.305e+01 -2.400e+01 -2.400e+01
-5.795 -7.550 17.666 22.706 0.188 0.053 1.00000 -6.8029e+00 -7.8029e+00 -3.220e+00 -3.218e+00 -5.807e-01 -3.307e+00 -1.447e+00 -2.468e-01 -9.109e-01 -1.978e+00 -3.697e+00 -6.193e+00 -9.360e+00 -1.337e+01 -1.778e+01 -2.277e+01 -2.400e+01 -2.400e+01
-5.730 -7.447 17.677 22.637 0.188 0.053 0.99999 -6.7388e+00 -7.7388e+00 -3.200e+00 -3.224e+00 -6.196e-01 -3.331e+00 -1.551e+00 -2.342e-01 -8.721e-01 -1.906e+00 -3.565e+00 -6.042e+00 -9.155e+00 -1.311e+01 -1.748e+01 -2.247e+01 -2.400e+01 -2.400e+01
-5.660 -7.345 17.689 22.557 0.250 0.053 0.99999 -6.6691e+00 -7.6691e+00 -3.178e+00 -3.231e+00 -6.664e-01 -3.360e+00 -1.668e+00 -2.228e-01 -8.318e-01 -1.828e+00 -3.416e+00 -5.871e+00 -8.918e+00 -1.281e+01 -1.712e+01 -2.211e+01 -2.400e+01 -2.400e+01
-5.594 -7.255 17.699 22.476 0.250 0.053 0.99999 -6.6040e+00 -7.6040e+00 -3.158e+00 -3.239e+00 -7.146e-01 -3.391e+00 -1.775e+00 -2.139e-01 -7.969e-01 -1.759e+00 -3.273e+00 -5.708e+00 -8.686e+00 -1.252e+01 -1.677e+01 -2.174e+01 -2.400e+01 -2.400e+01
-5.525 -7.165 17.709 22.385 0.250 0.053 0.99999 -6.5354e+00 -7.5354e+00 -3.138e+00 -3.249e+00 -7.705e-01 -3.428e+00 -1.881e+00 -2.062e-01 -7.635e-01 -1.690e+00 -3.122e+00 -5.536e+00 -8.434e+00 -1.219e+01 -1.638e+01 -2.133e+01 -2.400e+01 -2.400e+01
-5.464 -7.088 17.717 22.299 0.250 0.053 1.00000 -6.4741e+00 -7.4741e+00 -3.121e+00 -3.260e+00 -8.250e-01 -3.467e+00 -1.968e+00 -2.003e-01 -7.370e-01 -1.635e+00 -2.988e+00 -5.386e+00 -8.207e+00 -1.190e+01 -1.602e+01 -2.096e+01 -2.400e+01 -2.400e+01
-5.400 -7.011 17.725 22.206 0.250 0.053 1.00001 -6.4106e+00 -7.4106e+00 -3.106e+00 -3.272e+00 -8.861e-01 -3.513e+00 -2.052e+00 -1.949e-01 -7.129e-01 -1.585e+00 -2.853e+00 -5.236e+00 -7.973e+00 -1.159e+01 -1.563e+01 -2.056e+01 -2.399e+01 -2.400e+01
-5.323 -6.921 17.734 22.087 0.250 0.053 1.00002 -6.3342e+00 -7.3342e+00 -3.091e+00 -3.290e+00 -9.661e-01 -3.576e+00 -2.147e+00 -1.892e-01 -6.881e-01 -1.535e+00 -2.699e+00 -5.067e+00 -7.698e+00 -1.121e+01 -1.517e+01 -2.008e+01 -2.397e+01 -2.400e+01
-5.256 -6.844 17.740 21.976 0.250 0.053 1.00003 -6.2670e+00 -7.2670e+00 -3.079e+00 -3.309e+00 -1.043e+00 -3.639e+00 -2.228e+00 -1.847e-01 -6.698e-01 -1.498e+00 -2.573e+00 -4.928e+00 -7.464e+00 -1.089e+01 -1.476e+01 -1.966e+01 -2.391e+01 -2.400e+01
-5.198 -6.780 17.745 21.876 0.250 0.053 1.00004 -6.2099e+00 -7.2099e+00 -3.071e+00 -3.326e+00 -1.113e+00 -3.698e+00 -2.296e+00 -1.814e-01 -6.565e-01 -1.472e+00 -2.472e+00 -4.819e+00 -7.272e+00 -1.062e+01 -1.442e+01 -1.931e+01 -2.381e+01 -2.400e+01
-5.129 -6.720 17.751 21.750 0.250 0.053 1.00005 -6.1406e+00 -7.1406e+00 -3.062e+00 -3.351e+00 -1.203e+00 -3.777e+00 -2.375e+00 -1.779e-01 -6.430e-01 -1.446e+00 -2.360e+00 -4.699e+00 -7.052e+00 -1.031e+01 -1.402e+01 -1.890e+01 -2.360e+01 -2.400e+01
-5.064 -6.670 17.755 21.621 0.250 0.053 1.00005 -6.0749e+00 -7.0749e+00 -3.055e+00 -3.378e+00 -1.294e+00 -3.859e+00 -2.448e+00 -1.752e-01 -6.324e-01 -1.426e+00 -2.263e+00 -4.594e+00 -6.853e+00 -1.002e+01 -1.365e+01 -1.852e+01 -2.332e+01 -2.400e+01
-4.992 -6.641 17.759 21.471 0.312 0.053 1.00004 -6.0019e+00 -7.0019e+00 -3.048e+00 -3.412e+00 -1.403e+00 -3.958e+00 -2.524e+00 -1.728e-01 -6.228e-01 -1.407e+00 -2.166e+00 -4.490e+00 -6.645e+00 -9.718e+00 -1.325e+01 -1.810e+01 -2.300e+01 -2.400e+01
-4.928 -6.639 17.762 21.348 0.375 0.053 1.00004 -5.9369e+00 -6.9369e+00 -3.043e+00 -3.447e+00 -1.505e+00 -4.054e+00 -2.587e+00 -1.713e-01 -6.157e-01 -1.394e+00 -2.088e+00 -4.408e+00 -6.470e+00 -9.457e+00 -1.291e+01 -1.774e+01 -2.265e+01 -2.400e+01
-4.864 -6.598 17.765 21.035 0.375 0.105 0.99998 -5.8720e+00 -6.8720e+00 -3.033e+00 -3.487e+00 -1.617e+00 -4.153e+00 -2.646e+00 -1.696e-01 -6.123e-01 -1.379e+00 -2.017e+00 -4.317e+00 -6.301e+00 -9.202e+00 -1.257e+01 -1.739e+01 -2.229e+01 -2.400e+01
-4.796 -6.495 17.766 20.799 0.375 0.105 0.99997 -5.8049e+00 -6.8049e+00 -3.032e+00 -3.533e+00 -1.741e+00 -4.268e+00 -2.696e+00 -1.678e-01 -6.101e-01 -1.373e+00 -1.949e+00 -4.246e+00 -6.127e+00 -8.941e+00 -1.222e+01 -1.704e+01 -2.193e+01 -2.400e+01
-4.732 -6.405 17.767 20.597 0.438 0.105 1.00000 -5.7418e+00 -6.7418e+00 -3.032e+00 -3.580e+00 -1.863e+00 -4.383e+00 -2.726e+00 -1.666e-01 -6.082e-01 -1.371e+00 -1.896e+00 -4.196e+00 -5.977e+00 -8.707e+00 -1.191e+01 -1.673e+01 -2.162e+01 -2.400e+01
-4.665 -6.316 17.767 20.320 0.500 0.105 0.99998 -5.6750e+00 -6.6750e+00 -3.033e+00 -3.635e+00 -1.996e+00 -4.510e+00 -2.755e+00 -1.657e-01 -6.068e-01 -1.370e+00 -1.851e+00 -4.153e+00 -5.832e+00 -8.471e+00 -1.159e+01 -1.641e+01 -2.130e+01 -2.399e+01
-4.595 -6.226 17.768 19.865 0.500 0.105 0.99997 -5.6049e+00 -6.6049e+00 -3.034e+00 -3.696e+00 -2.140e+00 -4.645e+00 -2.778e+00 -1.651e-01 -6.056e-01 -1.369e+00 -1.814e+00 -4.118e+00 -5.692e+00 -8.238e+00 -1.127e+01 -1.609e+01 -2.097e+01 -2.399e+01
-4.528 -6.352 17.768 19.600 0.312 0.158 1.00005 -5.5348e+00 -6.5348e+00 -3.000e+00 -3.768e+00 -2.288e+00 -4.767e+00 -2.825e+00 -1.687e-01 -6.019e-01 -1.328e+00 -1.773e+00 -4.023e+00 -5.554e+00 -8.018e+00 -1.096e+01 -1.574e+01 -2.058e+01 -2.397e+01
-4.465 -6.236 17.768 18.963 0.375 0.158 1.00005 -5.4723e+00 -6.4723e+00 -2.987e+00 -3.830e+00 -2.431e+00 -4.888e+00 -2.854e+00 -1.729e-01 -5.957e-01 -1.306e+00 -1.724e+00 -3.961e+00 -5.416e+00 -7.803e+00 -1.066e+01 -1.543e+01 -2.026e+01 -2.394e+01
-4.397 -6.147 17.768 19.288 0.375 0.158 1.00005 -5.4048e+00 -6.4048e+00 -2.976e+00 -3.901e+00 -2.578e+00 -5.016e+00 -2.877e+00 -1.775e-01 -5.891e-01 -1.289e+00 -1.674e+00 -3.902e+00 -5.271e+00 -7.575e+00 -1.035e+01 -1.511e+01 -1.993e+01 -2.387e+01
-4.332 -6.053 17.768 19.548 0.375 0.158 1.00005 -5.3404e+00 -6.3404e+00 -2.966e+00 -3.966e+00 -2.708e+00 -5.126e+00 -2.896e+00 -1.819e-01 -5.833e-01 -1.273e+00 -1.633e+00 -3.850e+00 -5.135e+00 -7.360e+00 -1.006e+01 -1.481e+01 -1.961e+01 -2.377e+01
-4.263 -5.959 17.768 19.477 0.312 0.211 1.00003 -5.2722e+00 -6.2722e+00 -2.945e+00 -4.031e+00 -2.833e+00 -5.227e+00 -2.947e+00 -1.864e-01 -5.783e-01 -1.257e+00 -1.592e+00 -3.791e+00 -4.994e+00 -7.134e+00 -9.750e+00 -1.448e+01 -1.927e+01 -2.358e+01
-4.199 -5.869 17.767 19.481 0.312 0.211 1.00002 -5.2087e+00 -6.2087e+00 -2.934e+00 -4.086e+00 -2.934e+00 -5.310e+00 -2.964e+00 -1.907e-01 -5.745e-01 -1.241e+00 -1.554e+00 -3.741e+00 -4.864e+00 -6.924e+00 -9.461e+00 -1.418e+01 -1.896e+01 -2.335e+01
-4.132 -5.779 17.767 19.481 0.312 0.211 1.00002 -5.1414e+00 -6.1414e+00 -2.922e+00 -4.132e+00 -3.017e+00 -5.376e+00 -2.984e+00 -1.954e-01 -5.704e-01 -1.225e+00 -1.517e+00 -3.691e+00 -4.728e+00 -6.704e+00 -9.158e+00 -1.387e+01 -1.863e+01 -2.307e+01
-4.061 -5.690 17.767 19.459 0.312 0.211 1.00001 -5.0709e+00 -6.0709e+00 -2.908e+00 -4.169e+00 -3.082e+00 -5.427e+00 -3.005e+00 -2.007e-01 -5.660e-01 -1.208e+00 -1.481e+00 -3.641e+00 -4.590e+00 -6.477e+00 -8.844e+00 -1.354e+01 -1.830e+01 -2.275e+01
-3.997 -5.613 17.767 19.429 0.375 0.211 1.00002 -5.0081e+00 -6.0081e+00 -2.896e+00 -4.195e+00 -3.123e+00 -5.460e+00 -3.024e+00 -2.057e-01 -5.619e-01 -1.193e+00 -1.450e+00 -3.596e+00 -4.468e+00 -6.277e+00 -8.567e+00 -1.326e+01 -1.800e+01 -2.245e+01
-3.932 -5.536 17.766 19.241 0.312 0.263 1.00002 -4.9433e+00 -5.9433e+00 -2.875e+00 -4.213e+00 -3.155e+00 -5.477e+00 -3.047e+00 -2.113e-01 -5.578e-01 -1.177e+00 -1.414e+00 -3.543e+00 -4.344e+00 -6.072e+00 -8.281e+00 -1.293e+01 -1.758e+01 -2.198e+01
-3.857 -5.498 17.766 19.551 0.375 0.263 0.99995 -4.8669e+00 -5.8669e+00 -2.876e+00 -4.228e+00 -3.180e+00 -5.499e+00 -3.048e+00 -2.169e-01 -5.525e-01 -1.163e+00 -1.387e+00 -3.522e+00 -4.207e+00 -5.838e+00 -7.954e+00 -1.258e+01 -1.730e+01 -2.176e+01
-3.792 -5.496 17.765 19.537 0.375 0.263 0.99995 -4.8010e+00 -5.8010e+00 -2.869e+00 -4.241e+00 -3.201e+00 -5.514e+00 -3.058e+00 -2.223e-01 -5.473e-01 -1.150e+00 -1.367e+00 -3.496e+00 -4.098e+00 -5.645e+00 -7.679e+00 -1.226e+01 -1.699e+01 -2.139e+01
-3.729 -5.499 17.765 19.517 0.375 0.263 0.99995 -4.7363e+00 -5.7363e+00 -2.862e+00 -4.253e+00 -3.221e+00 -5.528e+00 -3.070e+00 -2.282e-01 -5.417e-01 -1.137e+00 -1.345e+00 -3.469e+00 -3.996e+00 -5.461e+00 -7.415e+00 -1.201e+01 -1.670e+01 -2.109e+01
-3.666 -5.489 17.764 19.496 0.375 0.263 0.99995 -4.6728e+00 -5.6728e+00 -2.854e+00 -4.265e+00 -3.242e+00 -5.542e+00 -3.083e+00 -2.345e-01 -5.359e-01 -1.124e+00 -1.323e+00 -3.440e+00 -3.898e+00 -5.284e+00 -7.158e+00 -1.174e+01 -1.641e+01 -2.081e+01
-3.599 -5.479 17.763 19.467 0.375 0.263 0.99995 -4.6044e+00 -5.6044e+00 -2.845e+00 -4.279e+00 -3.265e+00 -5.559e+00 -3.098e+00 -2.419e-01 -5.296e-01 -1.108e+00 -1.298e+00 -3.407e+00 -3.795e+00 -5.097e+00 -6.886e+00 -1.146e+01 -1.612e+01 -2.051e+01
-3.528 -5.461 17.762 19.438 0.375 0.263 0.99995 -4.5335e+00 -5.5335e+00 -2.834e+00 -4.295e+00 -3.291e+00 -5.577e+00 -3.115e+00 -2.502e-01 -5.231e-01 -1.092e+00 -1.270e+00 -3.370e+00 -3.690e+00 -4.906e+00 -6.608e+00 -1.118e+01 -1.582e+01 -2.020e+01
-3.466 -5.443 17.761 19.407 0.375 0.263 0.99995 -4.4705e+00 -5.4705e+00 -2.825e+00 -4.310e+00 -3.316e+00 -5.595e+00 -3.132e+00 -2.581e-01 -5.175e-01 -1.076e+00 -1.245e+00 -3.336e+00 -3.598e+00 -4.739e+00 -6.364e+00 -1.092e+01 -1.556e+01 -1.992e+01
-3.397 -5.431 17.760 19.374 0.375 0.263 0.99995 -4.4015e+00 -5.4015e+00 -2.814e+00 -4.328e+00 -3.345e+00 -5.615e+00 -3.151e+00 -2.673e-01 -5.115e-01 -1.059e+00 -1.216e+00 -3.297e+00 -3.498e+00 -4.559e+00 -6.099e+00 -1.065e+01 -1.527e+01 -1.962e+01
-3.333 -5.415 17.759 19.339 0.375 0.263 0.99995 -4.3362e+00 -5.3362e+00 -2.803e+00 -4.346e+00 -3.374e+00 -5.636e+00 -3.170e+00 -2.765e-01 -5.062e-01 -1.043e+00 -1.188e+00 -3.259e+00 -3.404e+00 -4.389e+00 -5.850e+00 -1.039e+01 -1.500e+01 -1.933e+01
-3.264 -5.395 17.758 19.302 0.375 0.263 0.99995 -4.2673e+00 -5.2673e+00 -2.791e+00 -4.367e+00 -3.407e+00 -5.659e+00 -3.191e+00 -2.866e-01 -5.009e-01 -1.026e+00 -1.158e+00 -3.218e+00 -3.305e+00 -4.211e+00 -5.589e+00 -1.012e+01 -1.471e+01 -1.903e+01
-3.199 -5.371 17.757 19.267 0.375 0.263 0.99995 -4.2022e+00 -5.2022e+00 -2.779e+00 -4.387e+00 -3.438e+00 -5.682e+00 -3.211e+00 -2.967e-01 -4.964e-01 -1.009e+00 -1.130e+00 -3.179e+00 -3.214e+00 -4.045e+00 -5.345e+00 -9.860e+00 -1.444e+01 -1.875e+01
-3.132 -5.344 17.755 19.228 0.375 0.263 0.99995 -4.1351e+00 -5.1351e+00 -2.767e+00 -4.410e+00 -3.473e+00 -5.706e+00 -3.233e+00 -3.074e-01 -4.922e-01 -9.929e-01 -1.100e+00 -3.138e+00 -3.121e+00 -3.876e+00 -5.093e+00 -9.598e+00 -1.417e+01 -1.846e+01
-3.064 -5.322 17.754 19.189 0.375 0.263 0.99995 -4.0668e+00 -5.0668e+00 -2.754e+00 -4.433e+00 -3.508e+00 -5.732e+00 -3.256e+00 -3.187e-01 -4.885e-01 -9.763e-01 -1.071e+00 -3.096e+00 -3.029e+00 -3.706e+00 -4.840e+00 -9.332e+00 -1.389e+01 -1.817e+01
-2.998 -5.300 17.752 19.148 0.375 0.263 0.99995 -4.0002e+00 -5.0002e+00 -2.742e+00 -4.457e+00 -3.544e+00 -5.758e+00 -3.279e+00 -3.300e-01 -4.853e-01 -9.607e-01 -1.042e+00 -3.056e+00 -2.942e+00 -3.543e+00 -4.594e+00 -9.075e+00 -1.362e+01 -1.788e+01
-2.933 -5.271 17.750 19.109 0.375 0.263 0.99995 -3.9353e+00 -4.9353e+00 -2.730e+00 -4.481e+00 -3.579e+00 -5.784e+00 -3.302e+00 -3.413e-01 -4.828e-01 -9.459e-01 -1.015e+00 -3.018e+00 -2.860e+00 -3.387e+00 -4.358e+00 -8.827e+00 -1.335e+01 -1.761e+01
-2.866 -5.243 17.748 19.067 0.375 0.263 0.99995 -3.8683e+00 -4.8683e+00 -2.718e+00 -4.507e+00 -3.617e+00 -5.811e+00 -3.325e+00 -3.532e-01 -4.808e-01 -9.312e-01 -9.879e-01 -2.979e+00 -2.779e+00 -3.231e+00 -4.116e+00 -8.574e+00 -1.309e+01 -1.733e+01
-2.799 -5.054 17.746 19.095 0.312 0.316 1.00003 -3.8012e+00 -4.8012e+00 -2.680e+00 -4.548e+00 -3.677e+00 -5.846e+00 -3.392e+00 -3.674e-01 -4.791e-01 -9.174e-01 -9.540e-01 -2.895e+00 -2.700e+00 -3.082e+00 -3.883e+00 -8.287e+00 -1.277e+01 -1.699e+01
-2.732 -5.055 17.744 19.000 0.312 0.316 1.00001 -3.7338e+00 -4.7338e+00 -2.655e+00 -4.633e+00 -3.791e+00 -5.937e+00 -3.442e+00 -3.967e-01 -4.783e-01 -8.871e-01 -8.915e-01 -2.810e+00 -2.579e+00 -2.914e+00 -3.631e+00 -8.014e+00 -1.247e+01 -1.665e+01
-2.666 -4.995 17.742 18.892 0.375 0.316 1.00005 -3.6680e+00 -4.6680e+00 -2.633e+00 -4.691e+00 -3.866e+00 -5.994e+00 -3.488e+00 -4.242e-01 -4.785e-01 -8.618e-01 -8.433e-01 -2.742e+00 -2.464e+00 -2.741e+00 -3.379e+00 -7.743e+00 -1.217e+01 -1.633e+01
-2.599 -4.931 17.740 18.772 0.375 0.316 1.00005 -3.6010e+00 -4.6010e+00 -2.613e+00 -4.747e+00 -3.938e+00 -6.049e+00 -3.532e+00 -4.505e-01 -4.805e-01 -8.410e-01 -8.019e-01 -2.682e+00 -2.358e+00 -2.565e+00 -3.120e+00 -7.465e+00 -1.188e+01 -1.602e+01
-2.533 -4.868 17.738 18.607 0.312 0.368 1.00005 -3.5346e+00 -4.5346e+00 -2.591e+00 -4.811e+00 -4.015e+00 -6.107e+00 -3.579e+00 -4.771e-01 -4.842e-01 -8.233e-01 -7.636e-01 -2.624e+00 -2.261e+00 -2.397e+00 -2.862e+00 -7.195e+00 -1.157e+01 -1.569e+01
-2.465 -4.808 17.737 18.431 0.312 0.368 1.00005 -3.4670e+00 -4.4670e+00 -2.575e+00 -4.865e+00 -4.079e+00 -6.157e+00 -3.619e+00 -5.021e-01 -4.893e-01 -8.090e-01 -7.318e-01 -2.578e+00 -2.177e+00 -2.238e+00 -2.607e+00 -6.924e+00 -1.129e+01 -1.539e+01
-2.400 -4.767 17.736 18.211 0.312 0.368 1.00005 -3.4015e+00 -4.4015e+00 -2.562e+00 -4.911e+00 -4.132e+00 -6.199e+00 -3.652e+00 -5.240e-01 -4.951e-01 -7.989e-01 -7.073e-01 -2.542e+00 -2.111e+00 -2.100e+00 -2.370e+00 -6.676e+00 -1.103e+01 -1.511e+01
-2.332 -4.722 17.736 17.853 0.312 0.368 1.00005 -3.3335e+00 -4.3335e+00 -2.551e+00 -4.952e+00 -4.179e+00 -6.237e+00 -3.681e+00 -5.441e-01 -5.018e-01 -7.918e-01 -6.879e-01 -2.514e+00 -2.058e+00 -1.978e+00 -2.141e+00 -6.436e+00 -1.078e+01 -1.485e+01
-2.266 -4.690 17.735 16.208 0.312 0.368 1.00005 -3.2681e+00 -4.2681e+00 -2.543e+00 -4.985e+00 -4.216e+00 -6.267e+00 -3.705e+00 -5.610e-01 -5.085e-01 -7.879e-01 -6.747e-01 -2.494e+00 -2.019e+00 -1.879e+00 -1.938e+00 -6.226e+00 -1.056e+01 -1.463e+01
-2.200 -4.660 17.736 17.722 0.312 0.368 1.00005 -3.2015e+00 -4.2015e+00 -2.537e+00 -5.012e+00 -4.246e+00 -6.292e+00 -3.725e+00 -5.758e-01 -5.156e-01 -7.868e-01 -6.663e-01 -2.481e+00 -1.991e+00 -1.798e+00 -1.751e+00 -6.033e+00 -1.036e+01 -1.442e+01
-2.133 -4.636 17.736 17.961 0.312 0.368 1.00005 -3.1339e+00 -4.1339e+00 -2.533e+00 -5.033e+00 -4.270e+00 -6.311e+00 -3.741e+00 -5.886e-01 -5.230e-01 -7.883e-01 -6.626e-01 -2.474e+00 -1.972e+00 -1.734e+00 -1.580e+00 -5.858e+00 -1.018e+01 -1.424e+01
-2.066 -4.617 17.737 18.063 0.312 0.368 1.00005 -3.0670e+00 -4.0670e+00 -2.531e+00 -5.049e+00 -4.287e+00 -6.327e+00 -3.754e+00 -5.997e-01 -5.306e-01 -7.920e-01 -6.630e-01 -2.472e+00 -1.962e+00 -1.686e+00 -1.430e+00 -5.705e+00 -1.003e+01 -1.408e+01
-2.000 -4.610 17.739 18.108 0.312 0.368 1.00005 -3.0010e+00 -4.0010e+00 -2.529e+00 -5.062e+00 -4.301e+00 -6.339e+00 -3.765e+00 -6.097e-01 -5.386e-01 -7.977e-01 -6.667e-01 -2.474e+00 -1.958e+00 -1.649e+00 -1.298e+00 -5.572e+00 -9.891e+00 -1.394e+01
-1.933 -4.601 17.740 18.124 0.312 0.368 1.00005 -2.9337e+00 -3.9337e+00 -2.528e+00 -5.072e+00 -4.314e+00 -6.351e+00 -3.776e+00 -6.198e-01 -5.475e-01 -8.053e-01 -6.731e-01 -2.480e+00 -1.959e+00 -1.620e+00 -1.179e+00 -5.451e+00 -9.769e+00 -1.382e+01
-1.866 -4.590 17.742 18.123 0.312 0.368 1.00005 -2.8668e+00 -3.8668e+00 -2.528e+00 -5.083e+00 -4.326e+00 -6.363e+00 -3.787e+00 -6.303e-01 -5.574e-01 -8.144e-01 -6.815e-01 -2.488e+00 -1.963e+00 -1.596e+00 -1.073e+00 -5.345e+00 -9.662e+00 -1.371e+01
-1.800 -4.574 17.745 18.113 0.312 0.368 1.00005 -2.8003e+00 -3.8003e+00 -2.527e+00 -5.093e+00 -4.338e+00 -6.375e+00 -3.799e+00 -6.420e-01 -5.685e-01 -8.250e-01 -6.915e-01 -2.497e+00 -1.968e+00 -1.574e+00 -9.789e-01 -5.249e+00 -9.566e+00 -1.361e+01
-1.733 -4.562 17.747 18.098 0.312 0.368 1.00005 -2.7336e+00 -3.7336e+00 -2.527e+00 -5.106e+00 -4.353e+00 -6.389e+00 -3.813e+00 -6.552e-01 -5.811e-01 -8.371e-01 -7.031e-01 -2.508e+00 -1.975e+00 -1.553e+00 -8.931e-01 -5.163e+00 -9.479e+00 -1.352e+01
-1.666 -4.550 17.750 18.080 0.312 0.368 1.00005 -2.6667e+00 -3.6667e+00 -2.526e+00 -5.120e+00 -4.369e+00 -6.405e+00 -3.829e+00 -6.702e-01 -5.955e-01 -8.509e-01 -7.162e-01 -2.521e+00 -1.983e+00 -1.530e+00 -8.146e-01 -5.084e+00 -9.399e+00 -1.344e+01
-1.600 -4.537 17.753 18.060 0.312 0.368 1.00005 -2.6004e+00 -3.6004e+00 -2.525e+00 -5.136e+00 -4.387e+00 -6.423e+00 -3.846e+00 -6.871e-01 -6.117e-01 -8.663e-01 -7.310e-01 -2.535e+00 -1.991e+00 -1.508e+00 -7.431e-01 -5.011e+00 -9.326e+00 -1.337e+01
-1.533 -4.512 17.757 18.037 0.312 0.368 1.00005 -2.5336e+00 -3.5336e+00 -2.524e+00 -5.154e+00 -4.408e+00 -6.443e+00 -3.866e+00 -7.063e-01 -6.300e-01 -8.838e-01 -7.476e-01 -2.551e+00 -2.001e+00 -1.484e+00 -6.764e-01 -4.944e+00 -9.257e+00 -1.330e+01
-1.466 -4.493 17.761 18.011 0.312 0.368 1.00005 -2.4669e+00 -3.4669e+00 -2.523e+00 -5.175e+00 -4.432e+00 -6.466e+00 -3.889e+00 -7.279e-01 -6.506e-01 -9.034e-01 -7.662e-01 -2.568e+00 -2.011e+00 -1.461e+00 -6.147e-01 -4.881e+00 -9.193e+00 -1.323e+01
-1.400 -4.474 17.765 17.983 0.312 0.368 1.00005 -2.4000e+00 -3.4000e+00 -2.522e+00 -5.199e+00 -4.459e+00 -6.492e+00 -3.914e+00 -7.522e-01 -6.737e-01 -9.252e-01 -7.868e-01 -2.588e+00 -2.023e+00 -1.437e+00 -5.574e-01 -4.822e+00 -9.133e+00 -1.317e+01
-1.333 -4.443 17.770 17.949 0.312 0.368 1.00005 -2.3336e+00 -3.3336e+00 -2.521e+00 -5.225e+00 -4.489e+00 -6.521e+00 -3.942e+00 -7.790e-01 -6.992e-01 -9.494e-01 -8.097e-01 -2.609e+00 -2.035e+00 -1.414e+00 -5.045e-01 -4.768e+00 -9.078e+00 -1.312e+01
-1.267 -4.409 17.775 17.925 0.250 0.421 1.00005 -2.2670e+00 -3.2670e+00 -2.519e+00 -5.257e+00 -4.524e+00 -6.555e+00 -3.975e+00 -8.094e-01 -7.277e-01 -9.760e-01 -8.343e-01 -2.632e+00 -2.048e+00 -1.391e+00 -4.554e-01 -4.717e+00 -9.025e+00 -1.296e+01
-1.200 -4.385 17.780 17.873 0.312 0.368 1.00005 -2.2002e+00 -3.2002e+00 -2.517e+00 -5.290e+00 -4.560e+00 -6.590e+00 -4.009e+00 -8.422e-01 -7.589e-01 -1.006e+00 -8.623e-01 -2.658e+00 -2.063e+00 -1.369e+00 -4.099e-01 -4.670e+00 -8.976e+00 -1.301e+01
-1.133 -4.345 17.785 17.840 0.250 0.421 1.00005 -2.1334e+00 -3.1334e+00 -2.514e+00 -5.330e+00 -4.603e+00 -6.630e+00 -4.049e+00 -8.791e-01 -7.932e-01 -1.037e+00 -8.916e-01 -2.685e+00 -2.077e+00 -1.348e+00 -3.683e-01 -4.626e+00 -8.929e+00 -1.305e+01
-1.066 -4.300 17.791 17.793 0.250 0.421 1.00005 -2.0667e+00 -3.0667e+00 -2.512e+00 -5.373e+00 -4.650e+00 -6.675e+00 -4.091e+00 -9.192e-01 -8.306e-01 -1.072e+00 -9.236e-01 -2.714e+00 -2.093e+00 -1.328e+00 -3.300e-01 -4.585e+00 -8.886e+00 -1.301e+01
-1.000 -4.255 17.797 17.738 0.250 0.421 1.00005 -2.0000e+00 -3.0000e+00 -2.509e+00 -5.420e+00 -4.700e+00 -6.723e+00 -4.138e+00 -9.625e-01 -8.710e-01 -1.109e+00 -9.581e-01 -2.746e+00 -2.110e+00 -1.310e+00 -2.952e-01 -4.547e+00 -8.845e+00 -1.289e+01
-0.933 -4.196 17.802 17.678 0.250 0.421 1.00005 -1.9335e+00 -2.9335e+00 -2.505e+00 -5.473e+00 -4.755e+00 -6.775e+00 -4.188e+00 -1.009e+00 -9.142e-01 -1.149e+00 -9.945e-01 -2.779e+00 -2.127e+00 -1.294e+00 -2.637e-01 -4.512e+00 -8.806e+00 -1.286e+01
-0.867 -4.139 17.808 17.613 0.250 0.421 1.00005 -1.8668e+00 -2.8668e+00 -2.501e+00 -5.530e+00 -4.815e+00 -6.831e+00 -4.242e+00 -1.059e+00 -9.604e-01 -1.192e+00 -1.033e+00 -2.813e+00 -2.144e+00 -1.280e+00 -2.353e-01 -4.479e+00 -8.770e+00 -1.271e+01
-0.800 -4.075 17.814 17.543 0.250 0.421 1.00005 -1.8002e+00 -2.8002e+00 -2.497e+00 -5.593e+00 -4.880e+00 -6.892e+00 -4.300e+00 -1.113e+00 -1.009e+00 -1.236e+00 -1.073e+00 -2.848e+00 -2.162e+00 -1.268e+00 -2.099e-01 -4.450e+00 -8.735e+00 -1.276e+01
-0.733 -4.007 17.820 17.468 0.250 0.421 1.00005 -1.7334e+00 -2.7334e+00 -2.492e+00 -5.662e+00 -4.950e+00 -6.957e+00 -4.362e+00 -1.170e+00 -1.061e+00 -1.283e+00 -1.114e+00 -2.885e+00 -2.181e+00 -1.257e+00 -1.872e-01 -4.422e+00 -8.702e+00 -1.274e+01
-0.667 -3.938 17.825 17.387 0.250 0.421 1.00005 -1.6668e+00 -2.6668e+00 -2.486e+00 -5.736e+00 -5.024e+00 -7.027e+00 -4.427e+00 -1.229e+00 -1.115e+00 -1.331e+00 -1.157e+00 -2.921e+00 -2.199e+00 -1.249e+00 -1.670e-01 -4.396e+00 -8.670e+00 -1.264e+01
-0.600 -3.853 17.830 17.301 0.250 0.421 1.00005 -1.6002e+00 -2.6002e+00 -2.479e+00 -5.816e+00 -5.104e+00 -7.100e+00 -4.496e+00 -1.292e+00 -1.171e+00 -1.381e+00 -1.200e+00 -2.959e+00 -2.217e+00 -1.242e+00 -1.493e-01 -4.371e+00 -8.640e+00 -1.259e+01
-0.533 -3.836 17.835 17.210 0.250 0.421 1.00004 -1.5335e+00 -2.5335e+00 -2.472e+00 -5.901e+00 -5.188e+00 -7.178e+00 -4.569e+00 -1.358e+00 -1.230e+00 -1.432e+00 -1.244e+00 -2.995e+00 -2.236e+00 -1.238e+00 -1.336e-01 -4.349e+00 -8.610e+00 -1.258e+01
-0.467 -3.845 17.839 17.115 0.250 0.421 1.00003 -1.4667e+00 -2.4667e+00 -2.464e+00 -5.992e+00 -5.276e+00 -7.260e+00 -4.645e+00 -1.426e+00 -1.291e+00 -1.485e+00 -1.289e+00 -3.032e+00 -2.254e+00 -1.235e+00 -1.198e-01 -4.327e+00 -8.581e+00 -1.256e+01
-0.400 -3.852 17.843 17.014 0.250 0.421 1.00003 -1.4000e+00 -2.4000e+00 -2.456e+00 -6.087e+00 -5.369e+00 -7.345e+00 -4.724e+00 -1.497e+00 -1.353e+00 -1.539e+00 -1.334e+00 -3.068e+00 -2.273e+00 -1.234e+00 -1.077e-01 -4.307e+00 -8.552e+00 -1.255e+01
-0.333 -3.867 17.847 16.909 0.250 0.421 1.00002 -1.3333e+00 -2.3333e+00 -2.447e+00 -6.188e+00 -5.466e+00 -7.433e+00 -4.806e+00 -1.570e+00 -1.417e+00 -1.593e+00 -1.380e+00 -3.104e+00 -2.292e+00 -1.234e+00 -9.706e-02 -4.288e+00 -8.524e+00 -1.248e+01
-0.267 -3.835 17.851 16.883 0.312 0.421 1.00005 -1.2667e+00 -2.2667e+00 -2.439e+00 -6.276e+00 -5.552e+00 -7.511e+00 -4.877e+00 -1.633e+00 -1.471e+00 -1.639e+00 -1.416e+00 -3.132e+00 -2.306e+00 -1.236e+00 -8.932e-02 -4.272e+00 -8.500e+00 -1.245e+01
-0.200 -3.776 17.855 16.809 0.312 0.421 1.00005 -1.2001e+00 -2.2001e+00 -2.432e+00 -6.350e+00 -5.623e+00 -7.576e+00 -4.936e+00 -1.685e+00 -1.517e+00 -1.678e+00 -1.448e+00 -3.157e+00 -2.320e+00 -1.238e+00 -8.343e-02 -4.259e+00 -8.481e+00 -1.247e+01
-0.133 -3.725 17.858 16.735 0.312 0.421 1.00005 -1.1334e+00 -2.1334e+00 -2.425e+00 -6.424e+00 -5.694e+00 -7.640e+00 -4.996e+00 -1.738e+00 -1.563e+00 -1.716e+00 -1.480e+00 -3.182e+00 -2.334e+00 -1.240e+00 -7.814e-02 -4.247e+00 -8.461e+00 -1.242e+01
-0.067 -3.660 17.862 16.660 0.312 0.421 1.00005 -1.0668e+00 -2.0668e+00 -2.418e+00 -6.498e+00 -5.765e+00 -7.705e+00 -5.054e+00 -1.790e+00 -1.608e+00 -1.754e+00 -1.510e+00 -3.206e+00 -2.347e+00 -1.243e+00 -7.341e-02 -4.235e+00 -8.443e+00 -1.237e+01
+0.000 -3.599 17.866 16.585 0.312 0.421 1.00005 -1.0001e+00 -2.0001e+00 -2.411e+00 -6.570e+00 -5.835e+00 -7.768e+00 -5.113e+00 -1.841e+00 -1.652e+00 -1.792e+00 -1.541e+00 -3.229e+00 -2.360e+00 -1.246e+00 -6.919e-02 -4.224e+00 -8.425e+00 -1.233e+01
+0.067 -3.544 17.869 16.511 0.312 0.421 1.00005 -9.3335e-01 -1.9334e+00 -2.404e+00 -6.641e+00 -5.903e+00 -7.830e+00 -5.170e+00 -1.891e+00 -1.695e+00 -1.828e+00 -1.570e+00 -3.251e+00 -2.373e+00 -1.250e+00 -6.542e-02 -4.213e+00 -8.407e+00 -1.233e+01
+0.133 -3.558 17.872 16.338 0.312 0.474 1.00005 -8.6668e-01 -1.8667e+00 -2.395e+00 -6.724e+00 -5.983e+00 -7.902e+00 -5.234e+00 -1.947e+00 -1.742e+00 -1.866e+00 -1.599e+00 -3.271e+00 -2.387e+00 -1.257e+00 -6.163e-02 -4.201e+00 -8.385e+00 -1.231e+01
+0.200 -3.489 17.875 16.258 0.312 0.474 1.00005 -8.0008e-01 -1.8001e+00 -2.388e+00 -6.798e+00 -6.056e+00 -7.967e+00 -5.294e+00 -1.999e+00 -1.787e+00 -1.904e+00 -1.630e+00 -3.295e+00 -2.401e+00 -1.261e+00 -5.835e-02 -4.190e+00 -8.368e+00 -1.227e+01
+0.267 -3.419 17.877 16.179 0.375 0.474 1.00005 -7.3341e-01 -1.7334e+00 -2.381e+00 -6.868e+00 -6.124e+00 -8.030e+00 -5.351e+00 -2.050e+00 -1.831e+00 -1.940e+00 -1.660e+00 -3.318e+00 -2.414e+00 -1.265e+00 -5.550e-02 -4.180e+00 -8.351e+00 -1.225e+01
+0.333 -3.349 17.880 16.102 0.375 0.474 1.00005 -6.6670e-01 -1.6667e+00 -2.375e+00 -6.933e+00 -6.190e+00 -8.089e+00 -5.405e+00 -2.097e+00 -1.872e+00 -1.975e+00 -1.687e+00 -3.339e+00 -2.426e+00 -1.269e+00 -5.301e-02 -4.171e+00 -8.335e+00 -1.222e+01
+0.400 -3.288 17.882 16.026 0.375 0.474 1.00005 -6.0007e-01 -1.6001e+00 -2.368e+00 -6.994e+00 -6.251e+00 -8.145e+00 -5.456e+00 -2.142e+00 -1.910e+00 -2.007e+00 -1.713e+00 -3.359e+00 -2.438e+00 -1.273e+00 -5.083e-02 -4.163e+00 -8.321e+00 -1.220e+01
+0.467 -3.217 17.884 15.951 0.375 0.474 1.00005 -5.3334e-01 -1.5333e+00 -2.363e+00 -7.051e+00 -6.309e+00 -8.197e+00 -5.504e+00 -2.184e+00 -1.946e+00 -2.037e+00 -1.738e+00 -3.377e+00 -2.449e+00 -1.277e+00 -4.893e-02 -4.155e+00 -8.307e+00 -1.220e+01
+0.533 -3.150 17.886 15.877 0.375 0.474 1.00005 -4.6674e-01 -1.4667e+00 -2.357e+00 -7.103e+00 -6.363e+00 -8.246e+00 -5.549e+00 -2.224e+00 -1.980e+00 -2.066e+00 -1.760e+00 -3.394e+00 -2.460e+00 -1.281e+00 -4.726e-02 -4.148e+00 -8.294e+00 -1.217e+01
+0.600 -3.079 17.889 15.803 0.375 0.474 1.00005 -4.0001e-01 -1.4000e+00 -2.352e+00 -7.151e+00 -6.413e+00 -8.292e+00 -5.591e+00 -2.260e+00 -2.012e+00 -2.092e+00 -1.782e+00 -3.410e+00 -2.469e+00 -1.285e+00 -4.578e-02 -4.141e+00 -8.283e+00 -1.215e+01
+0.667 -3.014 17.891 15.730 0.375 0.474 1.00005 -3.3334e-01 -1.3333e+00 -2.347e+00 -7.195e+00 -6.460e+00 -8.335e+00 -5.631e+00 -2.295e+00 -2.041e+00 -2.117e+00 -1.802e+00 -3.425e+00 -2.478e+00 -1.288e+00 -4.449e-02 -4.135e+00 -8.272e+00 -1.214e+01
+0.733 -2.944 17.893 15.655 0.375 0.474 1.00005 -2.6669e-01 -1.2667e+00 -2.343e+00 -7.235e+00 -6.504e+00 -8.374e+00 -5.667e+00 -2.327e+00 -2.069e+00 -2.140e+00 -1.820e+00 -3.439e+00 -2.487e+00 -1.292e+00 -4.335e-02 -4.129e+00 -8.262e+00 -1.213e+01
+0.800 -2.876 17.895 15.581 0.375 0.474 1.00005 -2.0006e-01 -1.2001e+00 -2.338e+00 -7.271e+00 -6.543e+00 -8.410e+00 -5.700e+00 -2.356e+00 -2.094e+00 -2.161e+00 -1.837e+00 -3.452e+00 -2.495e+00 -1.295e+00 -4.234e-02 -4.124e+00 -8.252e+00 -1.212e+01
+0.867 -2.801 17.897 15.505 0.375 0.474 1.00005 -1.3343e-01 -1.1334e+00 -2.335e+00 -7.303e+00 -6.580e+00 -8.444e+00 -5.731e+00 -2.383e+00 -2.117e+00 -2.180e+00 -1.852e+00 -3.463e+00 -2.502e+00 -1.298e+00 -4.145e-02 -4.120e+00 -8.244e+00 -1.209e+01
+0.933 -2.726 17.899 15.428 0.375 0.474 1.00005 -6.6702e-02 -1.0667e+00 -2.331e+00 -7.332e+00 -6.613e+00 -8.474e+00 -5.759e+00 -2.408e+00 -2.138e+00 -2.198e+00 -1.866e+00 -3.474e+00 -2.508e+00 -1.300e+00 -4.067e-02 -4.115e+00 -8.236e+00 -1.207e+01
+1.000 -2.647 17.901 15.349 0.375 0.474 1.00005 -4.2480e-05 -1.0000e+00 -2.328e+00 -7.357e+00 -6.644e+00 -8.502e+00 -5.785e+00 -2.430e+00 -2.158e+00 -2.214e+00 -1.879e+00 -3.484e+00 -2.514e+00 -1.303e+00 -3.998e-02 -4.111e+00 -8.229e+00 -1.206e+01
+1.067 -2.565 17.903 15.267 0.375 0.474 1.00005 6.6640e-02 -9.3336e-01 -2.325e+00 -7.380e+00 -6.671e+00 -8.527e+00 -5.808e+00 -2.450e+00 -2.175e+00 -2.228e+00 -1.891e+00 -3.492e+00 -2.520e+00 -1.305e+00 -3.938e-02 -4.108e+00 -8.223e+00 -1.206e+01
+1.135 -0.869 17.905 15.220 0.438 0.526 1.00002 1.3052e-01 -8.6948e-01 -2.322e+00 -7.399e+00 -6.694e+00 -8.547e+00 -5.827e+00 -2.467e+00 -2.189e+00 -2.240e+00 -1.900e+00 -3.499e+00 -2.526e+00 -1.307e+00 -3.890e-02 -4.105e+00 -8.217e+00 -1.206e+01
+1.200 -1.892 17.906 15.636 0.188 0.684 1.00003 1.9970e-01 -8.0030e-01 -2.311e+00 -7.446e+00 -6.765e+00 -8.601e+00 -5.844e+00 -2.474e+00 -2.191e+00 -2.240e+00 -1.897e+00 -3.502e+00 -2.535e+00 -1.313e+00 -3.861e-02 -4.096e+00 -8.204e+00 -1.202e+01
+1.300 +0.258 17.906  9.740 0.125 0.947 1.00000 2.5826e-01 -7.4174e-01 -2.302e+00 -7.474e+00 -6.792e+00 -8.628e+00 -5.892e+00 -2.511e+00 -2.214e+00 -2.245e+00 -1.886e+00 -3.507e+00 -2.560e+00 -1.327e+00 -3.770e-02 -4.083e+00 -8.174e+00 -1.200e+01
+1.341 +0.300 17.906  9.590 0.125 1.000 1.00000 2.9966e-01 -7.0034e-01 -2.302e+00 -7.475e+00 -6.792e+00 -8.628e+00 -5.892e+00 -2.511e+00 -2.214e+00 -2.245e+00 -1.887e+00 -3.507e+00 -2.560e+00 -1.327e+00 -3.770e-02 -4.083e+00 -8.174e+00 -1.199e+01
+1.424 +0.382 17.906   -inf 0.000 1.000 1.00000 3.8244e-01 -6.1756e-01 -2.302e+00 -7.475e+00 -6.792e+00 -8.628e+00 -5.892e+00 -2.512e+00 -2.214e+00 -2.246e+00 -1.887e+00 -3.507e+00 -2.560e+00 -1.327e+00 -3.769e-02 -4.083e+00 -8.174e+00 -1.199e+01
+1.507 +0.465 17.906   -inf 0.000 1.000 1.00000 4.6523e-01 -5.3477e-01 -2.302e+00 -7.475e+00 -6.793e+00 -8.628e+00 -5.893e+00 -2.512e+00 -2.215e+00 -2.246e+00 -1.887e+00 -3.508e+00 -2.560e+00 -1.326e+00 -3.768e-02 -4.083e+00 -8.175e+00 -1.198e+01
+1.548 +0.507 17.906   -inf 0.000 1.000 1.00000 5.0662e-01 -4.9338e-01 -2.302e+00 -7.475e+00 -6.793e+00 -8.628e+00 -5.893e+00 -2.512e+00 -2.215e+00 -2.246e+00 -1.888e+00 -3.508e+00 -2.560e+00 -1.326e+00 -3.768e-02 -4.083e+00 -8.175e+00 -1.200e+01
+1.631 +0.589 17.906   -inf 0.000 1.000 1.00000 5.8941e-01 -4.1059e-01 -2.302e+00 -7.475e+00 -6.793e+00 -8.628e+00 -5.893e+00 -2.512e+00 -2.215e+00 -2.247e+00 -1.888e+00 -3.508e+00 -2.560e+00 -1.326e+00 -3.767e-02 -4.083e+00 -8.175e+00 -1.200e+01
+1.672 +0.631 17.906   -inf 0.000 1.000 1.00000 6.3080e-01 -3.6920e-01 -2.302e+00 -7.475e+00 -6.793e+00 -8.628e+00 -5.893e+00 -2.513e+00 -2.215e+00 -2.247e+00 -1.888e+00 -3.508e+00 -2.560e+00 -1.326e+00 -3.767e-02 -4.083e+00 -8.175e+00 -1.200e+01
+1.755 +0.714 17.906   -inf 0.000 1.000 1.00000 7.1358e-01 -2.8642e-01 -2.302e+00 -7.475e+00 -6.793e+00 -8.629e+00 -5.893e+00 -2.513e+00 -2.215e+00 -2.247e+00 -1.889e+00 -3.508e+00 -2.559e+00 -1.326e+00 -3.767e-02 -4.084e+00 -8.175e+00 -1.200e+01
+1.838 +0.796 17.906   -inf 0.000 1.000 1.00000 7.9637e-01 -2.0363e-01 -2.302e+00 -7.476e+00 -6.793e+00 -8.629e+00 -5.893e+00 -2.513e+00 -2.216e+00 -2.248e+00 -1.889e+00 -3.508e+00 -2.559e+00 -1.326e+00 -3.766e-02 -4.084e+00 -8.175e+00 -1.199e+01
+1.879 +0.838 17.906   -inf 0.000 1.000 1.00000 8.3776e-01 -1.6224e-01 -2.303e+00 -7.476e+00 -6.794e+00 -8.629e+00 -5.893e+00 -2.513e+00 -2.216e+00 -2.248e+00 -1.889e+00 -3.508e+00 -2.559e+00 -1.326e+00 -3.766e-02 -4.084e+00 -8.176e+00 -1.199e+01
+1.962 +0.921 17.906   -inf 0.000 1.000 1.00000 9.2055e-01 -7.9452e-02 -2.303e+00 -7.476e+00 -6.794e+00 -8.629e+00 -5.893e+00 -2.513e+00 -2.216e+00 -2.248e+00 -1.890e+00 -3.509e+00 -2.559e+00 -1.326e+00 -3.765e-02 -4.084e+00 -8.176e+00 -1.200e+01
+2.003 +0.962 17.906   -inf 0.000 1.000 1.00000 9.6194e-01 -3.8059e-02 -2.303e+00 -7.476e+00 -6.794e+00 -8.629e+00 -5.893e+00 -2.513e+00 -2.216e+00 -2.248e+00 -1.890e+00 -3.509e+00 -2.559e+00 -1.326e+00 -3.765e-02 -4.084e+00 -8.176e+00 -1.200e+01
