# ASY+PE method (with partition functions): 28847 integration steps in 3.6705e-01 seconds
# All quantities except Asy, RG_PE, and sumX are log10(x)
# Log of absolute values for E and dE/dt as they can be negative
# Units: t and dt in s; E in erg; dE/dt in erg/g/s; others dimensionless 
#
#    t     dt     |E|  |dE/dt| Asy  Equil  sumX  X(4He)     X(12C)     X(16O)     X(20Ne)     X(24Mg)     X(28Si)     X(32S)     X(36Ar)     X(40Ca)     X(44Ti)     X(48Cr)     X(52Fe)     X(56Ni)     X(60Zn)     X(64Ge)     X(68Se)     

-17.930 -19.934  8.654 26.588 0.000 0.000 1.000 -9.386e+00 -3.010e-01 -3.010e-01 -8.696e+00 -1.027e+01 -1.270e+01 -2.400e+01 -2.400e+01 -2.400e+01 -2.400e+01 -2.400e+01 -2.400e+01 -2.400e+01 -2.400e+01 -2.400e+01 -2.400e+01
-17.865 -19.869  8.719 26.588 0.000 0.000 1.000 -9.320e+00 -3.010e-01 -3.010e-01 -8.631e+00 -1.021e+01 -1.263e+01 -2.400e+01 -2.400e+01 -2.400e+01 -2.400e+01 -2.400e+01 -2.400e+01 -2.400e+01 -2.400e+01 -2.400e+01 -2.400e+01
-17.796 -19.800  8.789 26.588 0.000 0.000 1.000 -9.251e+00 -3.010e-01 -3.010e-01 -8.561e+00 -1.014e+01 -1.256e+01 -2.400e+01 -2.400e+01 -2.400e+01 -2.400e+01 -2.400e+01 -2.400e+01 -2.400e+01 -2.400e+01 -2.400e+01 -2.400e+01
-17.731 -19.735  8.854 26.588 0.000 0.000 1.000 -9.186e+00 -3.010e-01 -3.010e-01 -8.496e+00 -1.007e+01 -1.250e+01 -2.400e+01 -2.400e+01 -2.400e+01 -2.400e+01 -2.400e+01 -2.400e+01 -2.400e+01 -2.400e+01 -2.400e+01 -2.400e+01
-17.666 -19.671  8.919 26.588 0.000 0.000 1.000 -9.120e+00 -3.010e-01 -3.010e-01 -8.431e+00 -1.001e+01 -1.243e+01 -2.400e+01 -2.400e+01 -2.400e+01 -2.400e+01 -2.400e+01 -2.400e+01 -2.400e+01 -2.400e+01 -2.400e+01 -2.400e+01
-17.597 -19.602  8.989 26.588 0.000 0.000 1.000 -9.051e+00 -3.010e-01 -3.010e-01 -8.362e+00 -9.936e+00 -1.236e+01 -2.400e+01 -2.400e+01 -2.400e+01 -2.400e+01 -2.400e+01 -2.400e+01 -2.400e+01 -2.400e+01 -2.400e+01 -2.400e+01
-17.532 -19.537  9.054 26.588 0.000 0.000 1.000 -8.986e+00 -3.010e-01 -3.010e-01 -8.297e+00 -9.871e+00 -1.230e+01 -2.400e+01 -2.400e+01 -2.400e+01 -2.400e+01 -2.400e+01 -2.400e+01 -2.400e+01 -2.400e+01 -2.400e+01 -2.400e+01
-17.463 -19.468  9.123 26.588 0.000 0.000 1.000 -8.917e+00 -3.010e-01 -3.010e-01 -8.227e+00 -9.802e+00 -1.223e+01 -2.400e+01 -2.400e+01 -2.400e+01 -2.400e+01 -2.400e+01 -2.400e+01 -2.400e+01 -2.400e+01 -2.400e+01 -2.400e+01
-17.398 -19.403  9.188 26.588 0.000 0.000 1.000 -8.852e+00 -3.010e-01 -3.010e-01 -8.162e+00 -9.737e+00 -1.217e+01 -2.400e+01 -2.400e+01 -2.400e+01 -2.400e+01 -2.400e+01 -2.400e+01 -2.400e+01 -2.400e+01 -2.400e+01 -2.400e+01
-17.329 -19.334  9.257 26.588 0.000 0.000 1.000 -8.782e+00 -3.010e-01 -3.010e-01 -8.093e+00 -9.668e+00 -1.210e+01 -2.400e+01 -2.400e+01 -2.400e+01 -2.400e+01 -2.400e+01 -2.400e+01 -2.400e+01 -2.400e+01 -2.400e+01 -2.400e+01
-17.264 -19.269  9.322 26.588 0.000 0.000 1.000 -8.717e+00 -3.010e-01 -3.010e-01 -8.028e+00 -9.603e+00 -1.203e+01 -2.400e+01 -2.400e+01 -2.400e+01 -2.400e+01 -2.400e+01 -2.400e+01 -2.400e+01 -2.400e+01 -2.400e+01 -2.400e+01
-17.200 -19.204  9.387 26.588 0.000 0.000 1.000 -8.652e+00 -3.010e-01 -3.010e-01 -7.963e+00 -9.538e+00 -1.197e+01 -2.400e+01 -2.400e+01 -2.400e+01 -2.400e+01 -2.400e+01 -2.400e+01 -2.400e+01 -2.400e+01 -2.400e+01 -2.400e+01
-17.130 -19.135  9.456 26.588 0.000 0.000 1.000 -8.583e+00 -3.010e-01 -3.010e-01 -7.894e+00 -9.469e+00 -1.190e+01 -2.400e+01 -2.400e+01 -2.400e+01 -2.400e+01 -2.400e+01 -2.400e+01 -2.400e+01 -2.400e+01 -2.400e+01 -2.400e+01
-17.066 -19.070  9.521 26.588 0.000 0.000 1.000 -8.518e+00 -3.010e-01 -3.010e-01 -7.829e+00 -9.404e+00 -1.183e+01 -2.400e+01 -2.400e+01 -2.400e+01 -2.400e+01 -2.400e+01 -2.400e+01 -2.400e+01 -2.400e+01 -2.400e+01 -2.400e+01
-16.997 -19.001  9.591 26.588 0.000 0.000 1.000 -8.449e+00 -3.010e-01 -3.010e-01 -7.760e+00 -9.334e+00 -1.176e+01 -2.400e+01 -2.400e+01 -2.400e+01 -2.400e+01 -2.400e+01 -2.400e+01 -2.400e+01 -2.400e+01 -2.400e+01 -2.400e+01
-16.932 -18.936  9.655 26.588 0.000 0.000 1.000 -8.384e+00 -3.010e-01 -3.010e-01 -7.695e+00 -9.270e+00 -1.170e+01 -2.400e+01 -2.400e+01 -2.400e+01 -2.400e+01 -2.400e+01 -2.400e+01 -2.400e+01 -2.400e+01 -2.400e+01 -2.400e+01
-16.863 -18.867  9.725 26.588 0.000 0.000 1.000 -8.315e+00 -3.010e-01 -3.010e-01 -7.626e+00 -9.200e+00 -1.163e+01 -2.400e+01 -2.400e+01 -2.400e+01 -2.400e+01 -2.400e+01 -2.400e+01 -2.400e+01 -2.400e+01 -2.400e+01 -2.400e+01
-16.798 -18.802  9.790 26.588 0.000 0.000 1.000 -8.250e+00 -3.010e-01 -3.010e-01 -7.561e+00 -9.136e+00 -1.156e+01 -2.400e+01 -2.400e+01 -2.400e+01 -2.400e+01 -2.400e+01 -2.400e+01 -2.400e+01 -2.400e+01 -2.400e+01 -2.400e+01
-16.733 -18.737  9.854 26.588 0.000 0.000 1.000 -8.185e+00 -3.010e-01 -3.010e-01 -7.496e+00 -9.071e+00 -1.150e+01 -2.400e+01 -2.400e+01 -2.400e+01 -2.400e+01 -2.400e+01 -2.400e+01 -2.400e+01 -2.400e+01 -2.400e+01 -2.400e+01
-16.664 -18.668  9.924 26.588 0.000 0.000 1.000 -8.116e+00 -3.010e-01 -3.010e-01 -7.427e+00 -9.001e+00 -1.143e+01 -2.400e+01 -2.400e+01 -2.400e+01 -2.400e+01 -2.400e+01 -2.400e+01 -2.400e+01 -2.400e+01 -2.400e+01 -2.400e+01
-16.599 -18.603  9.988 26.588 0.000 0.000 1.000 -8.051e+00 -3.010e-01 -3.010e-01 -7.362e+00 -8.937e+00 -1.136e+01 -2.400e+01 -2.400e+01 -2.400e+01 -2.400e+01 -2.400e+01 -2.400e+01 -2.400e+01 -2.400e+01 -2.400e+01 -2.400e+01
-16.530 -18.534 10.058 26.588 0.000 0.000 1.000 -7.982e+00 -3.010e-01 -3.010e-01 -7.293e+00 -8.867e+00 -1.130e+01 -2.400e+01 -2.400e+01 -2.400e+01 -2.400e+01 -2.400e+01 -2.400e+01 -2.400e+01 -2.400e+01 -2.400e+01 -2.400e+01
-16.465 -18.469 10.122 26.588 0.000 0.000 1.000 -7.917e+00 -3.010e-01 -3.010e-01 -7.228e+00 -8.803e+00 -1.123e+01 -2.400e+01 -2.400e+01 -2.400e+01 -2.400e+01 -2.400e+01 -2.400e+01 -2.400e+01 -2.400e+01 -2.400e+01 -2.400e+01
-16.396 -18.400 10.192 26.588 0.000 0.000 1.000 -7.848e+00 -3.010e-01 -3.010e-01 -7.159e+00 -8.733e+00 -1.116e+01 -2.400e+01 -2.400e+01 -2.400e+01 -2.400e+01 -2.400e+01 -2.400e+01 -2.400e+01 -2.400e+01 -2.400e+01 -2.400e+01
-16.331 -18.335 10.256 26.588 0.000 0.000 1.000 -7.783e+00 -3.010e-01 -3.010e-01 -7.094e+00 -8.669e+00 -1.110e+01 -2.400e+01 -2.400e+01 -2.400e+01 -2.400e+01 -2.400e+01 -2.400e+01 -2.400e+01 -2.400e+01 -2.400e+01 -2.400e+01
-16.266 -18.271 10.321 26.588 0.000 0.000 1.000 -7.718e+00 -3.010e-01 -3.010e-01 -7.029e+00 -8.604e+00 -1.103e+01 -2.400e+01 -2.400e+01 -2.400e+01 -2.400e+01 -2.400e+01 -2.400e+01 -2.400e+01 -2.400e+01 -2.400e+01 -2.400e+01
-16.197 -18.201 10.390 26.588 0.000 0.000 1.000 -7.649e+00 -3.010e-01 -3.010e-01 -6.960e+00 -8.535e+00 -1.096e+01 -2.400e+01 -2.400e+01 -2.400e+01 -2.400e+01 -2.400e+01 -2.400e+01 -2.400e+01 -2.400e+01 -2.400e+01 -2.400e+01
-16.132 -18.137 10.455 26.588 0.000 0.000 1.000 -7.584e+00 -3.010e-01 -3.010e-01 -6.895e+00 -8.470e+00 -1.090e+01 -2.399e+01 -2.400e+01 -2.400e+01 -2.400e+01 -2.400e+01 -2.400e+01 -2.400e+01 -2.400e+01 -2.400e+01 -2.400e+01
-16.063 -18.067 10.524 26.588 0.000 0.000 1.000 -7.515e+00 -3.010e-01 -3.010e-01 -6.826e+00 -8.401e+00 -1.083e+01 -2.399e+01 -2.400e+01 -2.400e+01 -2.400e+01 -2.400e+01 -2.400e+01 -2.400e+01 -2.400e+01 -2.400e+01 -2.400e+01
-15.998 -18.003 10.589 26.588 0.000 0.000 1.000 -7.450e+00 -3.010e-01 -3.010e-01 -6.761e+00 -8.336e+00 -1.076e+01 -2.399e+01 -2.400e+01 -2.400e+01 -2.400e+01 -2.400e+01 -2.400e+01 -2.400e+01 -2.400e+01 -2.400e+01 -2.400e+01
-15.929 -17.933 10.658 26.588 0.000 0.000 1.000 -7.381e+00 -3.010e-01 -3.010e-01 -6.692e+00 -8.267e+00 -1.069e+01 -2.398e+01 -2.400e+01 -2.400e+01 -2.400e+01 -2.400e+01 -2.400e+01 -2.400e+01 -2.400e+01 -2.400e+01 -2.400e+01
-15.864 -17.869 10.723 26.588 0.000 0.000 1.000 -7.316e+00 -3.010e-01 -3.010e-01 -6.627e+00 -8.202e+00 -1.063e+01 -2.397e+01 -2.400e+01 -2.400e+01 -2.400e+01 -2.400e+01 -2.400e+01 -2.400e+01 -2.400e+01 -2.400e+01 -2.400e+01
-15.799 -17.804 10.788 26.588 0.000 0.000 1.000 -7.252e+00 -3.010e-01 -3.010e-01 -6.562e+00 -8.137e+00 -1.057e+01 -2.395e+01 -2.400e+01 -2.400e+01 -2.400e+01 -2.400e+01 -2.400e+01 -2.400e+01 -2.400e+01 -2.400e+01 -2.400e+01
-15.730 -17.735 10.857 26.588 0.000 0.000 1.000 -7.182e+00 -3.010e-01 -3.010e-01 -6.493e+00 -8.068e+00 -1.050e+01 -2.392e+01 -2.400e+01 -2.400e+01 -2.400e+01 -2.400e+01 -2.400e+01 -2.400e+01 -2.400e+01 -2.400e+01 -2.400e+01
-15.666 -17.670 10.922 26.588 0.000 0.000 1.000 -7.118e+00 -3.010e-01 -3.010e-01 -6.428e+00 -8.003e+00 -1.043e+01 -2.388e+01 -2.400e+01 -2.400e+01 -2.400e+01 -2.400e+01 -2.400e+01 -2.400e+01 -2.400e+01 -2.400e+01 -2.400e+01
-15.596 -17.601 10.991 26.588 0.000 0.000 1.000 -7.049e+00 -3.010e-01 -3.010e-01 -6.359e+00 -7.934e+00 -1.036e+01 -2.382e+01 -2.400e+01 -2.400e+01 -2.400e+01 -2.400e+01 -2.400e+01 -2.400e+01 -2.400e+01 -2.400e+01 -2.400e+01
-15.532 -17.536 11.056 26.588 0.000 0.000 1.000 -6.984e+00 -3.010e-01 -3.010e-01 -6.294e+00 -7.869e+00 -1.030e+01 -2.374e+01 -2.400e+01 -2.400e+01 -2.400e+01 -2.400e+01 -2.400e+01 -2.400e+01 -2.400e+01 -2.400e+01 -2.400e+01
-15.462 -17.467 11.125 26.588 0.000 0.000 1.000 -6.915e+00 -3.010e-01 -3.010e-01 -6.225e+00 -7.800e+00 -1.023e+01 -2.363e+01 -2.400e+01 -2.400e+01 -2.400e+01 -2.400e+01 -2.400e+01 -2.400e+01 -2.400e+01 -2.400e+01 -2.400e+01
-15.398 -17.402 11.190 26.588 0.000 0.000 1.000 -6.850e+00 -3.010e-01 -3.010e-01 -6.160e+00 -7.735e+00 -1.016e+01 -2.351e+01 -2.400e+01 -2.400e+01 -2.400e+01 -2.400e+01 -2.400e+01 -2.400e+01 -2.400e+01 -2.400e+01 -2.400e+01
-15.333 -17.337 11.255 26.588 0.000 0.000 1.000 -6.785e+00 -3.010e-01 -3.010e-01 -6.096e+00 -7.670e+00 -1.010e+01 -2.337e+01 -2.400e+01 -2.400e+01 -2.400e+01 -2.400e+01 -2.400e+01 -2.400e+01 -2.400e+01 -2.400e+01 -2.400e+01
-15.264 -17.268 11.324 26.588 0.000 0.000 1.000 -6.716e+00 -3.010e-01 -3.010e-01 -6.026e+00 -7.601e+00 -1.003e+01 -2.321e+01 -2.400e+01 -2.400e+01 -2.400e+01 -2.400e+01 -2.400e+01 -2.400e+01 -2.400e+01 -2.400e+01 -2.400e+01
-15.199 -17.203 11.389 26.588 0.000 0.000 1.000 -6.651e+00 -3.010e-01 -3.010e-01 -5.962e+00 -7.536e+00 -9.965e+00 -2.304e+01 -2.400e+01 -2.400e+01 -2.400e+01 -2.400e+01 -2.400e+01 -2.400e+01 -2.400e+01 -2.400e+01 -2.400e+01
-15.130 -17.134 11.458 26.588 0.000 0.000 1.000 -6.582e+00 -3.010e-01 -3.010e-01 -5.892e+00 -7.467e+00 -9.895e+00 -2.285e+01 -2.400e+01 -2.400e+01 -2.400e+01 -2.400e+01 -2.400e+01 -2.400e+01 -2.400e+01 -2.400e+01 -2.400e+01
-15.065 -17.069 11.523 26.588 0.000 0.000 1.000 -6.517e+00 -3.010e-01 -3.010e-01 -5.828e+00 -7.402e+00 -9.831e+00 -2.267e+01 -2.400e+01 -2.400e+01 -2.400e+01 -2.400e+01 -2.400e+01 -2.400e+01 -2.400e+01 -2.400e+01 -2.400e+01
-14.996 -17.000 11.592 26.588 0.000 0.000 1.000 -6.448e+00 -3.010e-01 -3.010e-01 -5.759e+00 -7.333e+00 -9.761e+00 -2.247e+01 -2.400e+01 -2.400e+01 -2.400e+01 -2.400e+01 -2.400e+01 -2.400e+01 -2.400e+01 -2.400e+01 -2.400e+01
-14.931 -16.935 11.657 26.588 0.000 0.000 1.000 -6.383e+00 -3.010e-01 -3.010e-01 -5.694e+00 -7.268e+00 -9.697e+00 -2.228e+01 -2.400e+01 -2.400e+01 -2.400e+01 -2.400e+01 -2.400e+01 -2.400e+01 -2.400e+01 -2.400e+01 -2.400e+01
-14.866 -16.870 11.721 26.588 0.000 0.000 1.000 -6.318e+00 -3.010e-01 -3.010e-01 -5.629e+00 -7.204e+00 -9.632e+00 -2.208e+01 -2.400e+01 -2.400e+01 -2.400e+01 -2.400e+01 -2.400e+01 -2.400e+01 -2.400e+01 -2.400e+01 -2.400e+01
-14.797 -16.801 11.791 26.588 0.000 0.000 1.000 -6.249e+00 -3.010e-01 -3.010e-01 -5.560e+00 -7.134e+00 -9.563e+00 -2.188e+01 -2.400e+01 -2.400e+01 -2.400e+01 -2.400e+01 -2.400e+01 -2.400e+01 -2.400e+01 -2.400e+01 -2.400e+01
-14.732 -16.736 11.855 26.588 0.000 0.000 1.000 -6.184e+00 -3.010e-01 -3.010e-01 -5.495e+00 -7.070e+00 -9.498e+00 -2.169e+01 -2.400e+01 -2.400e+01 -2.400e+01 -2.400e+01 -2.400e+01 -2.400e+01 -2.400e+01 -2.400e+01 -2.400e+01
-14.663 -16.667 11.925 26.588 0.000 0.000 1.000 -6.115e+00 -3.010e-01 -3.010e-01 -5.426e+00 -7.001e+00 -9.429e+00 -2.148e+01 -2.400e+01 -2.400e+01 -2.400e+01 -2.400e+01 -2.400e+01 -2.400e+01 -2.400e+01 -2.400e+01 -2.400e+01
-14.598 -16.602 11.989 26.588 0.000 0.000 1.000 -6.050e+00 -3.010e-01 -3.010e-01 -5.361e+00 -6.936e+00 -9.364e+00 -2.129e+01 -2.400e+01 -2.400e+01 -2.400e+01 -2.400e+01 -2.400e+01 -2.400e+01 -2.400e+01 -2.400e+01 -2.400e+01
-14.533 -16.538 12.054 26.588 0.000 0.000 1.000 -5.985e+00 -3.010e-01 -3.010e-01 -5.296e+00 -6.871e+00 -9.299e+00 -2.109e+01 -2.400e+01 -2.400e+01 -2.400e+01 -2.400e+01 -2.400e+01 -2.400e+01 -2.400e+01 -2.400e+01 -2.400e+01
-14.464 -16.469 12.123 26.588 0.000 0.000 1.000 -5.916e+00 -3.010e-01 -3.010e-01 -5.227e+00 -6.802e+00 -9.230e+00 -2.088e+01 -2.400e+01 -2.400e+01 -2.400e+01 -2.400e+01 -2.400e+01 -2.400e+01 -2.400e+01 -2.400e+01 -2.400e+01
-14.399 -16.404 12.188 26.588 0.000 0.000 1.000 -5.851e+00 -3.010e-01 -3.010e-01 -5.162e+00 -6.737e+00 -9.165e+00 -2.069e+01 -2.400e+01 -2.400e+01 -2.400e+01 -2.400e+01 -2.400e+01 -2.400e+01 -2.400e+01 -2.400e+01 -2.400e+01
-14.330 -16.335 12.257 26.588 0.000 0.000 1.000 -5.782e+00 -3.010e-01 -3.010e-01 -5.093e+00 -6.668e+00 -9.096e+00 -2.048e+01 -2.400e+01 -2.400e+01 -2.400e+01 -2.400e+01 -2.400e+01 -2.400e+01 -2.400e+01 -2.400e+01 -2.400e+01
-14.265 -16.270 12.322 26.588 0.000 0.000 1.000 -5.718e+00 -3.010e-01 -3.010e-01 -5.028e+00 -6.603e+00 -9.031e+00 -2.029e+01 -2.400e+01 -2.400e+01 -2.400e+01 -2.400e+01 -2.400e+01 -2.400e+01 -2.400e+01 -2.400e+01 -2.400e+01
-14.196 -16.201 12.391 26.588 0.000 0.000 1.000 -5.648e+00 -3.010e-01 -3.010e-01 -4.959e+00 -6.534e+00 -8.962e+00 -2.008e+01 -2.400e+01 -2.400e+01 -2.400e+01 -2.400e+01 -2.400e+01 -2.400e+01 -2.400e+01 -2.400e+01 -2.400e+01
-14.131 -16.136 12.456 26.588 0.000 0.000 1.000 -5.584e+00 -3.010e-01 -3.010e-01 -4.894e+00 -6.469e+00 -8.897e+00 -1.989e+01 -2.400e+01 -2.400e+01 -2.400e+01 -2.400e+01 -2.400e+01 -2.400e+01 -2.400e+01 -2.400e+01 -2.400e+01
-14.067 -16.071 12.521 26.587 0.000 0.000 1.000 -5.519e+00 -3.010e-01 -3.010e-01 -4.829e+00 -6.404e+00 -8.832e+00 -1.969e+01 -2.400e+01 -2.400e+01 -2.400e+01 -2.400e+01 -2.400e+01 -2.400e+01 -2.400e+01 -2.400e+01 -2.400e+01
-13.997 -16.002 12.590 26.587 0.000 0.000 1.000 -5.450e+00 -3.010e-01 -3.010e-01 -4.760e+00 -6.335e+00 -8.763e+00 -1.948e+01 -2.400e+01 -2.400e+01 -2.400e+01 -2.400e+01 -2.400e+01 -2.400e+01 -2.400e+01 -2.400e+01 -2.400e+01
-13.933 -15.937 12.655 26.587 0.000 0.000 1.000 -5.385e+00 -3.011e-01 -3.010e-01 -4.695e+00 -6.270e+00 -8.698e+00 -1.929e+01 -2.400e+01 -2.400e+01 -2.400e+01 -2.400e+01 -2.400e+01 -2.400e+01 -2.400e+01 -2.400e+01 -2.400e+01
-13.864 -15.868 12.724 26.587 0.000 0.000 1.000 -5.316e+00 -3.011e-01 -3.010e-01 -4.626e+00 -6.201e+00 -8.629e+00 -1.908e+01 -2.400e+01 -2.400e+01 -2.400e+01 -2.400e+01 -2.400e+01 -2.400e+01 -2.400e+01 -2.400e+01 -2.400e+01
-13.799 -15.803 12.789 26.587 0.000 0.000 1.000 -5.251e+00 -3.011e-01 -3.010e-01 -4.562e+00 -6.136e+00 -8.564e+00 -1.889e+01 -2.400e+01 -2.400e+01 -2.400e+01 -2.400e+01 -2.400e+01 -2.400e+01 -2.400e+01 -2.400e+01 -2.400e+01
-13.730 -15.734 12.858 26.587 0.000 0.000 1.000 -5.182e+00 -3.011e-01 -3.010e-01 -4.492e+00 -6.067e+00 -8.495e+00 -1.868e+01 -2.400e+01 -2.400e+01 -2.400e+01 -2.400e+01 -2.400e+01 -2.400e+01 -2.400e+01 -2.400e+01 -2.400e+01
-13.665 -15.669 12.923 26.587 0.000 0.000 1.000 -5.117e+00 -3.011e-01 -3.010e-01 -4.428e+00 -6.002e+00 -8.430e+00 -1.849e+01 -2.400e+01 -2.400e+01 -2.400e+01 -2.400e+01 -2.400e+01 -2.400e+01 -2.400e+01 -2.400e+01 -2.400e+01
-13.600 -15.604 12.988 26.587 0.000 0.000 1.000 -5.052e+00 -3.011e-01 -3.010e-01 -4.363e+00 -5.937e+00 -8.366e+00 -1.829e+01 -2.400e+01 -2.400e+01 -2.400e+01 -2.400e+01 -2.400e+01 -2.400e+01 -2.400e+01 -2.400e+01 -2.400e+01
-13.531 -15.535 13.057 26.587 0.000 0.000 1.000 -4.983e+00 -3.011e-01 -3.010e-01 -4.294e+00 -5.868e+00 -8.296e+00 -1.808e+01 -2.400e+01 -2.400e+01 -2.400e+01 -2.400e+01 -2.400e+01 -2.400e+01 -2.400e+01 -2.400e+01 -2.400e+01
-13.466 -15.470 13.122 26.587 0.000 0.000 1.000 -4.918e+00 -3.011e-01 -3.010e-01 -4.229e+00 -5.804e+00 -8.232e+00 -1.789e+01 -2.400e+01 -2.400e+01 -2.400e+01 -2.400e+01 -2.400e+01 -2.400e+01 -2.400e+01 -2.400e+01 -2.400e+01
-13.397 -15.401 13.191 26.587 0.000 0.000 1.000 -4.849e+00 -3.011e-01 -3.010e-01 -4.160e+00 -5.734e+00 -8.162e+00 -1.768e+01 -2.400e+01 -2.400e+01 -2.400e+01 -2.400e+01 -2.400e+01 -2.400e+01 -2.400e+01 -2.400e+01 -2.400e+01
-13.332 -15.336 13.255 26.587 0.000 0.000 1.000 -4.784e+00 -3.011e-01 -3.010e-01 -4.095e+00 -5.670e+00 -8.098e+00 -1.749e+01 -2.400e+01 -2.400e+01 -2.400e+01 -2.400e+01 -2.400e+01 -2.400e+01 -2.400e+01 -2.400e+01 -2.400e+01
-13.263 -15.267 13.325 26.587 0.000 0.000 1.000 -4.715e+00 -3.011e-01 -3.010e-01 -4.026e+00 -5.600e+00 -8.028e+00 -1.728e+01 -2.400e+01 -2.400e+01 -2.400e+01 -2.400e+01 -2.400e+01 -2.400e+01 -2.400e+01 -2.400e+01 -2.400e+01
-13.198 -15.202 13.389 26.587 0.000 0.000 1.000 -4.650e+00 -3.011e-01 -3.010e-01 -3.961e+00 -5.536e+00 -7.964e+00 -1.709e+01 -2.400e+01 -2.400e+01 -2.400e+01 -2.400e+01 -2.400e+01 -2.400e+01 -2.400e+01 -2.400e+01 -2.400e+01
-13.133 -15.138 13.454 26.587 0.000 0.000 1.000 -4.585e+00 -3.012e-01 -3.010e-01 -3.896e+00 -5.471e+00 -7.899e+00 -1.689e+01 -2.400e+01 -2.400e+01 -2.400e+01 -2.400e+01 -2.400e+01 -2.400e+01 -2.400e+01 -2.400e+01 -2.400e+01
-13.064 -15.068 13.523 26.587 0.000 0.000 1.000 -4.516e+00 -3.012e-01 -3.010e-01 -3.827e+00 -5.402e+00 -7.830e+00 -1.668e+01 -2.400e+01 -2.400e+01 -2.400e+01 -2.400e+01 -2.400e+01 -2.400e+01 -2.400e+01 -2.400e+01 -2.400e+01
-12.999 -15.004 13.588 26.587 0.000 0.000 1.000 -4.452e+00 -3.012e-01 -3.010e-01 -3.762e+00 -5.337e+00 -7.765e+00 -1.649e+01 -2.400e+01 -2.400e+01 -2.400e+01 -2.400e+01 -2.400e+01 -2.400e+01 -2.400e+01 -2.400e+01 -2.400e+01
-12.930 -14.934 13.657 26.587 0.000 0.000 1.000 -4.382e+00 -3.012e-01 -3.010e-01 -3.693e+00 -5.268e+00 -7.696e+00 -1.628e+01 -2.399e+01 -2.400e+01 -2.400e+01 -2.400e+01 -2.400e+01 -2.400e+01 -2.400e+01 -2.400e+01 -2.400e+01
-12.865 -14.870 13.722 26.587 0.000 0.000 1.000 -4.318e+00 -3.013e-01 -3.010e-01 -3.628e+00 -5.203e+00 -7.631e+00 -1.609e+01 -2.398e+01 -2.400e+01 -2.400e+01 -2.400e+01 -2.400e+01 -2.400e+01 -2.400e+01 -2.400e+01 -2.400e+01
-12.796 -14.800 13.791 26.587 0.000 0.000 1.000 -4.249e+00 -3.013e-01 -3.010e-01 -3.559e+00 -5.134e+00 -7.562e+00 -1.588e+01 -2.396e+01 -2.400e+01 -2.400e+01 -2.400e+01 -2.400e+01 -2.400e+01 -2.400e+01 -2.400e+01 -2.400e+01
-12.731 -14.736 13.856 26.587 0.000 0.000 1.000 -4.184e+00 -3.014e-01 -3.010e-01 -3.494e+00 -5.069e+00 -7.497e+00 -1.569e+01 -2.392e+01 -2.400e+01 -2.400e+01 -2.400e+01 -2.400e+01 -2.400e+01 -2.400e+01 -2.400e+01 -2.400e+01
-12.666 -14.671 13.921 26.587 0.000 0.000 1.000 -4.119e+00 -3.014e-01 -3.010e-01 -3.430e+00 -5.004e+00 -7.432e+00 -1.549e+01 -2.384e+01 -2.400e+01 -2.400e+01 -2.400e+01 -2.400e+01 -2.400e+01 -2.400e+01 -2.400e+01 -2.400e+01
-12.597 -14.602 13.990 26.587 0.000 0.000 1.000 -4.050e+00 -3.015e-01 -3.010e-01 -3.361e+00 -4.935e+00 -7.363e+00 -1.528e+01 -2.370e+01 -2.400e+01 -2.400e+01 -2.400e+01 -2.400e+01 -2.400e+01 -2.400e+01 -2.400e+01 -2.400e+01
-12.533 -14.537 14.054 26.586 0.000 0.000 1.000 -3.985e+00 -3.016e-01 -3.010e-01 -3.296e+00 -4.870e+00 -7.298e+00 -1.509e+01 -2.351e+01 -2.400e+01 -2.400e+01 -2.400e+01 -2.400e+01 -2.400e+01 -2.400e+01 -2.400e+01 -2.400e+01
-12.463 -14.468 14.124 26.586 0.000 0.000 1.000 -3.916e+00 -3.017e-01 -3.010e-01 -3.227e+00 -4.801e+00 -7.228e+00 -1.488e+01 -2.325e+01 -2.400e+01 -2.400e+01 -2.400e+01 -2.400e+01 -2.400e+01 -2.400e+01 -2.400e+01 -2.400e+01
-12.399 -14.403 14.188 26.586 0.000 0.000 1.000 -3.851e+00 -3.018e-01 -3.010e-01 -3.162e+00 -4.736e+00 -7.163e+00 -1.469e+01 -2.297e+01 -2.400e+01 -2.400e+01 -2.400e+01 -2.400e+01 -2.400e+01 -2.400e+01 -2.400e+01 -2.400e+01
-12.329 -14.334 14.257 26.586 0.000 0.000 1.000 -3.782e+00 -3.019e-01 -3.010e-01 -3.093e+00 -4.667e+00 -7.094e+00 -1.448e+01 -2.265e+01 -2.400e+01 -2.400e+01 -2.400e+01 -2.400e+01 -2.400e+01 -2.400e+01 -2.400e+01 -2.400e+01
-12.265 -14.269 14.322 26.586 0.000 0.000 1.000 -3.718e+00 -3.020e-01 -3.010e-01 -3.028e+00 -4.603e+00 -7.029e+00 -1.429e+01 -2.233e+01 -2.400e+01 -2.400e+01 -2.400e+01 -2.400e+01 -2.400e+01 -2.400e+01 -2.400e+01 -2.400e+01
-12.200 -14.204 14.387 26.585 0.000 0.000 1.000 -3.653e+00 -3.022e-01 -3.010e-01 -2.964e+00 -4.538e+00 -6.964e+00 -1.409e+01 -2.201e+01 -2.400e+01 -2.400e+01 -2.400e+01 -2.400e+01 -2.400e+01 -2.400e+01 -2.400e+01 -2.400e+01
-12.131 -14.135 14.456 26.585 0.000 0.000 1.000 -3.584e+00 -3.024e-01 -3.010e-01 -2.895e+00 -4.469e+00 -6.895e+00 -1.388e+01 -2.167e+01 -2.400e+01 -2.400e+01 -2.400e+01 -2.400e+01 -2.400e+01 -2.400e+01 -2.400e+01 -2.400e+01
-12.066 -14.070 14.520 26.584 0.000 0.000 1.000 -3.519e+00 -3.026e-01 -3.011e-01 -2.830e+00 -4.404e+00 -6.830e+00 -1.369e+01 -2.135e+01 -2.400e+01 -2.400e+01 -2.400e+01 -2.400e+01 -2.400e+01 -2.400e+01 -2.400e+01 -2.400e+01
-11.997 -14.001 14.589 26.584 0.000 0.000 1.000 -3.451e+00 -3.029e-01 -3.011e-01 -2.761e+00 -4.335e+00 -6.760e+00 -1.348e+01 -2.100e+01 -2.400e+01 -2.400e+01 -2.400e+01 -2.400e+01 -2.400e+01 -2.400e+01 -2.400e+01 -2.400e+01
-11.932 -13.936 14.654 26.583 0.000 0.000 1.000 -3.386e+00 -3.032e-01 -3.011e-01 -2.697e+00 -4.270e+00 -6.695e+00 -1.329e+01 -2.068e+01 -2.400e+01 -2.400e+01 -2.400e+01 -2.400e+01 -2.400e+01 -2.400e+01 -2.400e+01 -2.400e+01
-11.863 -13.867 14.722 26.583 0.000 0.000 1.000 -3.317e+00 -3.035e-01 -3.011e-01 -2.628e+00 -4.201e+00 -6.626e+00 -1.308e+01 -2.033e+01 -2.400e+01 -2.400e+01 -2.400e+01 -2.400e+01 -2.400e+01 -2.400e+01 -2.400e+01 -2.400e+01
-11.798 -13.802 14.787 26.582 0.000 0.000 1.000 -3.253e+00 -3.039e-01 -3.011e-01 -2.564e+00 -4.137e+00 -6.560e+00 -1.288e+01 -2.001e+01 -2.400e+01 -2.400e+01 -2.400e+01 -2.400e+01 -2.400e+01 -2.400e+01 -2.400e+01 -2.400e+01
-11.733 -13.737 14.851 26.581 0.000 0.000 1.000 -3.188e+00 -3.044e-01 -3.011e-01 -2.499e+00 -4.072e+00 -6.495e+00 -1.269e+01 -1.969e+01 -2.400e+01 -2.400e+01 -2.400e+01 -2.400e+01 -2.400e+01 -2.400e+01 -2.400e+01 -2.400e+01
-11.664 -13.668 14.920 26.580 0.000 0.000 1.000 -3.120e+00 -3.050e-01 -3.011e-01 -2.431e+00 -4.003e+00 -6.425e+00 -1.248e+01 -1.934e+01 -2.400e+01 -2.400e+01 -2.400e+01 -2.400e+01 -2.400e+01 -2.400e+01 -2.400e+01 -2.400e+01
-11.599 -13.603 14.984 26.579 0.000 0.000 1.000 -3.056e+00 -3.056e-01 -3.011e-01 -2.366e+00 -3.939e+00 -6.359e+00 -1.229e+01 -1.902e+01 -2.400e+01 -2.400e+01 -2.400e+01 -2.400e+01 -2.400e+01 -2.400e+01 -2.400e+01 -2.400e+01
-11.530 -13.534 15.052 26.577 0.000 0.000 1.000 -2.987e+00 -3.064e-01 -3.011e-01 -2.298e+00 -3.870e+00 -6.289e+00 -1.208e+01 -1.867e+01 -2.400e+01 -2.400e+01 -2.400e+01 -2.400e+01 -2.400e+01 -2.400e+01 -2.400e+01 -2.400e+01
-11.465 -13.469 15.116 26.575 0.000 0.000 1.000 -2.923e+00 -3.072e-01 -3.011e-01 -2.234e+00 -3.806e+00 -6.223e+00 -1.189e+01 -1.835e+01 -2.400e+01 -2.400e+01 -2.400e+01 -2.400e+01 -2.400e+01 -2.400e+01 -2.400e+01 -2.400e+01
-11.396 -13.400 15.184 26.573 0.000 0.000 1.000 -2.855e+00 -3.083e-01 -3.011e-01 -2.166e+00 -3.737e+00 -6.153e+00 -1.168e+01 -1.800e+01 -2.399e+01 -2.400e+01 -2.400e+01 -2.400e+01 -2.400e+01 -2.400e+01 -2.400e+01 -2.400e+01
-11.331 -13.336 15.248 26.571 0.000 0.000 1.000 -2.792e+00 -3.094e-01 -3.012e-01 -2.102e+00 -3.672e+00 -6.087e+00 -1.148e+01 -1.768e+01 -2.396e+01 -2.400e+01 -2.400e+01 -2.400e+01 -2.400e+01 -2.400e+01 -2.400e+01 -2.400e+01
-11.266 -13.271 15.312 26.568 0.000 0.000 1.000 -2.728e+00 -3.108e-01 -3.012e-01 -2.039e+00 -3.608e+00 -6.020e+00 -1.129e+01 -1.736e+01 -2.390e+01 -2.400e+01 -2.400e+01 -2.400e+01 -2.400e+01 -2.400e+01 -2.400e+01 -2.400e+01
-11.197 -13.202 15.379 26.565 0.000 0.000 1.000 -2.660e+00 -3.124e-01 -3.012e-01 -1.971e+00 -3.540e+00 -5.949e+00 -1.108e+01 -1.701e+01 -2.374e+01 -2.400e+01 -2.400e+01 -2.400e+01 -2.400e+01 -2.400e+01 -2.400e+01 -2.400e+01
-11.132 -13.137 15.442 26.562 0.000 0.000 1.000 -2.597e+00 -3.142e-01 -3.012e-01 -1.908e+00 -3.475e+00 -5.881e+00 -1.089e+01 -1.669e+01 -2.348e+01 -2.400e+01 -2.400e+01 -2.400e+01 -2.400e+01 -2.400e+01 -2.400e+01 -2.400e+01
-11.063 -13.068 15.509 26.557 0.000 0.000 1.000 -2.530e+00 -3.165e-01 -3.013e-01 -1.842e+00 -3.407e+00 -5.809e+00 -1.068e+01 -1.634e+01 -2.310e+01 -2.400e+01 -2.400e+01 -2.400e+01 -2.400e+01 -2.400e+01 -2.400e+01 -2.400e+01
-10.998 -13.003 15.572 26.553 0.000 0.000 1.000 -2.468e+00 -3.189e-01 -3.013e-01 -1.779e+00 -3.343e+00 -5.740e+00 -1.048e+01 -1.602e+01 -2.268e+01 -2.400e+01 -2.400e+01 -2.400e+01 -2.400e+01 -2.400e+01 -2.400e+01 -2.400e+01
-10.929 -12.934 15.638 26.547 0.000 0.000 1.000 -2.402e+00 -3.219e-01 -3.013e-01 -1.713e+00 -3.274e+00 -5.667e+00 -1.027e+01 -1.568e+01 -2.222e+01 -2.400e+01 -2.400e+01 -2.400e+01 -2.400e+01 -2.400e+01 -2.400e+01 -2.400e+01
-10.864 -12.869 15.699 26.541 0.000 0.000 1.000 -2.340e+00 -3.252e-01 -3.014e-01 -1.652e+00 -3.210e+00 -5.597e+00 -1.008e+01 -1.536e+01 -2.177e+01 -2.400e+01 -2.400e+01 -2.400e+01 -2.400e+01 -2.400e+01 -2.400e+01 -2.400e+01
-10.800 -12.804 15.761 26.533 0.000 0.000 1.000 -2.279e+00 -3.290e-01 -3.014e-01 -1.591e+00 -3.146e+00 -5.525e+00 -9.882e+00 -1.503e+01 -2.133e+01 -2.400e+01 -2.400e+01 -2.400e+01 -2.400e+01 -2.400e+01 -2.400e+01 -2.400e+01
-10.731 -12.735 15.825 26.524 0.000 0.000 1.000 -2.215e+00 -3.336e-01 -3.015e-01 -1.526e+00 -3.077e+00 -5.448e+00 -9.672e+00 -1.469e+01 -2.085e+01 -2.400e+01 -2.400e+01 -2.400e+01 -2.400e+01 -2.400e+01 -2.400e+01 -2.400e+01
-10.666 -12.670 15.885 26.515 0.000 0.000 1.000 -2.155e+00 -3.387e-01 -3.016e-01 -1.467e+00 -3.012e+00 -5.374e+00 -9.475e+00 -1.437e+01 -2.040e+01 -2.399e+01 -2.400e+01 -2.400e+01 -2.400e+01 -2.400e+01 -2.400e+01 -2.400e+01
-10.597 -12.601 15.948 26.503 0.000 0.000 1.000 -2.092e+00 -3.449e-01 -3.016e-01 -1.404e+00 -2.943e+00 -5.293e+00 -9.264e+00 -1.402e+01 -1.992e+01 -2.394e+01 -2.400e+01 -2.400e+01 -2.400e+01 -2.400e+01 -2.400e+01 -2.400e+01
-10.532 -12.536 16.007 26.491 0.000 0.000 1.000 -2.034e+00 -3.515e-01 -3.017e-01 -1.346e+00 -2.877e+00 -5.215e+00 -9.065e+00 -1.370e+01 -1.948e+01 -2.382e+01 -2.400e+01 -2.400e+01 -2.400e+01 -2.400e+01 -2.400e+01 -2.400e+01
-10.463 -12.467 16.068 26.476 0.000 0.000 1.000 -1.972e+00 -3.597e-01 -3.018e-01 -1.285e+00 -2.806e+00 -5.129e+00 -8.852e+00 -1.336e+01 -1.900e+01 -2.351e+01 -2.400e+01 -2.400e+01 -2.400e+01 -2.400e+01 -2.400e+01 -2.400e+01
-10.398 -12.402 16.125 26.460 0.000 0.000 1.000 -1.916e+00 -3.685e-01 -3.019e-01 -1.229e+00 -2.739e+00 -5.045e+00 -8.650e+00 -1.304e+01 -1.856e+01 -2.306e+01 -2.400e+01 -2.400e+01 -2.400e+01 -2.400e+01 -2.400e+01 -2.400e+01
-10.333 -12.337 16.180 26.442 0.000 0.000 1.000 -1.861e+00 -3.784e-01 -3.021e-01 -1.175e+00 -2.670e+00 -4.957e+00 -8.447e+00 -1.271e+01 -1.812e+01 -2.254e+01 -2.400e+01 -2.400e+01 -2.400e+01 -2.400e+01 -2.400e+01 -2.400e+01
-10.264 -12.268 16.238 26.420 0.000 0.000 1.000 -1.804e+00 -3.905e-01 -3.022e-01 -1.118e+00 -2.594e+00 -4.858e+00 -8.228e+00 -1.237e+01 -1.765e+01 -2.195e+01 -2.400e+01 -2.400e+01 -2.400e+01 -2.400e+01 -2.400e+01 -2.400e+01
-10.199 -12.203 16.291 26.398 0.000 0.000 1.000 -1.753e+00 -4.034e-01 -3.024e-01 -1.067e+00 -2.521e+00 -4.760e+00 -8.019e+00 -1.205e+01 -1.720e+01 -2.139e+01 -2.400e+01 -2.400e+01 -2.400e+01 -2.400e+01 -2.400e+01 -2.400e+01
-10.130 -12.134 16.346 26.372 0.000 0.000 1.000 -1.699e+00 -4.189e-01 -3.025e-01 -1.014e+00 -2.440e+00 -4.649e+00 -7.793e+00 -1.170e+01 -1.673e+01 -2.080e+01 -2.400e+01 -2.400e+01 -2.400e+01 -2.400e+01 -2.400e+01 -2.400e+01
-10.065 -12.069 16.396 26.345 0.000 0.000 1.000 -1.651e+00 -4.352e-01 -3.027e-01 -9.662e-01 -2.361e+00 -4.538e+00 -7.578e+00 -1.137e+01 -1.629e+01 -2.024e+01 -2.400e+01 -2.400e+01 -2.400e+01 -2.400e+01 -2.400e+01 -2.400e+01
-9.996 -12.000 16.448 26.314 0.000 0.000 1.000 -1.602e+00 -4.548e-01 -3.029e-01 -9.179e-01 -2.273e+00 -4.411e+00 -7.343e+00 -1.102e+01 -1.583e+01 -1.966e+01 -2.399e+01 -2.400e+01 -2.400e+01 -2.400e+01 -2.400e+01 -2.400e+01
-9.931 -11.935 16.495 26.283 0.000 0.000 1.000 -1.558e+00 -4.752e-01 -3.031e-01 -8.752e-01 -2.186e+00 -4.283e+00 -7.117e+00 -1.069e+01 -1.539e+01 -1.911e+01 -2.398e+01 -2.400e+01 -2.400e+01 -2.400e+01 -2.400e+01 -2.400e+01
-9.866 -11.871 16.541 26.251 0.000 0.000 1.000 -1.517e+00 -4.978e-01 -3.032e-01 -8.350e-01 -2.096e+00 -4.147e+00 -6.886e+00 -1.036e+01 -1.495e+01 -1.856e+01 -2.391e+01 -2.400e+01 -2.400e+01 -2.400e+01 -2.400e+01 -2.400e+01
-9.797 -11.801 16.589 26.215 0.000 0.000 1.000 -1.476e+00 -5.245e-01 -3.034e-01 -7.953e-01 -1.997e+00 -3.993e+00 -6.633e+00 -1.000e+01 -1.448e+01 -1.798e+01 -2.366e+01 -2.400e+01 -2.400e+01 -2.400e+01 -2.400e+01 -2.400e+01
-9.732 -11.737 16.632 26.182 0.000 0.000 1.000 -1.440e+00 -5.519e-01 -3.036e-01 -7.612e-01 -1.901e+00 -3.839e+00 -6.390e+00 -9.661e+00 -1.404e+01 -1.744e+01 -2.320e+01 -2.400e+01 -2.400e+01 -2.400e+01 -2.400e+01 -2.400e+01
-9.663 -11.667 16.676 26.146 0.000 0.000 1.000 -1.406e+00 -5.838e-01 -3.037e-01 -7.286e-01 -1.796e+00 -3.667e+00 -6.124e+00 -9.295e+00 -1.357e+01 -1.686e+01 -2.257e+01 -2.400e+01 -2.400e+01 -2.400e+01 -2.400e+01 -2.400e+01
-9.598 -11.603 16.717 26.114 0.000 0.000 1.000 -1.377e+00 -6.163e-01 -3.038e-01 -7.017e-01 -1.696e+00 -3.500e+00 -5.871e+00 -8.950e+00 -1.313e+01 -1.632e+01 -2.195e+01 -2.400e+01 -2.400e+01 -2.400e+01 -2.400e+01 -2.400e+01
-9.529 -11.534 16.760 26.081 0.000 0.000 1.000 -1.349e+00 -6.537e-01 -3.038e-01 -6.771e-01 -1.590e+00 -3.316e+00 -5.596e+00 -8.580e+00 -1.266e+01 -1.576e+01 -2.128e+01 -2.400e+01 -2.400e+01 -2.400e+01 -2.400e+01 -2.400e+01
-9.464 -11.469 16.800 26.052 0.000 0.000 1.000 -1.328e+00 -6.914e-01 -3.037e-01 -6.584e-01 -1.492e+00 -3.142e+00 -5.336e+00 -8.233e+00 -1.223e+01 -1.523e+01 -2.066e+01 -2.400e+01 -2.400e+01 -2.400e+01 -2.400e+01 -2.400e+01
-9.400 -11.404 16.840 26.024 0.000 0.000 1.000 -1.310e+00 -7.314e-01 -3.036e-01 -6.439e-01 -1.395e+00 -2.967e+00 -5.077e+00 -7.888e+00 -1.179e+01 -1.471e+01 -2.005e+01 -2.400e+01 -2.400e+01 -2.400e+01 -2.400e+01 -2.400e+01
-9.330 -11.335 16.882 25.996 0.000 0.000 1.000 -1.295e+00 -7.768e-01 -3.034e-01 -6.336e-01 -1.295e+00 -2.782e+00 -4.803e+00 -7.523e+00 -1.134e+01 -1.416e+01 -1.941e+01 -2.399e+01 -2.400e+01 -2.400e+01 -2.400e+01 -2.400e+01
-9.266 -11.270 16.921 25.970 0.000 0.000 1.000 -1.286e+00 -8.216e-01 -3.031e-01 -6.289e-01 -1.206e+00 -2.611e+00 -4.550e+00 -7.187e+00 -1.092e+01 -1.366e+01 -1.883e+01 -2.394e+01 -2.400e+01 -2.400e+01 -2.400e+01 -2.400e+01
-9.196 -11.201 16.963 25.942 0.000 0.000 1.000 -1.281e+00 -8.719e-01 -3.026e-01 -6.295e-01 -1.115e+00 -2.435e+00 -4.286e+00 -6.837e+00 -1.048e+01 -1.313e+01 -1.821e+01 -2.375e+01 -2.400e+01 -2.400e+01 -2.400e+01 -2.400e+01
-9.132 -11.136 17.002 25.914 0.000 0.000 1.000 -1.281e+00 -9.212e-01 -3.020e-01 -6.357e-01 -1.036e+00 -2.276e+00 -4.047e+00 -6.519e+00 -1.008e+01 -1.266e+01 -1.766e+01 -2.335e+01 -2.400e+01 -2.400e+01 -2.400e+01 -2.400e+01
-9.062 -11.067 17.043 25.880 0.000 0.000 1.000 -1.286e+00 -9.760e-01 -3.012e-01 -6.483e-01 -9.583e-01 -2.113e+00 -3.801e+00 -6.191e+00 -9.675e+00 -1.217e+01 -1.709e+01 -2.278e+01 -2.400e+01 -2.400e+01 -2.400e+01 -2.400e+01
-8.998 -11.002 17.081 25.845 0.000 0.000 1.000 -1.295e+00 -1.029e+00 -3.003e-01 -6.661e-01 -8.919e-01 -1.969e+00 -3.581e+00 -5.896e+00 -9.307e+00 -1.173e+01 -1.657e+01 -2.221e+01 -2.400e+01 -2.400e+01 -2.400e+01 -2.400e+01
-8.933 -10.937 17.119 25.804 0.000 0.000 1.000 -1.310e+00 -1.084e+00 -2.993e-01 -6.896e-01 -8.320e-01 -1.834e+00 -3.372e+00 -5.615e+00 -8.955e+00 -1.131e+01 -1.608e+01 -2.165e+01 -2.400e+01 -2.400e+01 -2.400e+01 -2.400e+01
-8.864 -10.868 17.157 25.756 0.000 0.000 1.000 -1.331e+00 -1.145e+00 -2.981e-01 -7.212e-01 -7.757e-01 -1.699e+00 -3.162e+00 -5.331e+00 -8.598e+00 -1.088e+01 -1.558e+01 -2.108e+01 -2.400e+01 -2.400e+01 -2.400e+01 -2.400e+01
-8.799 -10.803 17.191 25.704 0.000 0.000 1.000 -1.355e+00 -1.203e+00 -2.969e-01 -7.568e-01 -7.300e-01 -1.583e+00 -2.978e+00 -5.080e+00 -8.281e+00 -1.050e+01 -1.513e+01 -2.057e+01 -2.400e+01 -2.400e+01 -2.400e+01 -2.400e+01
-8.730 -10.734 17.226 25.642 0.000 0.000 1.000 -1.387e+00 -1.267e+00 -2.956e-01 -8.009e-01 -6.887e-01 -1.468e+00 -2.794e+00 -4.829e+00 -7.964e+00 -1.012e+01 -1.469e+01 -2.006e+01 -2.399e+01 -2.400e+01 -2.400e+01 -2.400e+01
-8.665 -10.669 17.256 25.577 0.000 0.000 1.000 -1.422e+00 -1.328e+00 -2.943e-01 -8.479e-01 -6.566e-01 -1.371e+00 -2.634e+00 -4.609e+00 -7.685e+00 -9.782e+00 -1.429e+01 -1.961e+01 -2.398e+01 -2.400e+01 -2.400e+01 -2.400e+01
-8.596 -10.600 17.286 25.502 0.000 0.000 1.000 -1.465e+00 -1.395e+00 -2.929e-01 -9.036e-01 -6.293e-01 -1.276e+00 -2.477e+00 -4.391e+00 -7.408e+00 -9.449e+00 -1.390e+01 -1.916e+01 -2.394e+01 -2.400e+01 -2.400e+01 -2.400e+01
-8.531 -10.535 17.312 25.426 0.000 0.000 1.000 -1.510e+00 -1.459e+00 -2.916e-01 -9.607e-01 -6.096e-01 -1.197e+00 -2.341e+00 -4.201e+00 -7.167e+00 -9.160e+00 -1.356e+01 -1.877e+01 -2.384e+01 -2.400e+01 -2.400e+01 -2.400e+01
-8.466 -10.470 17.335 25.345 0.000 0.000 1.000 -1.560e+00 -1.524e+00 -2.904e-01 -1.022e+00 -5.952e-01 -1.125e+00 -2.217e+00 -4.027e+00 -6.944e+00 -8.893e+00 -1.324e+01 -1.840e+01 -2.367e+01 -2.400e+01 -2.400e+01 -2.400e+01
-8.397 -10.401 17.358 25.252 0.000 0.000 1.000 -1.619e+00 -1.596e+00 -2.891e-01 -1.092e+00 -5.851e-01 -1.057e+00 -2.097e+00 -3.856e+00 -6.724e+00 -8.632e+00 -1.293e+01 -1.804e+01 -2.341e+01 -2.400e+01 -2.400e+01 -2.400e+01
-8.332 -10.336 17.377 25.160 0.000 0.000 1.000 -1.680e+00 -1.664e+00 -2.880e-01 -1.160e+00 -5.799e-01 -1.002e+00 -1.995e+00 -3.711e+00 -6.536e+00 -8.409e+00 -1.267e+01 -1.773e+01 -2.313e+01 -2.400e+01 -2.400e+01 -2.400e+01
-8.263 -10.267 17.396 25.057 0.000 0.000 1.000 -1.752e+00 -1.739e+00 -2.869e-01 -1.236e+00 -5.782e-01 -9.492e-01 -1.898e+00 -3.570e+00 -6.354e+00 -8.195e+00 -1.241e+01 -1.743e+01 -2.282e+01 -2.400e+01 -2.400e+01 -2.400e+01
-8.198 -10.203 17.411 24.955 0.000 0.000 1.000 -1.824e+00 -1.810e+00 -2.860e-01 -1.310e+00 -5.796e-01 -9.064e-01 -1.816e+00 -3.451e+00 -6.199e+00 -8.016e+00 -1.219e+01 -1.718e+01 -2.255e+01 -2.400e+01 -2.400e+01 -2.400e+01
-8.129 -10.133 17.425 24.840 0.000 0.000 1.000 -1.908e+00 -1.889e+00 -2.850e-01 -1.392e+00 -5.837e-01 -8.669e-01 -1.739e+00 -3.338e+00 -6.050e+00 -7.849e+00 -1.198e+01 -1.694e+01 -2.227e+01 -2.400e+01 -2.400e+01 -2.400e+01
-8.064 -10.069 17.437 24.728 0.000 0.000 1.000 -1.993e+00 -1.964e+00 -2.842e-01 -1.470e+00 -5.893e-01 -8.350e-01 -1.676e+00 -3.243e+00 -5.926e+00 -7.713e+00 -1.181e+01 -1.673e+01 -2.204e+01 -2.400e+01 -2.400e+01 -2.400e+01
-7.999 -10.004 17.447 24.611 0.000 0.000 1.000 -2.083e+00 -2.042e+00 -2.835e-01 -1.552e+00 -5.960e-01 -8.075e-01 -1.620e+00 -3.160e+00 -5.816e+00 -7.598e+00 -1.166e+01 -1.655e+01 -2.184e+01 -2.400e+01 -2.400e+01 -2.400e+01
-7.930 -9.935 17.456 24.482 0.000 0.000 1.000 -2.186e+00 -2.127e+00 -2.828e-01 -1.642e+00 -6.040e-01 -7.824e-01 -1.569e+00 -3.082e+00 -5.712e+00 -7.498e+00 -1.152e+01 -1.638e+01 -2.164e+01 -2.400e+01 -2.400e+01 -2.400e+01
-7.865 -9.870 17.463 24.357 0.000 0.000 1.000 -2.286e+00 -2.209e+00 -2.822e-01 -1.731e+00 -6.119e-01 -7.623e-01 -1.528e+00 -3.019e+00 -5.626e+00 -7.425e+00 -1.141e+01 -1.625e+01 -2.149e+01 -2.400e+01 -2.400e+01 -2.400e+01
-7.796 -9.801 17.470 24.222 0.000 0.000 1.000 -2.397e+00 -2.300e+00 -2.817e-01 -1.832e+00 -6.204e-01 -7.438e-01 -1.491e+00 -2.961e+00 -5.547e+00 -7.369e+00 -1.132e+01 -1.612e+01 -2.134e+01 -2.400e+01 -2.400e+01 -2.400e+01
-7.731 -9.736 17.475 24.096 0.000 0.000 1.000 -2.504e+00 -2.389e+00 -2.814e-01 -1.934e+00 -6.281e-01 -7.287e-01 -1.461e+00 -2.914e+00 -5.482e+00 -7.337e+00 -1.124e+01 -1.602e+01 -2.122e+01 -2.399e+01 -2.400e+01 -2.400e+01
-7.662 -9.667 17.480 23.962 0.000 0.000 1.000 -2.620e+00 -2.486e+00 -2.812e-01 -2.051e+00 -6.360e-01 -7.147e-01 -1.435e+00 -2.871e+00 -5.422e+00 -7.324e+00 -1.118e+01 -1.593e+01 -2.111e+01 -2.399e+01 -2.400e+01 -2.400e+01
-7.598 -9.602 17.484 23.840 0.000 0.000 1.000 -2.729e+00 -2.579e+00 -2.814e-01 -2.170e+00 -6.431e-01 -7.029e-01 -1.415e+00 -2.838e+00 -5.373e+00 -7.331e+00 -1.113e+01 -1.586e+01 -2.102e+01 -2.399e+01 -2.400e+01 -2.400e+01
-7.533 -9.537 17.488 23.724 0.000 0.000 1.000 -2.836e+00 -2.674e+00 -2.817e-01 -2.296e+00 -6.497e-01 -6.922e-01 -1.399e+00 -2.809e+00 -5.330e+00 -7.356e+00 -1.109e+01 -1.580e+01 -2.094e+01 -2.399e+01 -2.400e+01 -2.400e+01
-7.464 -9.468 17.491 23.608 0.000 0.000 1.000 -2.946e+00 -2.774e+00 -2.824e-01 -2.439e+00 -6.563e-01 -6.815e-01 -1.386e+00 -2.783e+00 -5.289e+00 -7.400e+00 -1.106e+01 -1.574e+01 -2.087e+01 -2.399e+01 -2.400e+01 -2.400e+01
-7.399 -9.403 17.494 23.510 0.000 0.000 1.000 -3.041e+00 -2.865e+00 -2.834e-01 -2.574e+00 -6.621e-01 -6.719e-01 -1.376e+00 -2.763e+00 -5.256e+00 -7.456e+00 -1.103e+01 -1.569e+01 -2.081e+01 -2.399e+01 -2.400e+01 -2.400e+01
-7.330 -9.334 17.497 23.421 0.000 0.000 1.000 -3.129e+00 -2.955e+00 -2.848e-01 -2.712e+00 -6.682e-01 -6.617e-01 -1.369e+00 -2.745e+00 -5.223e+00 -7.523e+00 -1.101e+01 -1.565e+01 -2.075e+01 -2.399e+01 -2.400e+01 -2.400e+01
-7.265 -9.269 17.499 23.354 0.000 0.000 1.000 -3.194e+00 -3.027e+00 -2.865e-01 -2.826e+00 -6.739e-01 -6.519e-01 -1.364e+00 -2.729e+00 -5.194e+00 -7.586e+00 -1.100e+01 -1.561e+01 -2.069e+01 -2.399e+01 -2.400e+01 -2.400e+01
-7.200 -9.204 17.502 23.304 0.000 0.000 1.000 -3.241e+00 -3.085e+00 -2.885e-01 -2.916e+00 -6.798e-01 -6.417e-01 -1.361e+00 -2.716e+00 -5.165e+00 -7.636e+00 -1.099e+01 -1.557e+01 -2.064e+01 -2.399e+01 -2.400e+01 -2.400e+01
-7.131 -9.135 17.504 23.268 0.000 0.000 1.000 -3.273e+00 -3.130e+00 -2.910e-01 -2.982e+00 -6.866e-01 -6.301e-01 -1.358e+00 -2.702e+00 -5.134e+00 -7.668e+00 -1.097e+01 -1.553e+01 -2.059e+01 -2.399e+01 -2.400e+01 -2.400e+01
-7.066 -9.070 17.507 23.245 0.000 0.053 1.000 -3.291e+00 -3.157e+00 -2.938e-01 -3.018e+00 -6.937e-01 -6.182e-01 -1.356e+00 -2.688e+00 -5.104e+00 -7.675e+00 -1.096e+01 -1.549e+01 -2.053e+01 -2.399e+01 -2.400e+01 -2.400e+01
-6.997 -9.001 17.511 23.195 0.062 0.053 1.000 -3.312e+00 -3.185e+00 -3.126e-01 -3.074e+00 -7.401e-01 -5.514e-01 -1.338e+00 -2.618e+00 -4.932e+00 -7.520e+00 -1.088e+01 -1.529e+01 -2.022e+01 -2.398e+01 -2.400e+01 -2.400e+01
-6.932 -8.936 17.514 23.159 0.062 0.053 1.000 -3.316e+00 -3.187e+00 -3.311e-01 -3.101e+00 -7.851e-01 -5.007e-01 -1.310e+00 -2.564e+00 -4.796e+00 -7.388e+00 -1.079e+01 -1.512e+01 -1.997e+01 -2.396e+01 -2.400e+01 -2.400e+01
-6.863 -8.867 17.518 23.120 0.062 0.053 1.000 -3.317e+00 -3.189e+00 -3.513e-01 -3.126e+00 -8.343e-01 -4.563e-01 -1.272e+00 -2.511e+00 -4.669e+00 -7.262e+00 -1.068e+01 -1.496e+01 -1.974e+01 -2.394e+01 -2.400e+01 -2.400e+01
-6.798 -8.802 17.521 23.086 0.062 0.053 1.000 -3.315e+00 -3.191e+00 -3.694e-01 -3.147e+00 -8.789e-01 -4.233e-01 -1.236e+00 -2.465e+00 -4.568e+00 -7.160e+00 -1.057e+01 -1.483e+01 -1.955e+01 -2.391e+01 -2.400e+01 -2.400e+01
-6.733 -8.738 17.525 23.053 0.062 0.053 1.000 -3.311e+00 -3.193e+00 -3.872e-01 -3.165e+00 -9.235e-01 -3.956e-01 -1.201e+00 -2.421e+00 -4.477e+00 -7.065e+00 -1.047e+01 -1.470e+01 -1.938e+01 -2.387e+01 -2.400e+01 -2.400e+01
-6.664 -8.668 17.530 23.018 0.062 0.053 1.000 -3.306e+00 -3.195e+00 -4.061e-01 -3.183e+00 -9.712e-01 -3.705e-01 -1.165e+00 -2.374e+00 -4.387e+00 -6.969e+00 -1.036e+01 -1.457e+01 -1.921e+01 -2.382e+01 -2.400e+01 -2.400e+01
-6.599 -8.604 17.534 22.986 0.062 0.053 1.000 -3.299e+00 -3.197e+00 -4.235e-01 -3.199e+00 -1.016e+00 -3.503e-01 -1.133e+00 -2.331e+00 -4.308e+00 -6.884e+00 -1.025e+01 -1.444e+01 -1.905e+01 -2.376e+01 -2.400e+01 -2.400e+01
-6.530 -8.534 17.539 22.953 0.062 0.053 1.000 -3.291e+00 -3.199e+00 -4.419e-01 -3.214e+00 -1.064e+00 -3.316e-01 -1.101e+00 -2.287e+00 -4.229e+00 -6.797e+00 -1.015e+01 -1.431e+01 -1.890e+01 -2.368e+01 -2.400e+01 -2.400e+01
-6.465 -8.470 17.544 22.922 0.062 0.053 1.000 -3.284e+00 -3.202e+00 -4.589e-01 -3.227e+00 -1.109e+00 -3.165e-01 -1.073e+00 -2.246e+00 -4.158e+00 -6.718e+00 -1.005e+01 -1.419e+01 -1.876e+01 -2.359e+01 -2.400e+01 -2.400e+01
-6.396 -8.401 17.550 22.890 0.062 0.053 1.000 -3.275e+00 -3.204e+00 -4.767e-01 -3.241e+00 -1.158e+00 -3.023e-01 -1.045e+00 -2.204e+00 -4.085e+00 -6.637e+00 -9.942e+00 -1.407e+01 -1.861e+01 -2.349e+01 -2.400e+01 -2.400e+01
-6.331 -8.336 17.556 22.860 0.062 0.053 1.000 -3.266e+00 -3.206e+00 -4.933e-01 -3.252e+00 -1.203e+00 -2.907e-01 -1.020e+00 -2.165e+00 -4.020e+00 -6.563e+00 -9.846e+00 -1.395e+01 -1.847e+01 -2.338e+01 -2.400e+01 -2.400e+01
-6.267 -8.271 17.562 22.831 0.062 0.053 1.000 -3.257e+00 -3.208e+00 -5.096e-01 -3.264e+00 -1.248e+00 -2.804e-01 -9.974e-01 -2.128e+00 -3.957e+00 -6.491e+00 -9.752e+00 -1.384e+01 -1.834e+01 -2.327e+01 -2.400e+01 -2.400e+01
-6.197 -8.193 17.569 22.801 0.062 0.053 1.000 -3.248e+00 -3.211e+00 -5.267e-01 -3.275e+00 -1.295e+00 -2.709e-01 -9.745e-01 -2.090e+00 -3.892e+00 -6.416e+00 -9.655e+00 -1.372e+01 -1.820e+01 -2.315e+01 -2.400e+01 -2.400e+01
-6.132 -8.026 17.577 22.771 0.125 0.053 1.000 -3.239e+00 -3.213e+00 -5.436e-01 -3.285e+00 -1.342e+00 -2.625e-01 -9.533e-01 -2.054e+00 -3.829e+00 -6.344e+00 -9.560e+00 -1.361e+01 -1.806e+01 -2.302e+01 -2.400e+01 -2.400e+01
-6.064 -7.885 17.585 22.736 0.125 0.053 1.000 -3.228e+00 -3.216e+00 -5.633e-01 -3.297e+00 -1.397e+00 -2.538e-01 -9.299e-01 -2.013e+00 -3.757e+00 -6.262e+00 -9.450e+00 -1.347e+01 -1.790e+01 -2.286e+01 -2.400e+01 -2.400e+01
-5.993 -7.757 17.594 22.694 0.188 0.053 1.000 -3.215e+00 -3.219e+00 -5.872e-01 -3.312e+00 -1.462e+00 -2.447e-01 -9.036e-01 -1.965e+00 -3.673e+00 -6.165e+00 -9.320e+00 -1.331e+01 -1.771e+01 -2.269e+01 -2.400e+01 -2.400e+01
-5.929 -7.654 17.602 22.652 0.188 0.053 1.000 -3.203e+00 -3.223e+00 -6.113e-01 -3.326e+00 -1.528e+00 -2.369e-01 -8.792e-01 -1.920e+00 -3.591e+00 -6.070e+00 -9.192e+00 -1.315e+01 -1.752e+01 -2.250e+01 -2.400e+01 -2.400e+01
-5.860 -7.551 17.611 22.601 0.188 0.053 1.000 -3.188e+00 -3.228e+00 -6.409e-01 -3.344e+00 -1.604e+00 -2.289e-01 -8.519e-01 -1.868e+00 -3.493e+00 -5.958e+00 -9.038e+00 -1.296e+01 -1.730e+01 -2.227e+01 -2.400e+01 -2.400e+01
-5.796 -7.461 17.620 22.547 0.188 0.053 1.000 -3.174e+00 -3.233e+00 -6.721e-01 -3.364e+00 -1.681e+00 -2.220e-01 -8.262e-01 -1.817e+00 -3.395e+00 -5.846e+00 -8.881e+00 -1.276e+01 -1.706e+01 -2.203e+01 -2.400e+01 -2.400e+01
-5.727 -7.372 17.629 22.485 0.188 0.053 1.000 -3.158e+00 -3.239e+00 -7.089e-01 -3.387e+00 -1.764e+00 -2.153e-01 -7.993e-01 -1.764e+00 -3.286e+00 -5.720e+00 -8.703e+00 -1.254e+01 -1.679e+01 -2.175e+01 -2.400e+01 -2.400e+01
-5.666 -7.295 17.637 22.425 0.250 0.053 1.000 -3.144e+00 -3.245e+00 -7.456e-01 -3.411e+00 -1.837e+00 -2.099e-01 -7.760e-01 -1.716e+00 -3.183e+00 -5.603e+00 -8.534e+00 -1.232e+01 -1.653e+01 -2.148e+01 -2.400e+01 -2.400e+01
-5.592 -7.205 17.646 22.347 0.250 0.053 1.000 -3.128e+00 -3.254e+00 -7.950e-01 -3.445e+00 -1.924e+00 -2.040e-01 -7.492e-01 -1.660e+00 -3.055e+00 -5.459e+00 -8.319e+00 -1.204e+01 -1.619e+01 -2.113e+01 -2.400e+01 -2.400e+01
-5.527 -7.128 17.655 22.271 0.250 0.053 1.000 -3.114e+00 -3.264e+00 -8.435e-01 -3.479e+00 -1.997e+00 -1.992e-01 -7.273e-01 -1.615e+00 -2.939e+00 -5.330e+00 -8.122e+00 -1.178e+01 -1.587e+01 -2.080e+01 -2.399e+01 -2.400e+01
-5.460 -7.051 17.662 22.188 0.250 0.053 1.000 -3.101e+00 -3.275e+00 -8.983e-01 -3.521e+00 -2.070e+00 -1.947e-01 -7.068e-01 -1.572e+00 -2.822e+00 -5.200e+00 -7.917e+00 -1.151e+01 -1.554e+01 -2.045e+01 -2.399e+01 -2.400e+01
-5.391 -6.974 17.670 22.097 0.250 0.053 1.000 -3.089e+00 -3.289e+00 -9.599e-01 -3.569e+00 -2.142e+00 -1.903e-01 -6.880e-01 -1.534e+00 -2.704e+00 -5.070e+00 -7.706e+00 -1.123e+01 -1.518e+01 -2.009e+01 -2.397e+01 -2.400e+01
-5.333 -6.909 17.676 22.015 0.250 0.053 1.000 -3.080e+00 -3.302e+00 -1.017e+00 -3.616e+00 -2.204e+00 -1.869e-01 -6.737e-01 -1.505e+00 -2.607e+00 -4.964e+00 -7.528e+00 -1.098e+01 -1.488e+01 -1.977e+01 -2.393e+01 -2.400e+01
-5.262 -6.832 17.683 21.907 0.250 0.053 1.000 -3.070e+00 -3.321e+00 -1.092e+00 -3.679e+00 -2.278e+00 -1.831e-01 -6.585e-01 -1.475e+00 -2.494e+00 -4.841e+00 -7.316e+00 -1.069e+01 -1.450e+01 -1.939e+01 -2.384e+01 -2.400e+01
-5.191 -6.755 17.689 21.790 0.250 0.053 1.000 -3.062e+00 -3.343e+00 -1.175e+00 -3.750e+00 -2.354e+00 -1.797e-01 -6.452e-01 -1.449e+00 -2.387e+00 -4.725e+00 -7.105e+00 -1.039e+01 -1.412e+01 -1.900e+01 -2.366e+01 -2.400e+01
-5.132 -6.723 17.693 21.690 0.250 0.053 1.000 -3.056e+00 -3.364e+00 -1.248e+00 -3.816e+00 -2.415e+00 -1.773e-01 -6.358e-01 -1.431e+00 -2.304e+00 -4.636e+00 -6.938e+00 -1.015e+01 -1.381e+01 -1.868e+01 -2.345e+01 -2.400e+01
-5.066 -6.677 17.698 21.565 0.250 0.053 1.000 -3.050e+00 -3.391e+00 -1.337e+00 -3.896e+00 -2.482e+00 -1.750e-01 -6.267e-01 -1.414e+00 -2.216e+00 -4.542e+00 -6.756e+00 -9.884e+00 -1.347e+01 -1.832e+01 -2.315e+01 -2.400e+01
-4.994 -6.650 17.702 21.431 0.375 0.053 1.000 -3.044e+00 -3.425e+00 -1.442e+00 -3.993e+00 -2.552e+00 -1.730e-01 -6.184e-01 -1.398e+00 -2.128e+00 -4.449e+00 -6.564e+00 -9.601e+00 -1.310e+01 -1.794e+01 -2.284e+01 -2.400e+01
-4.931 -6.655 17.705 21.282 0.375 0.053 1.000 -3.040e+00 -3.459e+00 -1.540e+00 -4.085e+00 -2.607e+00 -1.717e-01 -6.125e-01 -1.386e+00 -2.059e+00 -4.375e+00 -6.405e+00 -9.362e+00 -1.278e+01 -1.761e+01 -2.251e+01 -2.400e+01
-4.862 -6.666 17.708 21.170 0.375 0.053 1.000 -3.036e+00 -3.501e+00 -1.655e+00 -4.194e+00 -2.663e+00 -1.709e-01 -6.068e-01 -1.375e+00 -1.990e+00 -4.302e+00 -6.238e+00 -9.106e+00 -1.244e+01 -1.726e+01 -2.215e+01 -2.400e+01
-4.796 -6.550 17.709 20.767 0.375 0.105 1.000 -3.028e+00 -3.546e+00 -1.774e+00 -4.300e+00 -2.711e+00 -1.693e-01 -6.059e-01 -1.365e+00 -1.929e+00 -4.224e+00 -6.080e+00 -8.866e+00 -1.212e+01 -1.693e+01 -2.181e+01 -2.400e+01
-4.731 -6.447 17.710 20.550 0.438 0.105 1.000 -3.028e+00 -3.595e+00 -1.897e+00 -4.415e+00 -2.741e+00 -1.683e-01 -6.041e-01 -1.362e+00 -1.877e+00 -4.173e+00 -5.934e+00 -8.638e+00 -1.181e+01 -1.662e+01 -2.150e+01 -2.400e+01
-4.661 -6.345 17.711 20.265 0.500 0.105 1.000 -3.028e+00 -3.652e+00 -2.036e+00 -4.545e+00 -2.769e+00 -1.676e-01 -6.027e-01 -1.361e+00 -1.832e+00 -4.130e+00 -5.786e+00 -8.401e+00 -1.149e+01 -1.630e+01 -2.118e+01 -2.399e+01
-4.595 -6.255 17.711 19.835 0.500 0.105 1.000 -3.029e+00 -3.709e+00 -2.168e+00 -4.669e+00 -2.788e+00 -1.671e-01 -6.018e-01 -1.360e+00 -1.799e+00 -4.098e+00 -5.659e+00 -8.189e+00 -1.120e+01 -1.601e+01 -2.089e+01 -2.399e+01
-4.528 -6.228 17.711 19.039 0.500 0.105 1.000 -3.029e+00 -3.771e+00 -2.305e+00 -4.798e+00 -2.803e+00 -1.669e-01 -6.009e-01 -1.359e+00 -1.773e+00 -4.073e+00 -5.538e+00 -7.982e+00 -1.091e+01 -1.572e+01 -2.059e+01 -2.397e+01
-4.466 -6.320 17.711 18.796 0.312 0.211 1.000 -2.989e+00 -3.847e+00 -2.457e+00 -4.915e+00 -2.849e+00 -1.706e-01 -5.975e-01 -1.321e+00 -1.739e+00 -3.986e+00 -5.419e+00 -7.787e+00 -1.064e+01 -1.540e+01 -2.023e+01 -2.393e+01
-4.398 -6.575 17.711 19.646 0.250 0.211 1.000 -2.979e+00 -3.894e+00 -2.547e+00 -4.943e+00 -2.874e+00 -1.778e-01 -5.869e-01 -1.292e+00 -1.687e+00 -3.931e+00 -5.281e+00 -7.569e+00 -1.033e+01 -1.507e+01 -1.987e+01 -2.385e+01
-4.332 -6.532 17.711 19.493 0.250 0.211 1.000 -2.963e+00 -3.919e+00 -2.598e+00 -4.983e+00 -2.899e+00 -1.861e-01 -5.750e-01 -1.266e+00 -1.637e+00 -3.866e+00 -5.145e+00 -7.353e+00 -1.004e+01 -1.476e+01 -1.953e+01 -2.372e+01
-4.265 -6.494 17.711 19.390 0.312 0.211 1.000 -2.948e+00 -3.946e+00 -2.651e+00 -5.023e+00 -2.924e+00 -1.946e-01 -5.642e-01 -1.240e+00 -1.585e+00 -3.799e+00 -5.005e+00 -7.135e+00 -9.736e+00 -1.444e+01 -1.920e+01 -2.351e+01
-4.199 -6.444 17.710 19.345 0.312 0.211 1.000 -2.932e+00 -3.973e+00 -2.705e+00 -5.063e+00 -2.950e+00 -2.032e-01 -5.545e-01 -1.215e+00 -1.535e+00 -3.734e+00 -4.864e+00 -6.916e+00 -9.437e+00 -1.412e+01 -1.886e+01 -2.325e+01
-4.133 -6.381 17.710 19.243 0.312 0.211 1.000 -2.915e+00 -4.001e+00 -2.758e+00 -5.104e+00 -2.975e+00 -2.120e-01 -5.455e-01 -1.191e+00 -1.487e+00 -3.670e+00 -4.724e+00 -6.697e+00 -9.138e+00 -1.381e+01 -1.853e+01 -2.294e+01
-4.065 -6.356 17.710 19.149 0.312 0.211 1.000 -2.899e+00 -4.030e+00 -2.813e+00 -5.146e+00 -3.001e+00 -2.213e-01 -5.369e-01 -1.166e+00 -1.439e+00 -3.607e+00 -4.580e+00 -6.471e+00 -8.830e+00 -1.348e+01 -1.819e+01 -2.260e+01
-3.999 -6.299 17.710 19.055 0.312 0.211 1.000 -2.884e+00 -4.058e+00 -2.866e+00 -5.187e+00 -3.027e+00 -2.306e-01 -5.293e-01 -1.143e+00 -1.394e+00 -3.547e+00 -4.441e+00 -6.252e+00 -8.531e+00 -1.317e+01 -1.786e+01 -2.227e+01
-3.932 -6.247 17.710 18.966 0.312 0.211 1.000 -2.868e+00 -4.088e+00 -2.920e+00 -5.228e+00 -3.053e+00 -2.404e-01 -5.219e-01 -1.120e+00 -1.350e+00 -3.487e+00 -4.300e+00 -6.028e+00 -8.224e+00 -1.285e+01 -1.752e+01 -2.191e+01
-3.865 -6.183 17.710 18.915 0.312 0.211 1.000 -2.852e+00 -4.117e+00 -2.973e+00 -5.269e+00 -3.079e+00 -2.505e-01 -5.151e-01 -1.098e+00 -1.308e+00 -3.430e+00 -4.161e+00 -5.805e+00 -7.919e+00 -1.252e+01 -1.718e+01 -2.156e+01
-3.799 -6.138 17.710 16.999 0.250 0.263 1.000 -2.834e+00 -4.149e+00 -3.031e+00 -5.315e+00 -3.107e+00 -2.610e-01 -5.089e-01 -1.076e+00 -1.267e+00 -3.372e+00 -4.025e+00 -5.585e+00 -7.616e+00 -1.220e+01 -1.683e+01 -2.121e+01
-3.733 -6.092 17.710 17.487 0.250 0.263 1.000 -2.818e+00 -4.182e+00 -3.089e+00 -5.359e+00 -3.135e+00 -2.724e-01 -5.030e-01 -1.053e+00 -1.224e+00 -3.314e+00 -3.891e+00 -5.369e+00 -7.316e+00 -1.188e+01 -1.649e+01 -2.083e+01
-3.665 -6.021 17.710 17.753 0.250 0.263 1.000 -2.801e+00 -4.216e+00 -3.146e+00 -5.404e+00 -3.164e+00 -2.844e-01 -4.975e-01 -1.031e+00 -1.183e+00 -3.256e+00 -3.754e+00 -5.146e+00 -7.007e+00 -1.154e+01 -1.614e+01 -2.048e+01
-3.599 -5.982 17.710 17.946 0.250 0.263 1.000 -2.786e+00 -4.248e+00 -3.202e+00 -5.446e+00 -3.192e+00 -2.963e-01 -4.927e-01 -1.011e+00 -1.145e+00 -3.203e+00 -3.623e+00 -4.931e+00 -6.708e+00 -1.123e+01 -1.582e+01 -2.013e+01
-3.533 -5.898 17.710 18.937 0.188 0.316 1.000 -2.770e+00 -4.279e+00 -3.252e+00 -5.485e+00 -3.220e+00 -3.082e-01 -4.887e-01 -9.921e-01 -1.109e+00 -3.151e+00 -3.495e+00 -4.718e+00 -6.410e+00 -1.092e+01 -1.549e+01 -1.979e+01
-3.466 -5.808 17.710 17.823 0.250 0.316 1.000 -2.754e+00 -4.312e+00 -3.308e+00 -5.528e+00 -3.246e+00 -3.191e-01 -4.870e-01 -9.744e-01 -1.074e+00 -3.099e+00 -3.371e+00 -4.509e+00 -6.115e+00 -1.061e+01 -1.516e+01 -1.944e+01
-3.399 -5.768 17.709 17.867 0.250 0.316 1.000 -2.740e+00 -4.344e+00 -3.359e+00 -5.568e+00 -3.272e+00 -3.311e-01 -4.844e-01 -9.574e-01 -1.041e+00 -3.053e+00 -3.251e+00 -4.304e+00 -5.823e+00 -1.030e+01 -1.484e+01 -1.911e+01
-3.332 -5.584 17.709 18.895 0.375 0.316 1.000 -2.729e+00 -4.367e+00 -3.394e+00 -5.594e+00 -3.291e+00 -3.420e-01 -4.820e-01 -9.434e-01 -1.014e+00 -3.016e+00 -3.136e+00 -4.103e+00 -5.536e+00 -1.001e+01 -1.454e+01 -1.879e+01
-3.266 -5.465 17.709 18.919 0.375 0.316 1.000 -2.721e+00 -4.384e+00 -3.420e+00 -5.615e+00 -3.305e+00 -3.492e-01 -4.809e-01 -9.347e-01 -9.960e-01 -2.990e+00 -3.032e+00 -3.912e+00 -5.260e+00 -9.721e+00 -1.424e+01 -1.850e+01
-3.199 -5.428 17.708 18.918 0.375 0.316 1.000 -2.713e+00 -4.402e+00 -3.449e+00 -5.637e+00 -3.320e+00 -3.566e-01 -4.800e-01 -9.257e-01 -9.787e-01 -2.965e+00 -2.936e+00 -3.727e+00 -4.986e+00 -9.439e+00 -1.395e+01 -1.820e+01
-3.131 -5.346 17.707 18.911 0.375 0.316 1.000 -2.705e+00 -4.421e+00 -3.477e+00 -5.659e+00 -3.334e+00 -3.643e-01 -4.792e-01 -9.169e-01 -9.616e-01 -2.940e+00 -2.849e+00 -3.549e+00 -4.718e+00 -9.163e+00 -1.367e+01 -1.790e+01
-3.065 -5.296 17.707 18.902 0.375 0.316 1.000 -2.698e+00 -4.439e+00 -3.504e+00 -5.680e+00 -3.349e+00 -3.718e-01 -4.785e-01 -9.087e-01 -9.456e-01 -2.917e+00 -2.771e+00 -3.387e+00 -4.468e+00 -8.906e+00 -1.340e+01 -1.763e+01
-2.999 -5.265 17.706 18.889 0.375 0.316 1.000 -2.690e+00 -4.457e+00 -3.531e+00 -5.702e+00 -3.363e+00 -3.793e-01 -4.781e-01 -9.007e-01 -9.300e-01 -2.894e+00 -2.700e+00 -3.231e+00 -4.222e+00 -8.653e+00 -1.314e+01 -1.736e+01
-2.931 -5.189 17.705 18.887 0.375 0.316 1.000 -2.683e+00 -4.475e+00 -3.558e+00 -5.722e+00 -3.377e+00 -3.870e-01 -4.779e-01 -8.930e-01 -9.148e-01 -2.872e+00 -2.635e+00 -3.082e+00 -3.984e+00 -8.408e+00 -1.289e+01 -1.710e+01
-2.867 -5.439 17.703 18.978 0.312 0.368 1.000 -2.661e+00 -4.540e+00 -3.654e+00 -5.802e+00 -3.424e+00 -4.006e-01 -4.773e-01 -8.815e-01 -8.876e-01 -2.818e+00 -2.574e+00 -2.948e+00 -3.763e+00 -8.159e+00 -1.261e+01 -1.680e+01
-2.800 -5.326 17.702 18.848 0.312 0.368 1.000 -2.637e+00 -4.606e+00 -3.746e+00 -5.874e+00 -3.474e+00 -4.269e-01 -4.779e-01 -8.577e-01 -8.400e-01 -2.748e+00 -2.488e+00 -2.805e+00 -3.531e+00 -7.904e+00 -1.234e+01 -1.650e+01
-2.732 -5.201 17.700 18.693 0.250 0.421 1.000 -2.613e+00 -4.676e+00 -3.838e+00 -5.947e+00 -3.523e+00 -4.529e-01 -4.802e-01 -8.375e-01 -7.975e-01 -2.682e+00 -2.392e+00 -2.654e+00 -3.295e+00 -7.651e+00 -1.209e+01 -1.619e+01
-2.665 -5.128 17.699 18.533 0.250 0.421 1.000 -2.594e+00 -4.735e+00 -3.913e+00 -6.007e+00 -3.565e+00 -4.771e-01 -4.837e-01 -8.210e-01 -7.620e-01 -2.629e+00 -2.298e+00 -2.502e+00 -3.062e+00 -7.399e+00 -1.179e+01 -1.589e+01
-2.600 -5.048 17.698 18.342 0.250 0.421 1.000 -2.579e+00 -4.787e+00 -3.978e+00 -6.059e+00 -3.602e+00 -4.990e-01 -4.881e-01 -8.083e-01 -7.331e-01 -2.585e+00 -2.215e+00 -2.354e+00 -2.831e+00 -7.154e+00 -1.153e+01 -1.562e+01
-2.532 -4.988 17.698 18.068 0.250 0.421 1.000 -2.566e+00 -4.835e+00 -4.036e+00 -6.105e+00 -3.635e+00 -5.196e-01 -4.932e-01 -7.982e-01 -7.087e-01 -2.548e+00 -2.143e+00 -2.210e+00 -2.597e+00 -6.907e+00 -1.126e+01 -1.535e+01
-2.467 -4.940 17.697 17.526 0.250 0.421 1.000 -2.555e+00 -4.875e+00 -4.083e+00 -6.143e+00 -3.663e+00 -5.374e-01 -4.986e-01 -7.911e-01 -6.900e-01 -2.520e+00 -2.087e+00 -2.086e+00 -2.380e+00 -6.679e+00 -1.103e+01 -1.511e+01
-2.399 -4.885 17.697 17.569 0.250 0.421 1.000 -2.546e+00 -4.910e+00 -4.123e+00 -6.175e+00 -3.688e+00 -5.536e-01 -5.045e-01 -7.863e-01 -6.755e-01 -2.498e+00 -2.041e+00 -1.974e+00 -2.169e+00 -6.460e+00 -1.080e+01 -1.487e+01
-2.333 -4.836 17.698 17.968 0.250 0.421 1.000 -2.540e+00 -4.937e+00 -4.155e+00 -6.201e+00 -3.708e+00 -5.675e-01 -5.104e-01 -7.839e-01 -6.655e-01 -2.482e+00 -2.007e+00 -1.880e+00 -1.975e+00 -6.260e+00 -1.059e+01 -1.465e+01
-2.266 -4.818 17.699 18.136 0.250 0.421 1.000 -2.535e+00 -4.959e+00 -4.180e+00 -6.222e+00 -3.724e+00 -5.796e-01 -5.165e-01 -7.837e-01 -6.596e-01 -2.472e+00 -1.982e+00 -1.803e+00 -1.795e+00 -6.075e+00 -1.040e+01 -1.446e+01
-2.200 -4.811 17.700 18.220 0.250 0.421 1.000 -2.532e+00 -4.975e+00 -4.198e+00 -6.238e+00 -3.737e+00 -5.897e-01 -5.226e-01 -7.855e-01 -6.576e-01 -2.467e+00 -1.967e+00 -1.742e+00 -1.634e+00 -5.911e+00 -1.023e+01 -1.429e+01
-2.133 -4.796 17.701 18.266 0.250 0.421 1.000 -2.530e+00 -4.988e+00 -4.212e+00 -6.250e+00 -3.748e+00 -5.987e-01 -5.291e-01 -7.892e-01 -6.587e-01 -2.467e+00 -1.958e+00 -1.695e+00 -1.487e+00 -5.762e+00 -1.008e+01 -1.413e+01
-2.066 -4.773 17.703 18.288 0.250 0.421 1.000 -2.529e+00 -4.997e+00 -4.223e+00 -6.260e+00 -3.757e+00 -6.069e-01 -5.359e-01 -7.944e-01 -6.626e-01 -2.470e+00 -1.955e+00 -1.659e+00 -1.356e+00 -5.630e+00 -9.949e+00 -1.400e+01
-1.999 -4.748 17.706 18.292 0.250 0.421 1.000 -2.528e+00 -5.005e+00 -4.233e+00 -6.269e+00 -3.766e+00 -6.152e-01 -5.434e-01 -8.011e-01 -6.686e-01 -2.475e+00 -1.956e+00 -1.631e+00 -1.239e+00 -5.511e+00 -9.830e+00 -1.388e+01
-1.933 -4.739 17.709 18.287 0.250 0.421 1.000 -2.528e+00 -5.013e+00 -4.242e+00 -6.279e+00 -3.775e+00 -6.240e-01 -5.518e-01 -8.091e-01 -6.761e-01 -2.482e+00 -1.959e+00 -1.608e+00 -1.134e+00 -5.406e+00 -9.723e+00 -1.377e+01
-1.866 -4.752 17.712 18.276 0.250 0.421 1.000 -2.528e+00 -5.022e+00 -4.253e+00 -6.290e+00 -3.785e+00 -6.339e-01 -5.613e-01 -8.183e-01 -6.849e-01 -2.491e+00 -1.964e+00 -1.588e+00 -1.039e+00 -5.310e+00 -9.627e+00 -1.367e+01
-1.800 -4.711 17.715 18.263 0.250 0.421 1.000 -2.527e+00 -5.033e+00 -4.265e+00 -6.301e+00 -3.797e+00 -6.452e-01 -5.722e-01 -8.287e-01 -6.950e-01 -2.500e+00 -1.970e+00 -1.568e+00 -9.525e-01 -5.223e+00 -9.540e+00 -1.358e+01
-1.733 -4.717 17.719 18.247 0.250 0.421 1.000 -2.527e+00 -5.045e+00 -4.280e+00 -6.315e+00 -3.810e+00 -6.581e-01 -5.846e-01 -8.407e-01 -7.064e-01 -2.511e+00 -1.977e+00 -1.548e+00 -8.730e-01 -5.143e+00 -9.459e+00 -1.350e+01
-1.666 -4.695 17.724 18.230 0.250 0.421 1.000 -2.526e+00 -5.058e+00 -4.296e+00 -6.331e+00 -3.825e+00 -6.728e-01 -5.988e-01 -8.542e-01 -7.194e-01 -2.524e+00 -1.985e+00 -1.526e+00 -7.996e-01 -5.069e+00 -9.384e+00 -1.343e+01
-1.600 -4.674 17.728 18.210 0.250 0.421 1.000 -2.525e+00 -5.074e+00 -4.314e+00 -6.349e+00 -3.843e+00 -6.895e-01 -6.147e-01 -8.694e-01 -7.339e-01 -2.537e+00 -1.993e+00 -1.504e+00 -7.316e-01 -5.000e+00 -9.315e+00 -1.336e+01
-1.533 -4.662 17.734 18.188 0.250 0.421 1.000 -2.525e+00 -5.092e+00 -4.335e+00 -6.370e+00 -3.862e+00 -7.082e-01 -6.326e-01 -8.865e-01 -7.501e-01 -2.553e+00 -2.003e+00 -1.481e+00 -6.684e-01 -4.936e+00 -9.250e+00 -1.329e+01
-1.467 -4.626 17.739 18.162 0.250 0.421 1.000 -2.524e+00 -5.112e+00 -4.359e+00 -6.392e+00 -3.884e+00 -7.292e-01 -6.526e-01 -9.056e-01 -7.683e-01 -2.570e+00 -2.013e+00 -1.459e+00 -6.094e-01 -4.876e+00 -9.189e+00 -1.323e+01
-1.400 -4.605 17.746 18.134 0.250 0.421 1.000 -2.523e+00 -5.135e+00 -4.385e+00 -6.418e+00 -3.909e+00 -7.529e-01 -6.751e-01 -9.269e-01 -7.885e-01 -2.589e+00 -2.024e+00 -1.436e+00 -5.542e-01 -4.820e+00 -9.131e+00 -1.317e+01
-1.333 -4.560 17.753 18.105 0.250 0.421 1.000 -2.521e+00 -5.162e+00 -4.416e+00 -6.447e+00 -3.937e+00 -7.793e-01 -7.001e-01 -9.505e-01 -8.107e-01 -2.610e+00 -2.036e+00 -1.413e+00 -5.029e-01 -4.767e+00 -9.077e+00 -1.312e+01
-1.267 -4.524 17.760 18.068 0.250 0.421 1.000 -2.520e+00 -5.191e+00 -4.449e+00 -6.479e+00 -3.967e+00 -8.083e-01 -7.276e-01 -9.766e-01 -8.354e-01 -2.633e+00 -2.049e+00 -1.391e+00 -4.553e-01 -4.718e+00 -9.026e+00 -1.306e+01
-1.200 -4.477 17.767 18.029 0.250 0.421 1.000 -2.518e+00 -5.224e+00 -4.486e+00 -6.515e+00 -4.001e+00 -8.406e-01 -7.581e-01 -1.005e+00 -8.621e-01 -2.658e+00 -2.063e+00 -1.369e+00 -4.110e-01 -4.672e+00 -8.978e+00 -1.301e+01
-1.133 -4.432 17.775 17.984 0.250 0.421 1.000 -2.516e+00 -5.261e+00 -4.527e+00 -6.554e+00 -4.039e+00 -8.758e-01 -7.912e-01 -1.036e+00 -8.912e-01 -2.685e+00 -2.078e+00 -1.349e+00 -3.703e-01 -4.629e+00 -8.933e+00 -1.297e+01
-1.067 -4.391 17.783 17.943 0.188 0.474 1.000 -2.513e+00 -5.305e+00 -4.574e+00 -6.600e+00 -4.081e+00 -9.151e-01 -8.276e-01 -1.070e+00 -9.219e-01 -2.713e+00 -2.093e+00 -1.330e+00 -3.327e-01 -4.588e+00 -8.890e+00 -1.302e+01
-1.000 -4.335 17.792 17.892 0.188 0.474 1.000 -2.510e+00 -5.351e+00 -4.625e+00 -6.647e+00 -4.126e+00 -9.571e-01 -8.668e-01 -1.106e+00 -9.554e-01 -2.744e+00 -2.109e+00 -1.312e+00 -2.984e-01 -4.551e+00 -8.850e+00 -1.289e+01
-0.933 -4.283 17.800 17.832 0.188 0.474 1.000 -2.506e+00 -5.402e+00 -4.679e+00 -6.699e+00 -4.174e+00 -1.002e+00 -9.088e-01 -1.145e+00 -9.910e-01 -2.776e+00 -2.126e+00 -1.296e+00 -2.672e-01 -4.517e+00 -8.812e+00 -1.282e+01
-0.867 -4.199 17.808 17.768 0.188 0.474 1.000 -2.503e+00 -5.459e+00 -4.739e+00 -6.756e+00 -4.227e+00 -1.051e+00 -9.539e-01 -1.186e+00 -1.029e+00 -2.810e+00 -2.143e+00 -1.282e+00 -2.389e-01 -4.485e+00 -8.776e+00 -1.279e+01
-0.800 -4.128 17.816 17.699 0.188 0.474 1.000 -2.498e+00 -5.521e+00 -4.803e+00 -6.816e+00 -4.283e+00 -1.103e+00 -1.002e+00 -1.230e+00 -1.068e+00 -2.845e+00 -2.161e+00 -1.269e+00 -2.135e-01 -4.455e+00 -8.742e+00 -1.273e+01
-0.733 -4.057 17.824 17.626 0.188 0.474 1.000 -2.493e+00 -5.588e+00 -4.873e+00 -6.881e+00 -4.343e+00 -1.159e+00 -1.052e+00 -1.275e+00 -1.108e+00 -2.880e+00 -2.178e+00 -1.259e+00 -1.908e-01 -4.427e+00 -8.710e+00 -1.272e+01
-0.667 -3.995 17.832 17.544 0.188 0.474 1.000 -2.488e+00 -5.661e+00 -4.947e+00 -6.951e+00 -4.407e+00 -1.217e+00 -1.105e+00 -1.322e+00 -1.150e+00 -2.916e+00 -2.196e+00 -1.250e+00 -1.706e-01 -4.401e+00 -8.678e+00 -1.262e+01
-0.600 -3.898 17.839 17.461 0.188 0.474 1.000 -2.481e+00 -5.740e+00 -5.026e+00 -7.025e+00 -4.475e+00 -1.278e+00 -1.159e+00 -1.371e+00 -1.193e+00 -2.953e+00 -2.215e+00 -1.243e+00 -1.527e-01 -4.377e+00 -8.648e+00 -1.263e+01
-0.533 -3.854 17.846 17.367 0.188 0.474 1.000 -2.475e+00 -5.826e+00 -5.111e+00 -7.103e+00 -4.546e+00 -1.342e+00 -1.217e+00 -1.421e+00 -1.236e+00 -2.989e+00 -2.233e+00 -1.238e+00 -1.368e-01 -4.355e+00 -8.618e+00 -1.255e+01
-0.467 -3.869 17.852 17.272 0.188 0.474 1.000 -2.467e+00 -5.916e+00 -5.200e+00 -7.186e+00 -4.620e+00 -1.408e+00 -1.275e+00 -1.473e+00 -1.280e+00 -3.025e+00 -2.251e+00 -1.235e+00 -1.230e-01 -4.333e+00 -8.590e+00 -1.260e+01
-0.400 -3.869 17.858 17.171 0.188 0.474 1.000 -2.459e+00 -6.011e+00 -5.293e+00 -7.272e+00 -4.697e+00 -1.476e+00 -1.336e+00 -1.525e+00 -1.323e+00 -3.061e+00 -2.269e+00 -1.233e+00 -1.108e-01 -4.313e+00 -8.562e+00 -1.252e+01
-0.333 -3.870 17.863 17.068 0.188 0.474 1.000 -2.451e+00 -6.110e+00 -5.389e+00 -7.360e+00 -4.776e+00 -1.546e+00 -1.397e+00 -1.577e+00 -1.367e+00 -3.096e+00 -2.287e+00 -1.233e+00 -1.001e-01 -4.294e+00 -8.535e+00 -1.251e+01
-0.267 -3.859 17.868 17.006 0.250 0.474 1.000 -2.442e+00 -6.206e+00 -5.482e+00 -7.445e+00 -4.852e+00 -1.613e+00 -1.455e+00 -1.626e+00 -1.406e+00 -3.126e+00 -2.303e+00 -1.235e+00 -9.151e-02 -4.277e+00 -8.509e+00 -1.247e+01
-0.200 -3.804 17.873 16.937 0.250 0.474 1.000 -2.436e+00 -6.278e+00 -5.552e+00 -7.508e+00 -4.909e+00 -1.663e+00 -1.499e+00 -1.663e+00 -1.437e+00 -3.149e+00 -2.315e+00 -1.236e+00 -8.569e-02 -4.265e+00 -8.490e+00 -1.240e+01
-0.133 -3.726 17.878 16.864 0.250 0.474 1.000 -2.429e+00 -6.351e+00 -5.621e+00 -7.571e+00 -4.966e+00 -1.713e+00 -1.542e+00 -1.700e+00 -1.467e+00 -3.173e+00 -2.328e+00 -1.239e+00 -8.043e-02 -4.253e+00 -8.471e+00 -1.241e+01
-0.067 -3.684 17.882 16.790 0.250 0.474 1.000 -2.422e+00 -6.423e+00 -5.691e+00 -7.635e+00 -5.022e+00 -1.763e+00 -1.585e+00 -1.736e+00 -1.496e+00 -3.196e+00 -2.341e+00 -1.241e+00 -7.568e-02 -4.241e+00 -8.453e+00 -1.242e+01
+0.000 -3.613 17.887 16.716 0.250 0.474 1.000 -2.416e+00 -6.495e+00 -5.760e+00 -7.698e+00 -5.079e+00 -1.812e+00 -1.628e+00 -1.772e+00 -1.525e+00 -3.218e+00 -2.354e+00 -1.244e+00 -7.141e-02 -4.230e+00 -8.436e+00 -1.236e+01
+0.067 -3.566 17.891 16.642 0.250 0.474 1.000 -2.409e+00 -6.566e+00 -5.828e+00 -7.760e+00 -5.134e+00 -1.861e+00 -1.670e+00 -1.807e+00 -1.554e+00 -3.240e+00 -2.366e+00 -1.248e+00 -6.758e-02 -4.220e+00 -8.418e+00 -1.233e+01
+0.133 -3.485 17.896 16.568 0.250 0.474 1.000 -2.402e+00 -6.635e+00 -5.895e+00 -7.820e+00 -5.188e+00 -1.909e+00 -1.711e+00 -1.841e+00 -1.582e+00 -3.261e+00 -2.378e+00 -1.251e+00 -6.414e-02 -4.210e+00 -8.402e+00 -1.231e+01
+0.200 -3.441 17.900 16.495 0.250 0.474 1.000 -2.396e+00 -6.702e+00 -5.961e+00 -7.880e+00 -5.241e+00 -1.955e+00 -1.750e+00 -1.875e+00 -1.608e+00 -3.281e+00 -2.390e+00 -1.255e+00 -6.105e-02 -4.200e+00 -8.386e+00 -1.230e+01
+0.267 -3.467 17.903 16.351 0.250 0.526 1.000 -2.387e+00 -6.782e+00 -6.039e+00 -7.950e+00 -5.302e+00 -2.008e+00 -1.795e+00 -1.911e+00 -1.636e+00 -3.300e+00 -2.403e+00 -1.261e+00 -5.784e-02 -4.189e+00 -8.366e+00 -1.227e+01
+0.333 -3.376 17.907 16.272 0.312 0.526 1.000 -2.381e+00 -6.852e+00 -6.107e+00 -8.012e+00 -5.358e+00 -2.056e+00 -1.837e+00 -1.946e+00 -1.664e+00 -3.322e+00 -2.416e+00 -1.265e+00 -5.511e-02 -4.179e+00 -8.350e+00 -1.223e+01
+0.400 -3.310 17.910 16.194 0.312 0.526 1.000 -2.374e+00 -6.917e+00 -6.172e+00 -8.071e+00 -5.410e+00 -2.102e+00 -1.876e+00 -1.979e+00 -1.691e+00 -3.342e+00 -2.428e+00 -1.269e+00 -5.273e-02 -4.171e+00 -8.334e+00 -1.223e+01
+0.467 -3.258 17.913 16.117 0.312 0.526 1.000 -2.368e+00 -6.978e+00 -6.233e+00 -8.127e+00 -5.460e+00 -2.146e+00 -1.914e+00 -2.010e+00 -1.716e+00 -3.361e+00 -2.439e+00 -1.273e+00 -5.065e-02 -4.162e+00 -8.320e+00 -1.219e+01
+0.533 -3.168 17.916 16.043 0.312 0.526 1.000 -2.362e+00 -7.034e+00 -6.291e+00 -8.179e+00 -5.506e+00 -2.186e+00 -1.949e+00 -2.040e+00 -1.740e+00 -3.379e+00 -2.450e+00 -1.277e+00 -4.881e-02 -4.155e+00 -8.307e+00 -1.220e+01
+0.600 -3.110 17.919 15.969 0.312 0.526 1.000 -2.357e+00 -7.087e+00 -6.345e+00 -8.228e+00 -5.550e+00 -2.225e+00 -1.982e+00 -2.067e+00 -1.762e+00 -3.396e+00 -2.460e+00 -1.281e+00 -4.719e-02 -4.148e+00 -8.294e+00 -1.216e+01
+0.667 -3.040 17.922 15.895 0.312 0.526 1.000 -2.352e+00 -7.135e+00 -6.395e+00 -8.274e+00 -5.591e+00 -2.261e+00 -2.012e+00 -2.093e+00 -1.782e+00 -3.411e+00 -2.470e+00 -1.285e+00 -4.577e-02 -4.141e+00 -8.283e+00 -1.217e+01
+0.733 -2.964 17.925 15.821 0.312 0.526 1.000 -2.347e+00 -7.179e+00 -6.443e+00 -8.317e+00 -5.629e+00 -2.294e+00 -2.041e+00 -2.117e+00 -1.802e+00 -3.426e+00 -2.478e+00 -1.288e+00 -4.450e-02 -4.135e+00 -8.272e+00 -1.213e+01
+0.800 -2.921 17.928 15.747 0.312 0.526 1.000 -2.343e+00 -7.220e+00 -6.487e+00 -8.357e+00 -5.665e+00 -2.325e+00 -2.068e+00 -2.139e+00 -1.819e+00 -3.439e+00 -2.487e+00 -1.291e+00 -4.338e-02 -4.130e+00 -8.262e+00 -1.213e+01
+0.867 -2.842 17.931 15.672 0.312 0.526 1.000 -2.339e+00 -7.256e+00 -6.527e+00 -8.394e+00 -5.698e+00 -2.354e+00 -2.093e+00 -2.160e+00 -1.836e+00 -3.451e+00 -2.494e+00 -1.294e+00 -4.239e-02 -4.125e+00 -8.253e+00 -1.209e+01
+0.933 -2.752 17.933 15.597 0.312 0.526 1.000 -2.335e+00 -7.290e+00 -6.565e+00 -8.429e+00 -5.728e+00 -2.381e+00 -2.115e+00 -2.179e+00 -1.851e+00 -3.463e+00 -2.501e+00 -1.297e+00 -4.151e-02 -4.120e+00 -8.245e+00 -1.211e+01
+1.000 -2.690 17.936 15.522 0.312 0.526 1.000 -2.331e+00 -7.320e+00 -6.599e+00 -8.460e+00 -5.756e+00 -2.405e+00 -2.137e+00 -2.196e+00 -1.865e+00 -3.473e+00 -2.508e+00 -1.300e+00 -4.073e-02 -4.116e+00 -8.237e+00 -1.208e+01
+1.067 -2.613 17.939 15.443 0.312 0.526 1.000 -2.328e+00 -7.347e+00 -6.631e+00 -8.489e+00 -5.782e+00 -2.428e+00 -2.156e+00 -2.212e+00 -1.878e+00 -3.483e+00 -2.514e+00 -1.303e+00 -4.004e-02 -4.112e+00 -8.230e+00 -1.206e+01
+1.133 -2.522 17.941 15.358 0.312 0.526 1.000 -2.325e+00 -7.371e+00 -6.659e+00 -8.515e+00 -5.805e+00 -2.448e+00 -2.173e+00 -2.227e+00 -1.890e+00 -3.492e+00 -2.519e+00 -1.305e+00 -3.944e-02 -4.108e+00 -8.223e+00 -1.207e+01
+1.200 -2.436 17.943 15.271 0.312 0.526 1.000 -2.323e+00 -7.392e+00 -6.685e+00 -8.539e+00 -5.826e+00 -2.467e+00 -2.189e+00 -2.240e+00 -1.900e+00 -3.500e+00 -2.524e+00 -1.307e+00 -3.890e-02 -4.105e+00 -8.218e+00 -1.205e+01
+1.267 -1.736 17.945 15.224 0.375 0.579 1.000 -2.320e+00 -7.407e+00 -6.704e+00 -8.556e+00 -5.842e+00 -2.482e+00 -2.202e+00 -2.251e+00 -1.909e+00 -3.506e+00 -2.529e+00 -1.309e+00 -3.847e-02 -4.102e+00 -8.212e+00 -1.206e+01
+1.334 -0.965 17.948 14.417 0.375 0.579 1.000 -2.319e+00 -7.394e+00 -6.685e+00 -8.537e+00 -5.833e+00 -2.484e+00 -2.203e+00 -2.252e+00 -1.909e+00 -3.506e+00 -2.531e+00 -1.309e+00 -3.841e-02 -4.102e+00 -8.211e+00 -1.206e+01
+1.416 +0.375 17.948  7.455 0.000 0.947 1.000 -2.303e+00 -7.478e+00 -6.797e+00 -8.634e+00 -5.899e+00 -2.520e+00 -2.223e+00 -2.255e+00 -1.897e+00 -3.513e+00 -2.559e+00 -1.325e+00 -3.746e-02 -4.084e+00 -8.176e+00 -1.200e+01
+1.499 +0.457 17.948   -inf 0.000 1.000 1.000 -2.303e+00 -7.478e+00 -6.797e+00 -8.634e+00 -5.900e+00 -2.520e+00 -2.223e+00 -2.256e+00 -1.898e+00 -3.513e+00 -2.559e+00 -1.325e+00 -3.745e-02 -4.084e+00 -8.176e+00 -1.199e+01
+1.540 +0.499 17.948   -inf 0.000 1.000 1.000 -2.303e+00 -7.478e+00 -6.797e+00 -8.634e+00 -5.900e+00 -2.520e+00 -2.223e+00 -2.256e+00 -1.898e+00 -3.513e+00 -2.559e+00 -1.325e+00 -3.745e-02 -4.084e+00 -8.177e+00 -1.200e+01
+1.623 +0.582 17.948   -inf 0.000 1.000 1.000 -2.303e+00 -7.478e+00 -6.797e+00 -8.634e+00 -5.900e+00 -2.520e+00 -2.224e+00 -2.256e+00 -1.898e+00 -3.513e+00 -2.558e+00 -1.325e+00 -3.745e-02 -4.084e+00 -8.177e+00 -1.200e+01
+1.706 +0.664 17.948   -inf 0.000 1.000 1.000 -2.303e+00 -7.479e+00 -6.798e+00 -8.634e+00 -5.900e+00 -2.521e+00 -2.224e+00 -2.256e+00 -1.899e+00 -3.513e+00 -2.558e+00 -1.325e+00 -3.744e-02 -4.084e+00 -8.177e+00 -1.199e+01
+1.747 +0.706 17.948   -inf 0.000 1.000 1.000 -2.303e+00 -7.479e+00 -6.798e+00 -8.634e+00 -5.900e+00 -2.521e+00 -2.224e+00 -2.257e+00 -1.899e+00 -3.513e+00 -2.558e+00 -1.325e+00 -3.744e-02 -4.084e+00 -8.177e+00 -1.199e+01
+1.830 +0.789 17.948   -inf 0.000 1.000 1.000 -2.303e+00 -7.479e+00 -6.798e+00 -8.634e+00 -5.900e+00 -2.521e+00 -2.224e+00 -2.257e+00 -1.899e+00 -3.514e+00 -2.558e+00 -1.325e+00 -3.743e-02 -4.084e+00 -8.177e+00 -1.200e+01
+1.871 +0.830 17.948   -inf 0.000 1.000 1.000 -2.303e+00 -7.479e+00 -6.798e+00 -8.634e+00 -5.900e+00 -2.521e+00 -2.224e+00 -2.257e+00 -1.899e+00 -3.514e+00 -2.558e+00 -1.325e+00 -3.743e-02 -4.084e+00 -8.177e+00 -1.200e+01
+1.954 +0.913 17.948   -inf 0.000 1.000 1.000 -2.304e+00 -7.479e+00 -6.798e+00 -8.635e+00 -5.900e+00 -2.521e+00 -2.225e+00 -2.257e+00 -1.900e+00 -3.514e+00 -2.558e+00 -1.325e+00 -3.743e-02 -4.084e+00 -8.177e+00 -1.200e+01
+2.037 +0.996 17.948   -inf 0.000 1.000 1.000 -2.304e+00 -7.479e+00 -6.798e+00 -8.635e+00 -5.900e+00 -2.521e+00 -2.225e+00 -2.258e+00 -1.900e+00 -3.514e+00 -2.558e+00 -1.325e+00 -3.742e-02 -4.085e+00 -8.178e+00 -1.201e+01
