# ASY+PE method (with partition functions): 926 integration steps in 1.6823e-02 seconds
# All quantities except Asy, RG_PE, and sumX are log10(x)
# Log of absolute values for E and dE/dt as they can be negative
# Units: t and dt in s; E in erg; dE/dt in erg/g/s; others dimensionless 
#
#    t     dt     |E|  |dE/dt| Asy  Equil  sumX  X(4He)     X(12C)     X(16O)     

-10.949 -12.153 15.620 26.551 0.000 0.000 1.000 -2.428e+00 -3.207e-01 -3.013e-01
-10.921 -12.125 15.647 26.549 0.000 0.000 1.000 -2.401e+00 -3.220e-01 -3.013e-01
-10.893 -12.097 15.674 26.546 0.000 0.000 1.000 -2.375e+00 -3.233e-01 -3.014e-01
-10.865 -12.069 15.700 26.544 0.000 0.000 1.000 -2.348e+00 -3.248e-01 -3.014e-01
-10.837 -12.041 15.727 26.541 0.000 0.000 1.000 -2.321e+00 -3.263e-01 -3.014e-01
-10.809 -12.013 15.753 26.538 0.000 0.000 1.000 -2.295e+00 -3.280e-01 -3.014e-01
-10.781 -11.985 15.780 26.535 0.000 0.000 1.000 -2.269e+00 -3.297e-01 -3.014e-01
-10.753 -11.957 15.806 26.531 0.000 0.000 1.000 -2.242e+00 -3.316e-01 -3.015e-01
-10.725 -11.929 15.832 26.528 0.000 0.000 1.000 -2.216e+00 -3.335e-01 -3.015e-01
-10.697 -11.901 15.858 26.524 0.000 0.000 1.000 -2.190e+00 -3.356e-01 -3.015e-01
-10.669 -11.873 15.884 26.520 0.000 0.000 1.000 -2.164e+00 -3.378e-01 -3.015e-01
-10.612 -11.817 15.936 26.511 0.000 0.000 1.000 -2.113e+00 -3.427e-01 -3.016e-01
-10.584 -11.789 15.961 26.507 0.000 0.000 1.000 -2.087e+00 -3.453e-01 -3.017e-01
-10.556 -11.761 15.987 26.502 0.000 0.000 1.000 -2.062e+00 -3.481e-01 -3.017e-01
-10.528 -11.732 16.012 26.496 0.000 0.000 1.000 -2.037e+00 -3.511e-01 -3.017e-01
-10.500 -11.704 16.037 26.491 0.000 0.000 1.000 -2.012e+00 -3.543e-01 -3.018e-01
-10.472 -11.676 16.062 26.485 0.000 0.000 1.000 -1.987e+00 -3.576e-01 -3.018e-01
-10.444 -11.648 16.087 26.479 0.000 0.000 1.000 -1.963e+00 -3.612e-01 -3.019e-01
-10.416 -11.620 16.111 26.472 0.000 0.000 1.000 -1.938e+00 -3.649e-01 -3.019e-01
-10.388 -11.592 16.136 26.465 0.000 0.000 1.000 -1.914e+00 -3.689e-01 -3.020e-01
-10.360 -11.564 16.160 26.458 0.000 0.000 1.000 -1.890e+00 -3.731e-01 -3.020e-01
-10.332 -11.536 16.184 26.450 0.000 0.000 1.000 -1.866e+00 -3.775e-01 -3.021e-01
-10.304 -11.508 16.208 26.442 0.000 0.000 1.000 -1.843e+00 -3.822e-01 -3.021e-01
-10.276 -11.480 16.231 26.434 0.000 0.000 1.000 -1.820e+00 -3.871e-01 -3.022e-01
-10.248 -11.452 16.254 26.425 0.000 0.000 1.000 -1.797e+00 -3.923e-01 -3.022e-01
-10.192 -11.396 16.300 26.406 0.000 0.000 1.000 -1.752e+00 -4.036e-01 -3.024e-01
-10.164 -11.368 16.323 26.396 0.000 0.000 1.000 -1.730e+00 -4.097e-01 -3.024e-01
-10.136 -11.340 16.345 26.386 0.000 0.000 1.000 -1.708e+00 -4.161e-01 -3.025e-01
-10.108 -11.312 16.367 26.375 0.000 0.000 1.000 -1.687e+00 -4.229e-01 -3.026e-01
-10.080 -11.284 16.389 26.363 0.000 0.000 1.000 -1.666e+00 -4.300e-01 -3.026e-01
-10.052 -11.256 16.411 26.352 0.000 0.000 1.000 -1.645e+00 -4.374e-01 -3.027e-01
-10.024 -11.228 16.432 26.340 0.000 0.000 1.000 -1.625e+00 -4.452e-01 -3.028e-01
-9.996 -11.200 16.453 26.327 0.000 0.000 1.000 -1.605e+00 -4.534e-01 -3.029e-01
-9.968 -11.172 16.474 26.314 0.000 0.000 1.000 -1.585e+00 -4.620e-01 -3.029e-01
-9.940 -11.144 16.494 26.301 0.000 0.000 1.000 -1.566e+00 -4.710e-01 -3.030e-01
-9.912 -11.116 16.514 26.287 0.000 0.000 1.000 -1.548e+00 -4.804e-01 -3.031e-01
-9.884 -11.088 16.534 26.274 0.000 0.000 1.000 -1.530e+00 -4.902e-01 -3.032e-01
-9.856 -11.060 16.554 26.259 0.000 0.000 1.000 -1.512e+00 -5.004e-01 -3.033e-01
-9.828 -11.032 16.573 26.245 0.000 0.000 1.000 -1.495e+00 -5.111e-01 -3.033e-01
-9.800 -11.004 16.592 26.231 0.000 0.000 1.000 -1.479e+00 -5.223e-01 -3.034e-01
-9.744 -10.948 16.630 26.201 0.000 0.000 1.000 -1.447e+00 -5.459e-01 -3.035e-01
-9.716 -10.920 16.648 26.187 0.000 0.000 1.000 -1.432e+00 -5.584e-01 -3.036e-01
-9.688 -10.892 16.667 26.172 0.000 0.000 1.000 -1.418e+00 -5.714e-01 -3.037e-01
-9.659 -10.864 16.685 26.158 0.000 0.000 1.000 -1.404e+00 -5.848e-01 -3.037e-01
-9.631 -10.836 16.703 26.143 0.000 0.000 1.000 -1.391e+00 -5.988e-01 -3.037e-01
-9.603 -10.808 16.720 26.129 0.000 0.000 1.000 -1.378e+00 -6.132e-01 -3.038e-01
-9.575 -10.780 16.738 26.115 0.000 0.000 1.000 -1.367e+00 -6.280e-01 -3.038e-01
-9.547 -10.751 16.755 26.101 0.000 0.000 1.000 -1.355e+00 -6.434e-01 -3.038e-01
-9.519 -10.723 16.773 26.088 0.000 0.000 1.000 -1.345e+00 -6.593e-01 -3.038e-01
-9.491 -10.695 16.790 26.075 0.000 0.000 1.000 -1.335e+00 -6.756e-01 -3.038e-01
-9.463 -10.667 16.807 26.062 0.000 0.000 1.000 -1.326e+00 -6.924e-01 -3.038e-01
-9.435 -10.639 16.824 26.050 0.000 0.000 1.000 -1.317e+00 -7.096e-01 -3.038e-01
-9.407 -10.611 16.841 26.038 0.000 0.000 1.000 -1.310e+00 -7.273e-01 -3.037e-01
-9.379 -10.583 16.858 26.027 0.000 0.000 1.000 -1.303e+00 -7.455e-01 -3.036e-01
-9.323 -10.527 16.892 26.004 0.000 0.000 1.000 -1.291e+00 -7.832e-01 -3.034e-01
-9.295 -10.499 16.909 25.993 0.000 0.000 1.000 -1.287e+00 -8.027e-01 -3.033e-01
-9.267 -10.471 16.926 25.982 0.000 0.000 1.000 -1.283e+00 -8.227e-01 -3.031e-01
-9.239 -10.443 16.943 25.971 0.000 0.000 1.000 -1.280e+00 -8.430e-01 -3.030e-01
-9.211 -10.415 16.960 25.960 0.000 0.000 1.000 -1.278e+00 -8.638e-01 -3.028e-01
-9.183 -10.387 16.977 25.949 0.000 0.000 1.000 -1.277e+00 -8.850e-01 -3.025e-01
-9.155 -10.359 16.994 25.937 0.000 0.000 1.000 -1.277e+00 -9.066e-01 -3.023e-01
-9.127 -10.331 17.011 25.925 0.000 0.000 1.000 -1.277e+00 -9.285e-01 -3.020e-01
-9.099 -10.303 17.028 25.913 0.000 0.000 1.000 -1.279e+00 -9.508e-01 -3.017e-01
-9.071 -10.275 17.045 25.899 0.000 0.000 1.000 -1.281e+00 -9.735e-01 -3.014e-01
-9.043 -10.247 17.062 25.886 0.000 0.000 1.000 -1.284e+00 -9.965e-01 -3.010e-01
-9.015 -10.219 17.078 25.871 0.000 0.000 1.000 -1.288e+00 -1.020e+00 -3.006e-01
-8.987 -10.191 17.095 25.856 0.000 0.000 1.000 -1.294e+00 -1.044e+00 -3.002e-01
-8.959 -10.163 17.111 25.839 0.000 0.000 1.000 -1.300e+00 -1.068e+00 -2.998e-01
-8.903 -10.107 17.143 25.804 0.000 0.000 1.000 -1.315e+00 -1.117e+00 -2.989e-01
-8.875 -10.079 17.158 25.784 0.000 0.000 1.000 -1.323e+00 -1.142e+00 -2.984e-01
-8.847 -10.051 17.174 25.764 0.000 0.000 1.000 -1.333e+00 -1.167e+00 -2.979e-01
-8.819 -10.023 17.189 25.742 0.000 0.000 1.000 -1.344e+00 -1.192e+00 -2.973e-01
-8.791 -9.995 17.203 25.719 0.000 0.000 1.000 -1.356e+00 -1.218e+00 -2.968e-01
-8.763 -9.967 17.218 25.695 0.000 0.000 1.000 -1.369e+00 -1.244e+00 -2.962e-01
-8.735 -9.939 17.232 25.670 0.000 0.000 1.000 -1.382e+00 -1.271e+00 -2.957e-01
-8.707 -9.911 17.245 25.644 0.000 0.000 1.000 -1.397e+00 -1.297e+00 -2.951e-01
-8.678 -9.883 17.258 25.617 0.000 0.000 1.000 -1.412e+00 -1.324e+00 -2.945e-01
-8.650 -9.855 17.271 25.588 0.000 0.000 1.000 -1.429e+00 -1.351e+00 -2.940e-01
-8.622 -9.827 17.284 25.558 0.000 0.000 1.000 -1.446e+00 -1.379e+00 -2.934e-01
-8.594 -9.799 17.295 25.527 0.000 0.000 1.000 -1.465e+00 -1.406e+00 -2.928e-01
-8.566 -9.770 17.307 25.495 0.000 0.000 1.000 -1.484e+00 -1.434e+00 -2.922e-01
-8.538 -9.742 17.318 25.462 0.000 0.000 1.000 -1.504e+00 -1.462e+00 -2.917e-01
-8.482 -9.686 17.339 25.393 0.000 0.000 1.000 -1.548e+00 -1.519e+00 -2.906e-01
-8.454 -9.658 17.349 25.357 0.000 0.000 1.000 -1.571e+00 -1.548e+00 -2.901e-01
-8.426 -9.630 17.358 25.320 0.000 0.000 1.000 -1.596e+00 -1.577e+00 -2.896e-01
-8.398 -9.602 17.367 25.282 0.000 0.000 1.000 -1.621e+00 -1.607e+00 -2.891e-01
-8.370 -9.574 17.376 25.243 0.000 0.000 1.000 -1.647e+00 -1.636e+00 -2.886e-01
-8.342 -9.546 17.384 25.203 0.000 0.000 1.000 -1.675e+00 -1.666e+00 -2.881e-01
-8.314 -9.518 17.392 25.162 0.000 0.000 1.000 -1.703e+00 -1.696e+00 -2.876e-01
-8.286 -9.490 17.399 25.120 0.000 0.000 1.000 -1.733e+00 -1.727e+00 -2.872e-01
-8.258 -9.462 17.406 25.077 0.000 0.000 1.000 -1.763e+00 -1.758e+00 -2.868e-01
-8.230 -9.434 17.413 25.034 0.000 0.000 1.000 -1.795e+00 -1.789e+00 -2.864e-01
-8.202 -9.406 17.420 24.989 0.000 0.000 1.000 -1.828e+00 -1.820e+00 -2.860e-01
-8.174 -9.378 17.426 24.943 0.000 0.000 1.000 -1.862e+00 -1.852e+00 -2.856e-01
-8.146 -9.350 17.431 24.896 0.000 0.000 1.000 -1.897e+00 -1.884e+00 -2.852e-01
-8.118 -9.322 17.437 24.849 0.000 0.000 1.000 -1.934e+00 -1.917e+00 -2.849e-01
-8.090 -9.294 17.442 24.800 0.000 0.000 1.000 -1.971e+00 -1.949e+00 -2.845e-01
-8.034 -9.238 17.451 24.700 0.000 0.000 1.000 -2.050e+00 -2.016e+00 -2.839e-01
-8.006 -9.210 17.455 24.649 0.000 0.000 1.000 -2.091e+00 -2.050e+00 -2.836e-01
-7.978 -9.182 17.459 24.596 0.000 0.000 1.000 -2.133e+00 -2.085e+00 -2.833e-01
-7.950 -9.154 17.463 24.543 0.000 0.000 1.000 -2.176e+00 -2.120e+00 -2.830e-01
-7.922 -9.126 17.466 24.489 0.000 0.000 1.000 -2.219e+00 -2.155e+00 -2.827e-01
-7.894 -9.098 17.469 24.435 0.000 0.000 1.000 -2.264e+00 -2.191e+00 -2.825e-01
-7.866 -9.070 17.472 24.380 0.000 0.000 1.000 -2.310e+00 -2.228e+00 -2.823e-01
-7.838 -9.042 17.475 24.324 0.000 0.000 1.000 -2.356e+00 -2.264e+00 -2.820e-01
-7.810 -9.014 17.478 24.268 0.000 0.000 1.000 -2.402e+00 -2.302e+00 -2.819e-01
-7.782 -8.986 17.480 24.212 0.000 0.000 1.000 -2.449e+00 -2.340e+00 -2.817e-01
-7.754 -8.958 17.483 24.156 0.000 0.000 1.000 -2.497e+00 -2.379e+00 -2.815e-01
-7.726 -8.930 17.485 24.101 0.000 0.000 1.000 -2.544e+00 -2.418e+00 -2.814e-01
-7.697 -8.902 17.487 24.045 0.000 0.000 1.000 -2.592e+00 -2.457e+00 -2.814e-01
-7.669 -8.874 17.488 23.990 0.000 0.000 1.000 -2.640e+00 -2.497e+00 -2.813e-01
-7.613 -8.818 17.492 23.882 0.000 0.000 1.000 -2.736e+00 -2.579e+00 -2.814e-01
-7.585 -8.789 17.493 23.830 0.000 0.000 1.000 -2.783e+00 -2.620e+00 -2.815e-01
-7.557 -8.761 17.495 23.778 0.000 0.000 1.000 -2.830e+00 -2.661e+00 -2.816e-01
-7.529 -8.733 17.496 23.728 0.000 0.000 1.000 -2.876e+00 -2.703e+00 -2.818e-01
-7.501 -8.705 17.497 23.679 0.000 0.000 1.000 -2.922e+00 -2.744e+00 -2.821e-01
-7.473 -8.677 17.499 23.632 0.000 0.000 1.000 -2.966e+00 -2.785e+00 -2.824e-01
-7.445 -8.649 17.500 23.587 0.000 0.000 1.000 -3.009e+00 -2.825e+00 -2.828e-01
-7.417 -8.621 17.501 23.543 0.000 0.000 1.000 -3.050e+00 -2.865e+00 -2.832e-01
-7.389 -8.593 17.502 23.502 0.000 0.000 1.000 -3.088e+00 -2.903e+00 -2.837e-01
-7.361 -8.565 17.503 23.464 0.000 0.000 1.000 -3.124e+00 -2.940e+00 -2.842e-01
-7.333 -8.537 17.504 23.428 0.000 0.000 1.000 -3.157e+00 -2.974e+00 -2.848e-01
-7.305 -8.509 17.505 23.396 0.000 0.000 1.000 -3.186e+00 -3.007e+00 -2.855e-01
-7.277 -8.481 17.506 23.366 0.000 0.000 1.000 -3.212e+00 -3.037e+00 -2.862e-01
-7.249 -8.453 17.507 23.341 0.000 0.000 1.000 -3.234e+00 -3.063e+00 -2.870e-01
-7.193 -8.397 17.510 23.299 0.000 0.000 1.000 -3.267e+00 -3.108e+00 -2.888e-01
-7.165 -8.369 17.511 23.283 0.000 0.000 1.000 -3.279e+00 -3.126e+00 -2.897e-01
-7.137 -8.341 17.512 23.270 0.000 0.000 1.000 -3.289e+00 -3.140e+00 -2.908e-01
-7.109 -8.313 17.513 23.259 0.000 0.000 1.000 -3.296e+00 -3.152e+00 -2.919e-01
-7.081 -8.285 17.514 23.250 0.000 0.000 1.000 -3.301e+00 -3.161e+00 -2.931e-01
-7.053 -8.257 17.516 23.243 0.062 0.000 1.000 -3.303e+00 -3.168e+00 -2.944e-01
-7.025 -8.229 17.517 23.239 0.062 0.000 1.000 -3.306e+00 -3.173e+00 -2.957e-01
-6.997 -8.201 17.518 23.234 0.062 0.000 1.000 -3.308e+00 -3.177e+00 -2.972e-01
-6.969 -8.173 17.520 23.229 0.062 0.000 1.000 -3.310e+00 -3.180e+00 -2.987e-01
-6.941 -8.145 17.521 23.224 0.062 0.000 1.000 -3.312e+00 -3.182e+00 -3.003e-01
-6.913 -8.117 17.523 23.220 0.062 0.000 1.000 -3.314e+00 -3.183e+00 -3.021e-01
-6.885 -8.089 17.525 23.216 0.062 0.000 1.000 -3.315e+00 -3.184e+00 -3.039e-01
-6.857 -8.061 17.527 23.212 0.125 0.000 1.000 -3.316e+00 -3.184e+00 -3.059e-01
-6.829 -8.033 17.529 23.207 0.125 0.000 1.000 -3.317e+00 -3.185e+00 -3.080e-01
-6.773 -7.977 17.533 23.198 0.188 0.000 1.000 -3.319e+00 -3.185e+00 -3.126e-01
-6.745 -7.949 17.535 23.194 0.188 0.000 1.000 -3.319e+00 -3.185e+00 -3.151e-01
-6.716 -7.921 17.537 23.189 0.188 0.000 1.000 -3.320e+00 -3.186e+00 -3.178e-01
-6.688 -7.893 17.540 23.183 0.188 0.000 1.000 -3.321e+00 -3.186e+00 -3.206e-01
-6.660 -7.865 17.542 23.178 0.188 0.000 1.000 -3.321e+00 -3.186e+00 -3.236e-01
-6.632 -7.837 17.545 23.172 0.188 0.000 1.000 -3.322e+00 -3.187e+00 -3.268e-01
-6.604 -7.808 17.548 23.166 0.188 0.000 1.000 -3.323e+00 -3.187e+00 -3.302e-01
-6.576 -7.780 17.551 23.159 0.188 0.000 1.000 -3.323e+00 -3.187e+00 -3.338e-01
-6.548 -7.752 17.554 23.152 0.250 0.000 1.000 -3.323e+00 -3.188e+00 -3.376e-01
-6.520 -7.724 17.557 23.145 0.250 0.000 1.000 -3.324e+00 -3.188e+00 -3.417e-01
-6.492 -7.696 17.560 23.137 0.250 0.000 1.000 -3.324e+00 -3.189e+00 -3.460e-01
-6.464 -7.668 17.564 23.129 0.250 0.000 1.000 -3.324e+00 -3.189e+00 -3.505e-01
-6.436 -7.640 17.567 23.120 0.312 0.000 1.000 -3.323e+00 -3.189e+00 -3.553e-01
-6.408 -7.612 17.571 23.111 0.312 0.000 1.000 -3.323e+00 -3.190e+00 -3.604e-01
-6.352 -7.556 17.579 23.091 0.312 0.000 1.000 -3.322e+00 -3.191e+00 -3.716e-01
-6.324 -7.528 17.583 23.080 0.312 0.000 1.000 -3.321e+00 -3.191e+00 -3.776e-01
-6.296 -7.500 17.587 23.068 0.312 0.000 1.000 -3.319e+00 -3.192e+00 -3.840e-01
-6.268 -7.472 17.591 23.056 0.312 0.000 1.000 -3.318e+00 -3.193e+00 -3.908e-01
-6.240 -7.444 17.596 23.043 0.312 0.000 1.000 -3.316e+00 -3.194e+00 -3.980e-01
-6.212 -7.416 17.600 23.030 0.312 0.000 1.000 -3.314e+00 -3.194e+00 -4.055e-01
-6.184 -7.388 17.605 23.015 0.312 0.000 1.001 -3.312e+00 -3.195e+00 -4.135e-01
-6.156 -7.360 17.609 23.000 0.312 0.000 1.001 -3.309e+00 -3.196e+00 -4.219e-01
-6.128 -7.332 17.614 22.984 0.312 0.000 1.001 -3.306e+00 -3.197e+00 -4.307e-01
-6.100 -7.304 17.619 22.968 0.312 0.000 1.001 -3.302e+00 -3.198e+00 -4.401e-01
-6.072 -7.276 17.624 22.950 0.312 0.000 1.001 -3.298e+00 -3.199e+00 -4.499e-01
-6.044 -7.248 17.629 22.931 0.312 0.000 1.001 -3.294e+00 -3.201e+00 -4.602e-01
-6.016 -7.220 17.634 22.912 0.312 0.000 1.001 -3.290e+00 -3.202e+00 -4.711e-01
-5.988 -7.192 17.639 22.891 0.312 0.000 1.001 -3.285e+00 -3.203e+00 -4.826e-01
-5.936 -7.184 17.648 22.849 0.312 0.000 1.001 -3.274e+00 -3.206e+00 -5.050e-01
-5.912 -7.171 17.653 22.828 0.312 0.000 1.001 -3.268e+00 -3.208e+00 -5.165e-01
-5.888 -7.158 17.657 22.806 0.312 0.000 1.001 -3.263e+00 -3.209e+00 -5.281e-01
-5.864 -7.145 17.661 22.785 0.312 0.000 1.001 -3.257e+00 -3.211e+00 -5.399e-01
-5.819 -7.120 17.669 22.741 0.312 0.000 1.001 -3.245e+00 -3.214e+00 -5.640e-01
-5.798 -7.107 17.673 22.718 0.312 0.000 1.001 -3.239e+00 -3.216e+00 -5.763e-01
-5.776 -7.094 17.676 22.695 0.312 0.000 1.001 -3.233e+00 -3.218e+00 -5.888e-01
-5.735 -7.068 17.683 22.649 0.312 0.000 1.001 -3.221e+00 -3.222e+00 -6.143e-01
-5.714 -7.056 17.687 22.626 0.312 0.053 1.001 -3.215e+00 -3.224e+00 -6.273e-01
-5.690 -8.532 17.687 23.515 0.000 0.000 1.000 -1.984e+00 -2.716e+00 -2.329e+00
-5.659 -8.134 17.705 22.713 0.062 0.053 1.000 -2.003e+00 -3.287e+00 -2.353e+00
-5.628 -7.929    nan   -inf 0.000 1.000  -nan  -nan  -nan  -nan
-5.598 -7.775    nan   -inf 0.000 1.000  -nan  -nan  -nan  -nan
-5.568 -7.659    nan   -inf 0.000 1.000  -nan   nan  -nan  -nan
-5.537 -7.556    nan   -inf 0.000 1.000  -nan   nan  -nan  -nan
-5.506 -7.467    nan   -inf 0.000 1.000  -nan  -nan  -nan  -nan
-5.475 -7.390    nan   -inf 0.000 1.000  -nan  -nan  -nan  -nan
-5.447 -7.325    nan   -inf 0.000 1.000  -nan   nan  -nan  -nan
-5.417 -7.261    nan   -inf 0.000 1.000  -nan  -nan  -nan  -nan
-5.384 -7.197    nan   -inf 0.000 1.000  -nan   nan  -nan  -nan
-5.356 -7.146    nan   -inf 0.000 1.000  -nan   nan  -nan  -nan
-5.327 -7.094    nan   -inf 0.000 1.000  -nan   nan  -nan  -nan
-5.296 -7.043    nan   -inf 0.000 1.000  -nan   nan  -nan  -nan
-5.264 -6.992    nan   -inf 0.000 1.000  -nan   nan  -nan  -nan
-5.239 -6.953    nan   -inf 0.000 1.000  -nan  -nan  -nan  -nan
-5.204 -6.902    nan   -inf 0.000 1.000  -nan  -nan  -nan  -nan
-5.177 -6.863    nan   -inf 0.000 1.000  -nan   nan  -nan  -nan
-5.149 -6.825    nan   -inf 0.000 1.000  -nan  -nan  -nan  -nan
-5.112 -6.773    nan   -inf 0.000 1.000  -nan  -nan  -nan  -nan
-5.082 -6.735    nan   -inf 0.000 1.000  -nan   nan  -nan  -nan
-5.053 -6.696    nan   -inf 0.000 1.000  -nan  -nan  -nan  -nan
-5.022 -6.658    nan   -inf 0.000 1.000  -nan   nan  -nan  -nan
-4.991 -6.619    nan   -inf 0.000 1.000  -nan  -nan  -nan  -nan
-4.960 -6.581    nan   -inf 0.000 1.000  -nan   nan  -nan  -nan
-4.939 -6.555    nan   -inf 0.000 1.000  -nan   nan  -nan  -nan
-4.907 -6.517    nan   -inf 0.000 1.000  -nan  -nan  -nan  -nan
-4.874 -6.478    nan   -inf 0.000 1.000  -nan   nan  -nan  -nan
-4.841 -6.440    nan   -inf 0.000 1.000  -nan  -nan  -nan  -nan
-4.819 -6.414    nan   -inf 0.000 1.000  -nan  -nan  -nan  -nan
-4.785 -6.375    nan   -inf 0.000 1.000  -nan   nan  -nan  -nan
-4.751 -6.337    nan   -inf 0.000 1.000  -nan  -nan  -nan  -nan
-4.728 -6.311    nan   -inf 0.000 1.000  -nan  -nan  -nan  -nan
-4.693 -6.273    nan   -inf 0.000 1.000  -nan   nan  -nan  -nan
-4.670 -6.247    nan   -inf 0.000 1.000  -nan   nan  -nan  -nan
-4.635 -6.209    nan   -inf 0.000 1.000  -nan  -nan  -nan  -nan
-4.599 -6.170    nan   -inf 0.000 1.000  -nan   nan  -nan  -nan
-4.576 -6.144    nan   -inf 0.000 1.000  -nan   nan  -nan  -nan
-4.540 -6.106    nan   -inf 0.000 1.000  -nan  -nan  -nan  -nan
-4.516 -6.080    nan   -inf 0.000 1.000  -nan  -nan  -nan  -nan
-4.480 -6.042    nan   -inf 0.000 1.000  -nan   nan  -nan  -nan
-4.455 -6.016    nan   -inf 0.000 1.000  -nan   nan  -nan  -nan
-4.419 -5.977    nan   -inf 0.000 1.000  -nan  -nan  -nan  -nan
-4.395 -5.952    nan   -inf 0.000 1.000  -nan  -nan  -nan  -nan
-4.358 -5.913    nan   -inf 0.000 1.000  -nan   nan  -nan  -nan
-4.333 -5.888    nan   -inf 0.000 1.000  -nan   nan  -nan  -nan
-4.309 -5.862    nan   -inf 0.000 1.000  -nan   nan  -nan  -nan
-4.272 -5.823    nan   -inf 0.000 1.000  -nan  -nan  -nan  -nan
-4.247 -5.798    nan   -inf 0.000 1.000  -nan  -nan  -nan  -nan
-4.210 -5.759    nan   -inf 0.000 1.000  -nan   nan  -nan  -nan
-4.185 -5.734    nan   -inf 0.000 1.000  -nan   nan  -nan  -nan
-4.160 -5.708    nan   -inf 0.000 1.000  -nan   nan  -nan  -nan
-4.122 -5.669    nan   -inf 0.000 1.000  -nan  -nan  -nan  -nan
-4.097 -5.644    nan   -inf 0.000 1.000  -nan  -nan  -nan  -nan
-4.060 -5.605    nan   -inf 0.000 1.000  -nan   nan  -nan  -nan
-4.035 -5.580    nan   -inf 0.000 1.000  -nan   nan  -nan  -nan
-4.009 -5.554    nan   -inf 0.000 1.000  -nan   nan  -nan  -nan
-3.972 -5.515    nan   -inf 0.000 1.000  -nan  -nan  -nan  -nan
-3.946 -5.490    nan   -inf 0.000 1.000  -nan  -nan  -nan  -nan
-3.909 -5.451    nan   -inf 0.000 1.000  -nan   nan  -nan  -nan
-3.883 -5.425    nan   -inf 0.000 1.000  -nan   nan  -nan  -nan
-3.858 -5.400    nan   -inf 0.000 1.000  -nan   nan  -nan  -nan
-3.820 -5.361    nan   -inf 0.000 1.000  -nan  -nan  -nan  -nan
-3.795 -5.336    nan   -inf 0.000 1.000  -nan  -nan  -nan  -nan
-3.769 -5.310    nan   -inf 0.000 1.000  -nan  -nan  -nan  -nan
-3.731 -5.271    nan   -inf 0.000 1.000  -nan   nan  -nan  -nan
-3.706 -5.246    nan   -inf 0.000 1.000  -nan   nan  -nan  -nan
-3.668 -5.207    nan   -inf 0.000 1.000  -nan  -nan  -nan  -nan
-3.642 -5.182    nan   -inf 0.000 1.000  -nan  -nan  -nan  -nan
-3.617 -5.156    nan   -inf 0.000 1.000  -nan  -nan  -nan  -nan
-3.578 -5.117    nan   -inf 0.000 1.000  -nan   nan  -nan  -nan
-3.553 -5.092    nan   -inf 0.000 1.000  -nan   nan  -nan  -nan
-3.527 -5.066    nan   -inf 0.000 1.000  -nan   nan  -nan  -nan
-3.489 -5.028    nan   -inf 0.000 1.000  -nan  -nan  -nan  -nan
-3.464 -5.002    nan   -inf 0.000 1.000  -nan  -nan  -nan  -nan
-3.438 -4.976    nan   -inf 0.000 1.000  -nan  -nan  -nan  -nan
-3.400 -4.938    nan   -inf 0.000 1.000  -nan   nan  -nan  -nan
-3.374 -4.912    nan   -inf 0.000 1.000  -nan   nan  -nan  -nan
-3.349 -4.886    nan   -inf 0.000 1.000  -nan   nan  -nan  -nan
-3.310 -4.848    nan   -inf 0.000 1.000  -nan  -nan  -nan  -nan
-3.285 -4.822    nan   -inf 0.000 1.000  -nan  -nan  -nan  -nan
-3.259 -4.796    nan   -inf 0.000 1.000  -nan  -nan  -nan  -nan
-3.221 -4.758    nan   -inf 0.000 1.000  -nan   nan  -nan  -nan
-3.195 -4.732    nan   -inf 0.000 1.000  -nan   nan  -nan  -nan
-3.170 -4.707    nan   -inf 0.000 1.000  -nan   nan  -nan  -nan
-3.131 -4.668    nan   -inf 0.000 1.000  -nan  -nan  -nan  -nan
-3.106 -4.642    nan   -inf 0.000 1.000  -nan  -nan  -nan  -nan
-3.067 -4.604    nan   -inf 0.000 1.000  -nan   nan  -nan  -nan
-3.042 -4.578    nan   -inf 0.000 1.000  -nan   nan  -nan  -nan
-3.016 -4.553    nan   -inf 0.000 1.000  -nan   nan  -nan  -nan
-2.978 -4.514    nan   -inf 0.000 1.000  -nan  -nan  -nan  -nan
-2.952 -4.488    nan   -inf 0.000 1.000  -nan  -nan  -nan  -nan
-2.926 -4.463    nan   -inf 0.000 1.000  -nan  -nan  -nan  -nan
-2.888 -4.424    nan   -inf 0.000 1.000  -nan   nan  -nan  -nan
-2.862 -4.399    nan   -inf 0.000 1.000  -nan   nan  -nan  -nan
-2.837 -4.373    nan   -inf 0.000 1.000  -nan   nan  -nan  -nan
-2.798 -4.334    nan   -inf 0.000 1.000  -nan  -nan  -nan  -nan
-2.772 -4.309    nan   -inf 0.000 1.000  -nan  -nan  -nan  -nan
-2.747 -4.283    nan   -inf 0.000 1.000  -nan  -nan  -nan  -nan
-2.708 -4.244    nan   -inf 0.000 1.000  -nan   nan  -nan  -nan
-2.683 -4.219    nan   -inf 0.000 1.000  -nan   nan  -nan  -nan
-2.657 -4.193    nan   -inf 0.000 1.000  -nan   nan  -nan  -nan
-2.619 -4.155    nan   -inf 0.000 1.000  -nan  -nan  -nan  -nan
-2.593 -4.129    nan   -inf 0.000 1.000  -nan  -nan  -nan  -nan
-2.567 -4.103    nan   -inf 0.000 1.000  -nan  -nan  -nan  -nan
-2.529 -4.065    nan   -inf 0.000 1.000  -nan   nan  -nan  -nan
-2.503 -4.039    nan   -inf 0.000 1.000  -nan   nan  -nan  -nan
-2.477 -4.013    nan   -inf 0.000 1.000  -nan   nan  -nan  -nan
-2.439 -3.975    nan   -inf 0.000 1.000  -nan  -nan  -nan  -nan
-2.413 -3.949    nan   -inf 0.000 1.000  -nan  -nan  -nan  -nan
-2.388 -3.924    nan   -inf 0.000 1.000  -nan  -nan  -nan  -nan
-2.349 -3.885    nan   -inf 0.000 1.000  -nan   nan  -nan  -nan
-2.323 -3.859    nan   -inf 0.000 1.000  -nan   nan  -nan  -nan
-2.298 -3.834    nan   -inf 0.000 1.000  -nan   nan  -nan  -nan
-2.259 -3.795    nan   -inf 0.000 1.000  -nan  -nan  -nan  -nan
-2.234 -3.769    nan   -inf 0.000 1.000  -nan  -nan  -nan  -nan
-2.208 -3.744    nan   -inf 0.000 1.000  -nan  -nan  -nan  -nan
-2.169 -3.705    nan   -inf 0.000 1.000  -nan   nan  -nan  -nan
-2.144 -3.680    nan   -inf 0.000 1.000  -nan   nan  -nan  -nan
-2.118 -3.654    nan   -inf 0.000 1.000  -nan   nan  -nan  -nan
-2.080 -3.615    nan   -inf 0.000 1.000  -nan  -nan  -nan  -nan
-2.054 -3.590    nan   -inf 0.000 1.000  -nan  -nan  -nan  -nan
-2.028 -3.564    nan   -inf 0.000 1.000  -nan  -nan  -nan  -nan
-1.990 -3.526    nan   -inf 0.000 1.000  -nan   nan  -nan  -nan
