# ASY method (no partition functions): 81683619 integration steps in 1.6331e+03 seconds
# All quantities except Asy, RG_PE, and sumX are log10(x)
# Log of absolute values for E and dE/dt as they can be negative
# Units: t and dt in s; E in erg; dE/dt in erg/g/s; others dimensionless 
#
#    t     dt     |E|  |dE/dt| Asy  Equil  sumX  X(4He)     X(12C)     X(16O)     X(20Ne)     X(24Mg)     X(28Si)     X(32S)     X(36Ar)     X(40Ca)     X(44Ti)     X(48Cr)     X(52Fe)     X(56Ni)     X(60Zn)     X(64Ge)     X(68Se)     

-17.870 -18.870  8.715 26.588 0.000 0.000 1.000 -9.334e+00 -3.010e-01 -3.010e-01 -8.644e+00 -1.022e+01 -1.265e+01 -2.400e+01 -2.400e+01 -2.400e+01 -2.400e+01 -2.400e+01 -2.400e+01 -2.400e+01 -2.400e+01 -2.400e+01 -2.400e+01
-17.787 -18.787  8.798 26.588 0.000 0.000 1.000 -9.250e+00 -3.010e-01 -3.010e-01 -8.561e+00 -1.014e+01 -1.256e+01 -2.400e+01 -2.400e+01 -2.400e+01 -2.400e+01 -2.400e+01 -2.400e+01 -2.400e+01 -2.400e+01 -2.400e+01 -2.400e+01
-17.663 -18.663  8.923 26.588 0.000 0.000 1.000 -9.125e+00 -3.010e-01 -3.010e-01 -8.436e+00 -1.001e+01 -1.244e+01 -2.400e+01 -2.400e+01 -2.400e+01 -2.400e+01 -2.400e+01 -2.400e+01 -2.400e+01 -2.400e+01 -2.400e+01 -2.400e+01
-17.580 -18.580  9.006 26.588 0.000 0.000 1.000 -9.042e+00 -3.010e-01 -3.010e-01 -8.353e+00 -9.928e+00 -1.236e+01 -2.400e+01 -2.400e+01 -2.400e+01 -2.400e+01 -2.400e+01 -2.400e+01 -2.400e+01 -2.400e+01 -2.400e+01 -2.400e+01
-17.497 -18.497  9.089 26.588 0.000 0.000 1.000 -8.959e+00 -3.010e-01 -3.010e-01 -8.270e+00 -9.845e+00 -1.227e+01 -2.400e+01 -2.400e+01 -2.400e+01 -2.400e+01 -2.400e+01 -2.400e+01 -2.400e+01 -2.400e+01 -2.400e+01 -2.400e+01
-17.373 -18.373  9.214 26.588 0.000 0.000 1.000 -8.835e+00 -3.010e-01 -3.010e-01 -8.145e+00 -9.720e+00 -1.215e+01 -2.400e+01 -2.400e+01 -2.400e+01 -2.400e+01 -2.400e+01 -2.400e+01 -2.400e+01 -2.400e+01 -2.400e+01 -2.400e+01
-17.290 -18.290  9.297 26.588 0.000 0.000 1.000 -8.752e+00 -3.010e-01 -3.010e-01 -8.062e+00 -9.637e+00 -1.207e+01 -2.400e+01 -2.400e+01 -2.400e+01 -2.400e+01 -2.400e+01 -2.400e+01 -2.400e+01 -2.400e+01 -2.400e+01 -2.400e+01
-17.166 -18.166  9.421 26.588 0.000 0.000 1.000 -8.627e+00 -3.010e-01 -3.010e-01 -7.938e+00 -9.513e+00 -1.194e+01 -2.400e+01 -2.400e+01 -2.400e+01 -2.400e+01 -2.400e+01 -2.400e+01 -2.400e+01 -2.400e+01 -2.400e+01 -2.400e+01
-17.083 -18.083  9.504 26.588 0.000 0.000 1.000 -8.544e+00 -3.010e-01 -3.010e-01 -7.855e+00 -9.430e+00 -1.186e+01 -2.400e+01 -2.400e+01 -2.400e+01 -2.400e+01 -2.400e+01 -2.400e+01 -2.400e+01 -2.400e+01 -2.400e+01 -2.400e+01
-16.959 -17.959  9.628 26.588 0.000 0.000 1.000 -8.420e+00 -3.010e-01 -3.010e-01 -7.731e+00 -9.305e+00 -1.173e+01 -2.400e+01 -2.400e+01 -2.400e+01 -2.400e+01 -2.400e+01 -2.400e+01 -2.400e+01 -2.400e+01 -2.400e+01 -2.400e+01
-16.876 -17.876  9.711 26.588 0.000 0.000 1.000 -8.337e+00 -3.010e-01 -3.010e-01 -7.648e+00 -9.223e+00 -1.165e+01 -2.400e+01 -2.400e+01 -2.400e+01 -2.400e+01 -2.400e+01 -2.400e+01 -2.400e+01 -2.400e+01 -2.400e+01 -2.400e+01
-16.793 -17.793  9.794 26.588 0.000 0.000 1.000 -8.254e+00 -3.010e-01 -3.010e-01 -7.565e+00 -9.140e+00 -1.157e+01 -2.400e+01 -2.400e+01 -2.400e+01 -2.400e+01 -2.400e+01 -2.400e+01 -2.400e+01 -2.400e+01 -2.400e+01 -2.400e+01
-16.669 -17.669  9.918 26.588 0.000 0.000 1.000 -8.130e+00 -3.010e-01 -3.010e-01 -7.441e+00 -9.016e+00 -1.144e+01 -2.400e+01 -2.400e+01 -2.400e+01 -2.400e+01 -2.400e+01 -2.400e+01 -2.400e+01 -2.400e+01 -2.400e+01 -2.400e+01
-16.586 -17.586 10.001 26.588 0.000 0.000 1.000 -8.047e+00 -3.010e-01 -3.010e-01 -7.358e+00 -8.933e+00 -1.136e+01 -2.400e+01 -2.400e+01 -2.400e+01 -2.400e+01 -2.400e+01 -2.400e+01 -2.400e+01 -2.400e+01 -2.400e+01 -2.400e+01
-16.462 -17.462 10.125 26.588 0.000 0.000 1.000 -7.923e+00 -3.010e-01 -3.010e-01 -7.234e+00 -8.808e+00 -1.124e+01 -2.400e+01 -2.400e+01 -2.400e+01 -2.400e+01 -2.400e+01 -2.400e+01 -2.400e+01 -2.400e+01 -2.400e+01 -2.400e+01
-16.380 -17.380 10.208 26.588 0.000 0.000 1.000 -7.840e+00 -3.010e-01 -3.010e-01 -7.151e+00 -8.726e+00 -1.115e+01 -2.400e+01 -2.400e+01 -2.400e+01 -2.400e+01 -2.400e+01 -2.400e+01 -2.400e+01 -2.400e+01 -2.400e+01 -2.400e+01
-16.297 -17.297 10.291 26.588 0.000 0.000 1.000 -7.757e+00 -3.010e-01 -3.010e-01 -7.068e+00 -8.643e+00 -1.107e+01 -2.400e+01 -2.400e+01 -2.400e+01 -2.400e+01 -2.400e+01 -2.400e+01 -2.400e+01 -2.400e+01 -2.400e+01 -2.400e+01
-16.173 -17.173 10.415 26.588 0.000 0.000 1.000 -7.633e+00 -3.010e-01 -3.010e-01 -6.944e+00 -8.519e+00 -1.095e+01 -2.400e+01 -2.400e+01 -2.400e+01 -2.400e+01 -2.400e+01 -2.400e+01 -2.400e+01 -2.400e+01 -2.400e+01 -2.400e+01
-16.090 -17.090 10.498 26.588 0.000 0.000 1.000 -7.550e+00 -3.010e-01 -3.010e-01 -6.861e+00 -8.436e+00 -1.086e+01 -2.399e+01 -2.400e+01 -2.400e+01 -2.400e+01 -2.400e+01 -2.400e+01 -2.400e+01 -2.400e+01 -2.400e+01 -2.400e+01
-15.966 -16.966 10.622 26.588 0.000 0.000 1.000 -7.426e+00 -3.010e-01 -3.010e-01 -6.737e+00 -8.312e+00 -1.074e+01 -2.398e+01 -2.400e+01 -2.400e+01 -2.400e+01 -2.400e+01 -2.400e+01 -2.400e+01 -2.400e+01 -2.400e+01 -2.400e+01
-15.883 -16.883 10.705 26.588 0.000 0.000 1.000 -7.343e+00 -3.010e-01 -3.010e-01 -6.654e+00 -8.229e+00 -1.066e+01 -2.397e+01 -2.400e+01 -2.400e+01 -2.400e+01 -2.400e+01 -2.400e+01 -2.400e+01 -2.400e+01 -2.400e+01 -2.400e+01
-15.759 -16.759 10.829 26.588 0.000 0.000 1.000 -7.219e+00 -3.010e-01 -3.010e-01 -6.530e+00 -8.105e+00 -1.053e+01 -2.394e+01 -2.400e+01 -2.400e+01 -2.400e+01 -2.400e+01 -2.400e+01 -2.400e+01 -2.400e+01 -2.400e+01 -2.400e+01
-15.676 -16.676 10.912 26.588 0.000 0.000 1.000 -7.136e+00 -3.010e-01 -3.010e-01 -6.447e+00 -8.022e+00 -1.045e+01 -2.389e+01 -2.400e+01 -2.400e+01 -2.400e+01 -2.400e+01 -2.400e+01 -2.400e+01 -2.400e+01 -2.400e+01 -2.400e+01
-15.593 -16.593 10.994 26.588 0.000 0.000 1.000 -7.054e+00 -3.010e-01 -3.010e-01 -6.364e+00 -7.939e+00 -1.037e+01 -2.383e+01 -2.400e+01 -2.400e+01 -2.400e+01 -2.400e+01 -2.400e+01 -2.400e+01 -2.400e+01 -2.400e+01 -2.400e+01
-15.469 -16.469 11.119 26.588 0.000 0.000 1.000 -6.930e+00 -3.010e-01 -3.010e-01 -6.240e+00 -7.815e+00 -1.024e+01 -2.367e+01 -2.400e+01 -2.400e+01 -2.400e+01 -2.400e+01 -2.400e+01 -2.400e+01 -2.400e+01 -2.400e+01 -2.400e+01
-15.386 -16.386 11.201 26.588 0.000 0.000 1.000 -6.847e+00 -3.010e-01 -3.010e-01 -6.157e+00 -7.732e+00 -1.016e+01 -2.352e+01 -2.400e+01 -2.400e+01 -2.400e+01 -2.400e+01 -2.400e+01 -2.400e+01 -2.400e+01 -2.400e+01 -2.400e+01
-15.262 -16.262 11.326 26.588 0.000 0.000 1.000 -6.723e+00 -3.010e-01 -3.010e-01 -6.033e+00 -7.608e+00 -1.004e+01 -2.324e+01 -2.400e+01 -2.400e+01 -2.400e+01 -2.400e+01 -2.400e+01 -2.400e+01 -2.400e+01 -2.400e+01 -2.400e+01
-15.179 -16.179 11.408 26.588 0.000 0.000 1.000 -6.640e+00 -3.010e-01 -3.010e-01 -5.950e+00 -7.525e+00 -9.953e+00 -2.302e+01 -2.400e+01 -2.400e+01 -2.400e+01 -2.400e+01 -2.400e+01 -2.400e+01 -2.400e+01 -2.400e+01 -2.400e+01
-15.096 -16.096 11.491 26.588 0.000 0.000 1.000 -6.557e+00 -3.010e-01 -3.010e-01 -5.868e+00 -7.442e+00 -9.871e+00 -2.279e+01 -2.400e+01 -2.400e+01 -2.400e+01 -2.400e+01 -2.400e+01 -2.400e+01 -2.400e+01 -2.400e+01 -2.400e+01
-14.972 -15.972 11.615 26.588 0.000 0.000 1.000 -6.433e+00 -3.010e-01 -3.010e-01 -5.743e+00 -7.318e+00 -9.746e+00 -2.244e+01 -2.400e+01 -2.400e+01 -2.400e+01 -2.400e+01 -2.400e+01 -2.400e+01 -2.400e+01 -2.400e+01 -2.400e+01
-14.889 -15.889 11.698 26.588 0.000 0.000 1.000 -6.350e+00 -3.010e-01 -3.010e-01 -5.661e+00 -7.235e+00 -9.664e+00 -2.220e+01 -2.400e+01 -2.400e+01 -2.400e+01 -2.400e+01 -2.400e+01 -2.400e+01 -2.400e+01 -2.400e+01 -2.400e+01
-14.765 -15.765 11.822 26.588 0.000 0.000 1.000 -6.226e+00 -3.010e-01 -3.010e-01 -5.537e+00 -7.111e+00 -9.539e+00 -2.183e+01 -2.400e+01 -2.400e+01 -2.400e+01 -2.400e+01 -2.400e+01 -2.400e+01 -2.400e+01 -2.400e+01 -2.400e+01
-14.682 -15.682 11.905 26.588 0.000 0.000 1.000 -6.143e+00 -3.010e-01 -3.010e-01 -5.454e+00 -7.028e+00 -9.457e+00 -2.158e+01 -2.400e+01 -2.400e+01 -2.400e+01 -2.400e+01 -2.400e+01 -2.400e+01 -2.400e+01 -2.400e+01 -2.400e+01
-14.600 -15.600 11.988 26.588 0.000 0.000 1.000 -6.060e+00 -3.010e-01 -3.010e-01 -5.371e+00 -6.946e+00 -9.374e+00 -2.133e+01 -2.400e+01 -2.400e+01 -2.400e+01 -2.400e+01 -2.400e+01 -2.400e+01 -2.400e+01 -2.400e+01 -2.400e+01
-14.475 -15.475 12.112 26.588 0.000 0.000 1.000 -5.936e+00 -3.010e-01 -3.010e-01 -5.247e+00 -6.822e+00 -9.250e+00 -2.096e+01 -2.400e+01 -2.400e+01 -2.400e+01 -2.400e+01 -2.400e+01 -2.400e+01 -2.400e+01 -2.400e+01 -2.400e+01
-14.393 -15.393 12.195 26.588 0.000 0.000 1.000 -5.853e+00 -3.010e-01 -3.010e-01 -5.164e+00 -6.739e+00 -9.167e+00 -2.071e+01 -2.400e+01 -2.400e+01 -2.400e+01 -2.400e+01 -2.400e+01 -2.400e+01 -2.400e+01 -2.400e+01 -2.400e+01
-14.269 -15.269 12.319 26.588 0.000 0.000 1.000 -5.729e+00 -3.010e-01 -3.010e-01 -5.040e+00 -6.615e+00 -9.043e+00 -2.034e+01 -2.400e+01 -2.400e+01 -2.400e+01 -2.400e+01 -2.400e+01 -2.400e+01 -2.400e+01 -2.400e+01 -2.400e+01
-14.186 -15.186 12.402 26.588 0.000 0.000 1.000 -5.646e+00 -3.010e-01 -3.010e-01 -4.957e+00 -6.532e+00 -8.960e+00 -2.009e+01 -2.400e+01 -2.400e+01 -2.400e+01 -2.400e+01 -2.400e+01 -2.400e+01 -2.400e+01 -2.400e+01 -2.400e+01
-14.062 -15.062 12.526 26.588 0.000 0.000 1.000 -5.522e+00 -3.010e-01 -3.010e-01 -4.833e+00 -6.408e+00 -8.836e+00 -1.972e+01 -2.400e+01 -2.400e+01 -2.400e+01 -2.400e+01 -2.400e+01 -2.400e+01 -2.400e+01 -2.400e+01 -2.400e+01
-13.979 -14.979 12.609 26.587 0.000 0.000 1.000 -5.439e+00 -3.010e-01 -3.010e-01 -4.750e+00 -6.325e+00 -8.753e+00 -1.947e+01 -2.400e+01 -2.400e+01 -2.400e+01 -2.400e+01 -2.400e+01 -2.400e+01 -2.400e+01 -2.400e+01 -2.400e+01
-13.896 -14.896 12.692 26.587 0.000 0.000 1.000 -5.357e+00 -3.011e-01 -3.010e-01 -4.667e+00 -6.242e+00 -8.670e+00 -1.922e+01 -2.400e+01 -2.400e+01 -2.400e+01 -2.400e+01 -2.400e+01 -2.400e+01 -2.400e+01 -2.400e+01 -2.400e+01
-13.772 -14.772 12.816 26.587 0.000 0.000 1.000 -5.232e+00 -3.011e-01 -3.010e-01 -4.543e+00 -6.118e+00 -8.546e+00 -1.885e+01 -2.400e+01 -2.400e+01 -2.400e+01 -2.400e+01 -2.400e+01 -2.400e+01 -2.400e+01 -2.400e+01 -2.400e+01
-13.689 -14.689 12.898 26.587 0.000 0.000 1.000 -5.150e+00 -3.011e-01 -3.010e-01 -4.460e+00 -6.035e+00 -8.463e+00 -1.860e+01 -2.400e+01 -2.400e+01 -2.400e+01 -2.400e+01 -2.400e+01 -2.400e+01 -2.400e+01 -2.400e+01 -2.400e+01
-13.565 -14.565 13.023 26.587 0.000 0.000 1.000 -5.025e+00 -3.011e-01 -3.010e-01 -4.336e+00 -5.911e+00 -8.339e+00 -1.823e+01 -2.400e+01 -2.400e+01 -2.400e+01 -2.400e+01 -2.400e+01 -2.400e+01 -2.400e+01 -2.400e+01 -2.400e+01
-13.482 -14.482 13.105 26.587 0.000 0.000 1.000 -4.943e+00 -3.011e-01 -3.010e-01 -4.253e+00 -5.828e+00 -8.256e+00 -1.798e+01 -2.400e+01 -2.400e+01 -2.400e+01 -2.400e+01 -2.400e+01 -2.400e+01 -2.400e+01 -2.400e+01 -2.400e+01
-13.399 -14.399 13.188 26.587 0.000 0.000 1.000 -4.860e+00 -3.011e-01 -3.010e-01 -4.171e+00 -5.745e+00 -8.173e+00 -1.773e+01 -2.400e+01 -2.400e+01 -2.400e+01 -2.400e+01 -2.400e+01 -2.400e+01 -2.400e+01 -2.400e+01 -2.400e+01
-13.275 -14.275 13.312 26.587 0.000 0.000 1.000 -4.736e+00 -3.011e-01 -3.010e-01 -4.046e+00 -5.621e+00 -8.049e+00 -1.736e+01 -2.400e+01 -2.400e+01 -2.400e+01 -2.400e+01 -2.400e+01 -2.400e+01 -2.400e+01 -2.400e+01 -2.400e+01
-13.192 -14.192 13.395 26.587 0.000 0.000 1.000 -4.653e+00 -3.011e-01 -3.010e-01 -3.964e+00 -5.538e+00 -7.966e+00 -1.711e+01 -2.400e+01 -2.400e+01 -2.400e+01 -2.400e+01 -2.400e+01 -2.400e+01 -2.400e+01 -2.400e+01 -2.400e+01
-13.068 -14.068 13.519 26.587 0.000 0.000 1.000 -4.529e+00 -3.012e-01 -3.010e-01 -3.840e+00 -5.414e+00 -7.842e+00 -1.674e+01 -2.400e+01 -2.400e+01 -2.400e+01 -2.400e+01 -2.400e+01 -2.400e+01 -2.400e+01 -2.400e+01 -2.400e+01
-12.985 -13.985 13.602 26.587 0.000 0.000 1.000 -4.446e+00 -3.012e-01 -3.010e-01 -3.757e+00 -5.331e+00 -7.759e+00 -1.649e+01 -2.400e+01 -2.400e+01 -2.400e+01 -2.400e+01 -2.400e+01 -2.400e+01 -2.400e+01 -2.400e+01 -2.400e+01
-12.861 -13.861 13.726 26.587 0.000 0.000 1.000 -4.322e+00 -3.013e-01 -3.010e-01 -3.633e+00 -5.207e+00 -7.635e+00 -1.612e+01 -2.398e+01 -2.400e+01 -2.400e+01 -2.400e+01 -2.400e+01 -2.400e+01 -2.400e+01 -2.400e+01 -2.400e+01
-12.778 -13.778 13.809 26.587 0.000 0.000 1.000 -4.239e+00 -3.013e-01 -3.010e-01 -3.550e+00 -5.125e+00 -7.552e+00 -1.587e+01 -2.396e+01 -2.400e+01 -2.400e+01 -2.400e+01 -2.400e+01 -2.400e+01 -2.400e+01 -2.400e+01 -2.400e+01
-12.696 -13.696 13.892 26.587 0.000 0.000 1.000 -4.157e+00 -3.014e-01 -3.010e-01 -3.467e+00 -5.042e+00 -7.469e+00 -1.562e+01 -2.390e+01 -2.400e+01 -2.400e+01 -2.400e+01 -2.400e+01 -2.400e+01 -2.400e+01 -2.400e+01 -2.400e+01
-12.571 -13.571 14.016 26.587 0.000 0.000 1.000 -4.032e+00 -3.015e-01 -3.010e-01 -3.343e+00 -4.918e+00 -7.345e+00 -1.525e+01 -2.368e+01 -2.400e+01 -2.400e+01 -2.400e+01 -2.400e+01 -2.400e+01 -2.400e+01 -2.400e+01 -2.400e+01
-12.489 -13.489 14.098 26.586 0.000 0.000 1.000 -3.950e+00 -3.016e-01 -3.010e-01 -3.260e+00 -4.835e+00 -7.262e+00 -1.500e+01 -2.342e+01 -2.400e+01 -2.400e+01 -2.400e+01 -2.400e+01 -2.400e+01 -2.400e+01 -2.400e+01 -2.400e+01
-12.364 -13.364 14.222 26.586 0.000 0.000 1.000 -3.826e+00 -3.018e-01 -3.010e-01 -3.136e+00 -4.711e+00 -7.138e+00 -1.463e+01 -2.290e+01 -2.400e+01 -2.400e+01 -2.400e+01 -2.400e+01 -2.400e+01 -2.400e+01 -2.400e+01 -2.400e+01
-12.282 -13.282 14.305 26.586 0.000 0.000 1.000 -3.743e+00 -3.020e-01 -3.010e-01 -3.054e+00 -4.628e+00 -7.055e+00 -1.438e+01 -2.251e+01 -2.400e+01 -2.400e+01 -2.400e+01 -2.400e+01 -2.400e+01 -2.400e+01 -2.400e+01 -2.400e+01
-12.199 -13.199 14.388 26.585 0.000 0.000 1.000 -3.661e+00 -3.022e-01 -3.010e-01 -2.971e+00 -4.545e+00 -6.972e+00 -1.413e+01 -2.210e+01 -2.400e+01 -2.400e+01 -2.400e+01 -2.400e+01 -2.400e+01 -2.400e+01 -2.400e+01 -2.400e+01
-12.075 -13.075 14.511 26.585 0.000 0.000 1.000 -3.537e+00 -3.025e-01 -3.011e-01 -2.847e+00 -4.421e+00 -6.847e+00 -1.376e+01 -2.148e+01 -2.400e+01 -2.400e+01 -2.400e+01 -2.400e+01 -2.400e+01 -2.400e+01 -2.400e+01 -2.400e+01
-11.992 -12.992 14.594 26.584 0.000 0.000 1.000 -3.454e+00 -3.028e-01 -3.011e-01 -2.765e+00 -4.339e+00 -6.764e+00 -1.351e+01 -2.107e+01 -2.400e+01 -2.400e+01 -2.400e+01 -2.400e+01 -2.400e+01 -2.400e+01 -2.400e+01 -2.400e+01
-11.868 -12.868 14.717 26.583 0.000 0.000 1.000 -3.331e+00 -3.034e-01 -3.011e-01 -2.641e+00 -4.215e+00 -6.639e+00 -1.314e+01 -2.045e+01 -2.400e+01 -2.400e+01 -2.400e+01 -2.400e+01 -2.400e+01 -2.400e+01 -2.400e+01 -2.400e+01
-11.785 -12.785 14.800 26.582 0.000 0.000 1.000 -3.248e+00 -3.039e-01 -3.011e-01 -2.559e+00 -4.132e+00 -6.556e+00 -1.289e+01 -2.004e+01 -2.400e+01 -2.400e+01 -2.400e+01 -2.400e+01 -2.400e+01 -2.400e+01 -2.400e+01 -2.400e+01
-11.661 -12.661 14.923 26.580 0.000 0.000 1.000 -3.125e+00 -3.049e-01 -3.011e-01 -2.436e+00 -4.009e+00 -6.430e+00 -1.252e+01 -1.942e+01 -2.400e+01 -2.400e+01 -2.400e+01 -2.400e+01 -2.400e+01 -2.400e+01 -2.400e+01 -2.400e+01
-11.578 -12.578 15.005 26.579 0.000 0.000 1.000 -3.043e+00 -3.057e-01 -3.011e-01 -2.354e+00 -3.926e+00 -6.347e+00 -1.227e+01 -1.900e+01 -2.400e+01 -2.400e+01 -2.400e+01 -2.400e+01 -2.400e+01 -2.400e+01 -2.400e+01 -2.400e+01
-11.495 -12.495 15.087 26.577 0.000 0.000 1.000 -2.961e+00 -3.067e-01 -3.011e-01 -2.272e+00 -3.844e+00 -6.263e+00 -1.202e+01 -1.859e+01 -2.400e+01 -2.400e+01 -2.400e+01 -2.400e+01 -2.400e+01 -2.400e+01 -2.400e+01 -2.400e+01
-11.371 -12.371 15.209 26.574 0.000 0.000 1.000 -2.839e+00 -3.086e-01 -3.011e-01 -2.150e+00 -3.720e+00 -6.136e+00 -1.165e+01 -1.797e+01 -2.399e+01 -2.400e+01 -2.400e+01 -2.400e+01 -2.400e+01 -2.400e+01 -2.400e+01 -2.400e+01
-11.288 -12.288 15.291 26.571 0.000 0.000 1.000 -2.758e+00 -3.101e-01 -3.012e-01 -2.069e+00 -3.638e+00 -6.051e+00 -1.140e+01 -1.756e+01 -2.395e+01 -2.400e+01 -2.400e+01 -2.400e+01 -2.400e+01 -2.400e+01 -2.400e+01 -2.400e+01
-11.164 -12.164 15.412 26.565 0.000 0.000 1.000 -2.636e+00 -3.131e-01 -3.012e-01 -1.947e+00 -3.515e+00 -5.923e+00 -1.102e+01 -1.694e+01 -2.371e+01 -2.400e+01 -2.400e+01 -2.400e+01 -2.400e+01 -2.400e+01 -2.400e+01 -2.400e+01
-11.081 -12.081 15.492 26.561 0.000 0.000 1.000 -2.556e+00 -3.156e-01 -3.012e-01 -1.867e+00 -3.433e+00 -5.837e+00 -1.077e+01 -1.653e+01 -2.333e+01 -2.400e+01 -2.400e+01 -2.400e+01 -2.400e+01 -2.400e+01 -2.400e+01 -2.400e+01
-10.998 -11.998 15.572 26.555 0.000 0.000 1.000 -2.476e+00 -3.186e-01 -3.013e-01 -1.787e+00 -3.351e+00 -5.750e+00 -1.053e+01 -1.611e+01 -2.283e+01 -2.400e+01 -2.400e+01 -2.400e+01 -2.400e+01 -2.400e+01 -2.400e+01 -2.400e+01
-10.874 -11.874 15.691 26.545 0.000 0.000 1.000 -2.357e+00 -3.243e-01 -3.014e-01 -1.669e+00 -3.228e+00 -5.617e+00 -1.015e+01 -1.550e+01 -2.200e+01 -2.400e+01 -2.400e+01 -2.400e+01 -2.400e+01 -2.400e+01 -2.400e+01 -2.400e+01
-10.792 -11.792 15.769 26.536 0.000 0.000 1.000 -2.279e+00 -3.290e-01 -3.014e-01 -1.591e+00 -3.146e+00 -5.527e+00 -9.900e+00 -1.509e+01 -2.143e+01 -2.400e+01 -2.400e+01 -2.400e+01 -2.400e+01 -2.400e+01 -2.400e+01 -2.400e+01
-10.667 -11.667 15.885 26.520 0.000 0.000 1.000 -2.163e+00 -3.379e-01 -3.016e-01 -1.475e+00 -3.023e+00 -5.387e+00 -9.524e+00 -1.447e+01 -2.057e+01 -2.399e+01 -2.400e+01 -2.400e+01 -2.400e+01 -2.400e+01 -2.400e+01 -2.400e+01
-10.585 -11.585 15.961 26.507 0.000 0.000 1.000 -2.088e+00 -3.453e-01 -3.016e-01 -1.400e+00 -2.940e+00 -5.291e+00 -9.271e+00 -1.406e+01 -2.000e+01 -2.396e+01 -2.400e+01 -2.400e+01 -2.400e+01 -2.400e+01 -2.400e+01 -2.400e+01
-10.460 -11.460 16.072 26.483 0.000 0.000 1.000 -1.977e+00 -3.590e-01 -3.018e-01 -1.289e+00 -2.813e+00 -5.139e+00 -8.890e+00 -1.344e+01 -1.915e+01 -2.365e+01 -2.400e+01 -2.400e+01 -2.400e+01 -2.400e+01 -2.400e+01 -2.400e+01
-10.378 -11.378 16.144 26.463 0.000 0.000 1.000 -1.905e+00 -3.703e-01 -3.020e-01 -1.218e+00 -2.727e+00 -5.032e+00 -8.633e+00 -1.303e+01 -1.858e+01 -2.312e+01 -2.400e+01 -2.400e+01 -2.400e+01 -2.400e+01 -2.400e+01 -2.400e+01
-10.295 -11.295 16.215 26.440 0.000 0.000 1.000 -1.836e+00 -3.837e-01 -3.021e-01 -1.149e+00 -2.638e+00 -4.918e+00 -8.373e+00 -1.262e+01 -1.801e+01 -2.245e+01 -2.400e+01 -2.400e+01 -2.400e+01 -2.400e+01 -2.400e+01 -2.400e+01
-10.171 -11.171 16.317 26.400 0.000 0.000 1.000 -1.735e+00 -4.080e-01 -3.024e-01 -1.050e+00 -2.499e+00 -4.733e+00 -7.976e+00 -1.200e+01 -1.717e+01 -2.139e+01 -2.400e+01 -2.400e+01 -2.400e+01 -2.400e+01 -2.400e+01 -2.400e+01
-10.088 -11.088 16.382 26.368 0.000 0.000 1.000 -1.672e+00 -4.277e-01 -3.026e-01 -9.871e-01 -2.401e+00 -4.598e+00 -7.705e+00 -1.158e+01 -1.661e+01 -2.067e+01 -2.400e+01 -2.400e+01 -2.400e+01 -2.400e+01 -2.400e+01 -2.400e+01
-9.964 -10.964 16.476 26.314 0.000 0.000 1.000 -1.583e+00 -4.629e-01 -3.030e-01 -8.998e-01 -2.243e+00 -4.373e+00 -7.285e+00 -1.096e+01 -1.577e+01 -1.962e+01 -2.399e+01 -2.400e+01 -2.400e+01 -2.400e+01 -2.400e+01 -2.400e+01
-9.881 -10.881 16.535 26.274 0.000 0.000 1.000 -1.529e+00 -4.907e-01 -3.032e-01 -8.467e-01 -2.131e+00 -4.206e+00 -6.996e+00 -1.054e+01 -1.521e+01 -1.892e+01 -2.397e+01 -2.400e+01 -2.400e+01 -2.400e+01 -2.400e+01 -2.400e+01
-9.798 -10.798 16.593 26.232 0.000 0.000 1.000 -1.479e+00 -5.222e-01 -3.034e-01 -7.980e-01 -2.013e+00 -4.025e+00 -6.697e+00 -1.011e+01 -1.465e+01 -1.822e+01 -2.381e+01 -2.400e+01 -2.400e+01 -2.400e+01 -2.400e+01 -2.400e+01
-9.674 -10.674 16.675 26.168 0.000 0.000 1.000 -1.412e+00 -5.768e-01 -3.037e-01 -7.345e-01 -1.827e+00 -3.728e+00 -6.231e+00 -9.460e+00 -1.381e+01 -1.719e+01 -2.297e+01 -2.400e+01 -2.400e+01 -2.400e+01 -2.400e+01 -2.400e+01
-9.591 -10.591 16.727 26.125 0.000 0.000 1.000 -1.374e+00 -6.184e-01 -3.038e-01 -6.992e-01 -1.700e+00 -3.516e+00 -5.909e+00 -9.022e+00 -1.325e+01 -1.650e+01 -2.220e+01 -2.400e+01 -2.400e+01 -2.400e+01 -2.400e+01 -2.400e+01
-9.467 -10.467 16.804 26.066 0.000 0.000 1.000 -1.328e+00 -6.884e-01 -3.038e-01 -6.582e-01 -1.509e+00 -3.185e+00 -5.416e+00 -8.360e+00 -1.241e+01 -1.549e+01 -2.101e+01 -2.400e+01 -2.400e+01 -2.400e+01 -2.400e+01 -2.400e+01
-9.384 -10.384 16.854 26.031 0.000 0.105 1.000 -1.305e+00 -7.402e-01 -3.036e-01 -6.396e-01 -1.385e+00 -2.961e+00 -5.085e+00 -7.920e+00 -1.186e+01 -1.482e+01 -2.023e+01 -2.400e+01 -2.400e+01 -2.400e+01 -2.400e+01 -2.400e+01
-9.260 -10.260 16.930 25.981 0.000 0.053 1.000 -1.284e+00 -8.252e-01 -3.031e-01 -6.262e-01 -1.208e+00 -2.630e+00 -4.594e+00 -7.269e+00 -1.105e+01 -1.385e+01 -1.908e+01 -2.397e+01 -2.400e+01 -2.400e+01 -2.400e+01 -2.400e+01
-9.177 -10.177 16.980 25.948 0.000 0.000 1.000 -1.278e+00 -8.864e-01 -3.025e-01 -6.277e-01 -1.100e+00 -2.417e+00 -4.277e+00 -6.848e+00 -1.052e+01 -1.322e+01 -1.835e+01 -2.382e+01 -2.400e+01 -2.400e+01 -2.400e+01 -2.400e+01
-9.094 -10.094 17.030 25.912 0.000 0.000 1.000 -1.280e+00 -9.511e-01 -3.016e-01 -6.381e-01 -1.000e+00 -2.215e+00 -3.972e+00 -6.442e+00 -1.002e+01 -1.261e+01 -1.764e+01 -2.337e+01 -2.400e+01 -2.400e+01 -2.400e+01 -2.400e+01
-8.970 -9.970 17.103 25.848 0.000 0.000 1.000 -1.298e+00 -1.054e+00 -3.000e-01 -6.714e-01 -8.696e-01 -1.934e+00 -3.544e+00 -5.867e+00 -9.297e+00 -1.175e+01 -1.663e+01 -2.232e+01 -2.400e+01 -2.400e+01 -2.400e+01 -2.400e+01
-8.887 -9.887 17.150 25.796 0.000 0.000 1.000 -1.320e+00 -1.126e+00 -2.986e-01 -7.057e-01 -7.964e-01 -1.764e+00 -3.280e+00 -5.511e+00 -8.850e+00 -1.121e+01 -1.600e+01 -2.161e+01 -2.400e+01 -2.400e+01 -2.400e+01 -2.400e+01
-8.763 -9.763 17.216 25.700 0.000 0.000 1.000 -1.368e+00 -1.239e+00 -2.963e-01 -7.754e-01 -7.078e-01 -1.537e+00 -2.921e+00 -5.022e+00 -8.233e+00 -1.047e+01 -1.513e+01 -2.061e+01 -2.400e+01 -2.400e+01 -2.400e+01 -2.400e+01
-8.680 -9.680 17.256 25.624 0.000 0.000 1.000 -1.410e+00 -1.317e+00 -2.946e-01 -8.336e-01 -6.626e-01 -1.405e+00 -2.706e+00 -4.727e+00 -7.859e+00 -1.002e+01 -1.460e+01 -2.000e+01 -2.399e+01 -2.400e+01 -2.400e+01 -2.400e+01
-8.598 -9.598 17.293 25.537 0.000 0.000 1.000 -1.461e+00 -1.397e+00 -2.930e-01 -9.005e-01 -6.279e-01 -1.288e+00 -2.511e+00 -4.457e+00 -7.515e+00 -9.602e+00 -1.411e+01 -1.944e+01 -2.397e+01 -2.400e+01 -2.400e+01 -2.400e+01
-8.474 -9.474 17.341 25.390 0.000 0.000 1.000 -1.553e+00 -1.522e+00 -2.905e-01 -1.015e+00 -5.936e-01 -1.139e+00 -2.256e+00 -4.098e+00 -7.055e+00 -9.049e+00 -1.346e+01 -1.868e+01 -2.382e+01 -2.400e+01 -2.400e+01 -2.400e+01
-8.391 -9.391 17.368 25.281 0.000 0.000 1.000 -1.624e+00 -1.608e+00 -2.890e-01 -1.100e+00 -5.811e-01 -1.056e+00 -2.108e+00 -3.888e+00 -6.784e+00 -8.725e+00 -1.307e+01 -1.823e+01 -2.358e+01 -2.400e+01 -2.400e+01 -2.400e+01
-8.267 -9.267 17.403 25.101 0.000 0.000 1.000 -1.749e+00 -1.741e+00 -2.870e-01 -1.237e+00 -5.747e-01 -9.544e-01 -1.920e+00 -3.617e+00 -6.432e+00 -8.306e+00 -1.257e+01 -1.764e+01 -2.307e+01 -2.400e+01 -2.400e+01 -2.400e+01
-8.184 -9.184 17.423 24.972 0.000 0.000 1.000 -1.844e+00 -1.833e+00 -2.858e-01 -1.333e+00 -5.768e-01 -8.995e-01 -1.815e+00 -3.463e+00 -6.230e+00 -8.071e+00 -1.228e+01 -1.731e+01 -2.271e+01 -2.400e+01 -2.400e+01 -2.400e+01
-8.060 -9.060 17.446 24.761 0.000 0.000 1.000 -2.005e+00 -1.977e+00 -2.842e-01 -1.484e+00 -5.863e-01 -8.340e-01 -1.685e+00 -3.269e+00 -5.975e+00 -7.785e+00 -1.192e+01 -1.688e+01 -2.224e+01 -2.400e+01 -2.400e+01 -2.400e+01
-7.977 -8.977 17.459 24.611 0.000 0.000 1.000 -2.124e+00 -2.077e+00 -2.833e-01 -1.589e+00 -5.953e-01 -7.997e-01 -1.615e+00 -3.163e+00 -5.834e+00 -7.637e+00 -1.173e+01 -1.665e+01 -2.197e+01 -2.400e+01 -2.400e+01 -2.400e+01
-7.894 -8.894 17.469 24.454 0.000 0.000 1.000 -2.252e+00 -2.182e+00 -2.825e-01 -1.701e+00 -6.051e-01 -7.715e-01 -1.557e+00 -3.074e+00 -5.714e+00 -7.524e+00 -1.156e+01 -1.645e+01 -2.174e+01 -2.400e+01 -2.400e+01 -2.400e+01
-7.770 -8.770 17.481 24.209 0.000 0.000 1.000 -2.456e+00 -2.346e+00 -2.816e-01 -1.884e+00 -6.201e-01 -7.382e-01 -1.489e+00 -2.968e+00 -5.569e+00 -7.417e+00 -1.138e+01 -1.621e+01 -2.146e+01 -2.400e+01 -2.400e+01 -2.400e+01
-7.687 -8.687 17.487 24.045 0.000 0.000 1.000 -2.596e+00 -2.462e+00 -2.813e-01 -2.022e+00 -6.296e-01 -7.205e-01 -1.455e+00 -2.913e+00 -5.491e+00 -7.388e+00 -1.129e+01 -1.609e+01 -2.132e+01 -2.400e+01 -2.400e+01 -2.400e+01
-7.563 -8.563 17.494 23.809 0.000 0.000 1.000 -2.806e+00 -2.642e+00 -2.816e-01 -2.254e+00 -6.426e-01 -6.983e-01 -1.418e+00 -2.849e+00 -5.397e+00 -7.402e+00 -1.119e+01 -1.595e+01 -2.114e+01 -2.399e+01 -2.400e+01 -2.400e+01
-7.480 -8.480 17.498 23.663 0.000 0.000 1.000 -2.940e+00 -2.763e+00 -2.823e-01 -2.425e+00 -6.505e-01 -6.854e-01 -1.400e+00 -2.816e+00 -5.346e+00 -7.449e+00 -1.115e+01 -1.587e+01 -2.104e+01 -2.399e+01 -2.400e+01 -2.400e+01
-7.397 -8.397 17.502 23.531 0.000 0.000 1.000 -3.063e+00 -2.881e+00 -2.835e-01 -2.601e+00 -6.578e-01 -6.733e-01 -1.388e+00 -2.789e+00 -5.302e+00 -7.520e+00 -1.112e+01 -1.581e+01 -2.096e+01 -2.399e+01 -2.400e+01 -2.400e+01
-7.273 -8.273 17.507 23.375 0.000 0.000 1.000 -3.204e+00 -3.031e+00 -2.862e-01 -2.837e+00 -6.682e-01 -6.553e-01 -1.376e+00 -2.758e+00 -5.245e+00 -7.645e+00 -1.109e+01 -1.573e+01 -2.085e+01 -2.399e+01 -2.400e+01 -2.400e+01
-7.185 -8.185 17.510 23.298 0.000 0.000 1.000 -3.262e+00 -3.105e+00 -2.889e-01 -2.950e+00 -6.759e-01 -6.416e-01 -1.372e+00 -2.739e+00 -5.206e+00 -7.710e+00 -1.107e+01 -1.568e+01 -2.078e+01 -2.399e+01 -2.400e+01 -2.400e+01
-7.097 -8.097 17.514 23.257 0.000 0.000 1.000 -3.292e+00 -3.150e+00 -2.923e-01 -3.013e+00 -6.846e-01 -6.266e-01 -1.369e+00 -2.721e+00 -5.165e+00 -7.735e+00 -1.105e+01 -1.563e+01 -2.070e+01 -2.399e+01 -2.400e+01 -2.400e+01
-6.993 -8.023 17.519 23.230 0.000 0.053 1.000 -3.307e+00 -3.175e+00 -2.972e-01 -3.046e+00 -6.968e-01 -6.065e-01 -1.365e+00 -2.699e+00 -5.113e+00 -7.714e+00 -1.103e+01 -1.556e+01 -2.061e+01 -2.399e+01 -2.400e+01 -2.400e+01
-6.892 -8.075 17.524 23.213 0.000 0.053 1.000 -3.313e+00 -3.182e+00 -3.033e-01 -3.062e+00 -7.115e-01 -5.842e-01 -1.360e+00 -2.675e+00 -5.054e+00 -7.664e+00 -1.101e+01 -1.549e+01 -2.050e+01 -2.399e+01 -2.400e+01 -2.400e+01
-6.786 -7.991 17.532 23.197 0.000 0.053 1.000 -3.317e+00 -3.185e+00 -3.113e-01 -3.076e+00 -7.307e-01 -5.577e-01 -1.351e+00 -2.647e+00 -4.984e+00 -7.596e+00 -1.097e+01 -1.540e+01 -2.036e+01 -2.399e+01 -2.400e+01 -2.400e+01
-6.697 -8.061 17.539 23.180 0.000 0.053 1.000 -3.320e+00 -3.186e+00 -3.196e-01 -3.088e+00 -7.507e-01 -5.329e-01 -1.339e+00 -2.620e+00 -4.917e+00 -7.530e+00 -1.093e+01 -1.532e+01 -2.024e+01 -2.398e+01 -2.400e+01 -2.400e+01
-6.592 -8.011 17.549 23.157 0.000 0.053 1.000 -3.322e+00 -3.187e+00 -3.316e-01 -3.105e+00 -7.797e-01 -5.012e-01 -1.318e+00 -2.584e+00 -4.828e+00 -7.443e+00 -1.086e+01 -1.521e+01 -2.008e+01 -2.397e+01 -2.400e+01 -2.400e+01
-6.493 -7.979 17.560 23.130 0.000 0.053 1.000 -3.323e+00 -3.189e+00 -3.456e-01 -3.123e+00 -8.135e-01 -4.694e-01 -1.292e+00 -2.545e+00 -4.736e+00 -7.350e+00 -1.078e+01 -1.510e+01 -1.991e+01 -2.396e+01 -2.400e+01 -2.400e+01
-6.395 -7.974 17.572 23.098 0.000 0.053 1.000 -3.322e+00 -3.190e+00 -3.626e-01 -3.142e+00 -8.549e-01 -4.363e-01 -1.258e+00 -2.500e+00 -4.636e+00 -7.246e+00 -1.068e+01 -1.497e+01 -1.972e+01 -2.394e+01 -2.400e+01 -2.400e+01
-6.296 -8.003 17.587 23.060 0.000 0.053 1.000 -3.317e+00 -3.193e+00 -3.836e-01 -3.164e+00 -9.065e-01 -4.021e-01 -1.215e+00 -2.446e+00 -4.524e+00 -7.129e+00 -1.055e+01 -1.481e+01 -1.951e+01 -2.390e+01 -2.400e+01 -2.400e+01
-6.197 -7.930 17.602 23.013 0.000 0.053 1.000 -3.309e+00 -3.196e+00 -4.092e-01 -3.189e+00 -9.712e-01 -3.674e-01 -1.165e+00 -2.381e+00 -4.399e+00 -6.995e+00 -1.040e+01 -1.462e+01 -1.927e+01 -2.384e+01 -2.400e+01 -2.400e+01
-6.098 -8.056 17.619 22.957 0.000 0.053 1.000 -3.297e+00 -3.199e+00 -4.398e-01 -3.215e+00 -1.050e+00 -3.341e-01 -1.110e+00 -2.305e+00 -4.261e+00 -6.844e+00 -1.021e+01 -1.440e+01 -1.900e+01 -2.373e+01 -2.400e+01 -2.400e+01
-5.998 -7.942 17.637 22.891 0.000 0.053 1.000 -3.279e+00 -3.204e+00 -4.771e-01 -3.243e+00 -1.150e+00 -3.022e-01 -1.049e+00 -2.214e+00 -4.105e+00 -6.669e+00 -9.986e+00 -1.413e+01 -1.868e+01 -2.354e+01 -2.400e+01 -2.400e+01
-5.899 -7.907 17.654 22.813 0.000 0.053 1.000 -3.255e+00 -3.210e+00 -5.210e-01 -3.273e+00 -1.270e+00 -2.739e-01 -9.864e-01 -2.112e+00 -3.931e+00 -6.470e+00 -9.728e+00 -1.381e+01 -1.831e+01 -2.325e+01 -2.400e+01 -2.400e+01
-5.800 -7.969 17.672 22.721 0.000 0.053 1.000 -3.225e+00 -3.217e+00 -5.729e-01 -3.306e+00 -1.415e+00 -2.497e-01 -9.222e-01 -2.001e+00 -3.738e+00 -6.246e+00 -9.431e+00 -1.345e+01 -1.788e+01 -2.284e+01 -2.400e+01 -2.400e+01
-5.700 -8.007 17.690 22.615 0.000 0.105 1.000 -3.191e+00 -3.227e+00 -6.341e-01 -3.342e+00 -1.580e+00 -2.306e-01 -8.591e-01 -1.883e+00 -3.525e+00 -5.999e+00 -9.095e+00 -1.303e+01 -1.738e+01 -2.233e+01 -2.400e+01 -2.400e+01
-5.600 -7.894 17.706 22.496 0.000 0.053 1.000 -3.156e+00 -3.239e+00 -7.056e-01 -3.385e+00 -1.752e+00 -2.164e-01 -8.002e-01 -1.767e+00 -3.298e+00 -5.736e+00 -8.727e+00 -1.257e+01 -1.682e+01 -2.174e+01 -2.400e+01 -2.400e+01
-5.499 -7.982 17.720 22.364 0.000 0.105 1.000 -3.123e+00 -3.254e+00 -7.880e-01 -3.439e+00 -1.914e+00 -2.062e-01 -7.485e-01 -1.660e+00 -3.067e+00 -5.470e+00 -8.340e+00 -1.207e+01 -1.622e+01 -2.110e+01 -2.400e+01 -2.400e+01
-5.400 -8.015 17.734 22.223 0.000 0.105 1.000 -3.094e+00 -3.273e+00 -8.818e-01 -3.507e+00 -2.055e+00 -1.985e-01 -7.059e-01 -1.571e+00 -2.843e+00 -5.217e+00 -7.952e+00 -1.156e+01 -1.559e+01 -2.044e+01 -2.399e+01 -2.400e+01
-5.299 -7.900 17.745 22.068 0.000 0.105 1.000 -3.071e+00 -3.298e+00 -9.886e-01 -3.591e+00 -2.185e+00 -1.923e-01 -6.717e-01 -1.499e+00 -2.633e+00 -4.983e+00 -7.576e+00 -1.105e+01 -1.495e+01 -1.978e+01 -2.393e+01 -2.400e+01
-5.200 -7.878 17.755 21.900 0.000 0.158 1.000 -3.053e+00 -3.328e+00 -1.109e+00 -3.692e+00 -2.308e+00 -1.872e-01 -6.452e-01 -1.445e+00 -2.445e+00 -4.775e+00 -7.221e+00 -1.056e+01 -1.433e+01 -1.913e+01 -2.373e+01 -2.400e+01
-5.100 -7.908 17.763 21.717 0.000 0.158 1.000 -3.038e+00 -3.366e+00 -1.244e+00 -3.811e+00 -2.429e+00 -1.833e-01 -6.247e-01 -1.404e+00 -2.277e+00 -4.593e+00 -6.890e+00 -1.009e+01 -1.373e+01 -1.852e+01 -2.331e+01 -2.400e+01
-5.000 -7.960 17.769 21.517 0.000 0.158 1.000 -3.027e+00 -3.413e+00 -1.396e+00 -3.949e+00 -2.541e+00 -1.804e-01 -6.095e-01 -1.374e+00 -2.131e+00 -4.435e+00 -6.586e+00 -9.644e+00 -1.315e+01 -1.793e+01 -2.277e+01 -2.400e+01
-4.900 -7.872 17.774 21.301 0.000 0.211 1.000 -3.019e+00 -3.471e+00 -1.565e+00 -4.106e+00 -2.641e+00 -1.787e-01 -5.984e-01 -1.352e+00 -2.006e+00 -4.301e+00 -6.306e+00 -9.228e+00 -1.261e+01 -1.737e+01 -2.221e+01 -2.400e+01
-4.800 -7.890 17.777 21.067 0.000 0.211 1.000 -3.012e+00 -3.541e+00 -1.753e+00 -4.282e+00 -2.724e+00 -1.781e-01 -5.906e-01 -1.335e+00 -1.901e+00 -4.190e+00 -6.050e+00 -8.838e+00 -1.209e+01 -1.685e+01 -2.168e+01 -2.400e+01
-4.700 -7.950 17.780 20.815 0.000 0.211 1.000 -3.006e+00 -3.625e+00 -1.960e+00 -4.476e+00 -2.785e+00 -1.783e-01 -5.850e-01 -1.323e+00 -1.816e+00 -4.099e+00 -5.816e+00 -8.472e+00 -1.159e+01 -1.635e+01 -2.116e+01 -2.399e+01
-4.600 -8.014 17.782 20.545 0.000 0.211 1.000 -3.001e+00 -3.721e+00 -2.184e+00 -4.685e+00 -2.828e+00 -1.794e-01 -5.808e-01 -1.313e+00 -1.749e+00 -4.027e+00 -5.602e+00 -8.127e+00 -1.112e+01 -1.587e+01 -2.068e+01 -2.397e+01
-4.500 -7.935 17.783 20.262 0.000 0.263 1.000 -2.996e+00 -3.828e+00 -2.418e+00 -4.899e+00 -2.856e+00 -1.812e-01 -5.771e-01 -1.303e+00 -1.698e+00 -3.971e+00 -5.407e+00 -7.802e+00 -1.067e+01 -1.542e+01 -2.021e+01 -2.393e+01
-4.400 -7.879 17.784 19.978 0.000 0.368 1.000 -2.990e+00 -3.937e+00 -2.643e+00 -5.097e+00 -2.876e+00 -1.836e-01 -5.734e-01 -1.293e+00 -1.659e+00 -3.926e+00 -5.226e+00 -7.494e+00 -1.024e+01 -1.498e+01 -1.977e+01 -2.382e+01
-4.300 -8.004 17.784 19.725 0.000 0.316 1.000 -2.983e+00 -4.032e+00 -2.828e+00 -5.252e+00 -2.891e+00 -1.868e-01 -5.693e-01 -1.281e+00 -1.628e+00 -3.887e+00 -5.058e+00 -7.200e+00 -9.828e+00 -1.455e+01 -1.934e+01 -2.361e+01
-4.200 -7.970 17.785 19.544 0.000 0.316 1.000 -2.974e+00 -4.096e+00 -2.947e+00 -5.346e+00 -2.906e+00 -1.906e-01 -5.646e-01 -1.268e+00 -1.600e+00 -3.851e+00 -4.899e+00 -6.918e+00 -9.425e+00 -1.414e+01 -1.891e+01 -2.331e+01
-4.100 -7.969 17.785 19.448 0.000 0.316 1.000 -2.964e+00 -4.130e+00 -3.009e+00 -5.392e+00 -2.921e+00 -1.953e-01 -5.592e-01 -1.252e+00 -1.571e+00 -3.812e+00 -4.745e+00 -6.644e+00 -9.031e+00 -1.374e+01 -1.850e+01 -2.294e+01
-4.000 -7.901 17.786 19.400 0.000 0.316 1.000 -2.952e+00 -4.150e+00 -3.044e+00 -5.416e+00 -2.938e+00 -2.010e-01 -5.531e-01 -1.234e+00 -1.540e+00 -3.769e+00 -4.595e+00 -6.376e+00 -8.645e+00 -1.334e+01 -1.809e+01 -2.254e+01
-3.900 -7.967 17.786 19.366 0.000 0.316 1.000 -2.939e+00 -4.167e+00 -3.074e+00 -5.436e+00 -2.958e+00 -2.077e-01 -5.463e-01 -1.214e+00 -1.504e+00 -3.720e+00 -4.444e+00 -6.110e+00 -8.263e+00 -1.295e+01 -1.768e+01 -2.213e+01
-3.800 -7.864 17.786 19.330 0.000 0.316 1.000 -2.924e+00 -4.185e+00 -3.106e+00 -5.457e+00 -2.981e+00 -2.155e-01 -5.389e-01 -1.191e+00 -1.465e+00 -3.665e+00 -4.293e+00 -5.846e+00 -7.883e+00 -1.255e+01 -1.727e+01 -2.171e+01
-3.700 -7.856 17.787 19.289 0.000 0.316 1.000 -2.907e+00 -4.207e+00 -3.143e+00 -5.481e+00 -3.007e+00 -2.247e-01 -5.310e-01 -1.166e+00 -1.421e+00 -3.604e+00 -4.138e+00 -5.580e+00 -7.502e+00 -1.215e+01 -1.685e+01 -2.127e+01
-3.600 -7.837 17.788 19.243 0.000 0.368 1.000 -2.888e+00 -4.231e+00 -3.184e+00 -5.509e+00 -3.036e+00 -2.352e-01 -5.229e-01 -1.139e+00 -1.374e+00 -3.539e+00 -3.981e+00 -5.312e+00 -7.119e+00 -1.175e+01 -1.643e+01 -2.084e+01
-3.500 -7.952 17.788 19.191 0.000 0.368 1.000 -2.868e+00 -4.258e+00 -3.230e+00 -5.540e+00 -3.067e+00 -2.471e-01 -5.147e-01 -1.111e+00 -1.324e+00 -3.468e+00 -3.820e+00 -5.040e+00 -6.732e+00 -1.134e+01 -1.600e+01 -2.039e+01
-3.400 -7.876 17.789 19.135 0.000 0.421 1.000 -2.846e+00 -4.289e+00 -3.281e+00 -5.575e+00 -3.102e+00 -2.606e-01 -5.067e-01 -1.082e+00 -1.272e+00 -3.395e+00 -3.657e+00 -4.765e+00 -6.341e+00 -1.093e+01 -1.557e+01 -1.993e+01
-3.300 -7.893 17.790 19.074 0.000 0.421 1.000 -2.824e+00 -4.323e+00 -3.336e+00 -5.613e+00 -3.139e+00 -2.755e-01 -4.991e-01 -1.051e+00 -1.218e+00 -3.319e+00 -3.492e+00 -4.487e+00 -5.946e+00 -1.051e+01 -1.513e+01 -1.947e+01
-3.200 -7.796 17.791 19.008 0.000 0.421 1.000 -2.801e+00 -4.360e+00 -3.396e+00 -5.654e+00 -3.178e+00 -2.920e-01 -4.923e-01 -1.021e+00 -1.164e+00 -3.241e+00 -3.327e+00 -4.208e+00 -5.547e+00 -1.009e+01 -1.468e+01 -1.900e+01
-3.100 -7.803 17.792 18.938 0.000 0.421 1.000 -2.777e+00 -4.400e+00 -3.459e+00 -5.699e+00 -3.219e+00 -3.100e-01 -4.864e-01 -9.915e-01 -1.109e+00 -3.162e+00 -3.165e+00 -3.930e+00 -5.146e+00 -9.667e+00 -1.423e+01 -1.853e+01
-3.000 -7.761 17.793 18.863 0.000 0.421 1.000 -2.753e+00 -4.444e+00 -3.525e+00 -5.746e+00 -3.263e+00 -3.294e-01 -4.816e-01 -9.626e-01 -1.055e+00 -3.084e+00 -3.008e+00 -3.655e+00 -4.746e+00 -9.243e+00 -1.379e+01 -1.805e+01
-2.900 -7.778 17.795 18.786 0.000 0.421 1.000 -2.728e+00 -4.491e+00 -3.594e+00 -5.796e+00 -3.307e+00 -3.502e-01 -4.782e-01 -9.349e-01 -1.003e+00 -3.008e+00 -2.858e+00 -3.387e+00 -4.350e+00 -8.822e+00 -1.334e+01 -1.759e+01
-2.800 -7.724 17.796 18.705 0.000 0.421 1.000 -2.704e+00 -4.541e+00 -3.665e+00 -5.849e+00 -3.353e+00 -3.723e-01 -4.762e-01 -9.088e-01 -9.522e-01 -2.933e+00 -2.717e+00 -3.129e+00 -3.960e+00 -8.408e+00 -1.290e+01 -1.712e+01
-2.700 -7.712 17.797 18.624 0.000 0.421 1.000 -2.681e+00 -4.594e+00 -3.738e+00 -5.903e+00 -3.400e+00 -3.955e-01 -4.758e-01 -8.847e-01 -9.041e-01 -2.861e+00 -2.586e+00 -2.884e+00 -3.581e+00 -8.005e+00 -1.248e+01 -1.667e+01
-2.600 -7.836 17.799 18.542 0.000 0.474 1.000 -2.658e+00 -4.649e+00 -3.812e+00 -5.958e+00 -3.447e+00 -4.197e-01 -4.770e-01 -8.629e-01 -8.590e-01 -2.793e+00 -2.468e+00 -2.655e+00 -3.214e+00 -7.616e+00 -1.206e+01 -1.624e+01
-2.500 -7.688 17.800 18.462 0.000 0.474 1.000 -2.636e+00 -4.705e+00 -3.886e+00 -6.013e+00 -3.493e+00 -4.446e-01 -4.798e-01 -8.437e-01 -8.176e-01 -2.730e+00 -2.362e+00 -2.446e+00 -2.865e+00 -7.244e+00 -1.167e+01 -1.582e+01
-2.400 -7.683 17.802 18.386 0.000 0.474 1.000 -2.615e+00 -4.763e+00 -3.958e+00 -6.068e+00 -3.539e+00 -4.698e-01 -4.844e-01 -8.276e-01 -7.806e-01 -2.672e+00 -2.268e+00 -2.259e+00 -2.535e+00 -6.894e+00 -1.130e+01 -1.543e+01
-2.300 -7.823 17.803 18.319 0.000 0.474 1.000 -2.596e+00 -4.819e+00 -4.026e+00 -6.121e+00 -3.583e+00 -4.950e-01 -4.907e-01 -8.150e-01 -7.490e-01 -2.622e+00 -2.187e+00 -2.095e+00 -2.228e+00 -6.568e+00 -1.095e+01 -1.507e+01
-2.200 -7.768 17.805 18.262 0.000 0.474 1.000 -2.580e+00 -4.873e+00 -4.090e+00 -6.171e+00 -3.624e+00 -5.197e-01 -4.988e-01 -8.065e-01 -7.237e-01 -2.580e+00 -2.120e+00 -1.957e+00 -1.945e+00 -6.269e+00 -1.064e+01 -1.473e+01
-2.100 -7.761 17.807 18.216 0.000 0.474 1.000 -2.566e+00 -4.921e+00 -4.146e+00 -6.215e+00 -3.661e+00 -5.432e-01 -5.085e-01 -8.025e-01 -7.059e-01 -2.548e+00 -2.068e+00 -1.843e+00 -1.689e+00 -5.998e+00 -1.035e+01 -1.444e+01
-2.000 -7.828 17.809 18.181 0.000 0.474 1.000 -2.555e+00 -4.963e+00 -4.194e+00 -6.254e+00 -3.694e+00 -5.655e-01 -5.202e-01 -8.035e-01 -6.962e-01 -2.528e+00 -2.031e+00 -1.753e+00 -1.460e+00 -5.759e+00 -1.010e+01 -1.418e+01
-1.900 -7.616 17.811 18.153 0.000 0.474 1.000 -2.548e+00 -4.998e+00 -4.233e+00 -6.287e+00 -3.723e+00 -5.868e-01 -5.340e-01 -8.098e-01 -6.949e-01 -2.519e+00 -2.010e+00 -1.683e+00 -1.258e+00 -5.550e+00 -9.887e+00 -1.395e+01
-1.800 -7.748 17.814 18.127 0.000 0.474 1.000 -2.543e+00 -5.026e+00 -4.266e+00 -6.316e+00 -3.749e+00 -6.081e-01 -5.505e-01 -8.214e-01 -7.018e-01 -2.521e+00 -2.002e+00 -1.628e+00 -1.082e+00 -5.369e+00 -9.701e+00 -1.376e+01
-1.700 -7.759 17.818 18.100 0.000 0.474 1.000 -2.540e+00 -5.052e+00 -4.296e+00 -6.343e+00 -3.775e+00 -6.310e-01 -5.705e-01 -8.385e-01 -7.159e-01 -2.532e+00 -2.004e+00 -1.581e+00 -9.292e-01 -5.213e+00 -9.542e+00 -1.360e+01
-1.600 -7.775 17.822 18.069 0.000 0.474 1.000 -2.538e+00 -5.079e+00 -4.327e+00 -6.373e+00 -3.803e+00 -6.576e-01 -5.951e-01 -8.611e-01 -7.364e-01 -2.551e+00 -2.013e+00 -1.537e+00 -7.955e-01 -5.077e+00 -9.404e+00 -1.346e+01
-1.500 -7.807 17.827 18.030 0.000 0.474 1.000 -2.536e+00 -5.110e+00 -4.363e+00 -6.408e+00 -3.838e+00 -6.899e-01 -6.254e-01 -8.895e-01 -7.630e-01 -2.576e+00 -2.026e+00 -1.493e+00 -6.779e-01 -4.957e+00 -9.283e+00 -1.334e+01
-1.400 -7.697 17.832 17.983 0.000 0.474 1.000 -2.534e+00 -5.149e+00 -4.408e+00 -6.451e+00 -3.879e+00 -7.295e-01 -6.627e-01 -9.246e-01 -7.958e-01 -2.606e+00 -2.043e+00 -1.449e+00 -5.736e-01 -4.851e+00 -9.174e+00 -1.322e+01
-1.300 -7.675 17.838 17.923 0.000 0.474 1.000 -2.531e+00 -5.198e+00 -4.463e+00 -6.504e+00 -3.931e+00 -7.782e-01 -7.085e-01 -9.674e-01 -8.357e-01 -2.643e+00 -2.062e+00 -1.405e+00 -4.808e-01 -4.755e+00 -9.075e+00 -1.312e+01
-1.200 -7.688 17.844 17.849 0.000 0.474 1.000 -2.527e+00 -5.260e+00 -4.531e+00 -6.569e+00 -3.994e+00 -8.377e-01 -7.641e-01 -1.019e+00 -8.834e-01 -2.687e+00 -2.085e+00 -1.364e+00 -3.987e-01 -4.669e+00 -8.985e+00 -1.303e+01
-1.100 -7.692 17.851 17.758 0.000 0.474 1.000 -2.522e+00 -5.338e+00 -4.616e+00 -6.650e+00 -4.072e+00 -9.097e-01 -8.308e-01 -1.080e+00 -9.395e-01 -2.738e+00 -2.110e+00 -1.325e+00 -3.268e-01 -4.592e+00 -8.903e+00 -1.294e+01
-1.000 -7.557 17.857 17.647 0.000 0.474 1.000 -2.514e+00 -5.434e+00 -4.719e+00 -6.747e+00 -4.165e+00 -9.956e-01 -9.096e-01 -1.152e+00 -1.004e+00 -2.795e+00 -2.138e+00 -1.292e+00 -2.649e-01 -4.523e+00 -8.827e+00 -1.286e+01
-0.900 -7.529 17.863 17.513 0.062 0.474 1.000 -2.505e+00 -5.553e+00 -4.842e+00 -6.862e+00 -4.274e+00 -1.096e+00 -1.001e+00 -1.234e+00 -1.077e+00 -2.859e+00 -2.169e+00 -1.266e+00 -2.128e-01 -4.462e+00 -8.756e+00 -1.278e+01
-0.800 -7.346 17.868 17.356 0.125 0.474 1.000 -2.493e+00 -5.697e+00 -4.987e+00 -6.997e+00 -4.401e+00 -1.211e+00 -1.104e+00 -1.326e+00 -1.157e+00 -2.927e+00 -2.201e+00 -1.247e+00 -1.703e-01 -4.407e+00 -8.690e+00 -1.270e+01
-0.700 -7.272 17.873 17.175 0.125 0.474 1.000 -2.479e+00 -5.864e+00 -5.153e+00 -7.149e+00 -4.544e+00 -1.339e+00 -1.218e+00 -1.425e+00 -1.241e+00 -2.996e+00 -2.235e+00 -1.235e+00 -1.364e-01 -4.359e+00 -8.627e+00 -1.262e+01
-0.600 -7.348 17.876 16.972 0.125 0.526 1.000 -2.462e+00 -6.052e+00 -5.336e+00 -7.317e+00 -4.699e+00 -1.477e+00 -1.339e+00 -1.529e+00 -1.328e+00 -3.066e+00 -2.270e+00 -1.231e+00 -1.100e-01 -4.315e+00 -8.567e+00 -1.255e+01
-0.500 -7.192 17.879 16.753 0.125 0.526 1.001 -2.443e+00 -6.254e+00 -5.532e+00 -7.494e+00 -4.863e+00 -1.622e+00 -1.464e+00 -1.635e+00 -1.415e+00 -3.135e+00 -2.306e+00 -1.233e+00 -8.991e-02 -4.276e+00 -8.508e+00 -1.247e+01
-0.400 -7.216 17.881 16.521 0.125 0.526 1.001 -2.423e+00 -6.464e+00 -5.733e+00 -7.677e+00 -5.030e+00 -1.769e+00 -1.592e+00 -1.742e+00 -1.502e+00 -3.201e+00 -2.343e+00 -1.240e+00 -7.466e-02 -4.241e+00 -8.453e+00 -1.239e+01
-0.300 -7.117 17.883 16.278 0.188 0.526 1.001 -2.402e+00 -6.674e+00 -5.935e+00 -7.860e+00 -5.197e+00 -1.916e+00 -1.717e+00 -1.848e+00 -1.587e+00 -3.266e+00 -2.380e+00 -1.251e+00 -6.317e-02 -4.209e+00 -8.400e+00 -1.232e+01
-0.200 -6.931 17.884 16.025 0.188 0.579 1.001 -2.382e+00 -6.875e+00 -6.132e+00 -8.038e+00 -5.359e+00 -2.058e+00 -1.839e+00 -1.949e+00 -1.668e+00 -3.327e+00 -2.416e+00 -1.263e+00 -5.453e-02 -4.180e+00 -8.351e+00 -1.225e+01
-0.100 -6.719 17.884 15.759 0.188 0.632 1.001 -2.363e+00 -7.057e+00 -6.315e+00 -8.204e+00 -5.511e+00 -2.191e+00 -1.953e+00 -2.044e+00 -1.744e+00 -3.383e+00 -2.451e+00 -1.276e+00 -4.806e-02 -4.154e+00 -8.307e+00 -1.219e+01
+0.000 -6.726 17.885 15.476 0.188 0.632 1.001 -2.346e+00 -7.212e+00 -6.478e+00 -8.352e+00 -5.646e+00 -2.309e+00 -2.054e+00 -2.128e+00 -1.811e+00 -3.433e+00 -2.482e+00 -1.288e+00 -4.331e-02 -4.133e+00 -8.268e+00 -1.213e+01
+0.100 -6.609 17.885 15.168 0.188 0.632 1.002 -2.331e+00 -7.330e+00 -6.612e+00 -8.473e+00 -5.758e+00 -2.407e+00 -2.138e+00 -2.198e+00 -1.867e+00 -3.475e+00 -2.508e+00 -1.299e+00 -3.995e-02 -4.115e+00 -8.236e+00 -1.208e+01
+0.200 -6.554 17.885 14.820 0.250 0.684 1.002 -2.321e+00 -7.412e+00 -6.710e+00 -8.562e+00 -5.841e+00 -2.480e+00 -2.200e+00 -2.249e+00 -1.908e+00 -3.505e+00 -2.527e+00 -1.308e+00 -3.774e-02 -4.102e+00 -8.213e+00 -1.205e+01
+0.300 -6.482 17.885 14.446 0.250 0.684 1.002 -2.314e+00 -7.459e+00 -6.772e+00 -8.619e+00 -5.894e+00 -2.526e+00 -2.240e+00 -2.282e+00 -1.934e+00 -3.525e+00 -2.540e+00 -1.313e+00 -3.644e-02 -4.094e+00 -8.198e+00 -1.203e+01
+0.400 -6.391 17.885 14.021 0.250 0.737 1.002 -2.311e+00 -7.483e+00 -6.803e+00 -8.647e+00 -5.921e+00 -2.549e+00 -2.260e+00 -2.299e+00 -1.947e+00 -3.535e+00 -2.546e+00 -1.316e+00 -3.579e-02 -4.090e+00 -8.191e+00 -1.202e+01
+0.500 -6.073 17.885 13.611 0.438 0.895 1.002 -2.310e+00 -7.492e+00 -6.815e+00 -8.659e+00 -5.932e+00 -2.559e+00 -2.268e+00 -2.306e+00 -1.953e+00 -3.539e+00 -2.549e+00 -1.317e+00 -3.551e-02 -4.089e+00 -8.188e+00 -1.201e+01
+0.600 -5.886 17.885 13.274 0.500 1.000 1.002 -2.309e+00 -7.495e+00 -6.820e+00 -8.663e+00 -5.936e+00 -2.562e+00 -2.271e+00 -2.308e+00 -1.955e+00 -3.540e+00 -2.550e+00 -1.317e+00 -3.539e-02 -4.088e+00 -8.187e+00 -1.201e+01
+0.700 -5.620 17.885 13.029 0.625 1.000 1.002 -2.309e+00 -7.496e+00 -6.821e+00 -8.664e+00 -5.937e+00 -2.563e+00 -2.272e+00 -2.309e+00 -1.955e+00 -3.541e+00 -2.550e+00 -1.318e+00 -3.533e-02 -4.088e+00 -8.186e+00 -1.201e+01
+0.800 -5.416 17.885 12.684 0.750 1.000 1.002 -2.309e+00 -7.496e+00 -6.822e+00 -8.664e+00 -5.937e+00 -2.564e+00 -2.272e+00 -2.309e+00 -1.955e+00 -3.541e+00 -2.550e+00 -1.318e+00 -3.529e-02 -4.088e+00 -8.186e+00 -1.201e+01
+0.900 -5.463 17.885 11.324 0.750 1.000 1.002 -2.309e+00 -7.497e+00 -6.822e+00 -8.665e+00 -5.938e+00 -2.564e+00 -2.272e+00 -2.309e+00 -1.956e+00 -3.541e+00 -2.550e+00 -1.318e+00 -3.526e-02 -4.088e+00 -8.186e+00 -1.201e+01
+1.000 -5.312 17.885 11.569 0.750 1.000 1.002 -2.309e+00 -7.497e+00 -6.822e+00 -8.665e+00 -5.938e+00 -2.564e+00 -2.272e+00 -2.309e+00 -1.956e+00 -3.541e+00 -2.550e+00 -1.318e+00 -3.525e-02 -4.088e+00 -8.186e+00 -1.201e+01
+1.100 -5.259 17.885 11.897 0.750 1.000 1.002 -2.309e+00 -7.497e+00 -6.822e+00 -8.665e+00 -5.938e+00 -2.564e+00 -2.272e+00 -2.309e+00 -1.956e+00 -3.541e+00 -2.550e+00 -1.318e+00 -3.525e-02 -4.088e+00 -8.186e+00 -1.201e+01
+1.200 -5.415 17.885 12.645 0.750 1.000 1.002 -2.309e+00 -7.497e+00 -6.822e+00 -8.665e+00 -5.938e+00 -2.564e+00 -2.272e+00 -2.309e+00 -1.956e+00 -3.541e+00 -2.550e+00 -1.318e+00 -3.526e-02 -4.088e+00 -8.186e+00 -1.201e+01
+1.300 -5.117 17.885 12.273 0.750 1.000 1.002 -2.309e+00 -7.497e+00 -6.822e+00 -8.665e+00 -5.938e+00 -2.564e+00 -2.272e+00 -2.309e+00 -1.956e+00 -3.541e+00 -2.550e+00 -1.318e+00 -3.527e-02 -4.088e+00 -8.186e+00 -1.201e+01
+1.400 -5.194 17.885 12.259 0.750 1.000 1.002 -2.309e+00 -7.497e+00 -6.822e+00 -8.665e+00 -5.938e+00 -2.564e+00 -2.272e+00 -2.309e+00 -1.956e+00 -3.541e+00 -2.550e+00 -1.318e+00 -3.528e-02 -4.088e+00 -8.186e+00 -1.201e+01
+1.500 -4.440 17.885 12.161 0.812 1.000 1.002 -2.309e+00 -7.497e+00 -6.822e+00 -8.665e+00 -5.938e+00 -2.564e+00 -2.272e+00 -2.309e+00 -1.956e+00 -3.541e+00 -2.550e+00 -1.318e+00 -3.530e-02 -4.088e+00 -8.186e+00 -1.201e+01
+1.600 -4.602 17.885 12.110 0.812 1.000 1.002 -2.309e+00 -7.497e+00 -6.822e+00 -8.665e+00 -5.938e+00 -2.564e+00 -2.273e+00 -2.309e+00 -1.956e+00 -3.541e+00 -2.550e+00 -1.318e+00 -3.533e-02 -4.088e+00 -8.186e+00 -1.201e+01
+1.700 -4.534 17.885 12.830 0.812 1.000 1.002 -2.309e+00 -7.497e+00 -6.822e+00 -8.665e+00 -5.938e+00 -2.564e+00 -2.273e+00 -2.309e+00 -1.956e+00 -3.541e+00 -2.550e+00 -1.318e+00 -3.538e-02 -4.088e+00 -8.186e+00 -1.201e+01
+1.800 -5.124 17.885 12.416 0.750 1.000 1.002 -2.309e+00 -7.497e+00 -6.822e+00 -8.665e+00 -5.938e+00 -2.564e+00 -2.273e+00 -2.310e+00 -1.956e+00 -3.541e+00 -2.550e+00 -1.318e+00 -3.543e-02 -4.088e+00 -8.186e+00 -1.201e+01
+1.900 -4.165 17.885 12.701 0.812 1.000 1.002 -2.309e+00 -7.497e+00 -6.822e+00 -8.665e+00 -5.938e+00 -2.564e+00 -2.273e+00 -2.310e+00 -1.956e+00 -3.541e+00 -2.550e+00 -1.318e+00 -3.550e-02 -4.088e+00 -8.186e+00 -1.201e+01
+2.000 -5.743 17.885 12.764 0.625 1.000 1.002 -2.309e+00 -7.497e+00 -6.822e+00 -8.665e+00 -5.938e+00 -2.564e+00 -2.273e+00 -2.310e+00 -1.956e+00 -3.541e+00 -2.550e+00 -1.318e+00 -3.558e-02 -4.088e+00 -8.186e+00 -1.201e+01
