# ASY+PE method (no partition functions): 9011 integration steps in 2.0257e-01 seconds
# All quantities except Asy, RG_PE, and sumX are log10(x)
# Log of absolute values for E and dE/dt as they can be negative
# Units: t and dt in s; E in erg; dE/dt in erg/g/s; others dimensionless 
#
#    t     dt     |E|  |dE/dt| Asy  Equil  sumX  X(4He)     X(12C)     X(16O)     X(20Ne)     X(24Mg)     X(28Si)     X(32S)     X(36Ar)     X(40Ca)     X(44Ti)     X(48Cr)     X(52Fe)     X(56Ni)     X(60Zn)     X(64Ge)     X(68Se)     

-17.911 -18.911 10.304 28.219 0.000 0.000 1.000 -7.745e+00 -3.010e-01 -3.010e-01 -7.065e+00 -8.377e+00 -1.007e+01 -2.400e+01 -2.400e+01 -2.400e+01 -2.400e+01 -2.400e+01 -2.400e+01 -2.400e+01 -2.400e+01 -2.400e+01 -2.400e+01
-17.828 -18.828 10.388 28.219 0.000 0.000 1.000 -7.662e+00 -3.010e-01 -3.010e-01 -6.982e+00 -8.294e+00 -9.984e+00 -2.400e+01 -2.400e+01 -2.400e+01 -2.400e+01 -2.400e+01 -2.400e+01 -2.400e+01 -2.400e+01 -2.400e+01 -2.400e+01
-17.745 -18.745 10.471 28.219 0.000 0.000 1.000 -7.578e+00 -3.010e-01 -3.010e-01 -6.898e+00 -8.210e+00 -9.901e+00 -2.400e+01 -2.400e+01 -2.400e+01 -2.400e+01 -2.400e+01 -2.400e+01 -2.400e+01 -2.400e+01 -2.400e+01 -2.400e+01
-17.663 -18.663 10.554 28.219 0.000 0.000 1.000 -7.495e+00 -3.010e-01 -3.010e-01 -6.815e+00 -8.127e+00 -9.818e+00 -2.399e+01 -2.400e+01 -2.400e+01 -2.400e+01 -2.400e+01 -2.400e+01 -2.400e+01 -2.400e+01 -2.400e+01 -2.400e+01
-17.580 -18.580 10.637 28.219 0.000 0.000 1.000 -7.412e+00 -3.010e-01 -3.010e-01 -6.732e+00 -8.044e+00 -9.735e+00 -2.399e+01 -2.400e+01 -2.400e+01 -2.400e+01 -2.400e+01 -2.400e+01 -2.400e+01 -2.400e+01 -2.400e+01 -2.400e+01
-17.497 -18.497 10.720 28.219 0.000 0.000 1.000 -7.329e+00 -3.010e-01 -3.010e-01 -6.649e+00 -7.961e+00 -9.652e+00 -2.398e+01 -2.400e+01 -2.400e+01 -2.400e+01 -2.400e+01 -2.400e+01 -2.400e+01 -2.400e+01 -2.400e+01 -2.400e+01
-17.414 -18.414 10.803 28.219 0.000 0.000 1.000 -7.246e+00 -3.010e-01 -3.010e-01 -6.566e+00 -7.878e+00 -9.569e+00 -2.396e+01 -2.400e+01 -2.400e+01 -2.400e+01 -2.400e+01 -2.400e+01 -2.400e+01 -2.400e+01 -2.400e+01 -2.400e+01
-17.332 -18.332 10.886 28.219 0.000 0.000 1.000 -7.163e+00 -3.010e-01 -3.010e-01 -6.483e+00 -7.795e+00 -9.486e+00 -2.393e+01 -2.400e+01 -2.400e+01 -2.400e+01 -2.400e+01 -2.400e+01 -2.400e+01 -2.400e+01 -2.400e+01 -2.400e+01
-17.249 -18.249 10.969 28.219 0.000 0.000 1.000 -7.080e+00 -3.010e-01 -3.010e-01 -6.400e+00 -7.712e+00 -9.403e+00 -2.388e+01 -2.400e+01 -2.400e+01 -2.400e+01 -2.400e+01 -2.400e+01 -2.400e+01 -2.400e+01 -2.400e+01 -2.400e+01
-17.166 -18.166 11.052 28.219 0.000 0.000 1.000 -6.997e+00 -3.010e-01 -3.010e-01 -6.317e+00 -7.629e+00 -9.320e+00 -2.381e+01 -2.400e+01 -2.400e+01 -2.400e+01 -2.400e+01 -2.400e+01 -2.400e+01 -2.400e+01 -2.400e+01 -2.400e+01
-17.083 -18.083 11.135 28.219 0.000 0.000 1.000 -6.914e+00 -3.010e-01 -3.010e-01 -6.234e+00 -7.546e+00 -9.237e+00 -2.370e+01 -2.400e+01 -2.400e+01 -2.400e+01 -2.400e+01 -2.400e+01 -2.400e+01 -2.400e+01 -2.400e+01 -2.400e+01
-17.000 -18.000 11.218 28.219 0.000 0.000 1.000 -6.831e+00 -3.010e-01 -3.010e-01 -6.151e+00 -7.463e+00 -9.154e+00 -2.356e+01 -2.400e+01 -2.400e+01 -2.400e+01 -2.400e+01 -2.400e+01 -2.400e+01 -2.400e+01 -2.400e+01 -2.400e+01
-16.959 -17.959 11.259 28.219 0.000 0.000 1.000 -6.790e+00 -3.010e-01 -3.010e-01 -6.110e+00 -7.422e+00 -9.112e+00 -2.348e+01 -2.400e+01 -2.400e+01 -2.400e+01 -2.400e+01 -2.400e+01 -2.400e+01 -2.400e+01 -2.400e+01 -2.400e+01
-16.876 -17.876 11.342 28.219 0.000 0.000 1.000 -6.707e+00 -3.010e-01 -3.010e-01 -6.027e+00 -7.339e+00 -9.030e+00 -2.329e+01 -2.400e+01 -2.400e+01 -2.400e+01 -2.400e+01 -2.400e+01 -2.400e+01 -2.400e+01 -2.400e+01 -2.400e+01
-16.793 -17.793 11.425 28.219 0.000 0.000 1.000 -6.624e+00 -3.010e-01 -3.010e-01 -5.944e+00 -7.256e+00 -8.947e+00 -2.308e+01 -2.400e+01 -2.400e+01 -2.400e+01 -2.400e+01 -2.400e+01 -2.400e+01 -2.400e+01 -2.400e+01 -2.400e+01
-16.711 -17.711 11.508 28.219 0.000 0.000 1.000 -6.541e+00 -3.010e-01 -3.010e-01 -5.861e+00 -7.173e+00 -8.864e+00 -2.285e+01 -2.400e+01 -2.400e+01 -2.400e+01 -2.400e+01 -2.400e+01 -2.400e+01 -2.400e+01 -2.400e+01 -2.400e+01
-16.628 -17.628 11.591 28.219 0.000 0.000 1.000 -6.459e+00 -3.010e-01 -3.010e-01 -5.778e+00 -7.091e+00 -8.781e+00 -2.262e+01 -2.400e+01 -2.400e+01 -2.400e+01 -2.400e+01 -2.400e+01 -2.400e+01 -2.400e+01 -2.400e+01 -2.400e+01
-16.545 -17.545 11.673 28.219 0.000 0.000 1.000 -6.376e+00 -3.010e-01 -3.010e-01 -5.696e+00 -7.008e+00 -8.698e+00 -2.238e+01 -2.400e+01 -2.400e+01 -2.400e+01 -2.400e+01 -2.400e+01 -2.400e+01 -2.400e+01 -2.400e+01 -2.400e+01
-16.462 -17.462 11.756 28.219 0.000 0.000 1.000 -6.293e+00 -3.010e-01 -3.010e-01 -5.613e+00 -6.925e+00 -8.615e+00 -2.213e+01 -2.400e+01 -2.400e+01 -2.400e+01 -2.400e+01 -2.400e+01 -2.400e+01 -2.400e+01 -2.400e+01 -2.400e+01
-16.380 -17.380 11.839 28.219 0.000 0.000 1.000 -6.210e+00 -3.010e-01 -3.010e-01 -5.530e+00 -6.842e+00 -8.533e+00 -2.189e+01 -2.400e+01 -2.400e+01 -2.400e+01 -2.400e+01 -2.400e+01 -2.400e+01 -2.400e+01 -2.400e+01 -2.400e+01
-16.297 -17.297 11.922 28.219 0.000 0.000 1.000 -6.127e+00 -3.010e-01 -3.010e-01 -5.447e+00 -6.759e+00 -8.450e+00 -2.164e+01 -2.400e+01 -2.400e+01 -2.400e+01 -2.400e+01 -2.400e+01 -2.400e+01 -2.400e+01 -2.400e+01 -2.400e+01
-16.214 -17.214 12.005 28.219 0.000 0.000 1.000 -6.045e+00 -3.010e-01 -3.010e-01 -5.364e+00 -6.677e+00 -8.367e+00 -2.139e+01 -2.400e+01 -2.400e+01 -2.400e+01 -2.400e+01 -2.400e+01 -2.400e+01 -2.400e+01 -2.400e+01 -2.400e+01
-16.131 -17.131 12.088 28.219 0.000 0.000 1.000 -5.962e+00 -3.010e-01 -3.010e-01 -5.282e+00 -6.594e+00 -8.284e+00 -2.114e+01 -2.400e+01 -2.400e+01 -2.400e+01 -2.400e+01 -2.400e+01 -2.400e+01 -2.400e+01 -2.400e+01 -2.400e+01
-16.048 -17.048 12.170 28.219 0.000 0.000 1.000 -5.879e+00 -3.010e-01 -3.010e-01 -5.199e+00 -6.511e+00 -8.201e+00 -2.090e+01 -2.400e+01 -2.400e+01 -2.400e+01 -2.400e+01 -2.400e+01 -2.400e+01 -2.400e+01 -2.400e+01 -2.400e+01
-15.966 -16.966 12.253 28.219 0.000 0.000 1.000 -5.796e+00 -3.010e-01 -3.010e-01 -5.116e+00 -6.428e+00 -8.119e+00 -2.065e+01 -2.400e+01 -2.400e+01 -2.400e+01 -2.400e+01 -2.400e+01 -2.400e+01 -2.400e+01 -2.400e+01 -2.400e+01
-15.883 -16.883 12.336 28.219 0.000 0.000 1.000 -5.713e+00 -3.010e-01 -3.010e-01 -5.033e+00 -6.345e+00 -8.036e+00 -2.040e+01 -2.400e+01 -2.400e+01 -2.400e+01 -2.400e+01 -2.400e+01 -2.400e+01 -2.400e+01 -2.400e+01 -2.400e+01
-15.800 -16.800 12.419 28.219 0.000 0.000 1.000 -5.631e+00 -3.010e-01 -3.010e-01 -4.950e+00 -6.263e+00 -7.953e+00 -2.015e+01 -2.400e+01 -2.400e+01 -2.400e+01 -2.400e+01 -2.400e+01 -2.400e+01 -2.400e+01 -2.400e+01 -2.400e+01
-15.759 -16.759 12.460 28.219 0.000 0.000 1.000 -5.589e+00 -3.010e-01 -3.010e-01 -4.909e+00 -6.221e+00 -7.912e+00 -2.003e+01 -2.400e+01 -2.400e+01 -2.400e+01 -2.400e+01 -2.400e+01 -2.400e+01 -2.400e+01 -2.400e+01 -2.400e+01
-15.676 -16.676 12.543 28.219 0.000 0.000 1.000 -5.506e+00 -3.010e-01 -3.010e-01 -4.826e+00 -6.138e+00 -7.829e+00 -1.978e+01 -2.400e+01 -2.400e+01 -2.400e+01 -2.400e+01 -2.400e+01 -2.400e+01 -2.400e+01 -2.400e+01 -2.400e+01
-15.593 -16.593 12.626 28.219 0.000 0.000 1.000 -5.424e+00 -3.010e-01 -3.010e-01 -4.744e+00 -6.056e+00 -7.746e+00 -1.953e+01 -2.400e+01 -2.400e+01 -2.400e+01 -2.400e+01 -2.400e+01 -2.400e+01 -2.400e+01 -2.400e+01 -2.400e+01
-15.510 -16.510 12.708 28.219 0.000 0.000 1.000 -5.341e+00 -3.011e-01 -3.010e-01 -4.661e+00 -5.973e+00 -7.663e+00 -1.928e+01 -2.400e+01 -2.400e+01 -2.400e+01 -2.400e+01 -2.400e+01 -2.400e+01 -2.400e+01 -2.400e+01 -2.400e+01
-15.427 -16.427 12.791 28.219 0.000 0.000 1.000 -5.258e+00 -3.011e-01 -3.010e-01 -4.578e+00 -5.890e+00 -7.581e+00 -1.903e+01 -2.400e+01 -2.400e+01 -2.400e+01 -2.400e+01 -2.400e+01 -2.400e+01 -2.400e+01 -2.400e+01 -2.400e+01
-15.345 -16.345 12.874 28.219 0.000 0.000 1.000 -5.175e+00 -3.011e-01 -3.010e-01 -4.495e+00 -5.807e+00 -7.498e+00 -1.878e+01 -2.400e+01 -2.400e+01 -2.400e+01 -2.400e+01 -2.400e+01 -2.400e+01 -2.400e+01 -2.400e+01 -2.400e+01
-15.262 -16.262 12.957 28.219 0.000 0.000 1.000 -5.093e+00 -3.011e-01 -3.010e-01 -4.412e+00 -5.724e+00 -7.415e+00 -1.854e+01 -2.400e+01 -2.400e+01 -2.400e+01 -2.400e+01 -2.400e+01 -2.400e+01 -2.400e+01 -2.400e+01 -2.400e+01
-15.179 -16.179 13.040 28.219 0.000 0.000 1.000 -5.010e+00 -3.011e-01 -3.010e-01 -4.330e+00 -5.642e+00 -7.332e+00 -1.829e+01 -2.400e+01 -2.400e+01 -2.400e+01 -2.400e+01 -2.400e+01 -2.400e+01 -2.400e+01 -2.400e+01 -2.400e+01
-15.096 -16.096 13.122 28.219 0.000 0.000 1.000 -4.927e+00 -3.011e-01 -3.010e-01 -4.247e+00 -5.559e+00 -7.249e+00 -1.804e+01 -2.400e+01 -2.400e+01 -2.400e+01 -2.400e+01 -2.400e+01 -2.400e+01 -2.400e+01 -2.400e+01 -2.400e+01
-15.014 -16.014 13.205 28.219 0.000 0.000 1.000 -4.844e+00 -3.011e-01 -3.010e-01 -4.164e+00 -5.476e+00 -7.167e+00 -1.779e+01 -2.400e+01 -2.400e+01 -2.400e+01 -2.400e+01 -2.400e+01 -2.400e+01 -2.400e+01 -2.400e+01 -2.400e+01
-14.931 -15.931 13.288 28.219 0.000 0.000 1.000 -4.761e+00 -3.011e-01 -3.010e-01 -4.081e+00 -5.393e+00 -7.084e+00 -1.754e+01 -2.400e+01 -2.400e+01 -2.400e+01 -2.400e+01 -2.400e+01 -2.400e+01 -2.400e+01 -2.400e+01 -2.400e+01
-14.848 -15.848 13.371 28.219 0.000 0.000 1.000 -4.679e+00 -3.011e-01 -3.010e-01 -3.999e+00 -5.311e+00 -7.001e+00 -1.729e+01 -2.400e+01 -2.400e+01 -2.400e+01 -2.400e+01 -2.400e+01 -2.400e+01 -2.400e+01 -2.400e+01 -2.400e+01
-14.765 -15.765 13.453 28.219 0.000 0.000 1.000 -4.596e+00 -3.012e-01 -3.010e-01 -3.916e+00 -5.228e+00 -6.918e+00 -1.705e+01 -2.400e+01 -2.400e+01 -2.400e+01 -2.400e+01 -2.400e+01 -2.400e+01 -2.400e+01 -2.400e+01 -2.400e+01
-14.682 -15.682 13.536 28.218 0.000 0.000 1.000 -4.513e+00 -3.012e-01 -3.010e-01 -3.833e+00 -5.145e+00 -6.835e+00 -1.680e+01 -2.400e+01 -2.400e+01 -2.400e+01 -2.400e+01 -2.400e+01 -2.400e+01 -2.400e+01 -2.400e+01 -2.400e+01
-14.600 -15.600 13.619 28.218 0.000 0.000 1.000 -4.430e+00 -3.012e-01 -3.010e-01 -3.750e+00 -5.062e+00 -6.753e+00 -1.655e+01 -2.400e+01 -2.400e+01 -2.400e+01 -2.400e+01 -2.400e+01 -2.400e+01 -2.400e+01 -2.400e+01 -2.400e+01
-14.558 -15.558 13.660 28.218 0.000 0.000 1.000 -4.389e+00 -3.012e-01 -3.010e-01 -3.709e+00 -5.021e+00 -6.711e+00 -1.643e+01 -2.400e+01 -2.400e+01 -2.400e+01 -2.400e+01 -2.400e+01 -2.400e+01 -2.400e+01 -2.400e+01 -2.400e+01
-14.475 -15.475 13.743 28.218 0.000 0.000 1.000 -4.306e+00 -3.013e-01 -3.010e-01 -3.626e+00 -4.938e+00 -6.628e+00 -1.618e+01 -2.400e+01 -2.400e+01 -2.400e+01 -2.400e+01 -2.400e+01 -2.400e+01 -2.400e+01 -2.400e+01 -2.400e+01
-14.393 -15.393 13.826 28.218 0.000 0.000 1.000 -4.224e+00 -3.013e-01 -3.010e-01 -3.543e+00 -4.855e+00 -6.546e+00 -1.593e+01 -2.400e+01 -2.400e+01 -2.400e+01 -2.400e+01 -2.400e+01 -2.400e+01 -2.400e+01 -2.400e+01 -2.400e+01
-14.310 -15.310 13.908 28.218 0.000 0.000 1.000 -4.141e+00 -3.014e-01 -3.010e-01 -3.461e+00 -4.773e+00 -6.463e+00 -1.568e+01 -2.399e+01 -2.400e+01 -2.400e+01 -2.400e+01 -2.400e+01 -2.400e+01 -2.400e+01 -2.400e+01 -2.400e+01
-14.227 -15.227 13.991 28.218 0.000 0.000 1.000 -4.058e+00 -3.015e-01 -3.010e-01 -3.378e+00 -4.690e+00 -6.380e+00 -1.543e+01 -2.398e+01 -2.400e+01 -2.400e+01 -2.400e+01 -2.400e+01 -2.400e+01 -2.400e+01 -2.400e+01 -2.400e+01
-14.144 -15.144 14.074 28.218 0.000 0.000 1.000 -3.975e+00 -3.016e-01 -3.010e-01 -3.295e+00 -4.607e+00 -6.297e+00 -1.518e+01 -2.396e+01 -2.400e+01 -2.400e+01 -2.400e+01 -2.400e+01 -2.400e+01 -2.400e+01 -2.400e+01 -2.400e+01
-14.062 -15.062 14.157 28.218 0.000 0.000 1.000 -3.893e+00 -3.017e-01 -3.010e-01 -3.213e+00 -4.524e+00 -6.214e+00 -1.494e+01 -2.390e+01 -2.400e+01 -2.400e+01 -2.400e+01 -2.400e+01 -2.400e+01 -2.400e+01 -2.400e+01 -2.400e+01
-13.979 -14.979 14.239 28.217 0.000 0.000 1.000 -3.810e+00 -3.018e-01 -3.011e-01 -3.130e+00 -4.442e+00 -6.132e+00 -1.469e+01 -2.378e+01 -2.400e+01 -2.400e+01 -2.400e+01 -2.400e+01 -2.400e+01 -2.400e+01 -2.400e+01 -2.400e+01
-13.896 -14.896 14.322 28.217 0.000 0.000 1.000 -3.727e+00 -3.020e-01 -3.011e-01 -3.047e+00 -4.359e+00 -6.049e+00 -1.444e+01 -2.356e+01 -2.400e+01 -2.400e+01 -2.400e+01 -2.400e+01 -2.400e+01 -2.400e+01 -2.400e+01 -2.400e+01
-13.813 -14.813 14.404 28.217 0.000 0.000 1.000 -3.645e+00 -3.022e-01 -3.011e-01 -2.965e+00 -4.276e+00 -5.966e+00 -1.419e+01 -2.326e+01 -2.400e+01 -2.400e+01 -2.400e+01 -2.400e+01 -2.400e+01 -2.400e+01 -2.400e+01 -2.400e+01
-13.730 -14.730 14.487 28.216 0.000 0.000 1.000 -3.562e+00 -3.024e-01 -3.011e-01 -2.882e+00 -4.194e+00 -5.883e+00 -1.394e+01 -2.290e+01 -2.400e+01 -2.400e+01 -2.400e+01 -2.400e+01 -2.400e+01 -2.400e+01 -2.400e+01 -2.400e+01
-13.648 -14.648 14.569 28.216 0.000 0.000 1.000 -3.480e+00 -3.027e-01 -3.011e-01 -2.800e+00 -4.111e+00 -5.800e+00 -1.369e+01 -2.250e+01 -2.400e+01 -2.400e+01 -2.400e+01 -2.400e+01 -2.400e+01 -2.400e+01 -2.400e+01 -2.400e+01
-13.565 -14.565 14.652 28.215 0.000 0.000 1.000 -3.397e+00 -3.031e-01 -3.011e-01 -2.717e+00 -4.028e+00 -5.717e+00 -1.345e+01 -2.210e+01 -2.400e+01 -2.400e+01 -2.400e+01 -2.400e+01 -2.400e+01 -2.400e+01 -2.400e+01 -2.400e+01
-13.482 -14.482 14.734 28.214 0.000 0.000 1.000 -3.315e+00 -3.035e-01 -3.011e-01 -2.635e+00 -3.946e+00 -5.634e+00 -1.320e+01 -2.169e+01 -2.400e+01 -2.400e+01 -2.400e+01 -2.400e+01 -2.400e+01 -2.400e+01 -2.400e+01 -2.400e+01
-13.399 -14.399 14.817 28.213 0.000 0.000 1.000 -3.233e+00 -3.040e-01 -3.011e-01 -2.553e+00 -3.863e+00 -5.551e+00 -1.295e+01 -2.128e+01 -2.400e+01 -2.400e+01 -2.400e+01 -2.400e+01 -2.400e+01 -2.400e+01 -2.400e+01 -2.400e+01
-13.358 -14.358 14.858 28.213 0.000 0.000 1.000 -3.191e+00 -3.043e-01 -3.011e-01 -2.512e+00 -3.822e+00 -5.510e+00 -1.283e+01 -2.107e+01 -2.400e+01 -2.400e+01 -2.400e+01 -2.400e+01 -2.400e+01 -2.400e+01 -2.400e+01 -2.400e+01
-13.275 -14.275 14.940 28.211 0.000 0.000 1.000 -3.109e+00 -3.050e-01 -3.011e-01 -2.430e+00 -3.740e+00 -5.427e+00 -1.258e+01 -2.066e+01 -2.400e+01 -2.400e+01 -2.400e+01 -2.400e+01 -2.400e+01 -2.400e+01 -2.400e+01 -2.400e+01
-13.192 -14.192 15.022 28.210 0.000 0.000 1.000 -3.027e+00 -3.058e-01 -3.012e-01 -2.348e+00 -3.657e+00 -5.344e+00 -1.233e+01 -2.024e+01 -2.400e+01 -2.400e+01 -2.400e+01 -2.400e+01 -2.400e+01 -2.400e+01 -2.400e+01 -2.400e+01
-13.110 -14.110 15.103 28.208 0.000 0.000 1.000 -2.945e+00 -3.068e-01 -3.012e-01 -2.266e+00 -3.575e+00 -5.260e+00 -1.208e+01 -1.983e+01 -2.400e+01 -2.400e+01 -2.400e+01 -2.400e+01 -2.400e+01 -2.400e+01 -2.400e+01 -2.400e+01
-13.027 -14.027 15.185 28.205 0.000 0.000 1.000 -2.864e+00 -3.080e-01 -3.012e-01 -2.184e+00 -3.493e+00 -5.177e+00 -1.183e+01 -1.942e+01 -2.400e+01 -2.400e+01 -2.400e+01 -2.400e+01 -2.400e+01 -2.400e+01 -2.400e+01 -2.400e+01
-12.944 -13.944 15.266 28.203 0.000 0.000 1.000 -2.782e+00 -3.095e-01 -3.013e-01 -2.103e+00 -3.411e+00 -5.094e+00 -1.159e+01 -1.901e+01 -2.400e+01 -2.400e+01 -2.400e+01 -2.400e+01 -2.400e+01 -2.400e+01 -2.400e+01 -2.400e+01
-12.861 -13.861 15.347 28.199 0.000 0.000 1.000 -2.701e+00 -3.113e-01 -3.013e-01 -2.022e+00 -3.329e+00 -5.010e+00 -1.134e+01 -1.859e+01 -2.400e+01 -2.400e+01 -2.400e+01 -2.400e+01 -2.400e+01 -2.400e+01 -2.400e+01 -2.400e+01
-12.778 -13.778 15.428 28.195 0.000 0.000 1.000 -2.620e+00 -3.134e-01 -3.014e-01 -1.941e+00 -3.247e+00 -4.927e+00 -1.109e+01 -1.818e+01 -2.400e+01 -2.400e+01 -2.400e+01 -2.400e+01 -2.400e+01 -2.400e+01 -2.400e+01 -2.400e+01
-12.696 -13.696 15.508 28.190 0.000 0.000 1.000 -2.540e+00 -3.159e-01 -3.014e-01 -1.861e+00 -3.166e+00 -4.843e+00 -1.084e+01 -1.777e+01 -2.398e+01 -2.400e+01 -2.400e+01 -2.400e+01 -2.400e+01 -2.400e+01 -2.400e+01 -2.400e+01
-12.613 -13.613 15.588 28.185 0.000 0.000 1.000 -2.460e+00 -3.190e-01 -3.015e-01 -1.782e+00 -3.084e+00 -4.759e+00 -1.060e+01 -1.736e+01 -2.394e+01 -2.400e+01 -2.400e+01 -2.400e+01 -2.400e+01 -2.400e+01 -2.400e+01 -2.400e+01
-12.530 -13.530 15.667 28.178 0.000 0.000 1.000 -2.380e+00 -3.227e-01 -3.016e-01 -1.703e+00 -3.003e+00 -4.675e+00 -1.035e+01 -1.695e+01 -2.381e+01 -2.400e+01 -2.400e+01 -2.400e+01 -2.400e+01 -2.400e+01 -2.400e+01 -2.400e+01
-12.447 -13.447 15.746 28.169 0.000 0.000 1.000 -2.302e+00 -3.271e-01 -3.017e-01 -1.624e+00 -2.923e+00 -4.591e+00 -1.010e+01 -1.654e+01 -2.351e+01 -2.400e+01 -2.400e+01 -2.400e+01 -2.400e+01 -2.400e+01 -2.400e+01 -2.400e+01
-12.364 -13.364 15.823 28.159 0.000 0.000 1.000 -2.224e+00 -3.324e-01 -3.019e-01 -1.547e+00 -2.843e+00 -4.506e+00 -9.857e+00 -1.613e+01 -2.306e+01 -2.400e+01 -2.400e+01 -2.400e+01 -2.400e+01 -2.400e+01 -2.400e+01 -2.400e+01
-12.282 -13.282 15.900 28.147 0.000 0.000 1.000 -2.147e+00 -3.387e-01 -3.020e-01 -1.471e+00 -2.763e+00 -4.421e+00 -9.611e+00 -1.573e+01 -2.253e+01 -2.400e+01 -2.400e+01 -2.400e+01 -2.400e+01 -2.400e+01 -2.400e+01 -2.400e+01
-12.199 -13.199 15.975 28.132 0.000 0.000 1.000 -2.071e+00 -3.463e-01 -3.022e-01 -1.396e+00 -2.684e+00 -4.336e+00 -9.366e+00 -1.532e+01 -2.197e+01 -2.400e+01 -2.400e+01 -2.400e+01 -2.400e+01 -2.400e+01 -2.400e+01 -2.400e+01
-12.157 -13.157 16.012 28.124 0.000 0.000 1.000 -2.033e+00 -3.506e-01 -3.023e-01 -1.359e+00 -2.645e+00 -4.293e+00 -9.244e+00 -1.512e+01 -2.169e+01 -2.400e+01 -2.400e+01 -2.400e+01 -2.400e+01 -2.400e+01 -2.400e+01 -2.400e+01
-12.075 -13.075 16.085 28.105 0.000 0.000 1.000 -1.959e+00 -3.604e-01 -3.025e-01 -1.286e+00 -2.567e+00 -4.207e+00 -9.000e+00 -1.472e+01 -2.113e+01 -2.400e+01 -2.400e+01 -2.400e+01 -2.400e+01 -2.400e+01 -2.400e+01 -2.400e+01
-11.992 -12.992 16.156 28.083 0.000 0.000 1.000 -1.887e+00 -3.719e-01 -3.027e-01 -1.215e+00 -2.490e+00 -4.121e+00 -8.756e+00 -1.431e+01 -2.057e+01 -2.400e+01 -2.400e+01 -2.400e+01 -2.400e+01 -2.400e+01 -2.400e+01 -2.400e+01
-11.909 -12.909 16.225 28.056 0.000 0.000 1.000 -1.816e+00 -3.855e-01 -3.030e-01 -1.146e+00 -2.414e+00 -4.034e+00 -8.514e+00 -1.392e+01 -2.001e+01 -2.399e+01 -2.400e+01 -2.400e+01 -2.400e+01 -2.400e+01 -2.400e+01 -2.400e+01
-11.826 -12.826 16.292 28.025 0.000 0.000 1.000 -1.748e+00 -4.014e-01 -3.032e-01 -1.080e+00 -2.339e+00 -3.947e+00 -8.273e+00 -1.352e+01 -1.946e+01 -2.395e+01 -2.400e+01 -2.400e+01 -2.400e+01 -2.400e+01 -2.400e+01 -2.400e+01
-11.744 -12.744 16.356 27.989 0.000 0.000 1.000 -1.682e+00 -4.200e-01 -3.035e-01 -1.017e+00 -2.265e+00 -3.860e+00 -8.034e+00 -1.313e+01 -1.892e+01 -2.380e+01 -2.400e+01 -2.400e+01 -2.400e+01 -2.400e+01 -2.400e+01 -2.400e+01
-11.661 -12.661 16.417 27.946 0.000 0.000 1.000 -1.618e+00 -4.415e-01 -3.037e-01 -9.564e-01 -2.192e+00 -3.772e+00 -7.796e+00 -1.274e+01 -1.838e+01 -2.340e+01 -2.400e+01 -2.400e+01 -2.400e+01 -2.400e+01 -2.400e+01 -2.400e+01
-11.578 -12.578 16.475 27.896 0.000 0.000 1.000 -1.557e+00 -4.663e-01 -3.038e-01 -8.996e-01 -2.122e+00 -3.683e+00 -7.560e+00 -1.235e+01 -1.784e+01 -2.282e+01 -2.400e+01 -2.400e+01 -2.400e+01 -2.400e+01 -2.400e+01 -2.400e+01
-11.495 -12.495 16.529 27.839 0.000 0.000 1.000 -1.499e+00 -4.946e-01 -3.039e-01 -8.468e-01 -2.052e+00 -3.594e+00 -7.326e+00 -1.197e+01 -1.731e+01 -2.216e+01 -2.400e+01 -2.400e+01 -2.400e+01 -2.400e+01 -2.400e+01 -2.400e+01
-11.412 -12.412 16.579 27.772 0.000 0.000 1.000 -1.445e+00 -5.266e-01 -3.038e-01 -7.982e-01 -1.985e+00 -3.505e+00 -7.095e+00 -1.160e+01 -1.679e+01 -2.150e+01 -2.400e+01 -2.400e+01 -2.400e+01 -2.400e+01 -2.400e+01 -2.400e+01
-11.330 -12.330 16.625 27.696 0.000 0.000 1.000 -1.393e+00 -5.627e-01 -3.034e-01 -7.543e-01 -1.919e+00 -3.416e+00 -6.866e+00 -1.123e+01 -1.628e+01 -2.085e+01 -2.400e+01 -2.400e+01 -2.400e+01 -2.400e+01 -2.400e+01 -2.400e+01
-11.247 -12.247 16.666 27.609 0.000 0.000 1.000 -1.345e+00 -6.028e-01 -3.027e-01 -7.152e-01 -1.854e+00 -3.327e+00 -6.640e+00 -1.086e+01 -1.578e+01 -2.021e+01 -2.400e+01 -2.400e+01 -2.400e+01 -2.400e+01 -2.400e+01 -2.400e+01
-11.164 -12.164 16.703 27.509 0.000 0.000 1.000 -1.300e+00 -6.471e-01 -3.015e-01 -6.814e-01 -1.792e+00 -3.237e+00 -6.417e+00 -1.050e+01 -1.528e+01 -1.957e+01 -2.399e+01 -2.400e+01 -2.400e+01 -2.400e+01 -2.400e+01 -2.400e+01
-11.081 -12.081 16.734 27.394 0.000 0.000 1.000 -1.258e+00 -6.956e-01 -2.997e-01 -6.531e-01 -1.730e+00 -3.146e+00 -6.196e+00 -1.015e+01 -1.479e+01 -1.895e+01 -2.397e+01 -2.400e+01 -2.400e+01 -2.400e+01 -2.400e+01 -2.400e+01
-11.040 -12.040 16.748 27.330 0.000 0.000 1.000 -1.238e+00 -7.213e-01 -2.985e-01 -6.411e-01 -1.700e+00 -3.101e+00 -6.087e+00 -9.976e+00 -1.455e+01 -1.865e+01 -2.393e+01 -2.400e+01 -2.400e+01 -2.400e+01 -2.400e+01 -2.400e+01
-10.957 -11.957 16.773 27.187 0.000 0.000 1.000 -1.200e+00 -7.759e-01 -2.955e-01 -6.215e-01 -1.641e+00 -3.009e+00 -5.871e+00 -9.631e+00 -1.408e+01 -1.804e+01 -2.370e+01 -2.400e+01 -2.400e+01 -2.400e+01 -2.400e+01 -2.400e+01
-10.874 -11.874 16.792 27.016 0.000 0.000 1.000 -1.164e+00 -8.343e-01 -2.915e-01 -6.082e-01 -1.583e+00 -2.917e+00 -5.656e+00 -9.292e+00 -1.361e+01 -1.745e+01 -2.321e+01 -2.400e+01 -2.400e+01 -2.400e+01 -2.400e+01 -2.400e+01
-10.792 -11.792 16.806 26.803 0.000 0.000 1.000 -1.130e+00 -8.963e-01 -2.863e-01 -6.015e-01 -1.526e+00 -2.822e+00 -5.443e+00 -8.957e+00 -1.315e+01 -1.687e+01 -2.256e+01 -2.400e+01 -2.400e+01 -2.400e+01 -2.400e+01 -2.400e+01
-10.709 -11.709 16.815 26.510 0.000 0.000 1.000 -1.097e+00 -9.617e-01 -2.798e-01 -6.019e-01 -1.470e+00 -2.726e+00 -5.232e+00 -8.625e+00 -1.270e+01 -1.630e+01 -2.188e+01 -2.400e+01 -2.400e+01 -2.400e+01 -2.400e+01 -2.400e+01
-10.626 -11.626 16.819 25.965 0.000 0.000 1.000 -1.066e+00 -1.030e+00 -2.720e-01 -6.101e-01 -1.415e+00 -2.627e+00 -5.020e+00 -8.297e+00 -1.225e+01 -1.573e+01 -2.120e+01 -2.400e+01 -2.400e+01 -2.400e+01 -2.400e+01 -2.400e+01
-10.543 -11.543 16.817 25.834 0.000 0.000 1.000 -1.036e+00 -1.101e+00 -2.628e-01 -6.268e-01 -1.361e+00 -2.526e+00 -4.809e+00 -7.971e+00 -1.181e+01 -1.517e+01 -2.052e+01 -2.400e+01 -2.400e+01 -2.400e+01 -2.400e+01 -2.400e+01
-10.460 -11.460 16.811 26.228 0.000 0.000 1.000 -1.006e+00 -1.175e+00 -2.524e-01 -6.531e-01 -1.307e+00 -2.421e+00 -4.597e+00 -7.646e+00 -1.137e+01 -1.462e+01 -1.985e+01 -2.399e+01 -2.400e+01 -2.400e+01 -2.400e+01 -2.400e+01
-10.378 -11.378 16.801 26.345 0.000 0.000 1.000 -9.778e-01 -1.251e+00 -2.409e-01 -6.905e-01 -1.256e+00 -2.312e+00 -4.383e+00 -7.321e+00 -1.093e+01 -1.407e+01 -1.919e+01 -2.396e+01 -2.400e+01 -2.400e+01 -2.400e+01 -2.400e+01
-10.295 -11.295 16.787 26.369 0.000 0.000 1.000 -9.503e-01 -1.328e+00 -2.288e-01 -7.404e-01 -1.206e+00 -2.200e+00 -4.168e+00 -6.996e+00 -1.050e+01 -1.353e+01 -1.853e+01 -2.380e+01 -2.400e+01 -2.400e+01 -2.400e+01 -2.400e+01
-10.212 -11.212 16.770 26.337 0.000 0.000 1.000 -9.241e-01 -1.406e+00 -2.167e-01 -8.050e-01 -1.159e+00 -2.086e+00 -3.950e+00 -6.671e+00 -1.006e+01 -1.299e+01 -1.788e+01 -2.335e+01 -2.400e+01 -2.400e+01 -2.400e+01 -2.400e+01
-10.129 -11.129 16.751 26.256 0.000 0.000 1.000 -8.994e-01 -1.484e+00 -2.051e-01 -8.866e-01 -1.115e+00 -1.968e+00 -3.732e+00 -6.347e+00 -9.627e+00 -1.245e+01 -1.723e+01 -2.267e+01 -2.400e+01 -2.400e+01 -2.400e+01 -2.400e+01
-10.046 -11.046 16.733 26.119 0.000 0.000 1.000 -8.768e-01 -1.560e+00 -1.949e-01 -9.876e-01 -1.076e+00 -1.850e+00 -3.513e+00 -6.022e+00 -9.195e+00 -1.192e+01 -1.659e+01 -2.194e+01 -2.400e+01 -2.400e+01 -2.400e+01 -2.400e+01
-9.964 -10.964 16.719 25.895 0.000 0.000 1.000 -8.566e-01 -1.633e+00 -1.869e-01 -1.110e+00 -1.043e+00 -1.732e+00 -3.296e+00 -5.699e+00 -8.766e+00 -1.140e+01 -1.595e+01 -2.120e+01 -2.400e+01 -2.400e+01 -2.400e+01 -2.400e+01
-9.881 -10.881 16.712 25.452 0.000 0.000 1.000 -8.390e-01 -1.700e+00 -1.817e-01 -1.256e+00 -1.016e+00 -1.616e+00 -3.080e+00 -5.380e+00 -8.341e+00 -1.088e+01 -1.532e+01 -2.046e+01 -2.400e+01 -2.400e+01 -2.400e+01 -2.400e+01
-9.839 -10.839 16.711 24.773 0.000 0.000 1.000 -8.311e-01 -1.730e+00 -1.803e-01 -1.337e+00 -1.005e+00 -1.559e+00 -2.974e+00 -5.221e+00 -8.130e+00 -1.062e+01 -1.501e+01 -2.010e+01 -2.399e+01 -2.400e+01 -2.400e+01 -2.400e+01
-9.757 -10.757 16.717 25.497 0.000 0.000 1.000 -8.174e-01 -1.784e+00 -1.803e-01 -1.509e+00 -9.885e-01 -1.448e+00 -2.765e+00 -4.909e+00 -7.713e+00 -1.012e+01 -1.440e+01 -1.938e+01 -2.394e+01 -2.400e+01 -2.400e+01 -2.400e+01
-9.674 -10.674 16.733 25.762 0.000 0.000 1.000 -8.058e-01 -1.827e+00 -1.840e-01 -1.683e+00 -9.790e-01 -1.342e+00 -2.563e+00 -4.604e+00 -7.305e+00 -9.626e+00 -1.381e+01 -1.868e+01 -2.370e+01 -2.400e+01 -2.400e+01 -2.400e+01
-9.591 -10.591 16.757 25.870 0.000 0.000 1.000 -7.957e-01 -1.858e+00 -1.912e-01 -1.831e+00 -9.756e-01 -1.241e+00 -2.369e+00 -4.308e+00 -6.905e+00 -9.149e+00 -1.322e+01 -1.799e+01 -2.315e+01 -2.400e+01 -2.400e+01 -2.400e+01
-9.508 -10.508 16.789 25.917 0.000 0.000 1.000 -7.865e-01 -1.880e+00 -2.018e-01 -1.932e+00 -9.777e-01 -1.147e+00 -2.184e+00 -4.020e+00 -6.514e+00 -8.686e+00 -1.265e+01 -1.732e+01 -2.243e+01 -2.400e+01 -2.400e+01 -2.400e+01
-9.426 -10.426 16.827 25.935 0.000 0.000 1.000 -7.774e-01 -1.894e+00 -2.155e-01 -1.985e+00 -9.846e-01 -1.058e+00 -2.008e+00 -3.743e+00 -6.134e+00 -8.238e+00 -1.210e+01 -1.666e+01 -2.168e+01 -2.400e+01 -2.400e+01 -2.400e+01
-9.343 -10.343 16.869 25.939 0.000 0.000 1.000 -7.682e-01 -1.904e+00 -2.322e-01 -2.011e+00 -9.961e-01 -9.756e-01 -1.842e+00 -3.476e+00 -5.763e+00 -7.806e+00 -1.156e+01 -1.602e+01 -2.094e+01 -2.399e+01 -2.400e+01 -2.400e+01
-9.260 -10.260 16.915 25.936 0.000 0.000 1.000 -7.587e-01 -1.912e+00 -2.523e-01 -2.028e+00 -1.012e+00 -8.985e-01 -1.686e+00 -3.219e+00 -5.403e+00 -7.388e+00 -1.104e+01 -1.539e+01 -2.021e+01 -2.393e+01 -2.400e+01 -2.400e+01
-9.177 -10.177 16.964 25.927 0.000 0.000 1.000 -7.489e-01 -1.921e+00 -2.761e-01 -2.044e+00 -1.034e+00 -8.269e-01 -1.540e+00 -2.974e+00 -5.052e+00 -6.986e+00 -1.053e+01 -1.478e+01 -1.949e+01 -2.367e+01 -2.400e+01 -2.400e+01
-9.094 -10.094 17.015 25.911 0.000 0.000 1.000 -7.389e-01 -1.931e+00 -3.042e-01 -2.065e+00 -1.064e+00 -7.608e-01 -1.405e+00 -2.741e+00 -4.713e+00 -6.599e+00 -1.003e+01 -1.418e+01 -1.879e+01 -2.308e+01 -2.400e+01 -2.400e+01
-9.012 -10.012 17.067 25.887 0.000 0.000 1.000 -7.289e-01 -1.942e+00 -3.372e-01 -2.091e+00 -1.101e+00 -7.001e-01 -1.282e+00 -2.520e+00 -4.385e+00 -6.240e+00 -9.562e+00 -1.359e+01 -1.810e+01 -2.235e+01 -2.400e+01 -2.400e+01
-8.929 -9.929 17.119 25.853 0.000 0.000 1.000 -7.191e-01 -1.956e+00 -3.758e-01 -2.123e+00 -1.148e+00 -6.450e-01 -1.171e+00 -2.314e+00 -4.070e+00 -5.888e+00 -9.112e+00 -1.303e+01 -1.743e+01 -2.160e+01 -2.400e+01 -2.400e+01
-8.846 -9.846 17.170 25.805 0.062 0.000 1.001 -7.094e-01 -1.973e+00 -4.207e-01 -2.152e+00 -1.206e+00 -5.956e-01 -1.072e+00 -2.123e+00 -3.769e+00 -5.549e+00 -8.670e+00 -1.249e+01 -1.678e+01 -2.086e+01 -2.400e+01 -2.400e+01
-8.763 -9.763 17.218 25.746 0.125 0.000 1.002 -7.000e-01 -1.993e+00 -4.724e-01 -2.194e+00 -1.274e+00 -5.519e-01 -9.853e-01 -1.948e+00 -3.483e+00 -5.281e+00 -8.241e+00 -1.195e+01 -1.614e+01 -2.014e+01 -2.398e+01 -2.400e+01
-8.680 -9.680 17.262 25.674 0.125 0.000 1.003 -6.907e-01 -2.015e+00 -5.320e-01 -2.244e+00 -1.353e+00 -5.140e-01 -9.109e-01 -1.791e+00 -3.214e+00 -4.996e+00 -7.854e+00 -1.144e+01 -1.552e+01 -1.944e+01 -2.386e+01 -2.400e+01
-8.639 -9.639 17.283 25.632 0.125 0.000 1.004 -6.862e-01 -2.028e+00 -5.649e-01 -2.272e+00 -1.395e+00 -4.971e-01 -8.780e-01 -1.719e+00 -3.086e+00 -4.856e+00 -7.663e+00 -1.120e+01 -1.522e+01 -1.910e+01 -2.372e+01 -2.400e+01
-8.556 -9.556 17.321 25.540 0.125 0.000 1.006 -6.774e-01 -2.058e+00 -6.378e-01 -2.336e+00 -1.487e+00 -4.674e-01 -8.203e-01 -1.590e+00 -2.843e+00 -4.590e+00 -7.288e+00 -1.072e+01 -1.463e+01 -1.844e+01 -2.319e+01 -2.400e+01
-8.474 -9.474 17.355 25.434 0.125 0.000 1.008 -6.690e-01 -2.092e+00 -7.206e-01 -2.409e+00 -1.585e+00 -4.428e-01 -7.725e-01 -1.480e+00 -2.620e+00 -4.344e+00 -6.929e+00 -1.025e+01 -1.406e+01 -1.781e+01 -2.251e+01 -2.400e+01
-8.391 -9.391 17.384 25.316 0.125 0.000 1.010 -6.611e-01 -2.132e+00 -8.141e-01 -2.492e+00 -1.686e+00 -4.229e-01 -7.333e-01 -1.388e+00 -2.415e+00 -4.120e+00 -6.587e+00 -9.801e+00 -1.351e+01 -1.719e+01 -2.181e+01 -2.399e+01
-8.308 -9.403 17.409 25.192 0.125 0.000 1.011 -6.540e-01 -2.178e+00 -9.192e-01 -2.587e+00 -1.789e+00 -4.077e-01 -7.029e-01 -1.315e+00 -2.230e+00 -3.918e+00 -6.265e+00 -9.368e+00 -1.297e+01 -1.662e+01 -2.113e+01 -2.395e+01
-8.233 -9.233 17.428 25.071 0.125 0.000 1.013 -6.484e-01 -2.226e+00 -1.025e+00 -2.683e+00 -1.878e+00 -3.971e-01 -6.805e-01 -1.263e+00 -2.080e+00 -3.753e+00 -5.988e+00 -8.990e+00 -1.249e+01 -1.609e+01 -2.053e+01 -2.381e+01
-8.150 -9.150 17.446 24.923 0.125 0.000 1.014 -6.431e-01 -2.285e+00 -1.154e+00 -2.801e+00 -1.977e+00 -3.884e-01 -6.615e-01 -1.219e+00 -1.934e+00 -3.593e+00 -5.707e+00 -8.594e+00 -1.199e+01 -1.555e+01 -1.990e+01 -2.342e+01
-8.067 -9.067 17.460 24.758 0.188 0.053 1.000 -6.454e-01 -2.359e+00 -1.303e+00 -2.940e+00 -2.076e+00 -3.890e-01 -6.539e-01 -1.193e+00 -1.813e+00 -3.461e+00 -5.452e+00 -8.226e+00 -1.151e+01 -1.510e+01 -1.929e+01 -2.285e+01
-7.985 -8.985 17.466 24.283 0.250 0.053 1.000 -6.391e-01 -2.431e+00 -1.458e+00 -3.086e+00 -2.137e+00 -3.744e-01 -6.657e-01 -1.183e+00 -1.709e+00 -3.350e+00 -5.216e+00 -7.877e+00 -1.105e+01 -1.464e+01 -1.876e+01 -2.227e+01
-7.902 -8.902 17.470 24.100 0.250 0.053 1.000 -6.343e-01 -2.515e+00 -1.625e+00 -3.241e+00 -2.194e+00 -3.632e-01 -6.754e-01 -1.183e+00 -1.626e+00 -3.255e+00 -4.998e+00 -7.546e+00 -1.061e+01 -1.417e+01 -1.822e+01 -2.169e+01
-7.819 -8.819 17.474 23.847 0.250 0.053 1.000 -6.306e-01 -2.606e+00 -1.801e+00 -3.404e+00 -2.239e+00 -3.555e-01 -6.843e-01 -1.185e+00 -1.561e+00 -3.181e+00 -4.797e+00 -7.232e+00 -1.019e+01 -1.373e+01 -1.769e+01 -2.113e+01
-7.736 -8.736 17.475 23.502 0.250 0.053 1.000 -6.274e-01 -2.701e+00 -1.979e+00 -3.569e+00 -2.272e+00 -3.505e-01 -6.921e-01 -1.187e+00 -1.510e+00 -3.123e+00 -4.614e+00 -6.935e+00 -9.790e+00 -1.330e+01 -1.719e+01 -2.059e+01
-7.654 -8.654 17.476 22.749 0.250 0.053 1.000 -6.245e-01 -2.798e+00 -2.151e+00 -3.725e+00 -2.293e+00 -3.475e-01 -6.989e-01 -1.188e+00 -1.472e+00 -3.079e+00 -4.446e+00 -6.655e+00 -9.403e+00 -1.290e+01 -1.671e+01 -2.007e+01
-7.571 -8.571 17.475 23.335 0.312 0.105 1.000 -6.213e-01 -2.873e+00 -2.289e+00 -3.847e+00 -2.307e+00 -3.462e-01 -7.020e-01 -1.198e+00 -1.446e+00 -3.048e+00 -4.293e+00 -6.391e+00 -9.033e+00 -1.252e+01 -1.626e+01 -1.967e+01
-7.488 -8.488 17.473 23.504 0.250 0.211 1.000 -6.173e-01 -2.944e+00 -2.405e+00 -3.947e+00 -2.327e+00 -3.460e-01 -7.022e-01 -1.211e+00 -1.433e+00 -3.028e+00 -4.153e+00 -6.140e+00 -8.677e+00 -1.215e+01 -1.584e+01 -1.921e+01
-7.405 -8.405 17.470 23.486 0.250 0.263 1.000 -6.134e-01 -2.993e+00 -2.498e+00 -4.037e+00 -2.393e+00 -3.464e-01 -7.026e-01 -1.218e+00 -1.422e+00 -3.039e+00 -4.027e+00 -5.903e+00 -8.335e+00 -1.179e+01 -1.543e+01 -1.878e+01
-7.322 -8.322 17.466 23.414 0.250 0.263 1.000 -6.095e-01 -3.048e+00 -2.587e+00 -4.126e+00 -2.485e+00 -3.468e-01 -7.030e-01 -1.219e+00 -1.422e+00 -3.052e+00 -3.916e+00 -5.679e+00 -8.006e+00 -1.145e+01 -1.504e+01 -1.837e+01
-7.240 -8.240 17.463 23.304 0.312 0.263 1.000 -6.060e-01 -3.099e+00 -2.648e+00 -4.213e+00 -2.588e+00 -3.473e-01 -7.036e-01 -1.219e+00 -1.423e+00 -3.067e+00 -3.816e+00 -5.468e+00 -7.689e+00 -1.113e+01 -1.467e+01 -1.799e+01
-7.198 -8.198 17.462 23.249 0.312 0.211 1.000 -6.043e-01 -3.123e+00 -2.686e+00 -4.254e+00 -2.636e+00 -3.475e-01 -7.038e-01 -1.219e+00 -1.423e+00 -3.076e+00 -3.770e+00 -5.366e+00 -7.536e+00 -1.097e+01 -1.451e+01 -1.783e+01
-7.087 -8.087 17.444 23.561 0.375 0.211 1.000 -5.876e-01 -3.134e+00 -2.674e+00 -4.182e+00 -2.371e+00 -3.622e-01 -6.992e-01 -1.215e+00 -1.419e+00 -3.098e+00 -3.649e+00 -5.097e+00 -7.122e+00 -1.053e+01 -1.401e+01 -1.729e+01
-7.004 -8.004 17.435 23.529 0.375 0.211 1.000 -5.804e-01 -3.130e+00 -2.667e+00 -4.177e+00 -2.381e+00 -3.662e-01 -6.996e-01 -1.215e+00 -1.419e+00 -3.124e+00 -3.571e+00 -4.912e+00 -6.834e+00 -1.024e+01 -1.369e+01 -1.698e+01
-6.921 -7.921 17.424 23.499 0.438 0.158 1.000 -5.724e-01 -3.133e+00 -2.670e+00 -4.180e+00 -2.393e+00 -3.706e-01 -7.002e-01 -1.216e+00 -1.420e+00 -3.153e+00 -3.501e+00 -4.735e+00 -6.554e+00 -9.944e+00 -1.342e+01 -1.665e+01
-6.880 -8.222 17.419 23.367 0.562 0.158 1.000 -5.674e-01 -3.133e+00 -2.671e+00 -4.183e+00 -2.394e+00 -3.718e-01 -6.988e-01 -1.214e+00 -1.454e+00 -3.078e+00 -3.454e+00 -4.648e+00 -6.415e+00 -9.803e+00 -1.328e+01 -1.652e+01
-6.799 -7.799 17.407 23.462 0.375 0.211 1.000 -5.580e-01 -3.150e+00 -2.690e+00 -4.197e+00 -2.413e+00 -3.765e-01 -6.988e-01 -1.214e+00 -1.470e+00 -3.030e+00 -3.362e+00 -4.474e+00 -6.143e+00 -9.497e+00 -1.289e+01 -1.609e+01
-6.716 -7.716 17.391 23.413 0.438 0.211 1.000 -5.480e-01 -3.160e+00 -2.702e+00 -4.207e+00 -2.427e+00 -3.820e-01 -7.002e-01 -1.216e+00 -1.471e+00 -3.077e+00 -3.284e+00 -4.300e+00 -5.877e+00 -9.239e+00 -1.268e+01 -1.589e+01
-6.633 -7.633 17.374 23.372 0.438 0.211 1.000 -5.374e-01 -3.173e+00 -2.718e+00 -4.220e+00 -2.443e+00 -3.879e-01 -7.020e-01 -1.218e+00 -1.473e+00 -3.131e+00 -3.224e+00 -4.132e+00 -5.613e+00 -8.962e+00 -1.238e+01 -1.559e+01
-6.550 -7.893 17.354 23.318 0.562 0.158 1.000 -5.251e-01 -3.184e+00 -2.732e+00 -4.236e+00 -2.451e+00 -3.949e-01 -7.023e-01 -1.218e+00 -1.494e+00 -3.123e+00 -3.164e+00 -3.973e+00 -5.352e+00 -8.695e+00 -1.210e+01 -1.529e+01
-6.473 -7.584 17.417 22.826 0.438 0.263 1.000 -5.398e-01 -3.266e+00 -2.866e+00 -4.413e+00 -2.782e+00 -4.587e-01 -6.592e-01 -1.098e+00 -1.235e+00 -2.752e+00 -3.037e+00 -3.810e+00 -5.096e+00 -8.510e+00 -1.183e+01 -1.496e+01
-6.399 -7.399 17.410 22.852 0.375 0.211 1.000 -5.343e-01 -3.325e+00 -2.944e+00 -4.494e+00 -2.851e+00 -4.606e-01 -6.610e-01 -1.106e+00 -1.229e+00 -2.839e+00 -2.923e+00 -3.656e+00 -4.880e+00 -8.220e+00 -1.183e+01 -1.495e+01
-6.319 -8.206 17.380 23.171 0.312 0.211 1.000 -5.091e-01 -3.285e+00 -2.862e+00 -4.361e+00 -2.571e+00 -4.864e-01 -6.515e-01 -1.097e+00 -1.278e+00 -2.761e+00 -2.834e+00 -3.469e+00 -4.608e+00 -7.867e+00 -1.118e+01 -1.429e+01
-6.200 -7.200 17.341 23.090 0.438 0.158 1.000 -4.906e-01 -3.306e+00 -2.883e+00 -4.376e+00 -2.600e+00 -4.987e-01 -6.566e-01 -1.102e+00 -1.283e+00 -2.929e+00 -2.753e+00 -3.226e+00 -4.234e+00 -7.533e+00 -1.089e+01 -1.403e+01
-6.156 -7.520 17.329 23.101 0.375 0.316 1.000 -4.816e-01 -3.328e+00 -2.908e+00 -4.399e+00 -2.614e+00 -5.040e-01 -6.538e-01 -1.099e+00 -1.329e+00 -2.813e+00 -2.716e+00 -3.141e+00 -4.087e+00 -7.375e+00 -1.064e+01 -1.370e+01
-6.062 -7.062 17.295 22.904 0.375 0.158 1.000 -4.679e-01 -3.349e+00 -2.929e+00 -4.443e+00 -2.735e+00 -5.121e-01 -6.590e-01 -1.104e+00 -1.335e+00 -2.964e+00 -2.699e+00 -2.981e+00 -3.807e+00 -7.080e+00 -1.064e+01 -1.369e+01
-5.998 -7.942 17.340 23.138 0.375 0.263 1.000 -4.583e-01 -3.450e+00 -3.038e+00 -4.501e+00 -2.642e+00 -5.067e-01 -7.406e-01 -1.103e+00 -1.156e+00 -2.687e+00 -2.557e+00 -2.848e+00 -3.587e+00 -6.796e+00 -1.022e+01 -1.327e+01
-5.888 -6.888 17.310 22.530 0.438 0.211 1.000 -4.413e-01 -3.478e+00 -3.088e+00 -4.589e+00 -2.875e+00 -5.142e-01 -7.399e-01 -1.103e+00 -1.215e+00 -2.809e+00 -2.504e+00 -2.654e+00 -3.267e+00 -6.498e+00 -9.773e+00 -1.285e+01
-5.838 -6.950 17.281 22.878 0.250 0.421 1.000 -4.237e-01 -3.475e+00 -3.062e+00 -4.524e+00 -2.702e+00 -5.358e-01 -7.319e-01 -1.095e+00 -1.264e+00 -2.796e+00 -2.487e+00 -2.571e+00 -3.108e+00 -6.431e+00 -9.648e+00 -1.266e+01
-5.731 -6.731 17.358 22.179 0.312 0.316 1.000 -4.331e-01 -3.645e+00 -3.286e+00 -4.796e+00 -3.079e+00 -6.252e-01 -7.088e-01 -1.016e+00 -1.050e+00 -2.721e+00 -2.392e+00 -2.418e+00 -2.810e+00 -6.158e+00 -9.369e+00 -1.239e+01
-5.663 -6.663 17.337 22.379 0.312 0.263 1.000 -4.203e-01 -3.557e+00 -3.162e+00 -4.662e+00 -2.925e+00 -6.358e-01 -7.068e-01 -1.014e+00 -1.095e+00 -2.755e+00 -2.381e+00 -2.325e+00 -2.635e+00 -5.978e+00 -9.186e+00 -1.219e+01
-5.595 -6.595 17.331 22.127 0.250 0.368 1.000 -4.142e-01 -3.664e+00 -3.295e+00 -4.792e+00 -3.058e+00 -6.345e-01 -7.056e-01 -1.013e+00 -1.141e+00 -2.778e+00 -2.392e+00 -2.257e+00 -2.472e+00 -5.796e+00 -8.995e+00 -1.200e+01
-5.519 -7.604 17.329 21.888 0.188 0.421 1.000 -3.981e-01 -3.742e+00 -3.376e+00 -4.864e+00 -3.118e+00 -6.550e-01 -6.901e-01 -1.118e+00 -1.112e+00 -2.514e+00 -2.309e+00 -2.175e+00 -2.285e+00 -5.598e+00 -8.786e+00 -1.178e+01
-5.438 -6.981 17.356 21.746 0.250 0.421 1.000 -3.888e-01 -3.785e+00 -3.418e+00 -4.901e+00 -3.145e+00 -6.500e-01 -7.321e-01 -1.118e+00 -1.092e+00 -2.586e+00 -2.276e+00 -2.092e+00 -2.102e+00 -5.364e+00 -8.535e+00 -1.153e+01
-5.360 -8.882 17.354 23.254 0.125 0.368 1.000 -3.778e-01 -3.779e+00 -3.406e+00 -4.881e+00 -3.113e+00 -6.534e-01 -7.237e-01 -1.110e+00 -1.203e+00 -2.567e+00 -2.294e+00 -2.036e+00 -1.951e+00 -5.134e+00 -8.294e+00 -1.126e+01
-5.279 -6.920 17.448 21.501 0.312 0.368 1.000 -3.822e-01 -3.838e+00 -3.474e+00 -4.954e+00 -3.194e+00 -7.171e-01 -7.712e-01 -1.032e+00 -1.030e+00 -2.522e+00 -2.187e+00 -1.976e+00 -1.783e+00 -4.927e+00 -8.090e+00 -1.106e+01
-5.199 -7.559 17.458 22.436 0.188 0.474 1.000 -3.656e-01 -3.961e+00 -3.836e+00 -4.959e+00 -2.951e+00 -7.271e-01 -7.504e-01 -1.131e+00 -1.081e+00 -2.461e+00 -2.206e+00 -1.898e+00 -1.632e+00 -4.906e+00 -8.069e+00 -1.103e+01
-5.118 -6.627 17.484 22.195 0.250 0.474 1.000 -3.682e-01 -3.929e+00 -3.574e+00 -5.039e+00 -2.993e+00 -7.717e-01 -7.596e-01 -1.082e+00 -1.053e+00 -2.578e+00 -2.145e+00 -1.828e+00 -1.506e+00 -4.720e+00 -7.860e+00 -1.080e+01
-5.039 -6.604 17.471 22.146 0.250 0.526 1.000 -3.584e-01 -3.933e+00 -3.571e+00 -5.028e+00 -3.006e+00 -7.746e-01 -7.523e-01 -1.077e+00 -1.167e+00 -2.661e+00 -2.205e+00 -1.803e+00 -1.403e+00 -4.546e+00 -7.855e+00 -1.080e+01
-4.959 -6.519 17.500 22.120 0.250 0.474 1.000 -3.564e-01 -3.938e+00 -3.575e+00 -5.030e+00 -3.017e+00 -7.842e-01 -7.605e-01 -1.095e+00 -1.194e+00 -2.686e+00 -2.220e+00 -1.770e+00 -1.291e+00 -4.530e+00 -7.664e+00 -1.078e+01
-4.879 -6.890 17.531 22.142 0.250 0.526 1.000 -3.600e-01 -3.944e+00 -3.584e+00 -5.042e+00 -3.028e+00 -7.984e-01 -7.778e-01 -1.112e+00 -1.160e+00 -2.610e+00 -2.198e+00 -1.730e+00 -1.204e+00 -4.348e+00 -7.492e+00 -1.061e+01
-4.796 -6.495 17.556 22.106 0.250 0.526 1.000 -3.618e-01 -3.951e+00 -3.593e+00 -5.053e+00 -3.043e+00 -8.147e-01 -7.957e-01 -1.127e+00 -1.155e+00 -2.646e+00 -2.177e+00 -1.681e+00 -1.117e+00 -4.336e+00 -7.494e+00 -1.043e+01
-4.709 -6.567 17.556 21.994 0.438 0.421 1.000 -3.495e-01 -3.958e+00 -3.593e+00 -5.047e+00 -3.199e+00 -8.276e-01 -8.024e-01 -1.133e+00 -1.225e+00 -2.753e+00 -2.261e+00 -1.680e+00 -1.075e+00 -4.209e+00 -7.481e+00 -1.042e+01
-4.640 -7.200 17.619 22.089 0.250 0.526 1.000 -3.595e-01 -3.969e+00 -3.610e+00 -5.069e+00 -3.081e+00 -8.513e-01 -8.302e-01 -1.164e+00 -1.155e+00 -2.536e+00 -2.139e+00 -1.626e+00 -9.972e-01 -4.144e+00 -7.271e+00 -1.021e+01
-4.551 -6.117 17.621 21.935 0.375 0.474 1.000 -3.496e-01 -3.981e+00 -3.615e+00 -5.067e+00 -3.112e+00 -8.711e-01 -8.415e-01 -1.182e+00 -1.232e+00 -2.738e+00 -2.236e+00 -1.608e+00 -9.340e-01 -4.134e+00 -7.261e+00 -1.020e+01
-4.472 -6.077 17.649 21.891 0.375 0.474 1.000 -3.514e-01 -3.994e+00 -3.630e+00 -5.085e+00 -3.140e+00 -9.004e-01 -8.723e-01 -1.205e+00 -1.191e+00 -2.693e+00 -2.192e+00 -1.562e+00 -8.826e-01 -4.117e+00 -7.244e+00 -1.018e+01
-4.400 -7.230 17.658 21.216 0.125 0.789 1.000 -3.549e-01 -4.016e+00 -3.656e+00 -5.042e+00 -3.179e+00 -9.434e-01 -9.239e-01 -1.146e+00 -1.093e+00 -2.423e+00 -2.386e+00 -1.599e+00 -8.568e-01 -3.939e+00 -7.054e+00 -9.979e+00
-4.320 -6.506 17.730 21.042 0.125 0.737 1.000 -3.625e-01 -4.028e+00 -3.664e+00 -5.050e+00 -3.182e+00 -9.503e-01 -9.339e-01 -1.159e+00 -1.108e+00 -2.668e+00 -2.225e+00 -1.646e+00 -8.008e-01 -3.883e+00 -6.998e+00 -9.923e+00
-4.240 -6.641 17.803 20.820 0.125 0.737 1.000 -3.751e-01 -4.021e+00 -3.666e+00 -5.038e+00 -3.161e+00 -9.416e-01 -9.395e-01 -1.180e+00 -1.143e+00 -2.687e+00 -2.322e+00 -1.705e+00 -7.370e-01 -3.820e+00 -6.934e+00 -9.859e+00
-4.152 -5.797 17.817 20.814 0.125 0.895 1.000 -3.682e-01 -4.057e+00 -3.672e+00 -5.069e+00 -3.199e+00 -9.708e-01 -9.632e-01 -1.199e+00 -1.159e+00 -2.545e+00 -2.107e+00 -1.454e+00 -7.538e-01 -3.864e+00 -6.912e+00 -9.837e+00
-4.073 -5.799 17.811 20.758 0.125 0.895 1.000 -3.631e-01 -4.065e+00 -3.676e+00 -5.081e+00 -3.216e+00 -9.829e-01 -9.697e-01 -1.199e+00 -1.153e+00 -2.538e+00 -2.107e+00 -1.458e+00 -7.564e-01 -3.862e+00 -6.918e+00 -9.844e+00
-3.995 -5.757 17.805 20.693 0.125 0.895 1.000 -3.580e-01 -4.069e+00 -3.680e+00 -5.091e+00 -3.233e+00 -9.952e-01 -9.766e-01 -1.200e+00 -1.149e+00 -2.536e+00 -2.112e+00 -1.463e+00 -7.574e-01 -3.858e+00 -6.925e+00 -9.850e+00
-3.915 -5.702 17.799 20.615 0.125 0.895 1.000 -3.528e-01 -4.072e+00 -3.683e+00 -5.101e+00 -3.250e+00 -1.008e+00 -9.842e-01 -1.203e+00 -1.147e+00 -2.535e+00 -2.118e+00 -1.468e+00 -7.575e-01 -3.853e+00 -6.931e+00 -9.857e+00
-3.839 -5.641 17.793 20.527 0.125 0.895 1.000 -3.482e-01 -4.075e+00 -3.687e+00 -5.110e+00 -3.266e+00 -1.021e+00 -9.920e-01 -1.206e+00 -1.145e+00 -2.534e+00 -2.122e+00 -1.471e+00 -7.568e-01 -3.848e+00 -6.938e+00 -9.863e+00
-3.758 -5.567 17.787 20.416 0.125 0.895 1.000 -3.436e-01 -4.078e+00 -3.692e+00 -5.119e+00 -3.283e+00 -1.034e+00 -1.000e+00 -1.209e+00 -1.144e+00 -2.533e+00 -2.126e+00 -1.473e+00 -7.551e-01 -3.841e+00 -6.944e+00 -9.870e+00
-3.678 -5.486 17.781 20.286 0.125 0.895 1.000 -3.397e-01 -4.081e+00 -3.696e+00 -5.128e+00 -3.298e+00 -1.046e+00 -1.008e+00 -1.214e+00 -1.145e+00 -2.533e+00 -2.128e+00 -1.474e+00 -7.525e-01 -3.835e+00 -6.950e+00 -9.876e+00
-3.597 -5.397 17.776 20.129 0.125 0.895 1.000 -3.364e-01 -4.084e+00 -3.700e+00 -5.136e+00 -3.312e+00 -1.057e+00 -1.016e+00 -1.218e+00 -1.145e+00 -2.533e+00 -2.129e+00 -1.474e+00 -7.492e-01 -3.829e+00 -6.956e+00 -9.881e+00
-3.514 -5.300 17.772 19.937 0.125 0.895 1.000 -3.338e-01 -4.086e+00 -3.704e+00 -5.143e+00 -3.323e+00 -1.067e+00 -1.024e+00 -1.222e+00 -1.147e+00 -2.533e+00 -2.130e+00 -1.472e+00 -7.451e-01 -3.822e+00 -6.961e+00 -9.886e+00
-3.435 -5.209 17.769 19.721 0.125 0.895 1.000 -3.321e-01 -4.088e+00 -3.707e+00 -5.148e+00 -3.333e+00 -1.075e+00 -1.030e+00 -1.226e+00 -1.149e+00 -2.534e+00 -2.129e+00 -1.470e+00 -7.408e-01 -3.816e+00 -6.964e+00 -9.890e+00
-3.356 -5.284 17.767 19.294 0.125 0.947 1.000 -3.315e-01 -4.093e+00 -3.709e+00 -5.153e+00 -3.340e+00 -1.082e+00 -1.035e+00 -1.230e+00 -1.151e+00 -2.534e+00 -2.126e+00 -1.466e+00 -7.357e-01 -3.811e+00 -6.920e+00 -9.892e+00
-3.277 -5.431 17.769 19.230 0.125 0.947 1.000 -3.336e-01 -4.099e+00 -3.712e+00 -5.157e+00 -3.343e+00 -1.086e+00 -1.041e+00 -1.237e+00 -1.159e+00 -2.536e+00 -2.116e+00 -1.452e+00 -7.236e-01 -3.801e+00 -6.912e+00 -9.893e+00
-3.199 -5.518 17.770 19.211 0.125 0.947 1.000 -3.361e-01 -4.104e+00 -3.715e+00 -5.161e+00 -3.346e+00 -1.091e+00 -1.048e+00 -1.246e+00 -1.170e+00 -2.540e+00 -2.104e+00 -1.436e+00 -7.084e-01 -3.788e+00 -6.901e+00 -9.895e+00
-3.120 -5.598 17.771 19.182 0.125 0.947 1.000 -3.392e-01 -4.111e+00 -3.719e+00 -5.166e+00 -3.350e+00 -1.098e+00 -1.057e+00 -1.258e+00 -1.184e+00 -2.545e+00 -2.090e+00 -1.417e+00 -6.910e-01 -3.773e+00 -6.890e+00 -9.896e+00
-3.039 -5.668 17.773 19.144 0.125 0.947 1.000 -3.425e-01 -4.118e+00 -3.724e+00 -5.172e+00 -3.355e+00 -1.105e+00 -1.067e+00 -1.270e+00 -1.199e+00 -2.549e+00 -2.075e+00 -1.397e+00 -6.732e-01 -3.759e+00 -6.878e+00 -9.898e+00
-2.960 -5.722 17.775 19.100 0.125 0.947 1.000 -3.455e-01 -4.124e+00 -3.728e+00 -5.177e+00 -3.359e+00 -1.111e+00 -1.076e+00 -1.282e+00 -1.213e+00 -2.552e+00 -2.062e+00 -1.380e+00 -6.580e-01 -3.746e+00 -6.869e+00 -9.899e+00
-2.880 -5.762 17.777 19.056 0.125 0.947 1.000 -3.480e-01 -4.129e+00 -3.731e+00 -5.180e+00 -3.361e+00 -1.115e+00 -1.083e+00 -1.291e+00 -1.223e+00 -2.554e+00 -2.051e+00 -1.368e+00 -6.469e-01 -3.738e+00 -6.862e+00 -9.900e+00
-2.800 -5.790 17.779 19.017 0.125 0.947 1.000 -3.497e-01 -4.132e+00 -3.733e+00 -5.182e+00 -3.362e+00 -1.117e+00 -1.087e+00 -1.296e+00 -1.230e+00 -2.555e+00 -2.045e+00 -1.360e+00 -6.405e-01 -3.733e+00 -6.859e+00 -9.900e+00
-2.720 -5.811 17.781 18.984 0.125 0.947 1.000 -3.507e-01 -4.134e+00 -3.733e+00 -5.182e+00 -3.361e+00 -1.117e+00 -1.088e+00 -1.298e+00 -1.232e+00 -2.556e+00 -2.041e+00 -1.357e+00 -6.378e-01 -3.731e+00 -6.859e+00 -9.899e+00
-2.640 -5.828 17.784 18.953 0.125 0.947 1.000 -3.514e-01 -4.135e+00 -3.732e+00 -5.181e+00 -3.359e+00 -1.116e+00 -1.087e+00 -1.297e+00 -1.233e+00 -2.556e+00 -2.040e+00 -1.356e+00 -6.374e-01 -3.732e+00 -6.860e+00 -9.898e+00
-2.560 -5.843 17.786 18.921 0.125 0.947 1.000 -3.519e-01 -4.135e+00 -3.731e+00 -5.180e+00 -3.357e+00 -1.113e+00 -1.085e+00 -1.296e+00 -1.232e+00 -2.555e+00 -2.040e+00 -1.356e+00 -6.381e-01 -3.733e+00 -6.861e+00 -9.896e+00
-2.480 -5.857 17.790 18.887 0.125 0.947 1.000 -3.524e-01 -4.135e+00 -3.730e+00 -5.178e+00 -3.354e+00 -1.111e+00 -1.083e+00 -1.295e+00 -1.231e+00 -2.555e+00 -2.040e+00 -1.356e+00 -6.392e-01 -3.734e+00 -6.863e+00 -9.894e+00
-2.400 -5.871 17.793 18.849 0.125 0.947 1.000 -3.528e-01 -4.136e+00 -3.729e+00 -5.177e+00 -3.352e+00 -1.109e+00 -1.081e+00 -1.293e+00 -1.230e+00 -2.554e+00 -2.040e+00 -1.357e+00 -6.404e-01 -3.736e+00 -6.865e+00 -9.892e+00
-2.320 -5.883 17.797 18.808 0.125 0.947 1.000 -3.533e-01 -4.136e+00 -3.728e+00 -5.175e+00 -3.349e+00 -1.106e+00 -1.079e+00 -1.292e+00 -1.229e+00 -2.554e+00 -2.041e+00 -1.358e+00 -6.414e-01 -3.737e+00 -6.867e+00 -9.890e+00
-2.240 -5.894 17.801 18.768 0.125 0.947 1.000 -3.536e-01 -4.136e+00 -3.727e+00 -5.174e+00 -3.347e+00 -1.104e+00 -1.078e+00 -1.291e+00 -1.228e+00 -2.553e+00 -2.041e+00 -1.358e+00 -6.424e-01 -3.739e+00 -6.869e+00 -9.887e+00
-2.160 -5.902 17.805 18.731 0.125 0.947 1.000 -3.539e-01 -4.136e+00 -3.726e+00 -5.173e+00 -3.345e+00 -1.103e+00 -1.076e+00 -1.290e+00 -1.228e+00 -2.553e+00 -2.041e+00 -1.359e+00 -6.432e-01 -3.740e+00 -6.871e+00 -9.884e+00
-2.080 -5.909 17.810 18.700 0.125 0.947 1.000 -3.542e-01 -4.136e+00 -3.726e+00 -5.172e+00 -3.344e+00 -1.102e+00 -1.075e+00 -1.289e+00 -1.227e+00 -2.553e+00 -2.041e+00 -1.359e+00 -6.438e-01 -3.741e+00 -6.872e+00 -9.880e+00
-2.000 -5.913 17.816 18.678 0.125 0.947 1.000 -3.543e-01 -4.136e+00 -3.725e+00 -5.171e+00 -3.343e+00 -1.101e+00 -1.075e+00 -1.288e+00 -1.227e+00 -2.553e+00 -2.041e+00 -1.359e+00 -6.442e-01 -3.741e+00 -6.872e+00 -9.877e+00
