# ASY+PE method (no partition functions): 280212 integration steps in 4.4652e+00 seconds
# All double quantities are log10(x); rates in units of s^-1
#
#      t       dt  2/Rmin   Reaction_Rmin    1/Rmax   Reaction_Rmax     dt_FE   dt_EA   trial_dt
-15.8828 -16.8828 12.3966 he4+si28-->c12+ne20 -9.0069 c12+c12-->he4+ne20 -6.2287 -16.9242 -16.8828
-15.8000 -16.8000 12.3138 he4+si28-->c12+ne20 -9.0069 c12+c12-->he4+ne20 -6.2287 -16.8414 -16.8000
-15.7172 -16.7172 12.2310 he4+si28-->c12+ne20 -9.0069 c12+c12-->he4+ne20 -6.2287 -16.7586 -16.7172
-15.6345 -16.6345 12.1482 he4+si28-->c12+ne20 -9.0069 c12+c12-->he4+ne20 -6.2287 -16.6759 -16.6345
-15.5103 -16.5103 12.0240 he4+si28-->c12+ne20 -9.0069 c12+c12-->he4+ne20 -6.2287 -16.5517 -16.5103
-15.4275 -16.4275 11.9412 he4+si28-->c12+ne20 -9.0069 c12+c12-->he4+ne20 -6.2287 -16.4689 -16.4275
-15.3447 -16.3447 11.8584 he4+si28-->c12+ne20 -9.0069 c12+c12-->he4+ne20 -6.2287 -16.3861 -16.3447
-15.2619 -16.2619 11.7756 he4+si28-->c12+ne20 -9.0069 c12+c12-->he4+ne20 -6.2287 -16.3033 -16.2619
-15.1791 -16.1791 11.6929 he4+si28-->c12+ne20 -9.0069 c12+c12-->he4+ne20 -6.2287 -16.2205 -16.1791
-15.0964 -16.0964 11.6101 he4+si28-->c12+ne20 -9.0069 c12+c12-->he4+ne20 -6.2287 -16.1378 -16.0964
-14.9722 -15.9722 11.4859 he4+si28-->c12+ne20 -9.0069 c12+c12-->he4+ne20 -6.2287 -16.0136 -15.9722
-14.8894 -15.8894 11.4031 he4+si28-->c12+ne20 -9.0069 c12+c12-->he4+ne20 -6.2287 -15.9308 -15.8894
-14.8066 -15.8066 11.3203 he4+si28-->c12+ne20 -9.0069 c12+c12-->he4+ne20 -6.2287 -15.8480 -15.8066
-14.7238 -15.7238 11.2375 he4+si28-->c12+ne20 -9.0069 c12+c12-->he4+ne20 -6.2287 -15.7652 -15.7238
-14.6410 -15.6410 11.1547 he4+si28-->c12+ne20 -9.0069 c12+c12-->he4+ne20 -6.2287 -15.6824 -15.6410
-14.5583 -15.5583 11.0720 he4+si28-->c12+ne20 -9.0069 c12+c12-->he4+ne20 -6.2287 -15.5996 -15.5583
-14.4341 -15.4341 10.9478 he4+si28-->c12+ne20 -9.0069 c12+c12-->he4+ne20 -6.2287 -15.4755 -15.4341
-14.3513 -15.3513 10.8650 he4+si28-->c12+ne20 -9.0069 c12+c12-->he4+ne20 -6.2287 -15.3927 -15.3513
-14.2685 -15.2685 10.7822 he4+si28-->c12+ne20 -9.0068 c12+c12-->he4+ne20 -6.2287 -15.3099 -15.2685
-14.1857 -15.1857 10.6994 he4+si28-->c12+ne20 -9.0068 c12+c12-->he4+ne20 -6.2287 -15.2271 -15.1857
-14.1029 -15.1029 10.6166 he4+si28-->c12+ne20 -9.0068 c12+c12-->he4+ne20 -6.2287 -15.1443 -15.1029
-13.9788 -14.9788 10.4925 he4+si28-->c12+ne20 -9.0068 c12+c12-->he4+ne20 -6.2287 -15.0201 -14.9788
-13.8960 -14.8960 10.4097 he4+si28-->c12+ne20 -9.0068 c12+c12-->he4+ne20 -6.2287 -14.9374 -14.8960
-13.8132 -14.8132 10.3269 he4+si28-->c12+ne20 -9.0068 c12+c12-->he4+ne20 -6.2287 -14.8546 -14.8132
-13.7304 -14.7304 10.2441 he4+si28-->c12+ne20 -9.0068 c12+c12-->he4+ne20 -6.2287 -14.7718 -14.7304
-13.6476 -14.6476 10.1614 he4+si28-->c12+ne20 -9.0068 c12+c12-->he4+ne20 -6.2287 -14.6890 -14.6476
-13.5648 -14.5648 10.0786 he4+si28-->c12+ne20 -9.0068 c12+c12-->he4+ne20 -6.2287 -14.6062 -14.5648
-13.4407 -14.4407  9.9544 he4+si28-->c12+ne20 -9.0068 c12+c12-->he4+ne20 -6.2286 -14.4820 -14.4407
-13.3579 -14.3579  9.8716 he4+si28-->c12+ne20 -9.0068 c12+c12-->he4+ne20 -6.2286 -14.3993 -14.3579
-13.2751 -14.2751  9.7889 he4+si28-->c12+ne20 -9.0068 c12+c12-->he4+ne20 -6.2286 -14.3165 -14.2751
-13.1923 -14.1923  9.7061 he4+si28-->c12+ne20 -9.0068 c12+c12-->he4+ne20 -6.2286 -14.2337 -14.1923
-13.1095 -14.1095  9.6233 he4+si28-->c12+ne20 -9.0067 c12+c12-->he4+ne20 -6.2286 -14.1509 -14.1095
-13.0267 -14.0267  9.5406 he4+si28-->c12+ne20 -9.0067 c12+c12-->he4+ne20 -6.2286 -14.0681 -14.0267
-12.9025 -13.9025  9.4164 he4+si28-->c12+ne20 -9.0067 c12+c12-->he4+ne20 -6.2285 -13.9439 -13.9025
-12.8198 -13.8198  9.3337 he4+si28-->c12+ne20 -9.0066 c12+c12-->he4+ne20 -6.2285 -13.8612 -13.8198
-12.7370 -13.7370  9.2510 he4+si28-->c12+ne20 -9.0066 c12+c12-->he4+ne20 -6.2284 -13.7784 -13.7370
-12.6542 -13.6542  9.1682 he4+si28-->c12+ne20 -9.0065 c12+c12-->he4+ne20 -6.2283 -13.6956 -13.6542
-12.5714 -13.5714  9.0855 he4+si28-->c12+ne20 -9.0064 c12+c12-->he4+ne20 -6.2283 -13.6128 -13.5714
-12.4886 -13.4886  9.0028 he4+si28-->c12+ne20 -9.0063 c12+c12-->he4+ne20 -6.2282 -13.5300 -13.4886
-12.3644 -13.3644  8.8788 he4+si28-->c12+ne20 -9.0062 c12+c12-->he4+ne20 -6.2280 -13.4058 -13.3644
-12.2817 -13.2817  8.7962 he4+si28-->c12+ne20 -9.0060 c12+c12-->he4+ne20 -6.2279 -13.3230 -13.2817
-12.1989 -13.1989  8.7136 he4+si28-->c12+ne20 -9.0058 c12+c12-->he4+ne20 -6.2277 -13.2403 -13.1989
-12.1161 -13.1161  8.6310 he4+si28-->c12+ne20 -9.0056 c12+c12-->he4+ne20 -6.2275 -13.1575 -13.1161
-12.0333 -13.0333  8.5484 he4+si28-->c12+ne20 -9.0054 c12+c12-->he4+ne20 -6.2272 -13.0747 -13.0333
-11.9091 -12.9091  8.4247 he4+si28-->c12+ne20 -9.0049 c12+c12-->he4+ne20 -6.2267 -12.9505 -12.9091
-11.8263 -12.8263  8.3424 he4+si28-->c12+ne20 -9.0044 c12+c12-->he4+ne20 -6.2263 -12.8677 -12.8263
-11.7436 -12.7436  8.2601 he4+si28-->c12+ne20 -9.0039 c12+c12-->he4+ne20 -6.2258 -12.7849 -12.7436
-11.6608 -12.6608  8.1779 he4+si28-->c12+ne20 -9.0033 c12+c12-->he4+ne20 -6.2252 -12.7022 -12.6608
-11.5780 -12.5780  8.0958 he4+si28-->c12+ne20 -9.0026 c12+c12-->he4+ne20 -6.2244 -12.6194 -12.5780
-11.4952 -12.4952  8.0138 he4+si28-->c12+ne20 -9.0017 c12+c12-->he4+ne20 -6.2235 -12.5366 -12.4952
-11.3710 -12.3710  7.8913 he4+si28-->c12+ne20 -9.0000 c12+c12-->he4+ne20 -6.2219 -12.4124 -12.3710
-11.2882 -12.2882  7.8099 he4+si28-->c12+ne20 -8.9986 c12+c12-->he4+ne20 -6.2204 -12.3296 -12.2882
-11.2054 -12.2054  7.7287 he4+si28-->c12+ne20 -8.9969 c12+c12-->he4+ne20 -6.2187 -12.2468 -12.2054
-11.1227 -12.1227  7.6479 he4+si28-->c12+ne20 -8.9948 c12+c12-->he4+ne20 -6.2166 -12.1641 -12.1227
-11.0399 -12.0399  7.5676 he4+si28-->c12+ne20 -8.9923 c12+c12-->he4+ne20 -6.2141 -12.0813 -12.0399
-10.9571 -11.9571  7.4877 he4+si28-->c12+ne20 -8.9893 c12+c12-->he4+ne20 -6.2111 -11.9985 -11.9571
-10.8329 -11.8329  7.3689 he4+si28-->c12+ne20 -8.9836 c12+c12-->he4+ne20 -6.2055 -11.8743 -11.8329
-10.7501 -11.7501  7.2907 he4+si28-->c12+ne20 -8.9789 c12+c12-->he4+ne20 -6.2007 -11.7915 -11.7501
-10.6673 -11.6673  7.2134 he4+si28-->c12+ne20 -8.9732 c12+c12-->he4+ne20 -6.1951 -11.7087 -11.6673
-10.5846 -11.5846  7.1372 he4+si28-->c12+ne20 -8.9665 c12+c12-->he4+ne20 -6.1883 -11.6259 -11.5846
-10.5018 -11.5018  7.0622 he4+si28-->c12+ne20 -8.9584 c12+c12-->he4+ne20 -6.1803 -11.5432 -11.5018
-10.4190 -11.4190  6.9887 he4+si28-->c12+ne20 -8.9488 c12+c12-->he4+ne20 -6.1707 -11.4604 -11.4190
-10.2948 -11.2948  6.8819 he4+si28-->c12+ne20 -8.9312 c12+c12-->he4+ne20 -6.1530 -11.3362 -11.2948
-10.2120 -11.2120  6.8133 he4+si28-->c12+ne20 -8.9167 c12+c12-->he4+ne20 -6.1386 -11.2534 -11.2120
-10.1292 -11.1292  6.7472 he4+si28-->c12+ne20 -8.8998 c12+c12-->he4+ne20 -6.1217 -11.1706 -11.1292
-10.0465 -11.0465  6.6839 he4+si28-->c12+ne20 -8.8802 c12+c12-->he4+ne20 -6.1021 -11.0878 -11.0465
-9.9637 -10.9637  6.6239 he4+si28-->c12+ne20 -8.8576 c12+c12-->he4+ne20 -6.0794 -11.0051 -10.9637
-9.8395 -10.8395  6.5407 he4+si28-->c12+ne20 -8.8172 c12+c12-->he4+ne20 -6.0391 -10.8809 -10.8395
-9.7567 -10.7567  6.4905 he4+si28-->c12+ne20 -8.7857 c12+c12-->he4+ne20 -6.0075 -10.7981 -10.7567
-9.6739 -10.6739  6.4449 he4+si28-->c12+ne20 -8.7503 c12+c12-->he4+ne20 -5.9721 -10.7153 -10.6739
-9.5911 -10.5911  6.4043 he4+si28-->c12+ne20 -8.7108 c12+c12-->he4+ne20 -5.9326 -10.6325 -10.5911
-9.5083 -10.5083  6.3692 he4+si28-->c12+ne20 -8.6672 c12+c12-->he4+ne20 -5.8890 -10.5497 -10.5083
-9.4256 -10.4256  6.3400 he4+si28-->c12+ne20 -8.6194 c12+c12-->he4+ne20 -5.8413 -10.4670 -10.4256
-9.3014 -10.3014  6.3080 he4+si28-->c12+ne20 -8.5403 c12+c12-->he4+ne20 -5.7621 -10.3428 -10.3014
-9.2186 -10.2186  6.2952 he4+si28-->c12+ne20 -8.4827 c12+c12-->he4+ne20 -5.7045 -10.2600 -10.2186
-9.1358 -10.1358  6.2896 he4+si28-->c12+ne20 -8.4270 he4+ne20-->mg24 -5.6486 -10.1772 -10.1358
-9.0530 -10.0530  6.2933 he4+si28-->c12+ne20 -8.4248 he4+ne20-->mg24 -5.6466 -10.0944 -10.0530
-8.9702 -9.9702  6.3052 he4+si28-->c12+ne20 -8.4150 he4+ne20-->mg24 -5.6368 -10.0116 -9.9702
-8.8875 -9.8875  6.3251 he4+si28-->c12+ne20 -8.3971 he4+ne20-->mg24 -5.6190 -9.9288 -9.8875
-8.7633 -9.7633  6.3704 he4+si28-->c12+ne20 -8.3550 he4+ne20-->mg24 -5.5769 -9.8047 -9.7633
-8.6805 -9.6805  6.4108 he4+si28-->c12+ne20 -8.3167 he4+ne20-->mg24 -5.5386 -9.7219 -9.6805
-8.5977 -9.5977  6.4595 he4+si28-->c12+ne20 -8.2701 he4+ne20-->mg24 -5.4920 -9.6391 -9.5977
-8.5149 -9.5149  6.5164 he4+si28-->c12+ne20 -8.2153 he4+ne20-->mg24 -5.4372 -9.5563 -9.5149
-8.4321 -9.4321  6.5818 he4+si28-->c12+ne20 -8.1521 he4+ne20-->mg24 -5.3740 -9.4735 -9.4321
-8.3494 -9.3494  6.6559 he4+si28-->c12+ne20 -8.0803 he4+ne20-->mg24 -5.3021 -9.3907 -9.3494
-8.2252 -9.2252  6.7842 he4+si28-->c12+ne20 -7.9556 he4+ne20-->mg24 -5.1774 -9.2666 -9.2252
-8.1424 -9.1424  6.8817 he4+si28-->c12+ne20 -7.8606 he4+ne20-->mg24 -5.0824 -9.1838 -9.1424
-8.0596 -9.0596  6.9892 he4+si28-->c12+ne20 -7.7557 he4+ne20-->mg24 -4.9775 -9.1010 -9.0596
-7.9768 -8.9768  7.1062 he4+si28-->c12+ne20 -7.7421 ne20-->he4+o16 -4.9639 -9.0182 -8.9768
-7.8940 -8.8940  7.2321 he4+si28-->c12+ne20 -7.7421 ne20-->he4+o16 -4.9639 -8.9354 -8.8940
-7.7699 -8.7699  7.4336 he4+si28-->c12+ne20 -7.7421 ne20-->he4+o16 -4.9639 -8.8112 -8.7699
-7.6871 -8.6871  7.5731 he4+si28-->c12+ne20 -7.7421 ne20-->he4+o16 -4.9639 -8.7285 -8.6871
-7.6043 -8.6043  7.7137 he4+si28-->c12+ne20 -7.7421 ne20-->he4+o16 -4.9639 -8.6457 -8.6043
-7.5215 -8.5215  7.8526 he4+si28-->c12+ne20 -7.7421 ne20-->he4+o16 -4.9639 -8.5629 -8.5215
-7.4387 -8.4387  7.9851 he4+si28-->c12+ne20 -7.7421 ne20-->he4+o16 -4.9639 -8.4801 -8.4387
-7.3559 -8.3559  8.1033 he4+si28-->c12+ne20 -7.7421 ne20-->he4+o16 -4.9639 -8.3973 -8.3559
-7.2438 -8.2438  8.2278 he4+si28-->c12+ne20 -7.7421 ne20-->he4+o16 -4.9639 -8.4280 -8.2438
-7.1556 -8.1556  8.2803 he4+si28-->c12+ne20 -7.7421 ne20-->he4+o16 -4.9639 -8.3399 -8.1556
-7.0848 -8.0848  8.2997 he4+si28-->c12+ne20 -7.7421 ne20-->he4+o16 -4.9639 -8.1262 -8.0848
-6.9847 -7.9847  8.3178 he4+si28-->c12+ne20 -7.7421 ne20-->he4+o16 -4.9639 -8.1690 -7.9847
-6.8845 -7.8845  8.3240 he4+si28-->c12+ne20 -7.7421 ne20-->he4+o16 -4.9639 -7.9259 -7.8845
-6.8137 -7.8137  8.3268 he4+si28-->c12+ne20 -7.7421 ne20-->he4+o16 -4.9639 -7.9980 -7.8137
-6.7136 -7.7136  8.3301 he4+si28-->c12+ne20 -7.7421 ne20-->he4+o16 -4.9639 -7.8979 -7.7136
-6.6254 -7.6254  8.3324 he4+si28-->c12+ne20 -7.7421 ne20-->he4+o16 -4.9639 -7.8097 -7.6254
-6.5459 -7.5754  8.3336 he4+si28-->c12+ne20 -7.7421 ne20-->he4+o16 -4.9639 -7.8765 -7.5754
-6.4493 -7.4789  8.3340 he4+si28-->c12+ne20 -7.7421 ne20-->he4+o16 -4.9639 -7.7799 -7.4789
-6.3633 -7.4481  8.3326 he4+si28-->c12+ne20 -7.7421 ne20-->he4+o16 -4.9639 -7.7491 -7.4481
-6.2568 -7.2568  8.3283 he4+si28-->c12+ne20 -7.7421 ne20-->he4+o16 -4.9639 -7.4630 -7.2568
-6.1866 -7.2919  8.3223 he4+si28-->c12+ne20 -7.7421 ne20-->he4+o16 -4.9639 -7.5929 -7.2919
-6.0962 -7.1808  8.3121 he4+si28-->c12+ne20 -7.7421 ne20-->he4+o16 -4.9639 -7.4819 -7.1808
-5.9901 -6.9901  8.2961 he4+si28-->c12+ne20 -7.7421 ne20-->he4+o16 -4.9639 -7.2286 -6.9901
-5.9124 -6.9124  8.2814 he4+si28-->c12+ne20 -7.7421 ne20-->he4+o16 -4.9639 -7.0967 -6.9124
-5.8296 -6.8296  8.2659 he4+si28-->c12+ne20 -7.7421 ne20-->he4+o16 -4.9639 -6.8710 -6.8296
-5.7283 -6.9782  8.2263 he4+si28-->c12+ne20 -7.7421 ne20-->he4+o16 -4.9639 -7.2792 -6.9782
-5.6480 -6.8847  8.1986 he4+si28-->c12+ne20 -7.7421 ne20-->he4+o16 -4.9639 -7.1858 -6.8847
-5.5569 -6.8000  8.1686 he4+si28-->c12+ne20 -7.7421 ne20-->he4+o16 -4.9639 -7.1010 -6.8000
-5.4494 -6.4494  8.1406 he4+si28-->c12+ne20 -7.7421 ne20-->he4+o16 -4.9639 -6.6978 -6.4494
-5.3792 -6.4845  8.1212 he4+si28-->c12+ne20 -7.7421 ne20-->he4+o16 -4.9639 -6.7856 -6.4845
-5.2811 -6.5460  8.0983 he4+si28-->c12+ne20 -7.7421 ne20-->he4+o16 -4.9639 -6.8470 -6.5460
-5.1988 -6.7711  8.0823 he4+si28-->c12+ne20 -7.7421 ne20-->he4+o16 -4.9639 -7.0721 -6.7711
-5.1060 -6.7039  8.0686 he4+si28-->c12+ne20 -7.7421 ne20-->he4+o16 -4.9639 -7.0049 -6.7039
-5.0124 -6.3357  8.0580 he4+si28-->c12+ne20 -7.7421 ne20-->he4+o16 -4.9639 -6.6367 -6.3357
-4.9267 -6.4322  8.0497 he4+si28-->c12+ne20 -7.7421 ne20-->he4+o16 -4.9639 -6.7332 -6.4322
-4.8361 -6.4001  8.0427 he4+si28-->c12+ne20 -7.7421 ne20-->he4+o16 -4.9639 -6.7012 -6.4001
-4.7479 -6.3944  8.0371 he4+si28-->c12+ne20 -7.7421 ne20-->he4+o16 -4.9639 -6.6954 -6.3944
-4.6581 -6.4238  8.0321 he4+si28-->c12+ne20 -7.7421 ne20-->he4+o16 -4.9639 -6.7248 -6.4238
-4.5699 -6.5145  7.9973 he4+si28-->c12+ne20 -7.7421 ne20-->he4+o16 -4.9639 -6.8155 -6.5145
-4.4737 -5.9981  7.3506 he4+si28-->c12+ne20 -7.7421 ne20-->he4+o16 -4.9639 -6.2991 -5.9981
-4.3900 -6.7533  7.4996 he4+si28-->c12+ne20 -7.7421 ne20-->he4+o16 -4.9639 -7.0543 -6.7533
-4.3000 -8.1816  6.9261 he4+si28-->c12+ne20 -7.8706 c12+c12-->he4+ne20 -5.0925 -8.4826 -8.1816
-4.2100 -8.2147  6.9570 he4+si28-->c12+ne20 -7.8397 c12+c12-->he4+ne20 -5.0615 -8.5157 -8.2147
-4.1194 -6.5371  7.8150 he4+si28-->c12+ne20 -7.7421 ne20-->he4+o16 -4.9639 -6.8381 -6.5371
-4.0299 -6.4822  7.8045 he4+si28-->c12+ne20 -7.7421 ne20-->he4+o16 -4.9639 -6.7832 -6.4822
-3.9394 -6.4010  7.7678 he4+si28-->c12+ne20 -7.7421 ne20-->he4+o16 -4.9639 -6.7021 -6.4010
-3.8480 -5.8232  7.7340 he4+si28-->c12+ne20 -7.4699 zn60-->he4+ni56 -4.6918 -6.1242 -5.8232
-3.7594 -6.1807  7.7647 he4+si28-->c12+ne20 -7.7421 ne20-->he4+o16 -4.9639 -6.4817 -6.1807
-3.6669 -5.3373  7.7452 he4+si28-->c12+ne20 -7.7421 ne20-->he4+o16 -4.9639 -5.6384 -5.3373
-3.5766 -4.8299  7.7244 he4+si28-->c12+ne20 -7.7421 ne20-->he4+o16 -4.9639 -5.1240 -4.8299
-3.4870 -4.7539  7.7125 he4+si28-->c12+ne20 -7.7421 ne20-->he4+o16 -4.9639 -5.0550 -4.7539
-3.3982 -5.0317  7.7124 he4+si28-->c12+ne20 -7.7421 ne20-->he4+o16 -4.9639 -5.3327 -5.0317
-3.3089 -5.1363  7.6991 he4+si28-->c12+ne20 -7.7421 ne20-->he4+o16 -4.9639 -5.4373 -5.1363
-3.2193 -5.1405  7.6890 he4+si28-->c12+ne20 -7.7421 ne20-->he4+o16 -4.9639 -5.4415 -5.1405
-3.1274 -4.9927  7.6732 he4+si28-->c12+ne20 -7.7421 ne20-->he4+o16 -4.9639 -5.2937 -4.9927
-3.0390 -5.0092  7.6604 he4+si28-->c12+ne20 -7.7421 ne20-->he4+o16 -4.9639 -5.3102 -5.0092
-2.9493 -4.9410  7.6454 he4+si28-->c12+ne20 -7.7421 ne20-->he4+o16 -4.9639 -5.2420 -4.9410
-2.8599 -4.9056  7.6308 he4+si28-->c12+ne20 -7.7421 ne20-->he4+o16 -4.9639 -5.2066 -4.9056
-2.7689 -4.9504  7.6166 he4+si28-->c12+ne20 -7.7421 ne20-->he4+o16 -4.9639 -5.2514 -4.9504
-2.6790 -4.9040  7.6019 he4+si28-->c12+ne20 -7.7421 ne20-->he4+o16 -4.9639 -5.2051 -4.9040
-2.5892 -4.9747  7.5883 he4+si28-->c12+ne20 -7.7421 ne20-->he4+o16 -4.9639 -5.2757 -4.9747
-2.4991 -4.8613  7.5758 he4+si28-->c12+ne20 -7.7421 ne20-->he4+o16 -4.9639 -5.1623 -4.8613
-2.4095 -4.9058  7.5648 he4+si28-->c12+ne20 -7.7421 ne20-->he4+o16 -4.9639 -5.2068 -4.9058
-2.3199 -4.9216  7.5553 he4+si28-->c12+ne20 -7.7421 ne20-->he4+o16 -4.9639 -5.2226 -4.9216
-2.2298 -4.9533  7.5584 he4+si28-->c12+ne20 -7.7421 ne20-->he4+o16 -4.9639 -5.2544 -4.9533
-2.1397 -4.8444  7.5426 he4+si28-->c12+ne20 -7.7421 ne20-->he4+o16 -4.9639 -5.1454 -4.8444
-2.0497 -4.8583  7.5600 he4+si28-->c12+ne20 -7.7421 ne20-->he4+o16 -4.9639 -5.1594 -4.8583
-1.9596 -4.6892  7.5400 he4+si28-->c12+ne20 -7.7421 ne20-->he4+o16 -4.9639 -4.9902 -4.6892
-1.8697 -4.7331  7.5361 he4+si28-->c12+ne20 -7.7421 ne20-->he4+o16 -4.9639 -5.0341 -4.7331
-1.7799 -4.6892  7.5345 he4+si28-->c12+ne20 -7.7421 ne20-->he4+o16 -4.9639 -4.9902 -4.6892
-1.6899 -4.6804  7.5339 he4+si28-->c12+ne20 -7.7421 ne20-->he4+o16 -4.9639 -4.9815 -4.6804
-1.5999 -4.6804  7.5334 he4+si28-->c12+ne20 -7.7421 ne20-->he4+o16 -4.9639 -4.9815 -4.6804
-1.5099 -4.6892  7.5331 he4+si28-->c12+ne20 -7.7421 ne20-->he4+o16 -4.9639 -4.9902 -4.6892
-1.4200 -4.7506  7.5327 he4+si28-->c12+ne20 -7.7421 ne20-->he4+o16 -4.9639 -5.0517 -4.7506
-1.3300 -4.7419  7.5324 he4+si28-->c12+ne20 -7.7421 ne20-->he4+o16 -4.9639 -5.0429 -4.7419
-1.2400 -4.7419  7.5315 he4+si28-->c12+ne20 -7.7421 ne20-->he4+o16 -4.9639 -5.0429 -4.7419
-1.1500 -4.6804  7.5309 he4+si28-->c12+ne20 -7.7421 ne20-->he4+o16 -4.9639 -4.9815 -4.6804
-1.0600 -4.7419  7.5301 he4+si28-->c12+ne20 -7.7421 ne20-->he4+o16 -4.9639 -5.0429 -4.7419
-0.9700 -4.6629  7.5290 he4+si28-->c12+ne20 -7.7421 ne20-->he4+o16 -4.9639 -4.9055 -4.6629
-0.8800 -4.6980  7.5276 he4+si28-->c12+ne20 -7.7421 ne20-->he4+o16 -4.9639 -4.9990 -4.6980
-0.7900 -4.7155  7.5454 he4+si28-->c12+ne20 -7.7421 ne20-->he4+o16 -4.9639 -5.0166 -4.7155
-0.7000 -4.6629  7.5302 he4+si28-->c12+ne20 -7.7421 ne20-->he4+o16 -4.9639 -4.8178 -4.6629
-0.6100 -4.6629  7.5125 he4+si28-->c12+ne20 -7.7421 ne20-->he4+o16 -4.9639 -4.6629 -4.6629
-0.5200 -4.6629  7.4933 he4+si28-->c12+ne20 -7.7421 ne20-->he4+o16 -4.9639 -4.6629 -4.6629
-0.4300 -4.6629  7.4734 he4+si28-->c12+ne20 -7.7421 ne20-->he4+o16 -4.9639 -4.6629 -4.6629
-0.3400 -4.6629  7.4534 he4+si28-->c12+ne20 -7.7421 ne20-->he4+o16 -4.9639 -4.6629 -4.6629
-0.2500 -4.6629  7.4337 he4+si28-->c12+ne20 -7.7421 ne20-->he4+o16 -4.9639 -4.6629 -4.6629
-0.1600 -4.6629  7.4146 he4+si28-->c12+ne20 -7.7421 ne20-->he4+o16 -4.9639 -4.6629 -4.6629
-0.0700 -4.6629  7.3964 he4+si28-->c12+ne20 -7.7421 ne20-->he4+o16 -4.9639 -4.6629 -4.6629
 0.0200 -4.6629  7.3793 he4+si28-->c12+ne20 -7.7421 ne20-->he4+o16 -4.9639 -4.6629 -4.6629
 0.1100 -4.6629  7.3601 he4+si28-->c12+ne20 -7.7421 ne20-->he4+o16 -4.9639 -4.6629 -4.6629
 0.2000 -4.6629  7.3438 he4+si28-->c12+ne20 -7.7421 ne20-->he4+o16 -4.9639 -4.6629 -4.6629
 0.2900 -4.6629  7.3325 he4+si28-->c12+ne20 -7.7421 ne20-->he4+o16 -4.9639 -4.6629 -4.6629
 0.3800 -4.6629  7.3257 he4+si28-->c12+ne20 -7.7421 ne20-->he4+o16 -4.9639 -4.6629 -4.6629
 0.4724 -1.0505  0.1266 he4+mg24-->c12+o16 -0.2846 c12+o16-->he4+mg24  2.4948 -1.3516 -1.0505
 0.5926 -0.4074 -30.0000 he4+mg24-->c12+o16     inf c12+o16-->he4+mg24     inf -0.4488 -0.4074
 0.6754 -0.3246 -30.0000 he4+mg24-->c12+o16     inf c12+o16-->he4+mg24     inf -0.3660 -0.3246
 0.7582 -0.2418 -30.0000 he4+mg24-->c12+o16     inf c12+o16-->he4+mg24     inf -0.2832 -0.2418
 0.8409 -0.1591 -30.0000 he4+mg24-->c12+o16     inf c12+o16-->he4+mg24     inf -0.2005 -0.1591
 0.9237 -0.0763 -30.0000 he4+mg24-->c12+o16     inf c12+o16-->he4+mg24     inf -0.1177 -0.0763
 1.0479  0.0479 -30.0000 he4+mg24-->c12+o16     inf c12+o16-->he4+mg24     inf  0.0065  0.0479
 1.1307  0.1307 -30.0000 he4+mg24-->c12+o16     inf c12+o16-->he4+mg24     inf  0.0893  0.1307
 1.2135  0.2135 -30.0000 he4+mg24-->c12+o16     inf c12+o16-->he4+mg24     inf  0.1721  0.2135
 1.2963  0.2963 -30.0000 he4+mg24-->c12+o16     inf c12+o16-->he4+mg24     inf  0.2549  0.2963
 1.3790  0.3790 -30.0000 he4+mg24-->c12+o16     inf c12+o16-->he4+mg24     inf  0.3376  0.3790
 1.4618  0.4618 -30.0000 he4+mg24-->c12+o16     inf c12+o16-->he4+mg24     inf  0.4204  0.4618
 1.5860  0.5860 -30.0000 he4+mg24-->c12+o16     inf c12+o16-->he4+mg24     inf  0.5446  0.5860
 1.6688  0.6688 -30.0000 he4+mg24-->c12+o16     inf c12+o16-->he4+mg24     inf  0.6274  0.6688
 1.7516  0.7516 -30.0000 he4+mg24-->c12+o16     inf c12+o16-->he4+mg24     inf  0.7102  0.7516
 1.8344  0.8344 -30.0000 he4+mg24-->c12+o16     inf c12+o16-->he4+mg24     inf  0.7930  0.8344
 1.9171  0.9171 -30.0000 he4+mg24-->c12+o16     inf c12+o16-->he4+mg24     inf  0.8758  0.9171
 2.0413  1.0413 -30.0000 he4+mg24-->c12+o16     inf c12+o16-->he4+mg24     inf  0.9999  1.0413
