# ASY method (with partition functions): 1007252 integration steps in 3.4725e+00 seconds
# All quantities except Asy, RG_PE, and sumX are log10(x)
# Log of absolute values for E and dE/dt as they can be negative
# Units: t and dt in s; E in erg; dE/dt in erg/g/s; others dimensionless 
#
#    t     dt     |E|  |dE/dt| Asy  Equil  sumX  X(4He)     X(12C)     X(16O)     X(20Ne)     X(24Mg)     X(28Si)     X(32S)     X(36Ar)     X(40Ca)     X(44Ti)     X(48Cr)     X(52Fe)     X(56Ni)     X(60Zn)     X(64Ge)     X(68Se)     

-17.930 -18.972  8.653 26.588 0.000 0.000 1.000 0.00000 -9.395e+00 -3.010e-01 -3.010e-01 -8.705e+00 -1.028e+01 -1.271e+01 -2.400e+01 -2.400e+01 -2.400e+01 -2.400e+01 -2.400e+01 -2.400e+01 -2.400e+01 -2.400e+01 -2.400e+01 -2.400e+01
-17.889 -18.930  8.695 26.588 0.000 0.000 1.000 0.00000 -9.353e+00 -3.010e-01 -3.010e-01 -8.664e+00 -1.024e+01 -1.267e+01 -2.400e+01 -2.400e+01 -2.400e+01 -2.400e+01 -2.400e+01 -2.400e+01 -2.400e+01 -2.400e+01 -2.400e+01 -2.400e+01
-17.806 -18.848  8.779 26.588 0.000 0.000 1.000 0.00000 -9.270e+00 -3.010e-01 -3.010e-01 -8.580e+00 -1.016e+01 -1.258e+01 -2.400e+01 -2.400e+01 -2.400e+01 -2.400e+01 -2.400e+01 -2.400e+01 -2.400e+01 -2.400e+01 -2.400e+01 -2.400e+01
-17.765 -18.806  8.820 26.588 0.000 0.000 1.000 0.00000 -9.228e+00 -3.010e-01 -3.010e-01 -8.539e+00 -1.011e+01 -1.254e+01 -2.400e+01 -2.400e+01 -2.400e+01 -2.400e+01 -2.400e+01 -2.400e+01 -2.400e+01 -2.400e+01 -2.400e+01 -2.400e+01
-17.723 -18.765  8.862 26.588 0.000 0.000 1.000 0.00000 -9.186e+00 -3.010e-01 -3.010e-01 -8.497e+00 -1.007e+01 -1.250e+01 -2.400e+01 -2.400e+01 -2.400e+01 -2.400e+01 -2.400e+01 -2.400e+01 -2.400e+01 -2.400e+01 -2.400e+01 -2.400e+01
-17.641 -18.682  8.945 26.588 0.000 0.000 1.000 0.00000 -9.103e+00 -3.010e-01 -3.010e-01 -8.414e+00 -9.989e+00 -1.242e+01 -2.400e+01 -2.400e+01 -2.400e+01 -2.400e+01 -2.400e+01 -2.400e+01 -2.400e+01 -2.400e+01 -2.400e+01 -2.400e+01
-17.599 -18.641  8.987 26.588 0.000 0.000 1.000 0.00000 -9.062e+00 -3.010e-01 -3.010e-01 -8.372e+00 -9.947e+00 -1.238e+01 -2.400e+01 -2.400e+01 -2.400e+01 -2.400e+01 -2.400e+01 -2.400e+01 -2.400e+01 -2.400e+01 -2.400e+01 -2.400e+01
-17.558 -18.599  9.028 26.588 0.000 0.000 1.000 0.00000 -9.020e+00 -3.010e-01 -3.010e-01 -8.331e+00 -9.905e+00 -1.233e+01 -2.400e+01 -2.400e+01 -2.400e+01 -2.400e+01 -2.400e+01 -2.400e+01 -2.400e+01 -2.400e+01 -2.400e+01 -2.400e+01
-17.516 -18.558  9.070 26.588 0.000 0.000 1.000 0.00000 -8.978e+00 -3.010e-01 -3.010e-01 -8.289e+00 -9.864e+00 -1.229e+01 -2.400e+01 -2.400e+01 -2.400e+01 -2.400e+01 -2.400e+01 -2.400e+01 -2.400e+01 -2.400e+01 -2.400e+01 -2.400e+01
-17.434 -18.475  9.153 26.588 0.000 0.000 1.000 0.00000 -8.895e+00 -3.010e-01 -3.010e-01 -8.206e+00 -9.781e+00 -1.221e+01 -2.400e+01 -2.400e+01 -2.400e+01 -2.400e+01 -2.400e+01 -2.400e+01 -2.400e+01 -2.400e+01 -2.400e+01 -2.400e+01
-17.392 -18.434  9.194 26.588 0.000 0.000 1.000 0.00000 -8.854e+00 -3.010e-01 -3.010e-01 -8.165e+00 -9.739e+00 -1.217e+01 -2.400e+01 -2.400e+01 -2.400e+01 -2.400e+01 -2.400e+01 -2.400e+01 -2.400e+01 -2.400e+01 -2.400e+01 -2.400e+01
-17.351 -18.392  9.236 26.588 0.000 0.000 1.000 0.00000 -8.812e+00 -3.010e-01 -3.010e-01 -8.123e+00 -9.698e+00 -1.213e+01 -2.400e+01 -2.400e+01 -2.400e+01 -2.400e+01 -2.400e+01 -2.400e+01 -2.400e+01 -2.400e+01 -2.400e+01 -2.400e+01
-17.268 -18.309  9.319 26.588 0.000 0.000 1.000 0.00000 -8.730e+00 -3.010e-01 -3.010e-01 -8.040e+00 -9.615e+00 -1.204e+01 -2.400e+01 -2.400e+01 -2.400e+01 -2.400e+01 -2.400e+01 -2.400e+01 -2.400e+01 -2.400e+01 -2.400e+01 -2.400e+01
-17.227 -18.268  9.360 26.588 0.000 0.000 1.000 0.00000 -8.688e+00 -3.010e-01 -3.010e-01 -7.999e+00 -9.573e+00 -1.200e+01 -2.400e+01 -2.400e+01 -2.400e+01 -2.400e+01 -2.400e+01 -2.400e+01 -2.400e+01 -2.400e+01 -2.400e+01 -2.400e+01
-17.185 -18.227  9.402 26.588 0.000 0.000 1.000 0.00000 -8.647e+00 -3.010e-01 -3.010e-01 -7.957e+00 -9.532e+00 -1.196e+01 -2.400e+01 -2.400e+01 -2.400e+01 -2.400e+01 -2.400e+01 -2.400e+01 -2.400e+01 -2.400e+01 -2.400e+01 -2.400e+01
-17.144 -18.185  9.443 26.588 0.000 0.000 1.000 0.00000 -8.605e+00 -3.010e-01 -3.010e-01 -7.916e+00 -9.491e+00 -1.192e+01 -2.400e+01 -2.400e+01 -2.400e+01 -2.400e+01 -2.400e+01 -2.400e+01 -2.400e+01 -2.400e+01 -2.400e+01 -2.400e+01
-17.061 -18.103  9.526 26.588 0.000 0.000 1.000 0.00000 -8.522e+00 -3.010e-01 -3.010e-01 -7.833e+00 -9.408e+00 -1.184e+01 -2.400e+01 -2.400e+01 -2.400e+01 -2.400e+01 -2.400e+01 -2.400e+01 -2.400e+01 -2.400e+01 -2.400e+01 -2.400e+01
-17.020 -18.061  9.567 26.588 0.000 0.000 1.000 0.00000 -8.481e+00 -3.010e-01 -3.010e-01 -7.791e+00 -9.366e+00 -1.179e+01 -2.400e+01 -2.400e+01 -2.400e+01 -2.400e+01 -2.400e+01 -2.400e+01 -2.400e+01 -2.400e+01 -2.400e+01 -2.400e+01
-16.978 -18.020  9.609 26.588 0.000 0.000 1.000 0.00000 -8.439e+00 -3.010e-01 -3.010e-01 -7.750e+00 -9.325e+00 -1.175e+01 -2.400e+01 -2.400e+01 -2.400e+01 -2.400e+01 -2.400e+01 -2.400e+01 -2.400e+01 -2.400e+01 -2.400e+01 -2.400e+01
-16.896 -17.937  9.692 26.588 0.000 0.000 1.000 0.00000 -8.357e+00 -3.010e-01 -3.010e-01 -7.667e+00 -9.242e+00 -1.167e+01 -2.400e+01 -2.400e+01 -2.400e+01 -2.400e+01 -2.400e+01 -2.400e+01 -2.400e+01 -2.400e+01 -2.400e+01 -2.400e+01
-16.854 -17.896  9.733 26.588 0.000 0.000 1.000 0.00000 -8.315e+00 -3.010e-01 -3.010e-01 -7.626e+00 -9.201e+00 -1.163e+01 -2.400e+01 -2.400e+01 -2.400e+01 -2.400e+01 -2.400e+01 -2.400e+01 -2.400e+01 -2.400e+01 -2.400e+01 -2.400e+01
-16.813 -17.854  9.774 26.588 0.000 0.000 1.000 0.00000 -8.274e+00 -3.010e-01 -3.010e-01 -7.584e+00 -9.159e+00 -1.159e+01 -2.400e+01 -2.400e+01 -2.400e+01 -2.400e+01 -2.400e+01 -2.400e+01 -2.400e+01 -2.400e+01 -2.400e+01 -2.400e+01
-16.771 -17.813  9.816 26.588 0.000 0.000 1.000 0.00000 -8.232e+00 -3.010e-01 -3.010e-01 -7.543e+00 -9.118e+00 -1.155e+01 -2.400e+01 -2.400e+01 -2.400e+01 -2.400e+01 -2.400e+01 -2.400e+01 -2.400e+01 -2.400e+01 -2.400e+01 -2.400e+01
-16.689 -17.730  9.899 26.588 0.000 0.000 1.000 0.00000 -8.149e+00 -3.010e-01 -3.010e-01 -7.460e+00 -9.035e+00 -1.146e+01 -2.400e+01 -2.400e+01 -2.400e+01 -2.400e+01 -2.400e+01 -2.400e+01 -2.400e+01 -2.400e+01 -2.400e+01 -2.400e+01
-16.647 -17.689  9.940 26.588 0.000 0.000 1.000 0.00000 -8.108e+00 -3.010e-01 -3.010e-01 -7.419e+00 -8.993e+00 -1.142e+01 -2.400e+01 -2.400e+01 -2.400e+01 -2.400e+01 -2.400e+01 -2.400e+01 -2.400e+01 -2.400e+01 -2.400e+01 -2.400e+01
-16.606 -17.647  9.982 26.588 0.000 0.000 1.000 0.00000 -8.067e+00 -3.010e-01 -3.010e-01 -7.377e+00 -8.952e+00 -1.138e+01 -2.400e+01 -2.400e+01 -2.400e+01 -2.400e+01 -2.400e+01 -2.400e+01 -2.400e+01 -2.400e+01 -2.400e+01 -2.400e+01
-16.523 -17.564 10.064 26.588 0.000 0.000 1.000 0.00000 -7.984e+00 -3.010e-01 -3.010e-01 -7.294e+00 -8.869e+00 -1.130e+01 -2.400e+01 -2.400e+01 -2.400e+01 -2.400e+01 -2.400e+01 -2.400e+01 -2.400e+01 -2.400e+01 -2.400e+01 -2.400e+01
-16.482 -17.523 10.106 26.588 0.000 0.000 1.000 0.00000 -7.942e+00 -3.010e-01 -3.010e-01 -7.253e+00 -8.828e+00 -1.126e+01 -2.400e+01 -2.400e+01 -2.400e+01 -2.400e+01 -2.400e+01 -2.400e+01 -2.400e+01 -2.400e+01 -2.400e+01 -2.400e+01
-16.440 -17.482 10.147 26.588 0.000 0.000 1.000 0.00000 -7.901e+00 -3.010e-01 -3.010e-01 -7.212e+00 -8.786e+00 -1.121e+01 -2.400e+01 -2.400e+01 -2.400e+01 -2.400e+01 -2.400e+01 -2.400e+01 -2.400e+01 -2.400e+01 -2.400e+01 -2.400e+01
-16.399 -17.440 10.189 26.588 0.000 0.000 1.000 0.00000 -7.860e+00 -3.010e-01 -3.010e-01 -7.170e+00 -8.745e+00 -1.117e+01 -2.400e+01 -2.400e+01 -2.400e+01 -2.400e+01 -2.400e+01 -2.400e+01 -2.400e+01 -2.400e+01 -2.400e+01 -2.400e+01
-16.316 -17.357 10.271 26.588 0.000 0.000 1.000 0.00000 -7.777e+00 -3.010e-01 -3.010e-01 -7.087e+00 -8.662e+00 -1.109e+01 -2.400e+01 -2.400e+01 -2.400e+01 -2.400e+01 -2.400e+01 -2.400e+01 -2.400e+01 -2.400e+01 -2.400e+01 -2.400e+01
-16.275 -17.316 10.313 26.588 0.000 0.000 1.000 0.00000 -7.735e+00 -3.010e-01 -3.010e-01 -7.046e+00 -8.621e+00 -1.105e+01 -2.400e+01 -2.400e+01 -2.400e+01 -2.400e+01 -2.400e+01 -2.400e+01 -2.400e+01 -2.400e+01 -2.400e+01 -2.400e+01
-16.233 -17.275 10.354 26.588 0.000 0.000 1.000 0.00000 -7.694e+00 -3.010e-01 -3.010e-01 -7.005e+00 -8.579e+00 -1.101e+01 -2.400e+01 -2.400e+01 -2.400e+01 -2.400e+01 -2.400e+01 -2.400e+01 -2.400e+01 -2.400e+01 -2.400e+01 -2.400e+01
-16.150 -17.192 10.437 26.588 0.000 0.000 1.000 0.00000 -7.611e+00 -3.010e-01 -3.010e-01 -6.922e+00 -8.497e+00 -1.092e+01 -2.400e+01 -2.400e+01 -2.400e+01 -2.400e+01 -2.400e+01 -2.400e+01 -2.400e+01 -2.400e+01 -2.400e+01 -2.400e+01
-16.109 -17.150 10.478 26.588 0.000 0.000 1.000 0.00000 -7.570e+00 -3.010e-01 -3.010e-01 -6.880e+00 -8.455e+00 -1.088e+01 -2.399e+01 -2.400e+01 -2.400e+01 -2.400e+01 -2.400e+01 -2.400e+01 -2.400e+01 -2.400e+01 -2.400e+01 -2.400e+01
-16.068 -17.109 10.520 26.588 0.000 0.000 1.000 0.00000 -7.528e+00 -3.010e-01 -3.010e-01 -6.839e+00 -8.414e+00 -1.084e+01 -2.399e+01 -2.400e+01 -2.400e+01 -2.400e+01 -2.400e+01 -2.400e+01 -2.400e+01 -2.400e+01 -2.400e+01 -2.400e+01
-16.026 -17.068 10.561 26.588 0.000 0.000 1.000 0.00000 -7.487e+00 -3.010e-01 -3.010e-01 -6.798e+00 -8.372e+00 -1.080e+01 -2.399e+01 -2.400e+01 -2.400e+01 -2.400e+01 -2.400e+01 -2.400e+01 -2.400e+01 -2.400e+01 -2.400e+01 -2.400e+01
-15.944 -16.985 10.644 26.588 0.000 0.000 1.000 0.00000 -7.404e+00 -3.010e-01 -3.010e-01 -6.715e+00 -8.290e+00 -1.072e+01 -2.398e+01 -2.400e+01 -2.400e+01 -2.400e+01 -2.400e+01 -2.400e+01 -2.400e+01 -2.400e+01 -2.400e+01 -2.400e+01
-15.902 -16.944 10.685 26.588 0.000 0.000 1.000 0.00000 -7.363e+00 -3.010e-01 -3.010e-01 -6.673e+00 -8.248e+00 -1.068e+01 -2.398e+01 -2.400e+01 -2.400e+01 -2.400e+01 -2.400e+01 -2.400e+01 -2.400e+01 -2.400e+01 -2.400e+01 -2.400e+01
-15.861 -16.902 10.727 26.588 0.000 0.000 1.000 0.00000 -7.321e+00 -3.010e-01 -3.010e-01 -6.632e+00 -8.207e+00 -1.063e+01 -2.397e+01 -2.400e+01 -2.400e+01 -2.400e+01 -2.400e+01 -2.400e+01 -2.400e+01 -2.400e+01 -2.400e+01 -2.400e+01
-15.778 -16.819 10.810 26.588 0.000 0.000 1.000 0.00000 -7.239e+00 -3.010e-01 -3.010e-01 -6.549e+00 -8.124e+00 -1.055e+01 -2.395e+01 -2.400e+01 -2.400e+01 -2.400e+01 -2.400e+01 -2.400e+01 -2.400e+01 -2.400e+01 -2.400e+01 -2.400e+01
-15.737 -16.778 10.851 26.588 0.000 0.000 1.000 0.00000 -7.197e+00 -3.010e-01 -3.010e-01 -6.508e+00 -8.083e+00 -1.051e+01 -2.393e+01 -2.400e+01 -2.400e+01 -2.400e+01 -2.400e+01 -2.400e+01 -2.400e+01 -2.400e+01 -2.400e+01 -2.400e+01
-15.695 -16.737 10.892 26.588 0.000 0.000 1.000 0.00000 -7.156e+00 -3.010e-01 -3.010e-01 -6.466e+00 -8.041e+00 -1.047e+01 -2.391e+01 -2.400e+01 -2.400e+01 -2.400e+01 -2.400e+01 -2.400e+01 -2.400e+01 -2.400e+01 -2.400e+01 -2.400e+01
-15.612 -16.654 10.975 26.588 0.000 0.000 1.000 0.00000 -7.073e+00 -3.010e-01 -3.010e-01 -6.384e+00 -7.958e+00 -1.039e+01 -2.385e+01 -2.400e+01 -2.400e+01 -2.400e+01 -2.400e+01 -2.400e+01 -2.400e+01 -2.400e+01 -2.400e+01 -2.400e+01
-15.571 -16.612 11.017 26.588 0.000 0.000 1.000 0.00000 -7.032e+00 -3.010e-01 -3.010e-01 -6.342e+00 -7.917e+00 -1.035e+01 -2.381e+01 -2.400e+01 -2.400e+01 -2.400e+01 -2.400e+01 -2.400e+01 -2.400e+01 -2.400e+01 -2.400e+01 -2.400e+01
-15.530 -16.571 11.058 26.588 0.000 0.000 1.000 0.00000 -6.990e+00 -3.010e-01 -3.010e-01 -6.301e+00 -7.876e+00 -1.030e+01 -2.377e+01 -2.400e+01 -2.400e+01 -2.400e+01 -2.400e+01 -2.400e+01 -2.400e+01 -2.400e+01 -2.400e+01 -2.400e+01
-15.488 -16.530 11.099 26.588 0.000 0.000 1.000 0.00000 -6.949e+00 -3.010e-01 -3.010e-01 -6.260e+00 -7.834e+00 -1.026e+01 -2.371e+01 -2.400e+01 -2.400e+01 -2.400e+01 -2.400e+01 -2.400e+01 -2.400e+01 -2.400e+01 -2.400e+01 -2.400e+01
-15.405 -16.447 11.182 26.588 0.000 0.000 1.000 0.00000 -6.866e+00 -3.010e-01 -3.010e-01 -6.177e+00 -7.751e+00 -1.018e+01 -2.357e+01 -2.400e+01 -2.400e+01 -2.400e+01 -2.400e+01 -2.400e+01 -2.400e+01 -2.400e+01 -2.400e+01 -2.400e+01
-15.364 -16.405 11.223 26.588 0.000 0.000 1.000 0.00000 -6.825e+00 -3.010e-01 -3.010e-01 -6.135e+00 -7.710e+00 -1.014e+01 -2.349e+01 -2.400e+01 -2.400e+01 -2.400e+01 -2.400e+01 -2.400e+01 -2.400e+01 -2.400e+01 -2.400e+01 -2.400e+01
-15.323 -16.364 11.265 26.588 0.000 0.000 1.000 0.00000 -6.783e+00 -3.010e-01 -3.010e-01 -6.094e+00 -7.669e+00 -1.010e+01 -2.340e+01 -2.400e+01 -2.400e+01 -2.400e+01 -2.400e+01 -2.400e+01 -2.400e+01 -2.400e+01 -2.400e+01 -2.400e+01
-15.240 -16.281 11.348 26.588 0.000 0.000 1.000 0.00000 -6.700e+00 -3.010e-01 -3.010e-01 -6.011e+00 -7.586e+00 -1.001e+01 -2.320e+01 -2.400e+01 -2.400e+01 -2.400e+01 -2.400e+01 -2.400e+01 -2.400e+01 -2.400e+01 -2.400e+01 -2.400e+01
-15.198 -16.240 11.389 26.588 0.000 0.000 1.000 0.00000 -6.659e+00 -3.010e-01 -3.010e-01 -5.970e+00 -7.544e+00 -9.973e+00 -2.309e+01 -2.400e+01 -2.400e+01 -2.400e+01 -2.400e+01 -2.400e+01 -2.400e+01 -2.400e+01 -2.400e+01 -2.400e+01
-15.157 -16.198 11.430 26.588 0.000 0.000 1.000 0.00000 -6.618e+00 -3.010e-01 -3.010e-01 -5.928e+00 -7.503e+00 -9.931e+00 -2.298e+01 -2.400e+01 -2.400e+01 -2.400e+01 -2.400e+01 -2.400e+01 -2.400e+01 -2.400e+01 -2.400e+01 -2.400e+01
-15.116 -16.157 11.472 26.588 0.000 0.000 1.000 0.00000 -6.576e+00 -3.010e-01 -3.010e-01 -5.887e+00 -7.462e+00 -9.890e+00 -2.287e+01 -2.400e+01 -2.400e+01 -2.400e+01 -2.400e+01 -2.400e+01 -2.400e+01 -2.400e+01 -2.400e+01 -2.400e+01
-15.033 -16.074 11.555 26.588 0.000 0.000 1.000 0.00000 -6.493e+00 -3.010e-01 -3.010e-01 -5.804e+00 -7.379e+00 -9.807e+00 -2.263e+01 -2.400e+01 -2.400e+01 -2.400e+01 -2.400e+01 -2.400e+01 -2.400e+01 -2.400e+01 -2.400e+01 -2.400e+01
-14.991 -16.033 11.596 26.588 0.000 0.000 1.000 0.00000 -6.452e+00 -3.010e-01 -3.010e-01 -5.763e+00 -7.338e+00 -9.766e+00 -2.252e+01 -2.400e+01 -2.400e+01 -2.400e+01 -2.400e+01 -2.400e+01 -2.400e+01 -2.400e+01 -2.400e+01 -2.400e+01
-14.950 -15.991 11.637 26.588 0.000 0.000 1.000 0.00000 -6.411e+00 -3.010e-01 -3.010e-01 -5.721e+00 -7.296e+00 -9.724e+00 -2.239e+01 -2.400e+01 -2.400e+01 -2.400e+01 -2.400e+01 -2.400e+01 -2.400e+01 -2.400e+01 -2.400e+01 -2.400e+01
-14.867 -15.909 11.720 26.588 0.000 0.000 1.000 0.00000 -6.328e+00 -3.010e-01 -3.010e-01 -5.639e+00 -7.213e+00 -9.642e+00 -2.215e+01 -2.400e+01 -2.400e+01 -2.400e+01 -2.400e+01 -2.400e+01 -2.400e+01 -2.400e+01 -2.400e+01 -2.400e+01
-14.826 -15.867 11.762 26.588 0.000 0.000 1.000 0.00000 -6.287e+00 -3.010e-01 -3.010e-01 -5.597e+00 -7.172e+00 -9.600e+00 -2.203e+01 -2.400e+01 -2.400e+01 -2.400e+01 -2.400e+01 -2.400e+01 -2.400e+01 -2.400e+01 -2.400e+01 -2.400e+01
-14.785 -15.826 11.803 26.588 0.000 0.000 1.000 0.00000 -6.245e+00 -3.010e-01 -3.010e-01 -5.556e+00 -7.131e+00 -9.559e+00 -2.191e+01 -2.400e+01 -2.400e+01 -2.400e+01 -2.400e+01 -2.400e+01 -2.400e+01 -2.400e+01 -2.400e+01 -2.400e+01
-14.743 -15.785 11.844 26.588 0.000 0.000 1.000 0.00000 -6.204e+00 -3.010e-01 -3.010e-01 -5.514e+00 -7.089e+00 -9.517e+00 -2.178e+01 -2.400e+01 -2.400e+01 -2.400e+01 -2.400e+01 -2.400e+01 -2.400e+01 -2.400e+01 -2.400e+01 -2.400e+01
-14.660 -15.702 11.927 26.588 0.000 0.000 1.000 0.00000 -6.121e+00 -3.010e-01 -3.010e-01 -5.432e+00 -7.006e+00 -9.435e+00 -2.153e+01 -2.400e+01 -2.400e+01 -2.400e+01 -2.400e+01 -2.400e+01 -2.400e+01 -2.400e+01 -2.400e+01 -2.400e+01
-14.619 -15.660 11.969 26.588 0.000 0.000 1.000 0.00000 -6.080e+00 -3.010e-01 -3.010e-01 -5.390e+00 -6.965e+00 -9.393e+00 -2.141e+01 -2.400e+01 -2.400e+01 -2.400e+01 -2.400e+01 -2.400e+01 -2.400e+01 -2.400e+01 -2.400e+01 -2.400e+01
-14.578 -15.619 12.010 26.588 0.000 0.000 1.000 0.00000 -6.038e+00 -3.010e-01 -3.010e-01 -5.349e+00 -6.924e+00 -9.352e+00 -2.129e+01 -2.400e+01 -2.400e+01 -2.400e+01 -2.400e+01 -2.400e+01 -2.400e+01 -2.400e+01 -2.400e+01 -2.400e+01
-14.495 -15.536 12.093 26.588 0.000 0.000 1.000 0.00000 -5.955e+00 -3.010e-01 -3.010e-01 -5.266e+00 -6.841e+00 -9.269e+00 -2.104e+01 -2.400e+01 -2.400e+01 -2.400e+01 -2.400e+01 -2.400e+01 -2.400e+01 -2.400e+01 -2.400e+01 -2.400e+01
-14.453 -15.495 12.134 26.588 0.000 0.000 1.000 0.00000 -5.914e+00 -3.010e-01 -3.010e-01 -5.225e+00 -6.799e+00 -9.228e+00 -2.092e+01 -2.400e+01 -2.400e+01 -2.400e+01 -2.400e+01 -2.400e+01 -2.400e+01 -2.400e+01 -2.400e+01 -2.400e+01
-14.412 -15.453 12.176 26.588 0.000 0.000 1.000 0.00000 -5.873e+00 -3.010e-01 -3.010e-01 -5.183e+00 -6.758e+00 -9.186e+00 -2.079e+01 -2.400e+01 -2.400e+01 -2.400e+01 -2.400e+01 -2.400e+01 -2.400e+01 -2.400e+01 -2.400e+01 -2.400e+01
-14.371 -15.412 12.217 26.588 0.000 0.000 1.000 0.00000 -5.831e+00 -3.010e-01 -3.010e-01 -5.142e+00 -6.717e+00 -9.145e+00 -2.067e+01 -2.400e+01 -2.400e+01 -2.400e+01 -2.400e+01 -2.400e+01 -2.400e+01 -2.400e+01 -2.400e+01 -2.400e+01
-14.288 -15.329 12.300 26.588 0.000 0.000 1.000 0.00000 -5.748e+00 -3.010e-01 -3.010e-01 -5.059e+00 -6.634e+00 -9.062e+00 -2.042e+01 -2.400e+01 -2.400e+01 -2.400e+01 -2.400e+01 -2.400e+01 -2.400e+01 -2.400e+01 -2.400e+01 -2.400e+01
-14.246 -15.288 12.341 26.588 0.000 0.000 1.000 0.00000 -5.707e+00 -3.010e-01 -3.010e-01 -5.018e+00 -6.592e+00 -9.021e+00 -2.029e+01 -2.400e+01 -2.400e+01 -2.400e+01 -2.400e+01 -2.400e+01 -2.400e+01 -2.400e+01 -2.400e+01 -2.400e+01
-14.205 -15.246 12.382 26.588 0.000 0.000 1.000 0.00000 -5.666e+00 -3.010e-01 -3.010e-01 -4.976e+00 -6.551e+00 -8.979e+00 -2.017e+01 -2.400e+01 -2.400e+01 -2.400e+01 -2.400e+01 -2.400e+01 -2.400e+01 -2.400e+01 -2.400e+01 -2.400e+01
-14.122 -15.164 12.465 26.588 0.000 0.000 1.000 0.00000 -5.583e+00 -3.010e-01 -3.010e-01 -4.894e+00 -6.468e+00 -8.896e+00 -1.992e+01 -2.400e+01 -2.400e+01 -2.400e+01 -2.400e+01 -2.400e+01 -2.400e+01 -2.400e+01 -2.400e+01 -2.400e+01
-14.081 -15.122 12.507 26.588 0.000 0.000 1.000 0.00000 -5.541e+00 -3.010e-01 -3.010e-01 -4.852e+00 -6.427e+00 -8.855e+00 -1.980e+01 -2.400e+01 -2.400e+01 -2.400e+01 -2.400e+01 -2.400e+01 -2.400e+01 -2.400e+01 -2.400e+01 -2.400e+01
-14.039 -15.081 12.548 26.587 0.000 0.000 1.000 0.00000 -5.500e+00 -3.010e-01 -3.010e-01 -4.811e+00 -6.386e+00 -8.814e+00 -1.967e+01 -2.400e+01 -2.400e+01 -2.400e+01 -2.400e+01 -2.400e+01 -2.400e+01 -2.400e+01 -2.400e+01 -2.400e+01
-13.998 -15.039 12.589 26.587 0.000 0.000 1.000 0.00000 -5.459e+00 -3.010e-01 -3.010e-01 -4.769e+00 -6.344e+00 -8.772e+00 -1.955e+01 -2.400e+01 -2.400e+01 -2.400e+01 -2.400e+01 -2.400e+01 -2.400e+01 -2.400e+01 -2.400e+01 -2.400e+01
-13.915 -14.957 12.672 26.587 0.000 0.000 1.000 0.00000 -5.376e+00 -3.011e-01 -3.010e-01 -4.687e+00 -6.261e+00 -8.689e+00 -1.930e+01 -2.400e+01 -2.400e+01 -2.400e+01 -2.400e+01 -2.400e+01 -2.400e+01 -2.400e+01 -2.400e+01 -2.400e+01
-13.874 -14.915 12.714 26.587 0.000 0.000 1.000 0.00000 -5.335e+00 -3.011e-01 -3.010e-01 -4.645e+00 -6.220e+00 -8.648e+00 -1.918e+01 -2.400e+01 -2.400e+01 -2.400e+01 -2.400e+01 -2.400e+01 -2.400e+01 -2.400e+01 -2.400e+01 -2.400e+01
-13.832 -14.874 12.755 26.587 0.000 0.000 1.000 0.00000 -5.293e+00 -3.011e-01 -3.010e-01 -4.604e+00 -6.179e+00 -8.607e+00 -1.905e+01 -2.400e+01 -2.400e+01 -2.400e+01 -2.400e+01 -2.400e+01 -2.400e+01 -2.400e+01 -2.400e+01 -2.400e+01
-13.750 -14.791 12.838 26.587 0.000 0.000 1.000 0.00000 -5.210e+00 -3.011e-01 -3.010e-01 -4.521e+00 -6.096e+00 -8.524e+00 -1.880e+01 -2.400e+01 -2.400e+01 -2.400e+01 -2.400e+01 -2.400e+01 -2.400e+01 -2.400e+01 -2.400e+01 -2.400e+01
-13.708 -14.750 12.879 26.587 0.000 0.000 1.000 0.00000 -5.169e+00 -3.011e-01 -3.010e-01 -4.480e+00 -6.054e+00 -8.483e+00 -1.868e+01 -2.400e+01 -2.400e+01 -2.400e+01 -2.400e+01 -2.400e+01 -2.400e+01 -2.400e+01 -2.400e+01 -2.400e+01
-13.667 -14.708 12.921 26.587 0.000 0.000 1.000 0.00000 -5.128e+00 -3.011e-01 -3.010e-01 -4.438e+00 -6.013e+00 -8.441e+00 -1.856e+01 -2.400e+01 -2.400e+01 -2.400e+01 -2.400e+01 -2.400e+01 -2.400e+01 -2.400e+01 -2.400e+01 -2.400e+01
-13.626 -14.667 12.962 26.587 0.000 0.000 1.000 0.00000 -5.086e+00 -3.011e-01 -3.010e-01 -4.397e+00 -5.972e+00 -8.400e+00 -1.843e+01 -2.400e+01 -2.400e+01 -2.400e+01 -2.400e+01 -2.400e+01 -2.400e+01 -2.400e+01 -2.400e+01 -2.400e+01
-13.543 -14.584 13.045 26.587 0.000 0.000 1.000 0.00000 -5.003e+00 -3.011e-01 -3.010e-01 -4.314e+00 -5.889e+00 -8.317e+00 -1.818e+01 -2.400e+01 -2.400e+01 -2.400e+01 -2.400e+01 -2.400e+01 -2.400e+01 -2.400e+01 -2.400e+01 -2.400e+01
-13.501 -14.543 13.086 26.587 0.000 0.000 1.000 0.00000 -4.962e+00 -3.011e-01 -3.010e-01 -4.273e+00 -5.847e+00 -8.276e+00 -1.806e+01 -2.400e+01 -2.400e+01 -2.400e+01 -2.400e+01 -2.400e+01 -2.400e+01 -2.400e+01 -2.400e+01 -2.400e+01
-13.460 -14.501 13.128 26.587 0.000 0.000 1.000 0.00000 -4.921e+00 -3.011e-01 -3.010e-01 -4.231e+00 -5.806e+00 -8.234e+00 -1.794e+01 -2.400e+01 -2.400e+01 -2.400e+01 -2.400e+01 -2.400e+01 -2.400e+01 -2.400e+01 -2.400e+01 -2.400e+01
-13.377 -14.419 13.210 26.587 0.000 0.000 1.000 0.00000 -4.838e+00 -3.011e-01 -3.010e-01 -4.149e+00 -5.723e+00 -8.151e+00 -1.769e+01 -2.400e+01 -2.400e+01 -2.400e+01 -2.400e+01 -2.400e+01 -2.400e+01 -2.400e+01 -2.400e+01 -2.400e+01
-13.336 -14.377 13.252 26.587 0.000 0.000 1.000 0.00000 -4.796e+00 -3.011e-01 -3.010e-01 -4.107e+00 -5.682e+00 -8.110e+00 -1.756e+01 -2.400e+01 -2.400e+01 -2.400e+01 -2.400e+01 -2.400e+01 -2.400e+01 -2.400e+01 -2.400e+01 -2.400e+01
-13.294 -14.336 13.293 26.587 0.000 0.000 1.000 0.00000 -4.755e+00 -3.011e-01 -3.010e-01 -4.066e+00 -5.640e+00 -8.069e+00 -1.744e+01 -2.400e+01 -2.400e+01 -2.400e+01 -2.400e+01 -2.400e+01 -2.400e+01 -2.400e+01 -2.400e+01 -2.400e+01
-13.253 -14.294 13.334 26.587 0.000 0.000 1.000 0.00000 -4.714e+00 -3.011e-01 -3.010e-01 -4.024e+00 -5.599e+00 -8.027e+00 -1.731e+01 -2.400e+01 -2.400e+01 -2.400e+01 -2.400e+01 -2.400e+01 -2.400e+01 -2.400e+01 -2.400e+01 -2.400e+01
-13.170 -14.212 13.417 26.587 0.000 0.000 1.000 0.00000 -4.631e+00 -3.012e-01 -3.010e-01 -3.942e+00 -5.516e+00 -7.944e+00 -1.707e+01 -2.400e+01 -2.400e+01 -2.400e+01 -2.400e+01 -2.400e+01 -2.400e+01 -2.400e+01 -2.400e+01 -2.400e+01
-13.129 -14.170 13.459 26.587 0.000 0.000 1.000 0.00000 -4.590e+00 -3.012e-01 -3.010e-01 -3.900e+00 -5.475e+00 -7.903e+00 -1.694e+01 -2.400e+01 -2.400e+01 -2.400e+01 -2.400e+01 -2.400e+01 -2.400e+01 -2.400e+01 -2.400e+01 -2.400e+01
-13.087 -14.129 13.500 26.587 0.000 0.000 1.000 0.00000 -4.548e+00 -3.012e-01 -3.010e-01 -3.859e+00 -5.434e+00 -7.861e+00 -1.682e+01 -2.400e+01 -2.400e+01 -2.400e+01 -2.400e+01 -2.400e+01 -2.400e+01 -2.400e+01 -2.400e+01 -2.400e+01
-13.005 -14.046 13.583 26.587 0.000 0.000 1.000 0.00000 -4.465e+00 -3.012e-01 -3.010e-01 -3.776e+00 -5.351e+00 -7.779e+00 -1.657e+01 -2.400e+01 -2.400e+01 -2.400e+01 -2.400e+01 -2.400e+01 -2.400e+01 -2.400e+01 -2.400e+01 -2.400e+01
-12.963 -14.005 13.624 26.587 0.000 0.000 1.000 0.00000 -4.424e+00 -3.012e-01 -3.010e-01 -3.735e+00 -5.309e+00 -7.737e+00 -1.645e+01 -2.400e+01 -2.400e+01 -2.400e+01 -2.400e+01 -2.400e+01 -2.400e+01 -2.400e+01 -2.400e+01 -2.400e+01
-12.922 -13.963 13.665 26.587 0.000 0.000 1.000 0.00000 -4.383e+00 -3.012e-01 -3.010e-01 -3.693e+00 -5.268e+00 -7.696e+00 -1.632e+01 -2.399e+01 -2.400e+01 -2.400e+01 -2.400e+01 -2.400e+01 -2.400e+01 -2.400e+01 -2.400e+01 -2.400e+01
-12.839 -13.880 13.748 26.587 0.000 0.000 1.000 0.00000 -4.300e+00 -3.013e-01 -3.010e-01 -3.611e+00 -5.185e+00 -7.613e+00 -1.607e+01 -2.398e+01 -2.400e+01 -2.400e+01 -2.400e+01 -2.400e+01 -2.400e+01 -2.400e+01 -2.400e+01 -2.400e+01
-12.798 -13.839 13.790 26.587 0.000 0.000 1.000 0.00000 -4.259e+00 -3.013e-01 -3.010e-01 -3.569e+00 -5.144e+00 -7.572e+00 -1.595e+01 -2.397e+01 -2.400e+01 -2.400e+01 -2.400e+01 -2.400e+01 -2.400e+01 -2.400e+01 -2.400e+01 -2.400e+01
-12.756 -13.798 13.831 26.587 0.000 0.000 1.000 0.00000 -4.217e+00 -3.013e-01 -3.010e-01 -3.528e+00 -5.102e+00 -7.530e+00 -1.582e+01 -2.395e+01 -2.400e+01 -2.400e+01 -2.400e+01 -2.400e+01 -2.400e+01 -2.400e+01 -2.400e+01 -2.400e+01
-12.715 -13.756 13.872 26.587 0.000 0.000 1.000 0.00000 -4.176e+00 -3.014e-01 -3.010e-01 -3.487e+00 -5.061e+00 -7.489e+00 -1.570e+01 -2.393e+01 -2.400e+01 -2.400e+01 -2.400e+01 -2.400e+01 -2.400e+01 -2.400e+01 -2.400e+01 -2.400e+01
-12.632 -13.673 13.955 26.587 0.000 0.000 1.000 0.00000 -4.093e+00 -3.014e-01 -3.010e-01 -3.404e+00 -4.978e+00 -7.406e+00 -1.545e+01 -2.384e+01 -2.400e+01 -2.400e+01 -2.400e+01 -2.400e+01 -2.400e+01 -2.400e+01 -2.400e+01 -2.400e+01
-12.591 -13.632 13.996 26.587 0.000 0.000 1.000 0.00000 -4.052e+00 -3.015e-01 -3.010e-01 -3.362e+00 -4.937e+00 -7.364e+00 -1.533e+01 -2.376e+01 -2.400e+01 -2.400e+01 -2.400e+01 -2.400e+01 -2.400e+01 -2.400e+01 -2.400e+01 -2.400e+01
-12.549 -13.591 14.038 26.587 0.000 0.000 1.000 0.00000 -4.010e+00 -3.015e-01 -3.010e-01 -3.321e+00 -4.896e+00 -7.323e+00 -1.520e+01 -2.366e+01 -2.400e+01 -2.400e+01 -2.400e+01 -2.400e+01 -2.400e+01 -2.400e+01 -2.400e+01 -2.400e+01
-12.467 -13.508 14.120 26.586 0.000 0.000 1.000 0.00000 -3.928e+00 -3.016e-01 -3.010e-01 -3.238e+00 -4.813e+00 -7.240e+00 -1.495e+01 -2.339e+01 -2.400e+01 -2.400e+01 -2.400e+01 -2.400e+01 -2.400e+01 -2.400e+01 -2.400e+01 -2.400e+01
-12.425 -13.467 14.162 26.586 0.000 0.000 1.000 0.00000 -3.886e+00 -3.017e-01 -3.010e-01 -3.197e+00 -4.771e+00 -7.199e+00 -1.483e+01 -2.322e+01 -2.400e+01 -2.400e+01 -2.400e+01 -2.400e+01 -2.400e+01 -2.400e+01 -2.400e+01 -2.400e+01
-12.384 -13.425 14.203 26.586 0.000 0.000 1.000 0.00000 -3.845e+00 -3.018e-01 -3.010e-01 -3.156e+00 -4.730e+00 -7.157e+00 -1.471e+01 -2.305e+01 -2.400e+01 -2.400e+01 -2.400e+01 -2.400e+01 -2.400e+01 -2.400e+01 -2.400e+01 -2.400e+01
-12.342 -13.384 14.244 26.586 0.000 0.000 1.000 0.00000 -3.804e+00 -3.018e-01 -3.010e-01 -3.114e+00 -4.689e+00 -7.116e+00 -1.458e+01 -2.286e+01 -2.400e+01 -2.400e+01 -2.400e+01 -2.400e+01 -2.400e+01 -2.400e+01 -2.400e+01 -2.400e+01
-12.260 -13.301 14.327 26.586 0.000 0.000 1.000 0.00000 -3.721e+00 -3.020e-01 -3.010e-01 -3.032e+00 -4.606e+00 -7.033e+00 -1.433e+01 -2.246e+01 -2.400e+01 -2.400e+01 -2.400e+01 -2.400e+01 -2.400e+01 -2.400e+01 -2.400e+01 -2.400e+01
-12.218 -13.260 14.368 26.586 0.000 0.000 1.000 0.00000 -3.680e+00 -3.021e-01 -3.010e-01 -2.991e+00 -4.565e+00 -6.991e+00 -1.421e+01 -2.226e+01 -2.400e+01 -2.400e+01 -2.400e+01 -2.400e+01 -2.400e+01 -2.400e+01 -2.400e+01 -2.400e+01
-12.177 -13.218 14.410 26.585 0.000 0.000 1.000 0.00000 -3.639e+00 -3.022e-01 -3.010e-01 -2.949e+00 -4.523e+00 -6.950e+00 -1.409e+01 -2.206e+01 -2.400e+01 -2.400e+01 -2.400e+01 -2.400e+01 -2.400e+01 -2.400e+01 -2.400e+01 -2.400e+01
-12.094 -13.135 14.492 26.585 0.000 0.000 1.000 0.00000 -3.556e+00 -3.025e-01 -3.011e-01 -2.867e+00 -4.441e+00 -6.867e+00 -1.384e+01 -2.165e+01 -2.400e+01 -2.400e+01 -2.400e+01 -2.400e+01 -2.400e+01 -2.400e+01 -2.400e+01 -2.400e+01
-12.053 -13.094 14.533 26.585 0.000 0.000 1.000 0.00000 -3.515e+00 -3.026e-01 -3.011e-01 -2.825e+00 -4.399e+00 -6.825e+00 -1.371e+01 -2.144e+01 -2.400e+01 -2.400e+01 -2.400e+01 -2.400e+01 -2.400e+01 -2.400e+01 -2.400e+01 -2.400e+01
-12.011 -13.053 14.575 26.584 0.000 0.000 1.000 0.00000 -3.473e+00 -3.028e-01 -3.011e-01 -2.784e+00 -4.358e+00 -6.784e+00 -1.359e+01 -2.123e+01 -2.400e+01 -2.400e+01 -2.400e+01 -2.400e+01 -2.400e+01 -2.400e+01 -2.400e+01 -2.400e+01
-11.970 -13.011 14.616 26.584 0.000 0.000 1.000 0.00000 -3.432e+00 -3.029e-01 -3.011e-01 -2.743e+00 -4.317e+00 -6.742e+00 -1.346e+01 -2.103e+01 -2.400e+01 -2.400e+01 -2.400e+01 -2.400e+01 -2.400e+01 -2.400e+01 -2.400e+01 -2.400e+01
-11.887 -12.928 14.698 26.583 0.000 0.000 1.000 0.00000 -3.350e+00 -3.033e-01 -3.011e-01 -2.661e+00 -4.234e+00 -6.659e+00 -1.322e+01 -2.061e+01 -2.400e+01 -2.400e+01 -2.400e+01 -2.400e+01 -2.400e+01 -2.400e+01 -2.400e+01 -2.400e+01
-11.846 -12.887 14.739 26.583 0.000 0.000 1.000 0.00000 -3.309e+00 -3.036e-01 -3.011e-01 -2.619e+00 -4.193e+00 -6.617e+00 -1.309e+01 -2.041e+01 -2.400e+01 -2.400e+01 -2.400e+01 -2.400e+01 -2.400e+01 -2.400e+01 -2.400e+01 -2.400e+01
-11.804 -12.846 14.781 26.582 0.000 0.000 1.000 0.00000 -3.267e+00 -3.038e-01 -3.011e-01 -2.578e+00 -4.152e+00 -6.575e+00 -1.297e+01 -2.020e+01 -2.400e+01 -2.400e+01 -2.400e+01 -2.400e+01 -2.400e+01 -2.400e+01 -2.400e+01 -2.400e+01
-11.721 -12.763 14.863 26.581 0.000 0.000 1.000 0.00000 -3.185e+00 -3.044e-01 -3.011e-01 -2.496e+00 -4.069e+00 -6.492e+00 -1.272e+01 -1.979e+01 -2.400e+01 -2.400e+01 -2.400e+01 -2.400e+01 -2.400e+01 -2.400e+01 -2.400e+01 -2.400e+01
-11.680 -12.721 14.904 26.581 0.000 0.000 1.000 0.00000 -3.144e+00 -3.047e-01 -3.011e-01 -2.455e+00 -4.028e+00 -6.450e+00 -1.260e+01 -1.958e+01 -2.400e+01 -2.400e+01 -2.400e+01 -2.400e+01 -2.400e+01 -2.400e+01 -2.400e+01 -2.400e+01
-11.639 -12.680 14.945 26.580 0.000 0.000 1.000 0.00000 -3.103e+00 -3.051e-01 -3.011e-01 -2.414e+00 -3.987e+00 -6.408e+00 -1.247e+01 -1.937e+01 -2.400e+01 -2.400e+01 -2.400e+01 -2.400e+01 -2.400e+01 -2.400e+01 -2.400e+01 -2.400e+01
-11.597 -12.639 14.986 26.579 0.000 0.000 1.000 0.00000 -3.062e+00 -3.055e-01 -3.011e-01 -2.373e+00 -3.945e+00 -6.366e+00 -1.235e+01 -1.917e+01 -2.400e+01 -2.400e+01 -2.400e+01 -2.400e+01 -2.400e+01 -2.400e+01 -2.400e+01 -2.400e+01
-11.514 -12.556 15.068 26.578 0.000 0.000 1.000 0.00000 -2.980e+00 -3.065e-01 -3.011e-01 -2.291e+00 -3.863e+00 -6.283e+00 -1.210e+01 -1.875e+01 -2.400e+01 -2.400e+01 -2.400e+01 -2.400e+01 -2.400e+01 -2.400e+01 -2.400e+01 -2.400e+01
-11.473 -12.514 15.109 26.577 0.000 0.000 1.000 0.00000 -2.939e+00 -3.070e-01 -3.011e-01 -2.250e+00 -3.822e+00 -6.240e+00 -1.197e+01 -1.855e+01 -2.400e+01 -2.400e+01 -2.400e+01 -2.400e+01 -2.400e+01 -2.400e+01 -2.400e+01 -2.400e+01
-11.432 -12.473 15.150 26.576 0.000 0.000 1.000 0.00000 -2.898e+00 -3.076e-01 -3.011e-01 -2.209e+00 -3.781e+00 -6.198e+00 -1.185e+01 -1.834e+01 -2.400e+01 -2.400e+01 -2.400e+01 -2.400e+01 -2.400e+01 -2.400e+01 -2.400e+01 -2.400e+01
-11.349 -12.390 15.231 26.573 0.000 0.000 1.000 0.00000 -2.817e+00 -3.090e-01 -3.011e-01 -2.128e+00 -3.698e+00 -6.114e+00 -1.160e+01 -1.793e+01 -2.398e+01 -2.400e+01 -2.400e+01 -2.400e+01 -2.400e+01 -2.400e+01 -2.400e+01 -2.400e+01
-11.308 -12.349 15.272 26.572 0.000 0.000 1.000 0.00000 -2.776e+00 -3.097e-01 -3.012e-01 -2.087e+00 -3.657e+00 -6.071e+00 -1.148e+01 -1.772e+01 -2.397e+01 -2.400e+01 -2.400e+01 -2.400e+01 -2.400e+01 -2.400e+01 -2.400e+01 -2.400e+01
-11.266 -12.308 15.312 26.570 0.000 0.000 1.000 0.00000 -2.736e+00 -3.106e-01 -3.012e-01 -2.047e+00 -3.616e+00 -6.029e+00 -1.135e+01 -1.751e+01 -2.394e+01 -2.400e+01 -2.400e+01 -2.400e+01 -2.400e+01 -2.400e+01 -2.400e+01 -2.400e+01
-11.225 -12.266 15.353 26.569 0.000 0.000 1.000 0.00000 -2.695e+00 -3.116e-01 -3.012e-01 -2.006e+00 -3.575e+00 -5.986e+00 -1.123e+01 -1.731e+01 -2.390e+01 -2.400e+01 -2.400e+01 -2.400e+01 -2.400e+01 -2.400e+01 -2.400e+01 -2.400e+01
-11.142 -12.183 15.434 26.565 0.000 0.000 1.000 0.00000 -2.614e+00 -3.137e-01 -3.012e-01 -1.925e+00 -3.493e+00 -5.901e+00 -1.098e+01 -1.690e+01 -2.370e+01 -2.400e+01 -2.400e+01 -2.400e+01 -2.400e+01 -2.400e+01 -2.400e+01 -2.400e+01
-11.101 -12.142 15.474 26.562 0.000 0.000 1.000 0.00000 -2.574e+00 -3.150e-01 -3.012e-01 -1.885e+00 -3.452e+00 -5.858e+00 -1.085e+01 -1.669e+01 -2.353e+01 -2.400e+01 -2.400e+01 -2.400e+01 -2.400e+01 -2.400e+01 -2.400e+01 -2.400e+01
-11.059 -12.101 15.514 26.560 0.000 0.000 1.000 0.00000 -2.534e+00 -3.164e-01 -3.013e-01 -1.845e+00 -3.411e+00 -5.814e+00 -1.073e+01 -1.648e+01 -2.332e+01 -2.400e+01 -2.400e+01 -2.400e+01 -2.400e+01 -2.400e+01 -2.400e+01 -2.400e+01
-10.976 -12.018 15.594 26.554 0.000 0.000 1.000 0.00000 -2.454e+00 -3.195e-01 -3.013e-01 -1.766e+00 -3.329e+00 -5.727e+00 -1.048e+01 -1.607e+01 -2.281e+01 -2.400e+01 -2.400e+01 -2.400e+01 -2.400e+01 -2.400e+01 -2.400e+01 -2.400e+01
-10.935 -11.976 15.633 26.551 0.000 0.000 1.000 0.00000 -2.415e+00 -3.213e-01 -3.013e-01 -1.726e+00 -3.288e+00 -5.683e+00 -1.036e+01 -1.586e+01 -2.254e+01 -2.400e+01 -2.400e+01 -2.400e+01 -2.400e+01 -2.400e+01 -2.400e+01 -2.400e+01
-10.894 -11.935 15.673 26.548 0.000 0.000 1.000 0.00000 -2.375e+00 -3.233e-01 -3.013e-01 -1.686e+00 -3.247e+00 -5.639e+00 -1.023e+01 -1.566e+01 -2.226e+01 -2.400e+01 -2.400e+01 -2.400e+01 -2.400e+01 -2.400e+01 -2.400e+01 -2.400e+01
-10.852 -11.894 15.712 26.544 0.000 0.000 1.000 0.00000 -2.336e+00 -3.255e-01 -3.014e-01 -1.647e+00 -3.206e+00 -5.594e+00 -1.011e+01 -1.545e+01 -2.198e+01 -2.400e+01 -2.400e+01 -2.400e+01 -2.400e+01 -2.400e+01 -2.400e+01 -2.400e+01
-10.769 -11.811 15.791 26.535 0.000 0.000 1.000 0.00000 -2.258e+00 -3.305e-01 -3.014e-01 -1.569e+00 -3.124e+00 -5.503e+00 -9.856e+00 -1.504e+01 -2.141e+01 -2.400e+01 -2.400e+01 -2.400e+01 -2.400e+01 -2.400e+01 -2.400e+01 -2.400e+01
-10.728 -11.769 15.829 26.530 0.000 0.000 1.000 0.00000 -2.219e+00 -3.333e-01 -3.015e-01 -1.531e+00 -3.083e+00 -5.457e+00 -9.730e+00 -1.484e+01 -2.112e+01 -2.400e+01 -2.400e+01 -2.400e+01 -2.400e+01 -2.400e+01 -2.400e+01 -2.400e+01
-10.687 -11.728 15.868 26.525 0.000 0.000 1.000 0.00000 -2.181e+00 -3.364e-01 -3.015e-01 -1.492e+00 -3.042e+00 -5.411e+00 -9.605e+00 -1.463e+01 -2.084e+01 -2.400e+01 -2.400e+01 -2.400e+01 -2.400e+01 -2.400e+01 -2.400e+01 -2.400e+01
-10.604 -11.645 15.944 26.512 0.000 0.000 1.000 0.00000 -2.104e+00 -3.435e-01 -3.016e-01 -1.416e+00 -2.959e+00 -5.315e+00 -9.353e+00 -1.422e+01 -2.026e+01 -2.398e+01 -2.400e+01 -2.400e+01 -2.400e+01 -2.400e+01 -2.400e+01 -2.400e+01
-10.562 -11.604 15.982 26.505 0.000 0.000 1.000 0.00000 -2.067e+00 -3.476e-01 -3.017e-01 -1.379e+00 -2.917e+00 -5.266e+00 -9.227e+00 -1.401e+01 -1.998e+01 -2.396e+01 -2.400e+01 -2.400e+01 -2.400e+01 -2.400e+01 -2.400e+01 -2.400e+01
-10.521 -11.562 16.019 26.497 0.000 0.000 1.000 0.00000 -2.030e+00 -3.520e-01 -3.017e-01 -1.342e+00 -2.875e+00 -5.217e+00 -9.100e+00 -1.381e+01 -1.969e+01 -2.391e+01 -2.400e+01 -2.400e+01 -2.400e+01 -2.400e+01 -2.400e+01 -2.400e+01
-10.480 -11.521 16.056 26.489 0.000 0.000 1.000 0.00000 -1.993e+00 -3.568e-01 -3.018e-01 -1.305e+00 -2.833e+00 -5.166e+00 -8.973e+00 -1.360e+01 -1.941e+01 -2.382e+01 -2.400e+01 -2.400e+01 -2.400e+01 -2.400e+01 -2.400e+01 -2.400e+01
-10.397 -11.438 16.129 26.470 0.000 0.000 1.000 0.00000 -1.921e+00 -3.678e-01 -3.019e-01 -1.233e+00 -2.748e+00 -5.060e+00 -8.717e+00 -1.319e+01 -1.884e+01 -2.343e+01 -2.400e+01 -2.400e+01 -2.400e+01 -2.400e+01 -2.400e+01 -2.400e+01
-10.356 -11.397 16.165 26.460 0.000 0.000 1.000 0.00000 -1.885e+00 -3.740e-01 -3.020e-01 -1.198e+00 -2.704e+00 -5.006e+00 -8.588e+00 -1.299e+01 -1.856e+01 -2.314e+01 -2.400e+01 -2.400e+01 -2.400e+01 -2.400e+01 -2.400e+01 -2.400e+01
-10.314 -11.356 16.200 26.449 0.000 0.000 1.000 0.00000 -1.850e+00 -3.807e-01 -3.021e-01 -1.163e+00 -2.660e+00 -4.949e+00 -8.458e+00 -1.278e+01 -1.828e+01 -2.282e+01 -2.400e+01 -2.400e+01 -2.400e+01 -2.400e+01 -2.400e+01 -2.400e+01
-10.231 -11.273 16.269 26.423 0.000 0.000 1.000 0.00000 -1.782e+00 -3.958e-01 -3.023e-01 -1.095e+00 -2.569e+00 -4.831e+00 -8.197e+00 -1.237e+01 -1.771e+01 -2.212e+01 -2.400e+01 -2.400e+01 -2.400e+01 -2.400e+01 -2.400e+01 -2.400e+01
-10.190 -11.231 16.303 26.410 0.000 0.000 1.000 0.00000 -1.749e+00 -4.044e-01 -3.024e-01 -1.063e+00 -2.523e+00 -4.769e+00 -8.065e+00 -1.216e+01 -1.743e+01 -2.177e+01 -2.400e+01 -2.400e+01 -2.400e+01 -2.400e+01 -2.400e+01 -2.400e+01
-10.149 -11.190 16.336 26.395 0.000 0.000 1.000 0.00000 -1.716e+00 -4.136e-01 -3.025e-01 -1.030e+00 -2.475e+00 -4.704e+00 -7.931e+00 -1.196e+01 -1.715e+01 -2.141e+01 -2.400e+01 -2.400e+01 -2.400e+01 -2.400e+01 -2.400e+01 -2.400e+01
-10.066 -11.107 16.401 26.362 0.000 0.000 1.000 0.00000 -1.654e+00 -4.342e-01 -3.027e-01 -9.686e-01 -2.376e+00 -4.567e+00 -7.660e+00 -1.154e+01 -1.659e+01 -2.070e+01 -2.400e+01 -2.400e+01 -2.400e+01 -2.400e+01 -2.400e+01 -2.400e+01
-10.024 -11.066 16.433 26.345 0.000 0.000 1.000 0.00000 -1.623e+00 -4.457e-01 -3.028e-01 -9.389e-01 -2.324e+00 -4.495e+00 -7.522e+00 -1.134e+01 -1.631e+01 -2.035e+01 -2.400e+01 -2.400e+01 -2.400e+01 -2.400e+01 -2.400e+01 -2.400e+01
-9.983 -11.024 16.464 26.326 0.000 0.000 1.000 0.00000 -1.594e+00 -4.580e-01 -3.029e-01 -9.102e-01 -2.271e+00 -4.419e+00 -7.383e+00 -1.113e+01 -1.603e+01 -2.000e+01 -2.400e+01 -2.400e+01 -2.400e+01 -2.400e+01 -2.400e+01 -2.400e+01
-9.942 -10.983 16.494 26.307 0.000 0.000 1.000 0.00000 -1.566e+00 -4.712e-01 -3.030e-01 -8.824e-01 -2.217e+00 -4.340e+00 -7.241e+00 -1.092e+01 -1.575e+01 -1.965e+01 -2.400e+01 -2.400e+01 -2.400e+01 -2.400e+01 -2.400e+01 -2.400e+01
-9.859 -10.900 16.553 26.266 0.000 0.000 1.000 0.00000 -1.512e+00 -5.004e-01 -3.033e-01 -8.301e-01 -2.103e+00 -4.171e+00 -6.952e+00 -1.050e+01 -1.519e+01 -1.895e+01 -2.397e+01 -2.400e+01 -2.400e+01 -2.400e+01 -2.400e+01 -2.400e+01
-9.817 -10.859 16.582 26.245 0.000 0.000 1.000 0.00000 -1.487e+00 -5.164e-01 -3.034e-01 -8.056e-01 -2.044e+00 -4.081e+00 -6.804e+00 -1.029e+01 -1.491e+01 -1.860e+01 -2.393e+01 -2.400e+01 -2.400e+01 -2.400e+01 -2.400e+01 -2.400e+01
-9.776 -10.817 16.610 26.224 0.000 0.000 1.000 0.00000 -1.463e+00 -5.334e-01 -3.035e-01 -7.824e-01 -1.984e+00 -3.988e+00 -6.653e+00 -1.007e+01 -1.463e+01 -1.825e+01 -2.384e+01 -2.400e+01 -2.400e+01 -2.400e+01 -2.400e+01 -2.400e+01
-9.693 -10.735 16.665 26.180 0.000 0.000 1.000 0.00000 -1.418e+00 -5.705e-01 -3.037e-01 -7.399e-01 -1.860e+00 -3.792e+00 -6.345e+00 -9.643e+00 -1.408e+01 -1.756e+01 -2.340e+01 -2.400e+01 -2.400e+01 -2.400e+01 -2.400e+01 -2.400e+01
-9.652 -10.693 16.691 26.159 0.000 0.000 1.000 0.00000 -1.398e+00 -5.906e-01 -3.037e-01 -7.207e-01 -1.796e+00 -3.689e+00 -6.188e+00 -9.426e+00 -1.380e+01 -1.722e+01 -2.306e+01 -2.400e+01 -2.400e+01 -2.400e+01 -2.400e+01 -2.400e+01
-9.610 -10.652 16.717 26.137 0.000 0.000 1.000 0.00000 -1.379e+00 -6.117e-01 -3.038e-01 -7.030e-01 -1.733e+00 -3.583e+00 -6.028e+00 -9.209e+00 -1.352e+01 -1.688e+01 -2.269e+01 -2.400e+01 -2.400e+01 -2.400e+01 -2.400e+01 -2.400e+01
-9.569 -10.610 16.743 26.117 0.000 0.000 1.000 0.00000 -1.362e+00 -6.340e-01 -3.038e-01 -6.869e-01 -1.668e+00 -3.475e+00 -5.866e+00 -8.990e+00 -1.324e+01 -1.654e+01 -2.230e+01 -2.400e+01 -2.400e+01 -2.400e+01 -2.400e+01 -2.400e+01
-9.486 -10.528 16.794 26.077 0.000 0.000 1.000 0.00000 -1.331e+00 -6.816e-01 -3.038e-01 -6.596e-01 -1.540e+00 -3.254e+00 -5.539e+00 -8.551e+00 -1.269e+01 -1.587e+01 -2.151e+01 -2.400e+01 -2.400e+01 -2.400e+01 -2.400e+01 -2.400e+01
-9.445 -10.486 16.820 26.059 0.000 0.000 1.000 0.00000 -1.318e+00 -7.070e-01 -3.038e-01 -6.485e-01 -1.477e+00 -3.142e+00 -5.373e+00 -8.331e+00 -1.241e+01 -1.553e+01 -2.111e+01 -2.400e+01 -2.400e+01 -2.400e+01 -2.400e+01 -2.400e+01
-9.403 -10.445 16.845 26.041 0.000 0.000 1.000 0.00000 -1.306e+00 -7.334e-01 -3.037e-01 -6.393e-01 -1.414e+00 -3.030e+00 -5.208e+00 -8.111e+00 -1.214e+01 -1.520e+01 -2.072e+01 -2.400e+01 -2.400e+01 -2.400e+01 -2.400e+01 -2.400e+01
-9.321 -10.362 16.895 26.007 0.000 0.000 1.000 0.00000 -1.289e+00 -7.892e-01 -3.034e-01 -6.266e-01 -1.292e+00 -2.806e+00 -4.877e+00 -7.674e+00 -1.159e+01 -1.454e+01 -1.995e+01 -2.400e+01 -2.400e+01 -2.400e+01 -2.400e+01 -2.400e+01
-9.279 -10.321 16.920 25.991 0.000 0.000 1.000 0.00000 -1.282e+00 -8.186e-01 -3.032e-01 -6.233e-01 -1.234e+00 -2.695e+00 -4.714e+00 -7.457e+00 -1.132e+01 -1.422e+01 -1.957e+01 -2.399e+01 -2.400e+01 -2.400e+01 -2.400e+01 -2.400e+01
-9.238 -10.279 16.946 25.975 0.000 0.000 1.000 0.00000 -1.278e+00 -8.489e-01 -3.030e-01 -6.221e-01 -1.177e+00 -2.586e+00 -4.552e+00 -7.242e+00 -1.105e+01 -1.390e+01 -1.920e+01 -2.398e+01 -2.400e+01 -2.400e+01 -2.400e+01 -2.400e+01
-9.197 -10.238 16.971 25.959 0.000 0.000 1.000 0.00000 -1.275e+00 -8.801e-01 -3.026e-01 -6.232e-01 -1.122e+00 -2.479e+00 -4.392e+00 -7.030e+00 -1.079e+01 -1.358e+01 -1.883e+01 -2.395e+01 -2.400e+01 -2.400e+01 -2.400e+01 -2.400e+01
-9.114 -10.155 17.021 25.925 0.000 0.000 1.000 0.00000 -1.276e+00 -9.451e-01 -3.019e-01 -6.320e-01 -1.019e+00 -2.272e+00 -4.081e+00 -6.617e+00 -1.027e+01 -1.296e+01 -1.810e+01 -2.373e+01 -2.400e+01 -2.400e+01 -2.400e+01 -2.400e+01
-9.072 -10.114 17.046 25.906 0.000 0.000 1.000 0.00000 -1.279e+00 -9.788e-01 -3.014e-01 -6.400e-01 -9.710e-01 -2.172e+00 -3.931e+00 -6.416e+00 -1.002e+01 -1.266e+01 -1.775e+01 -2.350e+01 -2.400e+01 -2.400e+01 -2.400e+01 -2.400e+01
-9.031 -10.072 17.071 25.886 0.000 0.000 1.000 0.00000 -1.284e+00 -1.013e+00 -3.008e-01 -6.505e-01 -9.258e-01 -2.075e+00 -3.784e+00 -6.219e+00 -9.774e+00 -1.236e+01 -1.740e+01 -2.320e+01 -2.400e+01 -2.400e+01 -2.400e+01 -2.400e+01
-8.948 -9.990 17.119 25.840 0.000 0.000 1.000 0.00000 -1.301e+00 -1.084e+00 -2.996e-01 -6.788e-01 -8.435e-01 -1.893e+00 -3.503e+00 -5.841e+00 -9.300e+00 -1.179e+01 -1.674e+01 -2.250e+01 -2.400e+01 -2.400e+01 -2.400e+01 -2.400e+01
-8.907 -9.948 17.143 25.814 0.000 0.000 1.000 0.00000 -1.313e+00 -1.121e+00 -2.989e-01 -6.967e-01 -8.066e-01 -1.807e+00 -3.369e+00 -5.661e+00 -9.073e+00 -1.152e+01 -1.642e+01 -2.214e+01 -2.400e+01 -2.400e+01 -2.400e+01 -2.400e+01
-8.865 -9.907 17.166 25.786 0.000 0.000 1.000 0.00000 -1.326e+00 -1.158e+00 -2.981e-01 -7.172e-01 -7.726e-01 -1.724e+00 -3.240e+00 -5.486e+00 -8.852e+00 -1.125e+01 -1.610e+01 -2.178e+01 -2.400e+01 -2.400e+01 -2.400e+01 -2.400e+01
-8.824 -9.865 17.188 25.755 0.000 0.000 1.000 0.00000 -1.342e+00 -1.196e+00 -2.974e-01 -7.402e-01 -7.415e-01 -1.646e+00 -3.116e+00 -5.317e+00 -8.638e+00 -1.100e+01 -1.580e+01 -2.143e+01 -2.400e+01 -2.400e+01 -2.400e+01 -2.400e+01
-8.741 -9.783 17.231 25.686 0.000 0.000 1.000 0.00000 -1.380e+00 -1.274e+00 -2.957e-01 -7.936e-01 -6.879e-01 -1.501e+00 -2.883e+00 -4.997e+00 -8.234e+00 -1.051e+01 -1.523e+01 -2.077e+01 -2.400e+01 -2.400e+01 -2.400e+01 -2.400e+01
-8.700 -9.741 17.251 25.647 0.000 0.000 1.000 0.00000 -1.402e+00 -1.313e+00 -2.949e-01 -8.239e-01 -6.654e-01 -1.434e+00 -2.774e+00 -4.847e+00 -8.042e+00 -1.028e+01 -1.495e+01 -2.046e+01 -2.400e+01 -2.400e+01 -2.400e+01 -2.400e+01
-8.658 -9.700 17.270 25.606 0.000 0.000 1.000 0.00000 -1.426e+00 -1.354e+00 -2.940e-01 -8.564e-01 -6.456e-01 -1.371e+00 -2.670e+00 -4.703e+00 -7.859e+00 -1.005e+01 -1.469e+01 -2.015e+01 -2.400e+01 -2.400e+01 -2.400e+01 -2.400e+01
-8.576 -9.617 17.306 25.516 0.000 0.000 1.000 0.00000 -1.481e+00 -1.436e+00 -2.923e-01 -9.281e-01 -6.137e-01 -1.257e+00 -2.478e+00 -4.434e+00 -7.515e+00 -9.637e+00 -1.420e+01 -1.958e+01 -2.398e+01 -2.400e+01 -2.400e+01 -2.400e+01
-8.534 -9.576 17.322 25.467 0.000 0.000 1.000 0.00000 -1.511e+00 -1.477e+00 -2.915e-01 -9.669e-01 -6.015e-01 -1.205e+00 -2.389e+00 -4.309e+00 -7.354e+00 -9.442e+00 -1.396e+01 -1.931e+01 -2.396e+01 -2.400e+01 -2.400e+01 -2.400e+01
-8.493 -9.534 17.338 25.416 0.000 0.000 1.000 0.00000 -1.544e+00 -1.520e+00 -2.907e-01 -1.008e+00 -5.915e-01 -1.157e+00 -2.305e+00 -4.190e+00 -7.201e+00 -9.257e+00 -1.374e+01 -1.906e+01 -2.393e+01 -2.400e+01 -2.400e+01 -2.400e+01
-8.451 -9.493 17.352 25.363 0.000 0.000 1.000 0.00000 -1.579e+00 -1.563e+00 -2.899e-01 -1.050e+00 -5.837e-01 -1.112e+00 -2.226e+00 -4.078e+00 -7.056e+00 -9.081e+00 -1.353e+01 -1.881e+01 -2.388e+01 -2.400e+01 -2.400e+01 -2.400e+01
-8.369 -9.410 17.378 25.250 0.000 0.000 1.000 0.00000 -1.655e+00 -1.650e+00 -2.884e-01 -1.139e+00 -5.737e-01 -1.032e+00 -2.082e+00 -3.871e+00 -6.787e+00 -8.757e+00 -1.314e+01 -1.836e+01 -2.369e+01 -2.400e+01 -2.400e+01 -2.400e+01
-8.327 -9.369 17.390 25.190 0.000 0.000 1.000 0.00000 -1.697e+00 -1.695e+00 -2.877e-01 -1.185e+00 -5.713e-01 -9.968e-01 -2.016e+00 -3.776e+00 -6.664e+00 -8.609e+00 -1.297e+01 -1.815e+01 -2.355e+01 -2.400e+01 -2.400e+01 -2.400e+01
-8.286 -9.327 17.401 25.128 0.000 0.000 1.000 0.00000 -1.742e+00 -1.740e+00 -2.871e-01 -1.233e+00 -5.703e-01 -9.643e-01 -1.955e+00 -3.687e+00 -6.547e+00 -8.470e+00 -1.280e+01 -1.795e+01 -2.339e+01 -2.400e+01 -2.400e+01 -2.400e+01
-8.203 -9.244 17.421 24.999 0.000 0.000 1.000 0.00000 -1.838e+00 -1.833e+00 -2.859e-01 -1.330e+00 -5.720e-01 -9.072e-01 -1.846e+00 -3.526e+00 -6.335e+00 -8.219e+00 -1.249e+01 -1.759e+01 -2.305e+01 -2.400e+01 -2.400e+01 -2.400e+01
-8.162 -9.203 17.430 24.930 0.000 0.000 1.000 0.00000 -1.889e+00 -1.880e+00 -2.854e-01 -1.381e+00 -5.743e-01 -8.824e-01 -1.797e+00 -3.453e+00 -6.239e+00 -8.107e+00 -1.235e+01 -1.743e+01 -2.288e+01 -2.400e+01 -2.400e+01 -2.400e+01
-8.120 -9.162 17.438 24.860 0.000 0.000 1.000 0.00000 -1.944e+00 -1.928e+00 -2.848e-01 -1.431e+00 -5.775e-01 -8.598e-01 -1.752e+00 -3.386e+00 -6.150e+00 -8.005e+00 -1.222e+01 -1.727e+01 -2.271e+01 -2.400e+01 -2.400e+01 -2.400e+01
-8.079 -9.120 17.445 24.788 0.000 0.000 1.000 0.00000 -2.001e+00 -1.977e+00 -2.844e-01 -1.483e+00 -5.812e-01 -8.393e-01 -1.710e+00 -3.324e+00 -6.067e+00 -7.911e+00 -1.210e+01 -1.713e+01 -2.255e+01 -2.400e+01 -2.400e+01 -2.400e+01
-7.996 -9.038 17.458 24.636 0.000 0.000 1.000 0.00000 -2.123e+00 -2.078e+00 -2.835e-01 -1.590e+00 -5.900e-01 -8.039e-01 -1.637e+00 -3.213e+00 -5.919e+00 -7.751e+00 -1.189e+01 -1.688e+01 -2.227e+01 -2.400e+01 -2.400e+01 -2.400e+01
-7.955 -8.996 17.463 24.558 0.000 0.000 1.000 0.00000 -2.187e+00 -2.129e+00 -2.830e-01 -1.645e+00 -5.949e-01 -7.888e-01 -1.606e+00 -3.165e+00 -5.854e+00 -7.685e+00 -1.180e+01 -1.677e+01 -2.214e+01 -2.400e+01 -2.400e+01 -2.400e+01
-7.913 -8.955 17.468 24.477 0.000 0.000 1.000 0.00000 -2.253e+00 -2.182e+00 -2.827e-01 -1.702e+00 -5.998e-01 -7.751e-01 -1.577e+00 -3.121e+00 -5.794e+00 -7.627e+00 -1.172e+01 -1.666e+01 -2.202e+01 -2.400e+01 -2.400e+01 -2.400e+01
-7.831 -8.872 17.477 24.312 0.000 0.000 1.000 0.00000 -2.391e+00 -2.291e+00 -2.820e-01 -1.822e+00 -6.097e-01 -7.514e-01 -1.529e+00 -3.044e+00 -5.688e+00 -7.539e+00 -1.158e+01 -1.649e+01 -2.181e+01 -2.400e+01 -2.400e+01 -2.400e+01
-7.789 -8.831 17.480 24.228 0.000 0.000 1.000 0.00000 -2.461e+00 -2.348e+00 -2.818e-01 -1.886e+00 -6.146e-01 -7.413e-01 -1.508e+00 -3.011e+00 -5.642e+00 -7.508e+00 -1.152e+01 -1.641e+01 -2.172e+01 -2.400e+01 -2.400e+01 -2.400e+01
-7.748 -8.789 17.484 24.145 0.000 0.000 1.000 0.00000 -2.532e+00 -2.405e+00 -2.816e-01 -1.953e+00 -6.193e-01 -7.320e-01 -1.489e+00 -2.981e+00 -5.600e+00 -7.485e+00 -1.147e+01 -1.634e+01 -2.164e+01 -2.400e+01 -2.400e+01 -2.400e+01
-7.706 -8.748 17.486 24.062 0.000 0.000 1.000 0.00000 -2.604e+00 -2.464e+00 -2.814e-01 -2.024e+00 -6.239e-01 -7.234e-01 -1.473e+00 -2.954e+00 -5.562e+00 -7.471e+00 -1.142e+01 -1.628e+01 -2.156e+01 -2.400e+01 -2.400e+01 -2.400e+01
-7.624 -8.665 17.492 23.900 0.000 0.000 1.000 0.00000 -2.746e+00 -2.584e+00 -2.814e-01 -2.178e+00 -6.326e-01 -7.082e-01 -1.446e+00 -2.907e+00 -5.494e+00 -7.468e+00 -1.135e+01 -1.617e+01 -2.143e+01 -2.400e+01 -2.400e+01 -2.400e+01
-7.582 -8.624 17.494 23.821 0.000 0.000 1.000 0.00000 -2.816e+00 -2.645e+00 -2.816e-01 -2.260e+00 -6.367e-01 -7.014e-01 -1.435e+00 -2.888e+00 -5.465e+00 -7.479e+00 -1.132e+01 -1.612e+01 -2.137e+01 -2.400e+01 -2.400e+01 -2.400e+01
-7.541 -8.582 17.496 23.746 0.000 0.000 1.000 0.00000 -2.886e+00 -2.707e+00 -2.818e-01 -2.346e+00 -6.406e-01 -6.948e-01 -1.425e+00 -2.870e+00 -5.438e+00 -7.497e+00 -1.129e+01 -1.608e+01 -2.132e+01 -2.400e+01 -2.400e+01 -2.400e+01
-7.458 -8.499 17.499 23.604 0.000 0.000 1.000 0.00000 -3.017e+00 -2.828e+00 -2.827e-01 -2.526e+00 -6.478e-01 -6.826e-01 -1.410e+00 -2.840e+00 -5.389e+00 -7.556e+00 -1.125e+01 -1.601e+01 -2.122e+01 -2.400e+01 -2.400e+01 -2.400e+01
-7.417 -8.458 17.501 23.539 0.000 0.000 1.000 0.00000 -3.077e+00 -2.887e+00 -2.833e-01 -2.616e+00 -6.513e-01 -6.767e-01 -1.404e+00 -2.827e+00 -5.368e+00 -7.595e+00 -1.124e+01 -1.598e+01 -2.118e+01 -2.400e+01 -2.400e+01 -2.400e+01
-7.375 -8.417 17.503 23.479 0.000 0.000 1.000 0.00000 -3.132e+00 -2.942e+00 -2.841e-01 -2.703e+00 -6.547e-01 -6.709e-01 -1.399e+00 -2.815e+00 -5.348e+00 -7.637e+00 -1.122e+01 -1.595e+01 -2.114e+01 -2.400e+01 -2.400e+01 -2.400e+01
-7.292 -8.334 17.506 23.378 0.000 0.000 1.000 0.00000 -3.219e+00 -3.038e+00 -2.860e-01 -2.856e+00 -6.613e-01 -6.592e-01 -1.392e+00 -2.795e+00 -5.310e+00 -7.724e+00 -1.120e+01 -1.589e+01 -2.107e+01 -2.400e+01 -2.400e+01 -2.400e+01
-7.251 -8.292 17.507 23.338 0.000 0.000 1.000 0.00000 -3.250e+00 -3.077e+00 -2.871e-01 -2.916e+00 -6.646e-01 -6.531e-01 -1.390e+00 -2.786e+00 -5.292e+00 -7.762e+00 -1.119e+01 -1.587e+01 -2.103e+01 -2.400e+01 -2.400e+01 -2.400e+01
-7.213 -8.288 17.509 23.307 0.000 0.000 1.000 0.00000 -3.271e+00 -3.107e+00 -2.883e-01 -2.959e+00 -6.678e-01 -6.473e-01 -1.388e+00 -2.778e+00 -5.275e+00 -7.789e+00 -1.119e+01 -1.584e+01 -2.100e+01 -2.400e+01 -2.400e+01 -2.400e+01
-7.144 -8.289 17.511 23.276 0.000 0.000 1.000 0.00000 -3.296e+00 -3.145e+00 -2.907e-01 -3.007e+00 -6.741e-01 -6.362e-01 -1.386e+00 -2.764e+00 -5.244e+00 -7.810e+00 -1.117e+01 -1.580e+01 -2.094e+01 -2.400e+01 -2.400e+01 -2.400e+01
-7.114 -8.281 17.512 23.256 0.000 0.000 1.000 0.00000 -3.302e+00 -3.156e+00 -2.919e-01 -3.023e+00 -6.770e-01 -6.310e-01 -1.385e+00 -2.758e+00 -5.230e+00 -7.813e+00 -1.117e+01 -1.578e+01 -2.091e+01 -2.400e+01 -2.400e+01 -2.400e+01
-7.058 -8.290 17.515 23.241 0.000 0.000 1.000 0.00000 -3.311e+00 -3.170e+00 -2.943e-01 -3.041e+00 -6.828e-01 -6.210e-01 -1.383e+00 -2.746e+00 -5.203e+00 -7.805e+00 -1.116e+01 -1.575e+01 -2.086e+01 -2.400e+01 -2.400e+01 -2.400e+01
-7.009 -8.273 17.517 23.231 0.000 0.000 1.000 0.00000 -3.315e+00 -3.177e+00 -2.967e-01 -3.051e+00 -6.886e-01 -6.115e-01 -1.381e+00 -2.735e+00 -5.177e+00 -7.788e+00 -1.114e+01 -1.571e+01 -2.081e+01 -2.399e+01 -2.400e+01 -2.400e+01
-6.942 -8.260 17.521 23.221 0.062 0.000 1.000 0.00000 -3.318e+00 -3.182e+00 -3.003e-01 -3.061e+00 -6.973e-01 -5.976e-01 -1.378e+00 -2.719e+00 -5.139e+00 -7.756e+00 -1.113e+01 -1.567e+01 -2.073e+01 -2.399e+01 -2.400e+01 -2.400e+01
-6.904 -8.269 17.523 23.215 0.000 0.000 1.000 0.00000 -3.321e+00 -3.183e+00 -3.027e-01 -3.066e+00 -7.031e-01 -5.888e-01 -1.375e+00 -2.709e+00 -5.116e+00 -7.734e+00 -1.112e+01 -1.564e+01 -2.069e+01 -2.399e+01 -2.400e+01 -2.400e+01
-6.851 -8.283 17.527 23.208 0.000 0.000 1.000 0.00000 -3.322e+00 -3.184e+00 -3.063e-01 -3.072e+00 -7.116e-01 -5.764e-01 -1.371e+00 -2.696e+00 -5.082e+00 -7.701e+00 -1.110e+01 -1.559e+01 -2.062e+01 -2.399e+01 -2.400e+01 -2.400e+01
-6.790 -8.275 17.531 23.198 0.000 0.000 1.000 0.00000 -3.324e+00 -3.185e+00 -3.110e-01 -3.079e+00 -7.228e-01 -5.609e-01 -1.365e+00 -2.678e+00 -5.039e+00 -7.660e+00 -1.107e+01 -1.554e+01 -2.054e+01 -2.399e+01 -2.400e+01 -2.400e+01
-6.736 -8.280 17.535 23.189 0.000 0.000 1.000 0.00000 -3.326e+00 -3.185e+00 -3.157e-01 -3.087e+00 -7.341e-01 -5.463e-01 -1.358e+00 -2.662e+00 -4.999e+00 -7.620e+00 -1.105e+01 -1.549e+01 -2.046e+01 -2.399e+01 -2.400e+01 -2.400e+01
-6.688 -8.273 17.539 23.180 0.000 0.000 1.000 0.00000 -3.327e+00 -3.186e+00 -3.205e-01 -3.093e+00 -7.454e-01 -5.326e-01 -1.351e+00 -2.646e+00 -4.960e+00 -7.582e+00 -1.102e+01 -1.545e+01 -2.039e+01 -2.399e+01 -2.400e+01 -2.400e+01
-6.634 -8.256 17.544 23.168 0.000 0.000 1.000 0.00000 -3.328e+00 -3.187e+00 -3.264e-01 -3.102e+00 -7.595e-01 -5.165e-01 -1.340e+00 -2.627e+00 -4.915e+00 -7.536e+00 -1.099e+01 -1.539e+01 -2.031e+01 -2.398e+01 -2.400e+01 -2.400e+01
-6.585 -8.253 17.549 23.157 0.000 0.000 1.000 0.00000 -3.329e+00 -3.187e+00 -3.323e-01 -3.109e+00 -7.735e-01 -5.016e-01 -1.330e+00 -2.610e+00 -4.872e+00 -7.493e+00 -1.096e+01 -1.534e+01 -2.023e+01 -2.398e+01 -2.400e+01 -2.400e+01
-6.525 -8.259 17.556 23.141 0.000 0.000 1.000 0.00000 -3.330e+00 -3.188e+00 -3.404e-01 -3.120e+00 -7.930e-01 -4.825e-01 -1.314e+00 -2.586e+00 -4.816e+00 -7.437e+00 -1.091e+01 -1.526e+01 -2.012e+01 -2.398e+01 -2.400e+01 -2.400e+01
-6.479 -8.233 17.561 23.128 0.062 0.000 1.000 0.00000 -3.330e+00 -3.189e+00 -3.475e-01 -3.129e+00 -8.100e-01 -4.671e-01 -1.299e+00 -2.565e+00 -4.769e+00 -7.390e+00 -1.086e+01 -1.520e+01 -2.003e+01 -2.397e+01 -2.400e+01 -2.400e+01
-6.424 -8.173 17.568 23.111 0.062 0.000 1.000 0.00000 -3.329e+00 -3.190e+00 -3.567e-01 -3.140e+00 -8.319e-01 -4.489e-01 -1.281e+00 -2.540e+00 -4.713e+00 -7.332e+00 -1.080e+01 -1.513e+01 -1.993e+01 -2.396e+01 -2.400e+01 -2.400e+01
-6.369 -8.113 17.576 23.092 0.062 0.000 1.000 0.00000 -3.328e+00 -3.191e+00 -3.670e-01 -3.151e+00 -8.569e-01 -4.301e-01 -1.259e+00 -2.512e+00 -4.654e+00 -7.271e+00 -1.074e+01 -1.505e+01 -1.982e+01 -2.395e+01 -2.400e+01 -2.400e+01
-6.313 -8.053 17.584 23.070 0.125 0.000 1.000 0.00000 -3.326e+00 -3.192e+00 -3.787e-01 -3.163e+00 -8.854e-01 -4.108e-01 -1.235e+00 -2.481e+00 -4.590e+00 -7.204e+00 -1.066e+01 -1.495e+01 -1.969e+01 -2.394e+01 -2.400e+01 -2.400e+01
-6.261 -8.072 17.592 23.048 0.062 0.000 1.000 0.00000 -3.323e+00 -3.193e+00 -3.909e-01 -3.176e+00 -9.156e-01 -3.925e-01 -1.210e+00 -2.449e+00 -4.526e+00 -7.137e+00 -1.059e+01 -1.486e+01 -1.957e+01 -2.392e+01 -2.400e+01 -2.400e+01
-6.208 -8.043 17.600 23.023 0.125 0.000 1.000 0.00000 -3.319e+00 -3.195e+00 -4.046e-01 -3.188e+00 -9.498e-01 -3.741e-01 -1.183e+00 -2.413e+00 -4.459e+00 -7.064e+00 -1.050e+01 -1.475e+01 -1.944e+01 -2.389e+01 -2.400e+01 -2.400e+01
-6.156 -8.045 17.609 22.995 0.125 0.000 1.000 0.00000 -3.313e+00 -3.197e+00 -4.197e-01 -3.202e+00 -9.879e-01 -3.559e-01 -1.155e+00 -2.375e+00 -4.387e+00 -6.987e+00 -1.040e+01 -1.464e+01 -1.930e+01 -2.385e+01 -2.400e+01 -2.400e+01
-6.102 -8.025 17.618 22.965 0.125 0.000 1.000 0.00000 -3.306e+00 -3.199e+00 -4.366e-01 -3.216e+00 -1.032e+00 -3.377e-01 -1.124e+00 -2.331e+00 -4.310e+00 -6.903e+00 -1.030e+01 -1.451e+01 -1.914e+01 -2.380e+01 -2.400e+01 -2.400e+01
-6.050 -7.997 17.627 22.931 0.125 0.000 1.000 0.00000 -3.298e+00 -3.201e+00 -4.550e-01 -3.231e+00 -1.080e+00 -3.203e-01 -1.093e+00 -2.286e+00 -4.230e+00 -6.814e+00 -1.018e+01 -1.438e+01 -1.898e+01 -2.372e+01 -2.400e+01 -2.400e+01
-5.997 -7.986 17.637 22.895 0.125 0.000 1.000 0.00000 -3.288e+00 -3.204e+00 -4.752e-01 -3.246e+00 -1.133e+00 -3.036e-01 -1.061e+00 -2.236e+00 -4.145e+00 -6.718e+00 -1.006e+01 -1.423e+01 -1.880e+01 -2.362e+01 -2.400e+01 -2.400e+01
-5.945 -7.891 17.646 22.856 0.188 0.000 1.000 0.00000 -3.277e+00 -3.206e+00 -4.970e-01 -3.262e+00 -1.193e+00 -2.879e-01 -1.028e+00 -2.184e+00 -4.057e+00 -6.628e+00 -9.929e+00 -1.407e+01 -1.861e+01 -2.350e+01 -2.400e+01 -2.400e+01
-5.893 -7.805 17.656 22.814 0.188 0.000 1.000 0.00000 -3.264e+00 -3.210e+00 -5.207e-01 -3.278e+00 -1.258e+00 -2.734e-01 -9.950e-01 -2.130e+00 -3.964e+00 -6.524e+00 -9.791e+00 -1.390e+01 -1.841e+01 -2.334e+01 -2.400e+01 -2.400e+01
-5.837 -7.719 17.666 22.764 0.250 0.000 1.000 0.00000 -3.249e+00 -3.214e+00 -5.486e-01 -3.297e+00 -1.335e+00 -2.589e-01 -9.594e-01 -2.069e+00 -3.859e+00 -6.404e+00 -9.633e+00 -1.370e+01 -1.818e+01 -2.315e+01 -2.400e+01 -2.400e+01
-5.785 -8.204 17.675 22.714 0.000 0.000 1.000 0.00000 -3.231e+00 -3.218e+00 -5.775e-01 -3.315e+00 -1.415e+00 -2.468e-01 -9.254e-01 -2.009e+00 -3.753e+00 -6.268e+00 -9.469e+00 -1.350e+01 -1.794e+01 -2.290e+01 -2.400e+01 -2.400e+01
-5.732 -8.198 17.685 22.659 0.000 0.000 1.000 0.00000 -3.213e+00 -3.223e+00 -6.092e-01 -3.334e+00 -1.501e+00 -2.360e-01 -8.908e-01 -1.946e+00 -3.640e+00 -6.136e+00 -9.288e+00 -1.328e+01 -1.767e+01 -2.263e+01 -2.400e+01 -2.400e+01
-5.679 -8.184 17.694 22.600 0.000 0.000 1.000 0.00000 -3.194e+00 -3.228e+00 -6.436e-01 -3.354e+00 -1.592e+00 -2.268e-01 -8.572e-01 -1.883e+00 -3.523e+00 -5.999e+00 -9.099e+00 -1.304e+01 -1.739e+01 -2.234e+01 -2.400e+01 -2.400e+01
-5.626 -8.193 17.703 22.536 0.000 0.000 1.000 0.00000 -3.175e+00 -3.234e+00 -6.814e-01 -3.376e+00 -1.686e+00 -2.189e-01 -8.247e-01 -1.819e+00 -3.400e+00 -5.856e+00 -8.899e+00 -1.279e+01 -1.709e+01 -2.202e+01 -2.400e+01 -2.400e+01
-5.573 -8.181 17.711 22.471 0.000 0.000 1.000 0.00000 -3.156e+00 -3.241e+00 -7.212e-01 -3.401e+00 -1.776e+00 -2.124e-01 -7.947e-01 -1.758e+00 -3.278e+00 -5.715e+00 -8.698e+00 -1.253e+01 -1.678e+01 -2.170e+01 -2.400e+01 -2.400e+01
-5.520 -8.189 17.719 22.401 0.000 0.000 1.000 0.00000 -3.138e+00 -3.250e+00 -7.651e-01 -3.429e+00 -1.865e+00 -2.069e-01 -7.663e-01 -1.700e+00 -3.152e+00 -5.570e+00 -8.487e+00 -1.226e+01 -1.645e+01 -2.135e+01 -2.400e+01 -2.400e+01
-5.466 -8.184 17.726 22.328 0.000 0.000 1.000 0.00000 -3.121e+00 -3.259e+00 -8.119e-01 -3.460e+00 -1.947e+00 -2.023e-01 -7.407e-01 -1.646e+00 -3.029e+00 -5.429e+00 -8.277e+00 -1.199e+01 -1.612e+01 -2.100e+01 -2.400e+01 -2.400e+01
-5.413 -8.176 17.734 22.252 0.000 0.000 1.000 0.00000 -3.105e+00 -3.269e+00 -8.624e-01 -3.497e+00 -2.023e+00 -1.983e-01 -7.175e-01 -1.597e+00 -2.907e+00 -5.291e+00 -8.066e+00 -1.171e+01 -1.577e+01 -2.064e+01 -2.399e+01 -2.400e+01
-5.360 -8.166 17.740 22.173 0.000 0.000 1.000 0.00000 -3.091e+00 -3.281e+00 -9.161e-01 -3.537e+00 -2.095e+00 -1.948e-01 -6.970e-01 -1.553e+00 -2.790e+00 -5.160e+00 -7.859e+00 -1.143e+01 -1.543e+01 -2.028e+01 -2.398e+01 -2.400e+01
-5.306 -8.163 17.746 22.089 0.000 0.000 1.000 0.00000 -3.078e+00 -3.294e+00 -9.738e-01 -3.583e+00 -2.164e+00 -1.917e-01 -6.788e-01 -1.515e+00 -2.677e+00 -5.034e+00 -7.656e+00 -1.115e+01 -1.509e+01 -1.992e+01 -2.395e+01 -2.400e+01
-5.253 -8.171 17.752 22.002 0.000 0.000 1.000 0.00000 -3.067e+00 -3.309e+00 -1.035e+00 -3.633e+00 -2.232e+00 -1.888e-01 -6.629e-01 -1.482e+00 -2.570e+00 -4.916e+00 -7.459e+00 -1.088e+01 -1.475e+01 -1.957e+01 -2.389e+01 -2.400e+01
-5.200 -8.181 17.757 21.911 0.000 0.000 1.000 0.00000 -3.057e+00 -3.326e+00 -1.101e+00 -3.688e+00 -2.298e+00 -1.863e-01 -6.490e-01 -1.454e+00 -2.470e+00 -4.805e+00 -7.269e+00 -1.062e+01 -1.441e+01 -1.922e+01 -2.377e+01 -2.400e+01
-5.146 -8.182 17.761 21.815 0.000 0.000 1.000 0.00000 -3.049e+00 -3.345e+00 -1.171e+00 -3.749e+00 -2.363e+00 -1.841e-01 -6.369e-01 -1.430e+00 -2.375e+00 -4.701e+00 -7.085e+00 -1.036e+01 -1.408e+01 -1.888e+01 -2.359e+01 -2.400e+01
-5.093 -8.172 17.765 21.715 0.000 0.000 1.000 0.00000 -3.041e+00 -3.367e+00 -1.245e+00 -3.815e+00 -2.427e+00 -1.822e-01 -6.265e-01 -1.409e+00 -2.287e+00 -4.606e+00 -6.910e+00 -1.011e+01 -1.376e+01 -1.855e+01 -2.334e+01 -2.400e+01
-5.040 -8.162 17.769 21.611 0.000 0.000 1.000 0.00000 -3.035e+00 -3.390e+00 -1.324e+00 -3.885e+00 -2.488e+00 -1.806e-01 -6.177e-01 -1.391e+00 -2.206e+00 -4.518e+00 -6.743e+00 -9.872e+00 -1.345e+01 -1.823e+01 -2.306e+01 -2.400e+01
-4.986 -8.161 17.772 21.502 0.000 0.000 1.000 0.00000 -3.029e+00 -3.417e+00 -1.408e+00 -3.962e+00 -2.547e+00 -1.793e-01 -6.101e-01 -1.376e+00 -2.130e+00 -4.437e+00 -6.583e+00 -9.637e+00 -1.314e+01 -1.792e+01 -2.276e+01 -2.400e+01
-4.933 -8.169 17.775 21.388 0.000 0.000 1.000 0.00000 -3.024e+00 -3.447e+00 -1.496e+00 -4.044e+00 -2.602e+00 -1.784e-01 -6.038e-01 -1.364e+00 -2.061e+00 -4.362e+00 -6.430e+00 -9.411e+00 -1.285e+01 -1.762e+01 -2.246e+01 -2.400e+01
-4.880 -8.161 17.777 21.270 0.000 0.000 1.000 0.00000 -3.020e+00 -3.480e+00 -1.590e+00 -4.131e+00 -2.652e+00 -1.777e-01 -5.985e-01 -1.353e+00 -1.998e+00 -4.295e+00 -6.285e+00 -9.194e+00 -1.256e+01 -1.733e+01 -2.217e+01 -2.400e+01
-4.827 -8.159 17.779 21.146 0.000 0.000 1.000 0.00000 -3.016e+00 -3.517e+00 -1.689e+00 -4.224e+00 -2.697e+00 -1.774e-01 -5.941e-01 -1.343e+00 -1.941e+00 -4.234e+00 -6.146e+00 -8.983e+00 -1.228e+01 -1.704e+01 -2.188e+01 -2.400e+01
-4.773 -8.160 17.781 21.017 0.000 0.000 1.000 0.00000 -3.013e+00 -3.557e+00 -1.794e+00 -4.321e+00 -2.736e+00 -1.773e-01 -5.904e-01 -1.336e+00 -1.889e+00 -4.179e+00 -6.014e+00 -8.779e+00 -1.201e+01 -1.677e+01 -2.159e+01 -2.400e+01
-4.720 -8.178 17.782 20.882 0.000 0.000 1.000 0.00000 -3.010e+00 -3.602e+00 -1.904e+00 -4.425e+00 -2.769e+00 -1.774e-01 -5.874e-01 -1.329e+00 -1.843e+00 -4.129e+00 -5.888e+00 -8.582e+00 -1.174e+01 -1.650e+01 -2.132e+01 -2.399e+01
-4.667 -8.174 17.783 20.743 0.000 0.000 1.000 0.00000 -3.007e+00 -3.650e+00 -2.020e+00 -4.533e+00 -2.797e+00 -1.778e-01 -5.848e-01 -1.323e+00 -1.802e+00 -4.086e+00 -5.768e+00 -8.392e+00 -1.148e+01 -1.624e+01 -2.105e+01 -2.399e+01
-4.613 -8.176 17.784 20.599 0.000 0.000 1.000 0.00000 -3.004e+00 -3.701e+00 -2.139e+00 -4.644e+00 -2.819e+00 -1.784e-01 -5.825e-01 -1.317e+00 -1.766e+00 -4.047e+00 -5.654e+00 -8.208e+00 -1.123e+01 -1.598e+01 -2.079e+01 -2.398e+01
-4.560 -8.163 17.785 20.450 0.000 0.000 1.000 0.00000 -3.001e+00 -3.756e+00 -2.263e+00 -4.758e+00 -2.837e+00 -1.792e-01 -5.804e-01 -1.312e+00 -1.735e+00 -4.013e+00 -5.544e+00 -8.029e+00 -1.099e+01 -1.573e+01 -2.054e+01 -2.396e+01
-4.507 -8.172 17.786 20.299 0.000 0.000 1.000 0.00000 -2.998e+00 -3.814e+00 -2.388e+00 -4.872e+00 -2.851e+00 -1.802e-01 -5.785e-01 -1.307e+00 -1.708e+00 -3.983e+00 -5.440e+00 -7.856e+00 -1.075e+01 -1.549e+01 -2.029e+01 -2.394e+01
-4.453 -8.173 17.786 20.146 0.000 0.000 1.000 0.00000 -2.995e+00 -3.873e+00 -2.512e+00 -4.983e+00 -2.863e+00 -1.814e-01 -5.765e-01 -1.301e+00 -1.685e+00 -3.957e+00 -5.341e+00 -7.687e+00 -1.051e+01 -1.525e+01 -2.005e+01 -2.390e+01
-4.400 -8.170 17.787 19.995 0.000 0.000 1.000 0.00000 -2.992e+00 -3.930e+00 -2.629e+00 -5.086e+00 -2.873e+00 -1.828e-01 -5.745e-01 -1.296e+00 -1.665e+00 -3.934e+00 -5.245e+00 -7.524e+00 -1.028e+01 -1.502e+01 -1.981e+01 -2.383e+01
-4.347 -8.162 17.787 19.853 0.000 0.000 1.000 0.00000 -2.988e+00 -3.984e+00 -2.736e+00 -5.177e+00 -2.882e+00 -1.844e-01 -5.724e-01 -1.290e+00 -1.648e+00 -3.912e+00 -5.153e+00 -7.364e+00 -1.006e+01 -1.479e+01 -1.958e+01 -2.374e+01
-4.293 -8.158 17.787 19.725 0.000 0.000 1.000 0.00000 -2.984e+00 -4.031e+00 -2.827e+00 -5.252e+00 -2.890e+00 -1.862e-01 -5.701e-01 -1.283e+00 -1.631e+00 -3.892e+00 -5.065e+00 -7.209e+00 -9.838e+00 -1.457e+01 -1.935e+01 -2.362e+01
-4.240 -8.156 17.787 19.618 0.000 0.000 1.000 0.00000 -2.980e+00 -4.070e+00 -2.899e+00 -5.309e+00 -2.897e+00 -1.881e-01 -5.676e-01 -1.276e+00 -1.616e+00 -3.873e+00 -4.979e+00 -7.056e+00 -9.621e+00 -1.434e+01 -1.912e+01 -2.347e+01
-4.187 -8.158 17.788 19.537 0.000 0.000 1.000 0.00000 -2.975e+00 -4.098e+00 -2.951e+00 -5.349e+00 -2.905e+00 -1.904e-01 -5.649e-01 -1.269e+00 -1.601e+00 -3.853e+00 -4.894e+00 -6.907e+00 -9.407e+00 -1.413e+01 -1.890e+01 -2.330e+01
-4.133 -8.163 17.788 19.480 0.000 0.000 1.000 0.00000 -2.970e+00 -4.118e+00 -2.987e+00 -5.376e+00 -2.913e+00 -1.928e-01 -5.621e-01 -1.261e+00 -1.586e+00 -3.832e+00 -4.812e+00 -6.760e+00 -9.196e+00 -1.391e+01 -1.867e+01 -2.311e+01
-4.080 -8.162 17.788 19.442 0.000 0.000 1.000 0.00000 -2.964e+00 -4.132e+00 -3.013e+00 -5.395e+00 -2.922e+00 -1.955e-01 -5.590e-01 -1.252e+00 -1.570e+00 -3.810e+00 -4.731e+00 -6.615e+00 -8.988e+00 -1.370e+01 -1.845e+01 -2.290e+01
-4.027 -8.150 17.788 19.416 0.000 0.000 1.000 0.00000 -2.957e+00 -4.143e+00 -3.032e+00 -5.408e+00 -2.931e+00 -1.985e-01 -5.557e-01 -1.242e+00 -1.553e+00 -3.787e+00 -4.650e+00 -6.471e+00 -8.781e+00 -1.348e+01 -1.823e+01 -2.269e+01
-3.973 -8.157 17.788 19.395 0.000 0.000 1.000 0.00000 -2.951e+00 -4.152e+00 -3.048e+00 -5.419e+00 -2.941e+00 -2.018e-01 -5.523e-01 -1.232e+00 -1.535e+00 -3.763e+00 -4.570e+00 -6.328e+00 -8.575e+00 -1.327e+01 -1.801e+01 -2.247e+01
-3.920 -8.154 17.789 19.377 0.000 0.000 1.000 0.00000 -2.944e+00 -4.161e+00 -3.064e+00 -5.429e+00 -2.951e+00 -2.053e-01 -5.486e-01 -1.221e+00 -1.516e+00 -3.736e+00 -4.489e+00 -6.187e+00 -8.371e+00 -1.306e+01 -1.779e+01 -2.225e+01
-3.867 -8.133 17.789 19.358 0.000 0.000 1.000 0.00000 -2.936e+00 -4.171e+00 -3.081e+00 -5.440e+00 -2.963e+00 -2.092e-01 -5.448e-01 -1.209e+00 -1.496e+00 -3.709e+00 -4.408e+00 -6.045e+00 -8.168e+00 -1.285e+01 -1.758e+01 -2.203e+01
-3.813 -8.140 17.789 19.339 0.000 0.000 1.000 0.00000 -2.928e+00 -4.181e+00 -3.098e+00 -5.452e+00 -2.975e+00 -2.135e-01 -5.408e-01 -1.197e+00 -1.475e+00 -3.679e+00 -4.327e+00 -5.904e+00 -7.965e+00 -1.264e+01 -1.736e+01 -2.180e+01
-3.760 -8.137 17.790 19.318 0.000 0.000 1.000 0.00000 -2.919e+00 -4.191e+00 -3.117e+00 -5.464e+00 -2.988e+00 -2.181e-01 -5.366e-01 -1.184e+00 -1.452e+00 -3.648e+00 -4.245e+00 -5.762e+00 -7.761e+00 -1.242e+01 -1.713e+01 -2.157e+01
-3.707 -8.124 17.790 19.296 0.000 0.000 1.000 0.00000 -2.910e+00 -4.203e+00 -3.137e+00 -5.477e+00 -3.002e+00 -2.231e-01 -5.324e-01 -1.171e+00 -1.429e+00 -3.615e+00 -4.162e+00 -5.620e+00 -7.558e+00 -1.221e+01 -1.691e+01 -2.134e+01
-3.653 -8.125 17.790 19.272 0.000 0.000 1.000 0.00000 -2.900e+00 -4.215e+00 -3.158e+00 -5.491e+00 -3.017e+00 -2.284e-01 -5.280e-01 -1.157e+00 -1.404e+00 -3.580e+00 -4.079e+00 -5.477e+00 -7.354e+00 -1.200e+01 -1.669e+01 -2.111e+01
-3.600 -8.116 17.791 19.247 0.000 0.000 1.000 0.00000 -2.890e+00 -4.228e+00 -3.180e+00 -5.506e+00 -3.033e+00 -2.342e-01 -5.236e-01 -1.142e+00 -1.378e+00 -3.545e+00 -3.994e+00 -5.333e+00 -7.149e+00 -1.178e+01 -1.646e+01 -2.087e+01
-3.547 -8.111 17.791 19.221 0.000 0.000 1.000 0.00000 -2.879e+00 -4.243e+00 -3.204e+00 -5.522e+00 -3.049e+00 -2.403e-01 -5.192e-01 -1.127e+00 -1.352e+00 -3.508e+00 -3.908e+00 -5.188e+00 -6.942e+00 -1.157e+01 -1.624e+01 -2.063e+01
-3.493 -8.104 17.791 19.192 0.000 0.000 1.000 0.00000 -2.868e+00 -4.258e+00 -3.230e+00 -5.540e+00 -3.067e+00 -2.469e-01 -5.148e-01 -1.112e+00 -1.325e+00 -3.470e+00 -3.822e+00 -5.043e+00 -6.735e+00 -1.135e+01 -1.601e+01 -2.039e+01
-3.440 -8.107 17.792 19.163 0.000 0.000 1.000 0.00000 -2.857e+00 -4.274e+00 -3.256e+00 -5.558e+00 -3.085e+00 -2.539e-01 -5.105e-01 -1.096e+00 -1.297e+00 -3.431e+00 -3.735e+00 -4.896e+00 -6.527e+00 -1.113e+01 -1.577e+01 -2.015e+01
-3.387 -8.094 17.792 19.132 0.000 0.000 1.000 0.00000 -2.845e+00 -4.291e+00 -3.284e+00 -5.577e+00 -3.104e+00 -2.614e-01 -5.062e-01 -1.080e+00 -1.269e+00 -3.391e+00 -3.647e+00 -4.748e+00 -6.317e+00 -1.091e+01 -1.554e+01 -1.990e+01
-3.333 -8.107 17.793 19.100 0.000 0.000 1.000 0.00000 -2.833e+00 -4.308e+00 -3.313e+00 -5.597e+00 -3.123e+00 -2.693e-01 -5.021e-01 -1.064e+00 -1.240e+00 -3.350e+00 -3.559e+00 -4.600e+00 -6.106e+00 -1.068e+01 -1.531e+01 -1.966e+01
-3.280 -8.083 17.793 19.066 0.062 0.000 1.000 0.00000 -2.821e+00 -4.327e+00 -3.344e+00 -5.618e+00 -3.143e+00 -2.776e-01 -4.982e-01 -1.048e+00 -1.211e+00 -3.309e+00 -3.471e+00 -4.451e+00 -5.894e+00 -1.046e+01 -1.507e+01 -1.941e+01
-3.227 -8.077 17.794 19.031 0.062 0.000 1.000 0.00000 -2.809e+00 -4.347e+00 -3.375e+00 -5.640e+00 -3.164e+00 -2.863e-01 -4.945e-01 -1.031e+00 -1.182e+00 -3.267e+00 -3.383e+00 -4.302e+00 -5.681e+00 -1.023e+01 -1.483e+01 -1.916e+01
-3.173 -8.073 17.794 18.994 0.062 0.000 1.000 0.00000 -2.796e+00 -4.368e+00 -3.408e+00 -5.663e+00 -3.186e+00 -2.955e-01 -4.911e-01 -1.015e+00 -1.153e+00 -3.225e+00 -3.295e+00 -4.153e+00 -5.467e+00 -1.001e+01 -1.459e+01 -1.891e+01
-3.120 -8.071 17.795 18.957 0.062 0.000 1.000 0.00000 -2.783e+00 -4.389e+00 -3.441e+00 -5.687e+00 -3.208e+00 -3.050e-01 -4.879e-01 -9.994e-01 -1.124e+00 -3.183e+00 -3.208e+00 -4.004e+00 -5.253e+00 -9.780e+00 -1.435e+01 -1.865e+01
-3.067 -8.075 17.796 18.918 0.062 0.000 1.000 0.00000 -2.770e+00 -4.412e+00 -3.476e+00 -5.711e+00 -3.231e+00 -3.150e-01 -4.850e-01 -9.837e-01 -1.095e+00 -3.142e+00 -3.123e+00 -3.856e+00 -5.039e+00 -9.553e+00 -1.411e+01 -1.840e+01
-3.013 -8.059 17.796 18.878 0.062 0.000 1.000 0.00000 -2.757e+00 -4.435e+00 -3.511e+00 -5.737e+00 -3.254e+00 -3.254e-01 -4.825e-01 -9.682e-01 -1.066e+00 -3.100e+00 -3.039e+00 -3.709e+00 -4.825e+00 -9.326e+00 -1.387e+01 -1.815e+01
-2.960 -8.049 17.797 18.838 0.062 0.000 1.000 0.00000 -2.744e+00 -4.460e+00 -3.548e+00 -5.763e+00 -3.277e+00 -3.362e-01 -4.803e-01 -9.531e-01 -1.037e+00 -3.059e+00 -2.957e+00 -3.564e+00 -4.612e+00 -9.101e+00 -1.363e+01 -1.790e+01
-2.907 -8.043 17.797 18.796 0.062 0.000 1.000 0.00000 -2.732e+00 -4.485e+00 -3.585e+00 -5.790e+00 -3.301e+00 -3.474e-01 -4.786e-01 -9.384e-01 -1.009e+00 -3.018e+00 -2.877e+00 -3.421e+00 -4.401e+00 -8.876e+00 -1.340e+01 -1.765e+01
-2.853 -8.033 17.798 18.753 0.062 0.000 1.000 0.00000 -2.719e+00 -4.511e+00 -3.623e+00 -5.817e+00 -3.326e+00 -3.590e-01 -4.772e-01 -9.241e-01 -9.821e-01 -2.977e+00 -2.800e+00 -3.281e+00 -4.191e+00 -8.653e+00 -1.316e+01 -1.740e+01
-2.800 -8.016 17.799 18.710 0.062 0.000 1.000 0.00000 -2.706e+00 -4.538e+00 -3.661e+00 -5.845e+00 -3.350e+00 -3.709e-01 -4.763e-01 -9.104e-01 -9.552e-01 -2.938e+00 -2.725e+00 -3.144e+00 -3.984e+00 -8.433e+00 -1.293e+01 -1.715e+01
-2.747 -8.028 17.800 18.667 0.062 0.000 1.000 0.00000 -2.693e+00 -4.566e+00 -3.700e+00 -5.874e+00 -3.375e+00 -3.831e-01 -4.758e-01 -8.972e-01 -9.291e-01 -2.899e+00 -2.654e+00 -3.011e+00 -3.779e+00 -8.216e+00 -1.270e+01 -1.691e+01
-2.693 -7.999 17.800 18.623 0.062 0.000 1.000 0.00000 -2.681e+00 -4.594e+00 -3.739e+00 -5.903e+00 -3.400e+00 -3.956e-01 -4.758e-01 -8.846e-01 -9.038e-01 -2.861e+00 -2.586e+00 -2.882e+00 -3.578e+00 -8.002e+00 -1.247e+01 -1.667e+01
-2.640 -8.002 17.801 18.579 0.062 0.000 1.000 0.00000 -2.668e+00 -4.623e+00 -3.778e+00 -5.932e+00 -3.425e+00 -4.084e-01 -4.762e-01 -8.726e-01 -8.793e-01 -2.824e+00 -2.521e+00 -2.758e+00 -3.381e+00 -7.793e+00 -1.225e+01 -1.644e+01
-2.587 -7.982 17.802 18.536 0.062 0.000 1.000 0.00000 -2.656e+00 -4.653e+00 -3.818e+00 -5.962e+00 -3.450e+00 -4.215e-01 -4.771e-01 -8.614e-01 -8.558e-01 -2.788e+00 -2.460e+00 -2.639e+00 -3.188e+00 -7.588e+00 -1.203e+01 -1.621e+01
-2.533 -7.986 17.802 18.493 0.062 0.000 1.000 0.00000 -2.644e+00 -4.683e+00 -3.857e+00 -5.992e+00 -3.475e+00 -4.347e-01 -4.785e-01 -8.509e-01 -8.333e-01 -2.754e+00 -2.402e+00 -2.526e+00 -3.000e+00 -7.388e+00 -1.182e+01 -1.598e+01
-2.480 -7.977 17.803 18.451 0.062 0.000 1.000 0.00000 -2.633e+00 -4.714e+00 -3.896e+00 -6.021e+00 -3.500e+00 -4.481e-01 -4.804e-01 -8.413e-01 -8.121e-01 -2.721e+00 -2.348e+00 -2.418e+00 -2.817e+00 -7.193e+00 -1.162e+01 -1.577e+01
-2.427 -7.995 17.804 18.410 0.062 0.000 1.000 0.00000 -2.622e+00 -4.744e+00 -3.935e+00 -6.051e+00 -3.524e+00 -4.616e-01 -4.827e-01 -8.325e-01 -7.921e-01 -2.690e+00 -2.297e+00 -2.317e+00 -2.640e+00 -7.005e+00 -1.142e+01 -1.555e+01
-2.373 -7.991 17.805 18.372 0.062 0.000 1.000 0.00000 -2.611e+00 -4.775e+00 -3.972e+00 -6.080e+00 -3.548e+00 -4.751e-01 -4.856e-01 -8.247e-01 -7.735e-01 -2.661e+00 -2.250e+00 -2.223e+00 -2.469e+00 -6.824e+00 -1.122e+01 -1.535e+01
-2.320 -7.995 17.806 18.335 0.062 0.000 1.000 0.00000 -2.601e+00 -4.805e+00 -4.009e+00 -6.108e+00 -3.572e+00 -4.886e-01 -4.889e-01 -8.179e-01 -7.566e-01 -2.634e+00 -2.207e+00 -2.135e+00 -2.305e+00 -6.649e+00 -1.104e+01 -1.516e+01
-2.267 -7.974 17.807 18.302 0.062 0.000 1.000 0.00000 -2.591e+00 -4.834e+00 -4.044e+00 -6.135e+00 -3.595e+00 -5.019e-01 -4.928e-01 -8.122e-01 -7.413e-01 -2.609e+00 -2.167e+00 -2.055e+00 -2.148e+00 -6.482e+00 -1.086e+01 -1.497e+01
-2.213 -7.986 17.807 18.272 0.062 0.000 1.000 0.00000 -2.582e+00 -4.863e+00 -4.078e+00 -6.162e+00 -3.616e+00 -5.150e-01 -4.971e-01 -8.078e-01 -7.280e-01 -2.587e+00 -2.132e+00 -1.981e+00 -1.997e+00 -6.323e+00 -1.070e+01 -1.479e+01
-2.160 -7.974 17.808 18.245 0.062 0.000 1.000 0.00000 -2.574e+00 -4.890e+00 -4.110e+00 -6.187e+00 -3.637e+00 -5.279e-01 -5.019e-01 -8.046e-01 -7.167e-01 -2.568e+00 -2.101e+00 -1.915e+00 -1.855e+00 -6.173e+00 -1.054e+01 -1.463e+01
-2.107 -7.978 17.810 18.221 0.062 0.000 1.000 0.00000 -2.567e+00 -4.916e+00 -4.139e+00 -6.210e+00 -3.657e+00 -5.404e-01 -5.072e-01 -8.027e-01 -7.077e-01 -2.552e+00 -2.074e+00 -1.856e+00 -1.719e+00 -6.030e+00 -1.039e+01 -1.447e+01
-2.053 -7.974 17.811 18.201 0.062 0.000 1.000 0.00000 -2.561e+00 -4.939e+00 -4.167e+00 -6.232e+00 -3.675e+00 -5.525e-01 -5.131e-01 -8.022e-01 -7.009e-01 -2.538e+00 -2.051e+00 -1.803e+00 -1.592e+00 -5.897e+00 -1.025e+01 -1.432e+01
-2.000 -7.986 17.812 18.183 0.062 0.000 1.000 0.00000 -2.556e+00 -4.961e+00 -4.191e+00 -6.252e+00 -3.692e+00 -5.643e-01 -5.195e-01 -8.033e-01 -6.965e-01 -2.529e+00 -2.033e+00 -1.757e+00 -1.472e+00 -5.772e+00 -1.012e+01 -1.419e+01
