# ASY method (with partition functions): 18507 integration steps in 2.7568e-01 seconds
# All quantities except Asy, RG_PE, and sumX are log10(x)
# Log of absolute values for E and dE/dt as they can be negative
# Units: t and dt in s; E in erg; dE/dt in erg/g/s; others dimensionless 
#
#    t     dt     |E|  |dE/dt| Asy  Equil  sumX  X(1H)     X(2H)     X(3He)     

-10.929 -11.859 11.280 22.222 0.429 0.000 1.000 -1.249e-01 -7.914e+00 -7.256e+00
-10.874 -11.805 11.336 22.223 0.429 0.000 1.000 -1.249e-01 -7.852e+00 -7.209e+00
-10.820 -11.751 11.391 22.222 0.429 0.000 1.000 -1.249e-01 -7.791e+00 -7.161e+00
-10.766 -11.696 11.447 22.222 0.429 0.000 1.000 -1.249e-01 -7.731e+00 -7.113e+00
-10.712 -11.642 11.502 22.221 0.429 0.000 1.000 -1.249e-01 -7.671e+00 -7.064e+00
-10.657 -11.588 11.557 22.220 0.429 0.000 1.000 -1.249e-01 -7.612e+00 -7.015e+00
-10.603 -11.534 11.612 22.218 0.429 0.000 1.000 -1.249e-01 -7.555e+00 -6.966e+00
-10.549 -11.479 11.666 22.216 0.429 0.000 1.000 -1.249e-01 -7.497e+00 -6.916e+00
-10.495 -11.425 11.720 22.214 0.429 0.000 1.000 -1.249e-01 -7.441e+00 -6.866e+00
-10.441 -11.371 11.774 22.210 0.429 0.000 1.000 -1.249e-01 -7.385e+00 -6.816e+00
-10.386 -11.317 11.827 22.206 0.429 0.000 1.000 -1.249e-01 -7.330e+00 -6.766e+00
-10.332 -11.262 11.880 22.201 0.571 0.000 1.000 -1.249e-01 -7.303e+00 -6.717e+00
-10.278 -11.208 11.938 22.241 0.571 0.000 1.000 -1.249e-01 -7.262e+00 -6.679e+00
-10.224 -11.154 11.995 22.241 0.571 0.000 1.000 -1.249e-01 -7.221e+00 -6.641e+00
-10.174 -11.141 12.047 22.239 0.571 0.000 1.000 -1.249e-01 -7.182e+00 -6.605e+00
-10.128 -11.128 12.094 22.236 0.571 0.000 1.000 -1.249e-01 -7.144e+00 -6.572e+00
-10.086 -11.116 12.137 22.226 0.571 0.000 1.000 -1.249e-01 -7.110e+00 -6.541e+00
-10.046 -11.103 12.176 22.218 0.571 0.000 1.000 -1.249e-01 -7.078e+00 -6.513e+00
-10.008 -11.090 12.213 22.208 0.571 0.000 1.000 -1.249e-01 -7.049e+00 -6.486e+00
-9.973 -11.077 12.247 22.198 0.571 0.000 1.000 -1.249e-01 -7.022e+00 -6.462e+00
-9.945 -11.159 12.272 22.186 0.571 0.000 1.000 -1.249e-01 -6.998e+00 -6.443e+00
-9.916 -11.104 12.298 22.165 0.429 0.000 1.000 -1.249e-01 -6.990e+00 -6.440e+00
-9.885 -11.050 12.324 22.145 0.429 0.000 1.000 -1.249e-01 -6.989e+00 -6.439e+00
-9.853 -10.996 12.352 22.143 0.286 0.000 1.000 -1.249e-01 -6.989e+00 -6.439e+00
-9.853 -13.000 12.353 22.142 0.429 0.000 1.000 -1.249e-01 -6.988e+00 -6.439e+00
-9.852 -12.946 12.353 22.141 0.286 0.000 1.000 -1.249e-01 -6.988e+00 -6.439e+00
-9.852 -12.892 12.353 22.140 0.286 0.000 1.000 -1.249e-01 -6.987e+00 -6.438e+00
-9.851 -12.838 12.354 22.139 0.286 0.000 1.000 -1.249e-01 -6.987e+00 -6.438e+00
-9.851 -12.783 12.354 22.138 0.286 0.000 1.000 -1.249e-01 -6.986e+00 -6.438e+00
-9.850 -12.729 12.355 22.137 0.286 0.000 1.000 -1.249e-01 -6.986e+00 -6.437e+00
-9.850 -12.675 12.355 22.136 0.286 0.000 1.000 -1.249e-01 -6.985e+00 -6.437e+00
-9.849 -12.621 12.356 22.135 0.286 0.000 1.000 -1.249e-01 -6.985e+00 -6.437e+00
-9.848 -12.566 12.356 22.134 0.286 0.000 1.000 -1.249e-01 -6.984e+00 -6.436e+00
-9.847 -12.512 12.357 22.133 0.286 0.000 1.000 -1.249e-01 -6.984e+00 -6.436e+00
-9.846 -12.458 12.358 22.132 0.286 0.000 1.000 -1.249e-01 -6.983e+00 -6.436e+00
-9.845 -12.404 12.359 22.131 0.286 0.000 1.000 -1.249e-01 -6.983e+00 -6.436e+00
-9.844 -12.350 12.360 22.130 0.286 0.000 1.000 -1.249e-01 -6.982e+00 -6.435e+00
-9.842 -12.295 12.362 22.129 0.286 0.000 1.000 -1.249e-01 -6.982e+00 -6.435e+00
-9.828 -11.970 12.374 22.124 0.286 0.000 1.000 -1.249e-01 -6.979e+00 -6.433e+00
-9.799 -11.645 12.398 22.120 0.286 0.000 1.000 -1.249e-01 -6.977e+00 -6.431e+00
-9.766 -11.428 12.425 22.120 0.286 0.000 1.000 -1.249e-01 -6.976e+00 -6.431e+00
-9.731 -11.265 12.455 22.119 0.143 0.000 1.000 -1.249e-01 -6.976e+00 -6.431e+00
-9.701 -11.156 12.481 22.119 0.286 0.000 1.000 -1.249e-01 -6.976e+00 -6.431e+00
-9.666 -11.048 12.511 22.118 0.143 0.000 1.000 -1.249e-01 -6.976e+00 -6.431e+00
-9.646 -10.994 12.529 22.118 0.143 0.000 1.000 -1.249e-01 -6.976e+00 -6.431e+00
-9.618 -11.755 12.553 22.113 0.286 0.000 1.000 -1.249e-01 -6.972e+00 -6.428e+00
-9.589 -11.430 12.579 22.112 0.286 0.000 1.000 -1.249e-01 -6.971e+00 -6.427e+00
-9.556 -11.213 12.608 22.111 0.143 0.000 1.000 -1.249e-01 -6.971e+00 -6.427e+00
-9.520 -11.050 12.640 22.111 0.286 0.000 1.000 -1.249e-01 -6.971e+00 -6.427e+00
-9.500 -12.266 12.658 22.108 0.143 0.000 1.000 -1.249e-01 -6.969e+00 -6.425e+00
-9.466 -11.453 12.688 22.107 0.143 0.000 1.000 -1.249e-01 -6.967e+00 -6.425e+00
-9.434 -11.182 12.717 22.106 0.286 0.000 1.000 -1.249e-01 -6.967e+00 -6.424e+00
-9.405 -11.019 12.743 22.106 0.286 0.000 1.000 -1.249e-01 -6.966e+00 -6.424e+00
-9.380 -11.555 12.766 22.101 0.143 0.000 1.000 -1.249e-01 -6.963e+00 -6.420e+00
-9.347 -11.175 12.796 22.100 0.286 0.000 1.000 -1.249e-01 -6.962e+00 -6.420e+00
-9.320 -12.447 12.820 22.097 0.286 0.000 1.000 -1.249e-01 -6.959e+00 -6.417e+00
-9.286 -11.309 12.851 22.095 0.143 0.000 1.000 -1.249e-01 -6.957e+00 -6.416e+00
-9.256 -11.037 12.878 22.095 0.143 0.000 1.000 -1.249e-01 -6.957e+00 -6.416e+00
-9.229 -11.508 12.903 22.092 0.143 0.000 1.000 -1.249e-01 -6.954e+00 -6.413e+00
-9.197 -11.074 12.933 22.091 0.286 0.000 1.000 -1.249e-01 -6.953e+00 -6.412e+00
-9.169 -11.422 12.958 22.088 0.286 0.000 1.000 -1.249e-01 -6.950e+00 -6.409e+00
-9.135 -10.988 12.989 22.087 0.286 0.000 1.000 -1.249e-01 -6.949e+00 -6.409e+00
-9.107 -11.247 13.014 22.085 0.143 0.000 1.000 -1.249e-01 -6.946e+00 -6.406e+00
-9.079 -11.936 13.040 22.082 0.286 0.000 1.000 -1.249e-01 -6.944e+00 -6.404e+00
-9.048 -11.069 13.069 22.082 0.286 0.000 1.000 -1.249e-01 -6.943e+00 -6.403e+00
-9.020 -11.226 13.095 22.079 0.143 0.000 1.000 -1.249e-01 -6.940e+00 -6.400e+00
-8.989 -11.345 13.124 22.076 0.286 0.000 1.000 -1.249e-01 -6.937e+00 -6.397e+00
-8.960 -11.497 13.150 22.073 0.143 0.000 1.000 -1.249e-01 -6.933e+00 -6.394e+00
-8.929 -11.552 13.178 22.070 0.143 0.000 1.000 -1.249e-01 -6.930e+00 -6.391e+00
-8.899 -11.523 13.206 22.067 0.143 0.000 1.000 -1.249e-01 -6.927e+00 -6.387e+00
-8.869 -11.521 13.233 22.064 0.143 0.000 1.000 -1.249e-01 -6.923e+00 -6.384e+00
-8.839 -11.411 13.261 22.061 0.143 0.000 1.000 -1.249e-01 -6.920e+00 -6.381e+00
-8.809 -11.236 13.289 22.058 0.286 0.000 1.000 -1.249e-01 -6.916e+00 -6.378e+00
-8.778 -11.021 13.316 22.055 0.286 0.000 1.000 -1.249e-01 -6.913e+00 -6.374e+00
-8.750 -11.495 13.342 22.049 0.143 0.000 1.000 -1.249e-01 -6.907e+00 -6.369e+00
-8.718 -11.049 13.371 22.045 0.143 0.000 1.000 -1.249e-01 -6.903e+00 -6.365e+00
-8.690 -11.419 13.396 22.040 0.286 0.000 1.000 -1.249e-01 -6.898e+00 -6.361e+00
-8.660 -13.469 13.423 22.036 0.143 0.000 1.000 -1.249e-01 -6.895e+00 -6.357e+00
-8.629 -11.066 13.451 22.031 0.286 0.000 1.000 -1.249e-01 -6.890e+00 -6.352e+00
-8.600 -11.117 13.477 22.024 0.143 0.000 1.000 -1.249e-01 -6.884e+00 -6.347e+00
-8.570 -11.057 13.503 22.018 0.286 0.000 1.000 -1.249e-01 -6.879e+00 -6.341e+00
-8.540 -12.143 13.529 22.009 0.286 0.000 1.000 -1.249e-01 -6.871e+00 -6.334e+00
-8.510 -11.238 13.556 22.001 0.286 0.000 1.000 -1.249e-01 -6.865e+00 -6.328e+00
-8.480 -11.806 13.581 21.992 0.286 0.000 1.000 -1.249e-01 -6.858e+00 -6.322e+00
-8.450 -11.006 13.607 21.984 0.000 0.000 1.000 -1.249e-01 -6.853e+00 -6.317e+00
-8.420 -12.078 13.632 21.970 0.143 0.000 1.000 -1.249e-01 -6.844e+00 -6.308e+00
-8.390 -11.508 13.656 21.958 0.286 0.000 1.000 -1.249e-01 -6.836e+00 -6.301e+00
-8.360 -11.085 13.681 21.947 0.286 0.000 1.000 -1.249e-01 -6.830e+00 -6.295e+00
-8.330 -11.356 13.705 21.932 0.000 0.000 1.000 -1.249e-01 -6.821e+00 -6.286e+00
-8.300 -11.300 13.728 21.915 0.143 0.000 1.000 -1.249e-01 -6.813e+00 -6.279e+00
-8.269 -11.119 13.751 21.899 0.143 0.000 1.000 -1.249e-01 -6.805e+00 -6.271e+00
-8.240 -11.582 13.773 21.880 0.286 0.000 1.000 -1.249e-01 -6.797e+00 -6.263e+00
-8.210 -12.006 13.795 21.859 0.000 0.000 1.000 -1.249e-01 -6.788e+00 -6.255e+00
-8.180 -11.458 13.816 21.838 0.286 0.000 1.000 -1.249e-01 -6.781e+00 -6.247e+00
-8.150 -10.995 13.837 21.815 0.143 0.000 1.000 -1.249e-01 -6.773e+00 -6.240e+00
-8.120 -11.094 13.857 21.787 0.286 0.000 1.000 -1.249e-01 -6.764e+00 -6.232e+00
-8.090 -12.255 13.875 21.754 0.286 0.000 1.000 -1.249e-01 -6.755e+00 -6.223e+00
-8.059 -10.994 13.894 21.721 0.286 0.000 1.000 -1.249e-01 -6.747e+00 -6.215e+00
-8.030 -11.086 13.910 21.681 0.143 0.000 1.000 -1.249e-01 -6.738e+00 -6.207e+00
-8.000 -11.083 13.927 21.639 0.143 0.000 1.000 -1.249e-01 -6.730e+00 -6.199e+00
-7.970 -11.114 13.941 21.592 0.143 0.000 1.000 -1.249e-01 -6.722e+00 -6.191e+00
-7.940 -11.214 13.955 21.543 0.286 0.000 1.000 -1.249e-01 -6.715e+00 -6.184e+00
-7.910 -10.832 13.968 21.498 0.286 0.000 1.000 -1.249e-01 -6.710e+00 -6.179e+00
-7.880 -11.068 13.980 21.446 0.286 0.000 1.000 -1.249e-01 -6.704e+00 -6.173e+00
-7.850 -10.839 13.991 21.397 0.286 0.000 1.000 -1.249e-01 -6.699e+00 -6.169e+00
-7.820 -10.695 14.002 21.343 0.286 0.000 1.000 -1.249e-01 -6.695e+00 -6.164e+00
-7.790 -11.390 14.011 21.278 0.286 0.000 1.000 -1.249e-01 -6.690e+00 -6.160e+00
-7.760 -12.507 14.020 21.226 0.286 0.000 1.000 -1.249e-01 -6.687e+00 -6.157e+00
-7.730 -10.696 14.028 21.163 0.286 0.000 1.000 -1.249e-01 -6.684e+00 -6.154e+00
-7.700 -11.367 14.035 21.098 0.000 0.000 1.000 -1.249e-01 -6.681e+00 -6.151e+00
-7.670 -11.369 14.042 21.031 0.286 0.000 1.000 -1.249e-01 -6.678e+00 -6.149e+00
-7.640 -10.440 14.048 20.970 0.286 0.000 1.000 -1.249e-01 -6.676e+00 -6.147e+00
-7.610 -10.760 14.053 20.895 0.286 0.000 1.000 -1.249e-01 -6.674e+00 -6.145e+00
-7.580 -10.542 14.058 20.831 0.286 0.000 1.000 -1.249e-01 -6.673e+00 -6.143e+00
-7.550 -10.551 14.062 20.759 0.286 0.000 1.000 -1.249e-01 -6.671e+00 -6.142e+00
-7.520 -10.848 14.066 20.685 0.286 0.000 1.000 -1.249e-01 -6.670e+00 -6.141e+00
-7.489 -10.286 14.070 20.617 0.286 0.000 1.000 -1.249e-01 -6.669e+00 -6.140e+00
-7.460 -10.177 14.073 20.554 0.286 0.000 1.000 -1.249e-01 -6.668e+00 -6.139e+00
-7.429 -10.154 14.076 20.489 0.286 0.000 1.000 -1.249e-01 -6.668e+00 -6.138e+00
-7.400 -10.320 14.079 20.419 0.286 0.000 1.000 -1.249e-01 -6.667e+00 -6.138e+00
-7.370 -9.882 14.082 20.371 0.286 0.000 1.000 -1.249e-01 -6.667e+00 -6.137e+00
-7.340 -10.255 14.084 20.294 0.286 0.000 1.000 -1.249e-01 -6.666e+00 -6.137e+00
-7.309 -10.015 14.086 20.239 0.286 0.000 1.000 -1.249e-01 -6.666e+00 -6.137e+00
-7.280 -9.861 14.088 20.182 0.286 0.000 1.000 -1.249e-01 -6.666e+00 -6.136e+00
-7.249 -9.810 14.090 20.127 0.286 0.000 1.000 -1.249e-01 -6.665e+00 -6.136e+00
-7.219 -9.790 14.092 20.071 0.286 0.000 1.000 -1.249e-01 -6.665e+00 -6.136e+00
-7.189 -9.960 14.093 20.013 0.286 0.000 1.000 -1.249e-01 -6.665e+00 -6.136e+00
-7.160 -11.905 14.095 19.970 0.286 0.000 1.000 -1.249e-01 -6.665e+00 -6.136e+00
-7.129 -9.574 14.097 19.920 0.286 0.000 1.000 -1.249e-01 -6.665e+00 -6.135e+00
-7.099 -9.973 14.098 19.861 0.286 0.000 1.000 -1.249e-01 -6.664e+00 -6.135e+00
-7.068 -9.418 14.099 19.824 0.286 0.000 1.000 -1.249e-01 -6.664e+00 -6.135e+00
-7.040 -10.115 14.101 19.764 0.286 0.000 1.000 -1.249e-01 -6.664e+00 -6.135e+00
-7.009 -9.523 14.102 19.726 0.286 0.000 1.000 -1.249e-01 -6.664e+00 -6.135e+00
-6.979 -9.256 14.103 19.691 0.286 0.000 1.000 -1.249e-01 -6.664e+00 -6.135e+00
-6.950 -9.848 14.104 19.629 0.286 0.000 1.000 -1.249e-01 -6.664e+00 -6.135e+00
-6.919 -9.405 14.106 19.592 0.286 0.000 1.000 -1.249e-01 -6.664e+00 -6.135e+00
-6.889 -9.251 14.107 19.556 0.286 0.000 1.000 -1.249e-01 -6.664e+00 -6.135e+00
-6.859 -9.088 14.108 19.523 0.286 0.000 1.000 -1.249e-01 -6.664e+00 -6.135e+00
-6.830 -8.988 14.109 19.487 0.286 0.000 1.000 -1.249e-01 -6.664e+00 -6.135e+00
-6.800 -9.750 14.110 19.424 0.286 0.000 1.000 -1.249e-01 -6.664e+00 -6.135e+00
-6.769 -9.427 14.111 19.386 0.429 0.000 1.000 -1.249e-01 -6.664e+00 -6.135e+00
-6.740 -9.322 14.112 19.350 0.286 0.000 1.000 -1.249e-01 -6.664e+00 -6.135e+00
-6.709 -9.108 14.113 19.314 0.286 0.000 1.000 -1.249e-01 -6.664e+00 -6.135e+00
-6.679 -9.035 14.114 19.277 0.286 0.000 1.000 -1.249e-01 -6.664e+00 -6.135e+00
-6.649 -8.933 14.114 19.240 0.286 0.000 1.000 -1.249e-01 -6.664e+00 -6.135e+00
-6.619 -8.868 14.115 19.204 0.286 0.000 1.000 -1.249e-01 -6.664e+00 -6.135e+00
-6.590 -8.866 14.116 19.169 0.286 0.000 1.000 -1.249e-01 -6.664e+00 -6.135e+00
-6.557 -8.765 14.117 19.132 0.286 0.000 1.000 -1.249e-01 -6.664e+00 -6.135e+00
-6.529 -8.772 14.118 19.097 0.286 0.000 1.000 -1.249e-01 -6.664e+00 -6.135e+00
-6.498 -8.733 14.119 19.061 0.286 0.000 1.000 -1.249e-01 -6.664e+00 -6.135e+00
-6.469 -8.777 14.120 19.026 0.286 0.000 1.000 -1.249e-01 -6.664e+00 -6.135e+00
-6.438 -8.716 14.120 18.990 0.286 0.000 1.000 -1.249e-01 -6.664e+00 -6.135e+00
-6.409 -8.772 14.121 18.953 0.286 0.000 1.000 -1.249e-01 -6.664e+00 -6.134e+00
-6.379 -8.870 14.122 18.915 0.429 0.000 1.000 -1.249e-01 -6.664e+00 -6.134e+00
-6.349 -8.899 14.123 18.878 0.286 0.000 1.000 -1.249e-01 -6.664e+00 -6.134e+00
-6.320 -8.995 14.123 18.842 0.286 0.000 1.000 -1.249e-01 -6.664e+00 -6.134e+00
-6.290 -9.317 14.124 18.807 0.286 0.000 1.000 -1.249e-01 -6.664e+00 -6.134e+00
-6.257 -8.287 14.125 18.799 0.429 0.000 1.000 -1.249e-01 -6.664e+00 -6.134e+00
-6.227 -8.322 14.126 18.758 0.286 0.000 1.000 -1.249e-01 -6.664e+00 -6.134e+00
-6.198 -8.382 14.127 18.721 0.286 0.000 1.000 -1.249e-01 -6.664e+00 -6.134e+00
-6.169 -8.482 14.127 18.683 0.429 0.000 1.000 -1.249e-01 -6.664e+00 -6.134e+00
-6.139 -8.565 14.128 18.641 0.286 0.000 1.000 -1.249e-01 -6.664e+00 -6.134e+00
-6.109 -8.854 14.129 18.599 0.286 0.000 1.000 -1.249e-01 -6.664e+00 -6.134e+00
-6.079 -8.095 14.129 18.592 0.286 0.000 1.000 -1.249e-01 -6.664e+00 -6.134e+00
-6.049 -8.163 14.130 18.553 0.286 0.000 1.000 -1.249e-01 -6.664e+00 -6.134e+00
-6.018 -8.227 14.131 18.510 0.286 0.000 1.000 -1.249e-01 -6.664e+00 -6.134e+00
-5.990 -8.430 14.131 18.464 0.286 0.000 1.000 -1.249e-01 -6.664e+00 -6.134e+00
-5.960 -9.085 14.132 18.424 0.286 0.000 1.000 -1.249e-01 -6.664e+00 -6.134e+00
-5.930 -8.000 14.133 18.413 0.286 0.000 1.000 -1.249e-01 -6.664e+00 -6.134e+00
-5.900 -8.153 14.133 18.362 0.429 0.000 1.000 -1.249e-01 -6.664e+00 -6.134e+00
-5.869 -8.320 14.134 18.316 0.429 0.000 1.000 -1.249e-01 -6.664e+00 -6.134e+00
-5.838 -7.778 14.135 18.309 0.286 0.000 1.000 -1.249e-01 -6.664e+00 -6.134e+00
-5.809 -7.939 14.135 18.260 0.429 0.000 1.000 -1.249e-01 -6.664e+00 -6.134e+00
-5.779 -8.227 14.136 18.209 0.286 0.000 1.000 -1.249e-01 -6.664e+00 -6.134e+00
-5.747 -7.685 14.137 18.204 0.429 0.000 1.000 -1.249e-01 -6.664e+00 -6.134e+00
-5.718 -7.831 14.137 18.141 0.429 0.000 1.000 -1.249e-01 -6.664e+00 -6.134e+00
-5.690 -8.278 14.138 18.089 0.286 0.000 1.000 -1.249e-01 -6.664e+00 -6.134e+00
-5.658 -7.627 14.138 18.082 0.429 0.000 1.000 -1.249e-01 -6.664e+00 -6.134e+00
-5.628 -7.813 14.139 18.022 0.429 0.000 1.000 -1.249e-01 -6.664e+00 -6.134e+00
-5.600 -8.944 14.139 17.976 0.286 0.000 1.000 -1.249e-01 -6.664e+00 -6.134e+00
-5.569 -7.642 14.140 17.959 0.286 0.000 1.000 -1.249e-01 -6.664e+00 -6.134e+00
-5.540 -8.124 14.140 17.892 0.286 0.000 1.000 -1.249e-01 -6.664e+00 -6.134e+00
-5.507 -7.473 14.141 17.884 0.286 0.000 1.000 -1.249e-01 -6.664e+00 -6.134e+00
-5.480 -8.053 14.141 17.823 0.429 0.000 1.000 -1.249e-01 -6.664e+00 -6.134e+00
-5.447 -7.403 14.142 17.813 0.429 0.000 1.000 -1.249e-01 -6.664e+00 -6.134e+00
-5.420 -8.056 14.142 17.738 0.429 0.000 1.000 -1.249e-01 -6.664e+00 -6.134e+00
-5.386 -7.351 14.143 17.729 0.286 0.000 1.000 -1.249e-01 -6.664e+00 -6.134e+00
-5.360 -8.866 14.143 17.679 0.286 0.000 1.000 -1.249e-01 -6.664e+00 -6.134e+00
-5.329 -7.402 14.144 17.660 0.429 0.000 1.000 -1.249e-01 -6.664e+00 -6.134e+00
-5.295 -7.077 14.144 17.655 0.286 0.000 1.000 -1.249e-01 -6.664e+00 -6.134e+00
-5.270 -7.608 14.145 17.576 0.429 0.000 1.000 -1.249e-01 -6.663e+00 -6.134e+00
-5.236 -7.120 14.145 17.568 0.429 0.000 1.000 -1.249e-01 -6.663e+00 -6.134e+00
-5.206 -6.903 14.146 17.565 0.429 0.000 1.000 -1.249e-01 -6.663e+00 -6.134e+00
-5.177 -7.310 14.146 17.477 0.429 0.000 1.000 -1.249e-01 -6.663e+00 -6.134e+00
-5.148 -6.985 14.146 17.471 0.429 0.000 1.000 -1.249e-01 -6.663e+00 -6.134e+00
-5.115 -6.768 14.147 17.468 0.429 0.000 1.000 -1.249e-01 -6.663e+00 -6.134e+00
-5.089 -7.484 14.147 17.393 0.429 0.000 1.000 -1.249e-01 -6.663e+00 -6.134e+00
-5.059 -6.996 14.148 17.385 0.429 0.000 1.000 -1.249e-01 -6.663e+00 -6.134e+00
-5.023 -6.725 14.148 17.378 0.429 0.000 1.000 -1.249e-01 -6.663e+00 -6.134e+00
-4.991 -6.563 14.149 17.378 0.429 0.000 1.000 -1.249e-01 -6.663e+00 -6.134e+00
-4.968 -7.180 14.149 17.279 0.429 0.000 1.000 -1.249e-01 -6.663e+00 -6.134e+00
-4.937 -6.801 14.150 17.272 0.286 0.000 1.000 -1.249e-01 -6.663e+00 -6.134e+00
-4.906 -6.584 14.150 17.265 0.286 0.000 1.000 -1.249e-01 -6.663e+00 -6.134e+00
-4.872 -6.421 14.151 17.264 0.429 0.000 1.000 -1.249e-01 -6.663e+00 -6.134e+00
-4.843 -6.313 14.151 17.262 0.429 0.000 1.000 -1.249e-01 -6.663e+00 -6.134e+00
-4.809 -6.204 14.152 17.261 0.429 0.000 1.000 -1.249e-01 -6.663e+00 -6.134e+00
-4.789 -7.070 14.152 17.188 0.429 0.000 1.000 -1.249e-01 -6.663e+00 -6.134e+00
-4.757 -6.636 14.153 17.182 0.429 0.000 1.000 -1.249e-01 -6.663e+00 -6.134e+00
-4.726 -6.420 14.153 17.178 0.429 0.000 1.000 -1.249e-01 -6.663e+00 -6.134e+00
-4.694 -6.257 14.154 17.177 0.429 0.000 1.000 -1.249e-01 -6.663e+00 -6.134e+00
-4.666 -6.148 14.155 17.176 0.429 0.000 1.000 -1.249e-01 -6.663e+00 -6.134e+00
-4.633 -6.040 14.155 17.174 0.429 0.000 1.000 -1.249e-01 -6.663e+00 -6.134e+00
-4.593 -5.931 14.156 17.174 0.429 0.000 1.000 -1.249e-01 -6.663e+00 -6.134e+00
-4.571 -5.877 14.157 17.173 0.429 0.000 1.000 -1.249e-01 -6.663e+00 -6.134e+00
-4.548 -5.823 14.158 17.172 0.429 0.000 1.000 -1.249e-01 -6.663e+00 -6.134e+00
-4.520 -7.714 14.159 17.131 0.429 0.000 1.000 -1.249e-01 -6.663e+00 -6.134e+00
-4.487 -6.521 14.160 17.125 0.429 0.000 1.000 -1.249e-01 -6.663e+00 -6.134e+00
-4.458 -6.250 14.160 17.124 0.429 0.000 1.000 -1.249e-01 -6.663e+00 -6.134e+00
-4.421 -6.033 14.162 17.123 0.429 0.000 1.000 -1.249e-01 -6.663e+00 -6.134e+00
-4.396 -5.925 14.163 17.123 0.429 0.000 1.000 -1.249e-01 -6.663e+00 -6.134e+00
-4.366 -5.816 14.164 17.123 0.429 0.000 1.000 -1.249e-01 -6.663e+00 -6.134e+00
-4.330 -5.708 14.165 17.122 0.429 0.000 1.000 -1.249e-01 -6.663e+00 -6.134e+00
-4.289 -5.599 14.167 17.122 0.429 0.000 1.000 -1.249e-01 -6.663e+00 -6.134e+00
-4.265 -5.545 14.168 17.122 0.429 0.000 1.000 -1.249e-01 -6.663e+00 -6.134e+00
-4.240 -5.491 14.169 17.122 0.429 0.000 1.000 -1.249e-01 -6.663e+00 -6.134e+00
-4.213 -5.437 14.171 17.122 0.429 0.000 1.000 -1.249e-01 -6.663e+00 -6.134e+00
-4.185 -5.383 14.172 17.121 0.429 0.000 1.000 -1.249e-01 -6.663e+00 -6.134e+00
-4.155 -5.328 14.174 17.121 0.429 0.000 1.000 -1.249e-01 -6.663e+00 -6.134e+00
-4.123 -5.274 14.176 17.121 0.429 0.000 1.000 -1.249e-01 -6.663e+00 -6.134e+00
-4.089 -5.220 14.179 17.121 0.429 0.000 1.000 -1.249e-01 -6.663e+00 -6.134e+00
-4.054 -5.166 14.181 17.121 0.429 0.000 1.000 -1.249e-01 -6.663e+00 -6.134e+00
-4.018 -5.111 14.184 17.121 0.429 0.000 1.000 -1.249e-01 -6.663e+00 -6.134e+00
-3.980 -5.057 14.187 17.121 0.429 0.000 1.000 -1.249e-01 -6.663e+00 -6.134e+00
-3.941 -5.003 14.191 17.121 0.429 0.000 1.000 -1.249e-01 -6.663e+00 -6.134e+00
-3.900 -4.949 14.195 17.120 0.429 0.000 1.000 -1.249e-01 -6.663e+00 -6.134e+00
-3.858 -4.895 14.200 17.120 0.429 0.000 1.000 -1.249e-01 -6.663e+00 -6.134e+00
-3.815 -4.840 14.205 17.120 0.429 0.000 1.000 -1.249e-01 -6.663e+00 -6.134e+00
-3.771 -4.786 14.211 17.120 0.429 0.000 1.000 -1.249e-01 -6.663e+00 -6.134e+00
-3.726 -4.732 14.217 17.120 0.429 0.000 1.000 -1.249e-01 -6.663e+00 -6.134e+00
-3.680 -4.678 14.225 17.120 0.429 0.000 1.000 -1.249e-01 -6.663e+00 -6.134e+00
-3.633 -4.623 14.233 17.120 0.429 0.000 1.000 -1.249e-01 -6.663e+00 -6.134e+00
-3.585 -4.569 14.242 17.120 0.429 0.000 1.000 -1.249e-01 -6.663e+00 -6.134e+00
-3.537 -4.515 14.251 17.120 0.429 0.000 1.000 -1.249e-01 -6.663e+00 -6.134e+00
-3.488 -4.461 14.262 17.120 0.429 0.000 1.000 -1.249e-01 -6.663e+00 -6.134e+00
-3.439 -4.406 14.274 17.120 0.429 0.000 1.000 -1.249e-01 -6.663e+00 -6.134e+00
-3.389 -4.352 14.288 17.120 0.429 0.000 1.000 -1.249e-01 -6.663e+00 -6.134e+00
-3.338 -4.298 14.302 17.120 0.429 0.000 1.000 -1.249e-01 -6.663e+00 -6.134e+00
-3.287 -4.244 14.318 17.120 0.429 0.000 1.000 -1.249e-01 -6.663e+00 -6.134e+00
-3.236 -4.190 14.336 17.119 0.571 0.000 1.000 -1.249e-01 -6.663e+00 -6.134e+00
-3.184 -4.135 14.355 17.120 0.429 0.000 1.000 -1.249e-01 -6.663e+00 -6.134e+00
-3.133 -4.081 14.375 17.119 0.429 0.000 1.000 -1.249e-01 -6.663e+00 -6.134e+00
-3.080 -4.027 14.397 17.119 0.429 0.000 1.000 -1.249e-01 -6.663e+00 -6.134e+00
-3.028 -3.973 14.421 17.119 0.429 0.000 1.000 -1.249e-01 -6.663e+00 -6.134e+00
-2.975 -3.918 14.446 17.119 0.429 0.000 1.000 -1.249e-01 -6.663e+00 -6.134e+00
-2.923 -3.864 14.473 17.119 0.429 0.000 1.000 -1.249e-01 -6.663e+00 -6.134e+00
-2.870 -3.810 14.502 17.119 0.429 0.000 1.000 -1.249e-01 -6.663e+00 -6.134e+00
-2.817 -3.756 14.533 17.119 0.429 0.000 1.000 -1.249e-01 -6.663e+00 -6.134e+00
-2.763 -3.701 14.565 17.119 0.429 0.000 1.000 -1.249e-01 -6.663e+00 -6.134e+00
-2.710 -3.647 14.599 17.119 0.429 0.000 1.000 -1.249e-01 -6.663e+00 -6.134e+00
-2.657 -3.593 14.634 17.119 0.571 0.000 1.000 -1.249e-01 -6.663e+00 -6.134e+00
-2.603 -3.539 14.671 17.119 0.429 0.000 1.000 -1.249e-01 -6.663e+00 -6.134e+00
-2.549 -3.485 14.709 17.119 0.429 0.000 1.000 -1.249e-01 -6.663e+00 -6.134e+00
-2.496 -3.430 14.748 17.119 0.429 0.000 1.000 -1.249e-01 -6.663e+00 -6.134e+00
-2.442 -3.376 14.789 17.119 0.429 0.000 1.000 -1.249e-01 -6.663e+00 -6.134e+00
-2.388 -3.322 14.831 17.119 0.429 0.000 1.000 -1.249e-01 -6.663e+00 -6.134e+00
-2.334 -3.268 14.875 17.119 0.429 0.000 1.000 -1.249e-01 -6.663e+00 -6.134e+00
-2.280 -3.213 14.919 17.119 0.429 0.000 1.000 -1.249e-01 -6.663e+00 -6.134e+00
-2.227 -3.159 14.964 17.119 0.429 0.000 1.000 -1.249e-01 -6.663e+00 -6.134e+00
-2.173 -3.105 15.010 17.119 0.429 0.000 1.000 -1.249e-01 -6.663e+00 -6.134e+00
-2.119 -3.051 15.057 17.119 0.571 0.000 1.000 -1.249e-01 -6.663e+00 -6.134e+00
-2.065 -2.996 15.105 17.119 0.429 0.000 1.000 -1.249e-01 -6.663e+00 -6.134e+00
-2.011 -2.942 15.153 17.119 0.429 0.000 1.000 -1.249e-01 -6.663e+00 -6.134e+00
-1.956 -2.888 15.202 17.119 0.571 0.000 1.000 -1.249e-01 -6.663e+00 -6.134e+00
+0.000 +0.000  0.000  0.000 0.000 0.000 0.000 -2.400e+01 -2.400e+01 -2.400e+01
+0.000 +0.000  0.000  0.000 0.000 0.000 0.000 -2.400e+01 -2.400e+01 -2.400e+01
+0.000 +0.000  0.000  0.000 0.000 0.000 0.000 -2.400e+01 -2.400e+01 -2.400e+01
+0.000 +0.000  0.000  0.000 0.000 0.000 0.000 -2.400e+01 -2.400e+01 -2.400e+01
+0.000 +0.000  0.000  0.000 0.000 0.000 0.000 -2.400e+01 -2.400e+01 -2.400e+01
+0.000 +0.000  0.000  0.000 0.000 0.000 0.000 -2.400e+01 -2.400e+01 -2.400e+01
+0.000 +0.000  0.000  0.000 0.000 0.000 0.000 -2.400e+01 -2.400e+01 -2.400e+01
+0.000 +0.000  0.000  0.000 0.000 0.000 0.000 -2.400e+01 -2.400e+01 -2.400e+01
+0.000 +0.000  0.000  0.000 0.000 0.000 0.000 -2.400e+01 -2.400e+01 -2.400e+01
+0.000 +0.000  0.000  0.000 0.000 0.000 0.000 -2.400e+01 -2.400e+01 -2.400e+01
+0.000 +0.000  0.000  0.000 0.000 0.000 0.000 -2.400e+01 -2.400e+01 -2.400e+01
+0.000 +0.000  0.000  0.000 0.000 0.000 0.000 -2.400e+01 -2.400e+01 -2.400e+01
+0.000 +0.000  0.000  0.000 0.000 0.000 0.000 -2.400e+01 -2.400e+01 -2.400e+01
+0.000 +0.000  0.000  0.000 0.000 0.000 0.000 -2.400e+01 -2.400e+01 -2.400e+01
+0.000 +0.000  0.000  0.000 0.000 0.000 0.000 -2.400e+01 -2.400e+01 -2.400e+01
+0.000 +0.000  0.000  0.000 0.000 0.000 0.000 -2.400e+01 -2.400e+01 -2.400e+01
+0.000 +0.000  0.000  0.000 0.000 0.000 0.000 -2.400e+01 -2.400e+01 -2.400e+01
+0.000 +0.000  0.000  0.000 0.000 0.000 0.000 -2.400e+01 -2.400e+01 -2.400e+01
+0.000 +0.000  0.000  0.000 0.000 0.000 0.000 -2.400e+01 -2.400e+01 -2.400e+01
+0.000 +0.000  0.000  0.000 0.000 0.000 0.000 -2.400e+01 -2.400e+01 -2.400e+01
+0.000 +0.000  0.000  0.000 0.000 0.000 0.000 -2.400e+01 -2.400e+01 -2.400e+01
+0.000 +0.000  0.000  0.000 0.000 0.000 0.000 -2.400e+01 -2.400e+01 -2.400e+01
+0.000 +0.000  0.000  0.000 0.000 0.000 0.000 -2.400e+01 -2.400e+01 -2.400e+01
+0.000 +0.000  0.000  0.000 0.000 0.000 0.000 -2.400e+01 -2.400e+01 -2.400e+01
+0.000 +0.000  0.000  0.000 0.000 0.000 0.000 -2.400e+01 -2.400e+01 -2.400e+01
+0.000 +0.000  0.000  0.000 0.000 0.000 0.000 -2.400e+01 -2.400e+01 -2.400e+01
+0.000 +0.000  0.000  0.000 0.000 0.000 0.000 -2.400e+01 -2.400e+01 -2.400e+01
