
#    t     dt   F+(1H)   F+(2H)   F+(3He)   F-(1H)   F-(2H)   F-(3He)   
-10.929 -11.859 3.196e+00 3.246e+00 3.497e+00 3.488e+00 3.046e+00 3.215e+00 3.178e+00 2.812e+00 3.176e+00
-10.874 -11.805 3.243e+00 3.287e+00 3.521e+00 3.512e+00 3.109e+00 3.262e+00 3.176e+00 2.816e+00 3.173e+00
-10.820 -11.751 3.290e+00 3.330e+00 3.547e+00 3.537e+00 3.170e+00 3.309e+00 3.174e+00 2.818e+00 3.171e+00
-10.766 -11.696 3.338e+00 3.373e+00 3.575e+00 3.564e+00 3.231e+00 3.357e+00 3.173e+00 2.818e+00 3.170e+00
-10.712 -11.642 3.387e+00 3.418e+00 3.604e+00 3.593e+00 3.292e+00 3.406e+00 3.172e+00 2.818e+00 3.168e+00
-10.657 -11.588 3.436e+00 3.463e+00 3.635e+00 3.624e+00 3.351e+00 3.455e+00 3.170e+00 2.817e+00 3.166e+00
-10.603 -11.534 3.485e+00 3.509e+00 3.668e+00 3.656e+00 3.410e+00 3.505e+00 3.169e+00 2.816e+00 3.164e+00
-10.549 -11.479 3.535e+00 3.555e+00 3.702e+00 3.690e+00 3.468e+00 3.555e+00 3.167e+00 2.814e+00 3.162e+00
-10.495 -11.425 3.585e+00 3.602e+00 3.738e+00 3.725e+00 3.525e+00 3.605e+00 3.165e+00 2.811e+00 3.159e+00
-10.441 -11.371 3.636e+00 3.649e+00 3.775e+00 3.762e+00 3.582e+00 3.656e+00 3.162e+00 2.807e+00 3.155e+00
-10.386 -11.317 3.686e+00 3.697e+00 3.813e+00 3.799e+00 3.638e+00 3.706e+00 3.158e+00 2.803e+00 3.150e+00
-10.332 -11.262 3.737e+00 3.745e+00 3.852e+00 3.838e+00 3.693e+00 3.757e+00 3.153e+00 2.798e+00 3.144e+00
-10.278 -11.208 3.788e+00 3.793e+00 3.872e+00 3.858e+00 3.721e+00 3.807e+00 3.029e+00 2.980e+00 3.016e+00
-10.224 -11.154 3.826e+00 3.830e+00 3.903e+00 3.888e+00 3.762e+00 3.846e+00 3.006e+00 2.992e+00 2.994e+00
-10.174 -11.141 3.865e+00 3.866e+00 3.934e+00 3.918e+00 3.802e+00 3.884e+00 2.981e+00 3.003e+00 2.967e+00
-10.128 -11.128 3.902e+00 3.902e+00 3.965e+00 3.949e+00 3.842e+00 3.922e+00 2.955e+00 3.010e+00 2.940e+00
-10.086 -11.116 3.936e+00 3.934e+00 3.995e+00 3.978e+00 3.880e+00 3.955e+00 2.946e+00 3.001e+00 2.931e+00
-10.046 -11.103 3.967e+00 3.964e+00 4.022e+00 4.005e+00 3.914e+00 3.987e+00 2.929e+00 2.997e+00 2.913e+00
-10.008 -11.090 3.997e+00 3.991e+00 4.048e+00 4.031e+00 3.946e+00 4.016e+00 2.914e+00 2.989e+00 2.898e+00
-9.973 -11.077 4.024e+00 4.017e+00 4.072e+00 4.055e+00 3.975e+00 4.044e+00 2.897e+00 2.982e+00 2.881e+00
-9.945 -11.159 4.049e+00 4.042e+00 4.095e+00 4.078e+00 4.003e+00 4.069e+00 2.880e+00 2.972e+00 2.862e+00
-9.916 -11.104 4.069e+00 4.060e+00 4.115e+00 4.098e+00 4.027e+00 4.088e+00 2.904e+00 2.930e+00 2.891e+00
-9.885 -11.050 4.072e+00 4.063e+00 4.122e+00 4.104e+00 4.034e+00 4.092e+00 2.959e+00 2.866e+00 2.956e+00
-9.853 -10.996 4.073e+00 4.063e+00 4.123e+00 4.105e+00 4.036e+00 4.092e+00 2.964e+00 2.859e+00 2.963e+00
-9.853 -13.000 4.073e+00 4.064e+00 4.124e+00 4.106e+00 4.036e+00 4.092e+00 2.966e+00 2.855e+00 2.966e+00
-9.852 -12.946 4.073e+00 4.064e+00 4.124e+00 4.106e+00 4.037e+00 4.093e+00 2.969e+00 2.851e+00 2.969e+00
-9.852 -12.892 4.074e+00 4.064e+00 4.125e+00 4.107e+00 4.037e+00 4.093e+00 2.971e+00 2.847e+00 2.971e+00
-9.851 -12.838 4.074e+00 4.065e+00 4.125e+00 4.107e+00 4.038e+00 4.093e+00 2.973e+00 2.844e+00 2.973e+00
-9.851 -12.783 4.074e+00 4.065e+00 4.126e+00 4.107e+00 4.038e+00 4.094e+00 2.975e+00 2.841e+00 2.975e+00
-9.850 -12.729 4.074e+00 4.065e+00 4.126e+00 4.108e+00 4.039e+00 4.094e+00 2.978e+00 2.837e+00 2.977e+00
-9.850 -12.675 4.075e+00 4.066e+00 4.126e+00 4.108e+00 4.039e+00 4.094e+00 2.979e+00 2.834e+00 2.979e+00
-9.849 -12.621 4.075e+00 4.066e+00 4.127e+00 4.109e+00 4.040e+00 4.095e+00 2.981e+00 2.831e+00 2.981e+00
-9.848 -12.566 4.075e+00 4.066e+00 4.127e+00 4.109e+00 4.040e+00 4.095e+00 2.983e+00 2.828e+00 2.983e+00
-9.847 -12.512 4.076e+00 4.066e+00 4.128e+00 4.110e+00 4.041e+00 4.095e+00 2.985e+00 2.825e+00 2.985e+00
-9.846 -12.458 4.076e+00 4.067e+00 4.128e+00 4.110e+00 4.041e+00 4.096e+00 2.987e+00 2.822e+00 2.986e+00
-9.845 -12.404 4.076e+00 4.067e+00 4.129e+00 4.110e+00 4.042e+00 4.096e+00 2.988e+00 2.819e+00 2.988e+00
-9.844 -12.350 4.077e+00 4.067e+00 4.129e+00 4.111e+00 4.042e+00 4.096e+00 2.990e+00 2.816e+00 2.990e+00
-9.842 -12.295 4.077e+00 4.068e+00 4.129e+00 4.111e+00 4.043e+00 4.097e+00 2.991e+00 2.813e+00 2.991e+00
-9.828 -11.970 4.079e+00 4.070e+00 4.132e+00 4.114e+00 4.046e+00 4.099e+00 2.999e+00 2.797e+00 2.999e+00
-9.799 -11.645 4.081e+00 4.071e+00 4.134e+00 4.116e+00 4.048e+00 4.100e+00 3.005e+00 2.785e+00 3.005e+00
-9.766 -11.428 4.081e+00 4.071e+00 4.134e+00 4.116e+00 4.048e+00 4.101e+00 3.006e+00 2.783e+00 3.006e+00
-9.731 -11.265 4.081e+00 4.072e+00 4.135e+00 4.116e+00 4.049e+00 4.101e+00 3.007e+00 2.780e+00 3.007e+00
-9.701 -11.156 4.081e+00 4.072e+00 4.135e+00 4.117e+00 4.049e+00 4.101e+00 3.007e+00 2.780e+00 3.007e+00
-9.666 -11.048 4.082e+00 4.072e+00 4.135e+00 4.117e+00 4.049e+00 4.101e+00 3.008e+00 2.778e+00 3.008e+00
-9.646 -10.994 4.082e+00 4.072e+00 4.135e+00 4.117e+00 4.049e+00 4.101e+00 3.008e+00 2.778e+00 3.008e+00
-9.618 -11.755 4.085e+00 4.075e+00 4.138e+00 4.120e+00 4.053e+00 4.104e+00 3.014e+00 2.762e+00 3.014e+00
-9.589 -11.430 4.085e+00 4.075e+00 4.139e+00 4.121e+00 4.054e+00 4.105e+00 3.015e+00 2.759e+00 3.015e+00
-9.556 -11.213 4.085e+00 4.076e+00 4.139e+00 4.121e+00 4.054e+00 4.105e+00 3.016e+00 2.758e+00 3.015e+00
-9.520 -11.050 4.086e+00 4.076e+00 4.139e+00 4.121e+00 4.054e+00 4.105e+00 3.016e+00 2.757e+00 3.016e+00
-9.500 -12.266 4.087e+00 4.077e+00 4.141e+00 4.123e+00 4.056e+00 4.107e+00 3.019e+00 2.749e+00 3.018e+00
-9.466 -11.453 4.088e+00 4.078e+00 4.142e+00 4.124e+00 4.057e+00 4.108e+00 3.020e+00 2.745e+00 3.019e+00
-9.434 -11.182 4.088e+00 4.079e+00 4.142e+00 4.124e+00 4.058e+00 4.108e+00 3.020e+00 2.743e+00 3.020e+00
-9.405 -11.019 4.089e+00 4.079e+00 4.142e+00 4.124e+00 4.058e+00 4.108e+00 3.020e+00 2.742e+00 3.020e+00
-9.380 -11.555 4.092e+00 4.082e+00 4.146e+00 4.128e+00 4.062e+00 4.112e+00 3.023e+00 2.729e+00 3.023e+00
-9.347 -11.175 4.093e+00 4.083e+00 4.146e+00 4.128e+00 4.063e+00 4.112e+00 3.024e+00 2.727e+00 3.023e+00
-9.320 -12.447 4.095e+00 4.085e+00 4.149e+00 4.131e+00 4.066e+00 4.115e+00 3.025e+00 2.720e+00 3.025e+00
-9.286 -11.309 4.097e+00 4.087e+00 4.150e+00 4.132e+00 4.068e+00 4.116e+00 3.025e+00 2.716e+00 3.025e+00
-9.256 -11.037 4.097e+00 4.087e+00 4.151e+00 4.133e+00 4.068e+00 4.117e+00 3.025e+00 2.715e+00 3.025e+00
-9.229 -11.508 4.100e+00 4.089e+00 4.153e+00 4.135e+00 4.071e+00 4.120e+00 3.025e+00 2.708e+00 3.025e+00
-9.197 -11.074 4.101e+00 4.090e+00 4.154e+00 4.136e+00 4.072e+00 4.120e+00 3.025e+00 2.707e+00 3.025e+00
-9.169 -11.422 4.104e+00 4.093e+00 4.157e+00 4.139e+00 4.075e+00 4.124e+00 3.025e+00 2.700e+00 3.024e+00
-9.135 -10.988 4.104e+00 4.094e+00 4.157e+00 4.139e+00 4.076e+00 4.124e+00 3.025e+00 2.699e+00 3.024e+00
-9.107 -11.247 4.107e+00 4.096e+00 4.160e+00 4.142e+00 4.079e+00 4.127e+00 3.024e+00 2.694e+00 3.023e+00
-9.079 -11.936 4.110e+00 4.099e+00 4.162e+00 4.144e+00 4.081e+00 4.129e+00 3.023e+00 2.691e+00 3.022e+00
-9.048 -11.069 4.111e+00 4.100e+00 4.163e+00 4.145e+00 4.082e+00 4.130e+00 3.022e+00 2.689e+00 3.022e+00
-9.020 -11.226 4.114e+00 4.102e+00 4.165e+00 4.147e+00 4.085e+00 4.133e+00 3.021e+00 2.685e+00 3.020e+00
-8.989 -11.345 4.117e+00 4.105e+00 4.168e+00 4.150e+00 4.088e+00 4.136e+00 3.019e+00 2.682e+00 3.019e+00
-8.960 -11.497 4.120e+00 4.108e+00 4.171e+00 4.153e+00 4.092e+00 4.139e+00 3.017e+00 2.678e+00 3.016e+00
-8.929 -11.552 4.123e+00 4.111e+00 4.174e+00 4.156e+00 4.095e+00 4.143e+00 3.014e+00 2.674e+00 3.014e+00
-8.899 -11.523 4.127e+00 4.115e+00 4.177e+00 4.159e+00 4.099e+00 4.146e+00 3.012e+00 2.671e+00 3.011e+00
-8.869 -11.521 4.130e+00 4.118e+00 4.180e+00 4.162e+00 4.102e+00 4.150e+00 3.009e+00 2.667e+00 3.008e+00
-8.839 -11.411 4.134e+00 4.121e+00 4.183e+00 4.165e+00 4.106e+00 4.153e+00 3.006e+00 2.664e+00 3.006e+00
-8.809 -11.236 4.137e+00 4.124e+00 4.186e+00 4.168e+00 4.109e+00 4.156e+00 3.003e+00 2.660e+00 3.003e+00
-8.778 -11.021 4.140e+00 4.127e+00 4.189e+00 4.171e+00 4.113e+00 4.160e+00 3.000e+00 2.657e+00 3.000e+00
-8.750 -11.495 4.146e+00 4.133e+00 4.194e+00 4.175e+00 4.118e+00 4.165e+00 2.995e+00 2.652e+00 2.994e+00
-8.718 -11.049 4.150e+00 4.136e+00 4.197e+00 4.179e+00 4.122e+00 4.169e+00 2.991e+00 2.648e+00 2.991e+00
-8.690 -11.419 4.155e+00 4.141e+00 4.201e+00 4.183e+00 4.127e+00 4.174e+00 2.986e+00 2.642e+00 2.985e+00
-8.660 -13.469 4.158e+00 4.145e+00 4.205e+00 4.186e+00 4.131e+00 4.178e+00 2.982e+00 2.639e+00 2.982e+00
-8.629 -11.066 4.163e+00 4.149e+00 4.209e+00 4.191e+00 4.136e+00 4.183e+00 2.976e+00 2.633e+00 2.976e+00
-8.600 -11.117 4.169e+00 4.155e+00 4.214e+00 4.196e+00 4.142e+00 4.189e+00 2.970e+00 2.627e+00 2.970e+00
-8.570 -11.057 4.175e+00 4.160e+00 4.219e+00 4.201e+00 4.147e+00 4.194e+00 2.963e+00 2.620e+00 2.963e+00
-8.540 -12.143 4.182e+00 4.167e+00 4.226e+00 4.207e+00 4.155e+00 4.202e+00 2.954e+00 2.611e+00 2.954e+00
-8.510 -11.238 4.188e+00 4.173e+00 4.231e+00 4.213e+00 4.161e+00 4.208e+00 2.946e+00 2.603e+00 2.946e+00
-8.480 -11.806 4.195e+00 4.179e+00 4.237e+00 4.219e+00 4.168e+00 4.215e+00 2.937e+00 2.594e+00 2.937e+00
-8.450 -11.006 4.201e+00 4.184e+00 4.242e+00 4.223e+00 4.173e+00 4.220e+00 2.929e+00 2.586e+00 2.929e+00
-8.420 -12.078 4.210e+00 4.193e+00 4.250e+00 4.231e+00 4.182e+00 4.229e+00 2.915e+00 2.573e+00 2.915e+00
-8.390 -11.508 4.217e+00 4.200e+00 4.256e+00 4.238e+00 4.190e+00 4.237e+00 2.903e+00 2.561e+00 2.903e+00
-8.360 -11.085 4.224e+00 4.206e+00 4.262e+00 4.244e+00 4.196e+00 4.243e+00 2.892e+00 2.550e+00 2.892e+00
-8.330 -11.356 4.233e+00 4.214e+00 4.270e+00 4.251e+00 4.205e+00 4.252e+00 2.876e+00 2.535e+00 2.876e+00
-8.300 -11.300 4.241e+00 4.222e+00 4.277e+00 4.259e+00 4.213e+00 4.260e+00 2.860e+00 2.519e+00 2.860e+00
-8.269 -11.119 4.249e+00 4.229e+00 4.284e+00 4.265e+00 4.221e+00 4.268e+00 2.844e+00 2.502e+00 2.844e+00
-8.240 -11.582 4.257e+00 4.237e+00 4.292e+00 4.273e+00 4.230e+00 4.277e+00 2.825e+00 2.483e+00 2.824e+00
-8.210 -12.006 4.266e+00 4.245e+00 4.299e+00 4.281e+00 4.238e+00 4.285e+00 2.804e+00 2.462e+00 2.803e+00
-8.180 -11.458 4.274e+00 4.253e+00 4.306e+00 4.288e+00 4.246e+00 4.293e+00 2.782e+00 2.441e+00 2.782e+00
-8.150 -10.995 4.282e+00 4.260e+00 4.313e+00 4.295e+00 4.254e+00 4.301e+00 2.759e+00 2.418e+00 2.759e+00
-8.120 -11.094 4.290e+00 4.268e+00 4.321e+00 4.302e+00 4.263e+00 4.310e+00 2.732e+00 2.391e+00 2.731e+00
-8.090 -12.255 4.300e+00 4.277e+00 4.329e+00 4.311e+00 4.272e+00 4.319e+00 2.698e+00 2.358e+00 2.698e+00
-8.059 -10.994 4.308e+00 4.285e+00 4.337e+00 4.318e+00 4.280e+00 4.327e+00 2.665e+00 2.325e+00 2.665e+00
-8.030 -11.086 4.317e+00 4.293e+00 4.345e+00 4.326e+00 4.289e+00 4.336e+00 2.625e+00 2.285e+00 2.625e+00
-8.000 -11.083 4.325e+00 4.301e+00 4.352e+00 4.333e+00 4.297e+00 4.345e+00 2.583e+00 2.243e+00 2.583e+00
-7.970 -11.114 4.333e+00 4.308e+00 4.359e+00 4.340e+00 4.305e+00 4.353e+00 2.536e+00 2.196e+00 2.535e+00
-7.940 -11.214 4.341e+00 4.315e+00 4.366e+00 4.347e+00 4.312e+00 4.360e+00 2.487e+00 2.147e+00 2.486e+00
-7.910 -10.832 4.347e+00 4.321e+00 4.371e+00 4.352e+00 4.318e+00 4.366e+00 2.442e+00 2.102e+00 2.441e+00
-7.880 -11.068 4.352e+00 4.326e+00 4.376e+00 4.357e+00 4.324e+00 4.371e+00 2.389e+00 2.050e+00 2.389e+00
-7.850 -10.839 4.357e+00 4.330e+00 4.380e+00 4.361e+00 4.328e+00 4.376e+00 2.341e+00 2.002e+00 2.341e+00
-7.820 -10.695 4.362e+00 4.335e+00 4.384e+00 4.366e+00 4.333e+00 4.381e+00 2.286e+00 1.947e+00 2.286e+00
-7.790 -11.390 4.367e+00 4.339e+00 4.389e+00 4.370e+00 4.338e+00 4.386e+00 2.222e+00 1.883e+00 2.222e+00
-7.760 -12.507 4.370e+00 4.342e+00 4.391e+00 4.373e+00 4.341e+00 4.389e+00 2.170e+00 1.831e+00 2.169e+00
-7.730 -10.696 4.373e+00 4.345e+00 4.395e+00 4.376e+00 4.344e+00 4.392e+00 2.107e+00 1.768e+00 2.106e+00
-7.700 -11.367 4.376e+00 4.348e+00 4.397e+00 4.378e+00 4.347e+00 4.395e+00 2.041e+00 1.703e+00 2.041e+00
-7.670 -11.369 4.379e+00 4.351e+00 4.400e+00 4.381e+00 4.350e+00 4.398e+00 1.974e+00 1.635e+00 1.974e+00
-7.640 -10.440 4.381e+00 4.353e+00 4.401e+00 4.382e+00 4.352e+00 4.400e+00 1.913e+00 1.574e+00 1.913e+00
-7.610 -10.760 4.383e+00 4.354e+00 4.403e+00 4.384e+00 4.354e+00 4.402e+00 1.838e+00 1.500e+00 1.838e+00
-7.580 -10.542 4.385e+00 4.356e+00 4.405e+00 4.386e+00 4.355e+00 4.404e+00 1.774e+00 1.436e+00 1.774e+00
-7.550 -10.551 4.386e+00 4.357e+00 4.406e+00 4.387e+00 4.357e+00 4.405e+00 1.702e+00 1.363e+00 1.702e+00
-7.520 -10.848 4.387e+00 4.358e+00 4.407e+00 4.388e+00 4.358e+00 4.406e+00 1.628e+00 1.290e+00 1.628e+00
-7.489 -10.286 4.388e+00 4.359e+00 4.408e+00 4.389e+00 4.359e+00 4.407e+00 1.560e+00 1.221e+00 1.559e+00
-7.460 -10.177 4.389e+00 4.360e+00 4.409e+00 4.390e+00 4.360e+00 4.408e+00 1.497e+00 1.159e+00 1.497e+00
-7.429 -10.154 4.390e+00 4.361e+00 4.409e+00 4.390e+00 4.360e+00 4.409e+00 1.431e+00 1.093e+00 1.431e+00
-7.400 -10.320 4.391e+00 4.361e+00 4.410e+00 4.391e+00 4.361e+00 4.409e+00 1.362e+00 1.023e+00 1.361e+00
-7.370 -9.882 4.391e+00 4.362e+00 4.410e+00 4.391e+00 4.361e+00 4.410e+00 1.314e+00 9.757e-01 1.314e+00
-7.340 -10.255 4.391e+00 4.362e+00 4.411e+00 4.392e+00 4.362e+00 4.410e+00 1.237e+00 8.986e-01 1.237e+00
-7.309 -10.015 4.392e+00 4.362e+00 4.411e+00 4.392e+00 4.362e+00 4.411e+00 1.182e+00 8.440e-01 1.182e+00
-7.280 -9.861 4.392e+00 4.363e+00 4.411e+00 4.392e+00 4.363e+00 4.411e+00 1.125e+00 7.871e-01 1.125e+00
-7.249 -9.810 4.392e+00 4.363e+00 4.411e+00 4.392e+00 4.363e+00 4.411e+00 1.070e+00 7.314e-01 1.069e+00
-7.219 -9.790 4.393e+00 4.363e+00 4.412e+00 4.393e+00 4.363e+00 4.411e+00 1.014e+00 6.758e-01 1.014e+00
-7.189 -9.960 4.393e+00 4.363e+00 4.412e+00 4.393e+00 4.363e+00 4.412e+00 9.556e-01 6.175e-01 9.554e-01
-7.160 -11.905 4.393e+00 4.363e+00 4.412e+00 4.393e+00 4.363e+00 4.412e+00 9.122e-01 5.741e-01 9.120e-01
-7.129 -9.574 4.393e+00 4.364e+00 4.412e+00 4.393e+00 4.364e+00 4.412e+00 8.626e-01 5.245e-01 8.624e-01
-7.099 -9.973 4.393e+00 4.364e+00 4.412e+00 4.393e+00 4.364e+00 4.412e+00 8.036e-01 4.655e-01 8.034e-01
-7.068 -9.418 4.393e+00 4.364e+00 4.412e+00 4.393e+00 4.364e+00 4.412e+00 7.664e-01 4.283e-01 7.662e-01
-7.040 -10.115 4.393e+00 4.364e+00 4.412e+00 4.393e+00 4.364e+00 4.412e+00 7.065e-01 3.685e-01 7.064e-01
-7.009 -9.523 4.393e+00 4.364e+00 4.412e+00 4.393e+00 4.364e+00 4.412e+00 6.680e-01 3.299e-01 6.678e-01
-6.979 -9.256 4.393e+00 4.364e+00 4.412e+00 4.394e+00 4.364e+00 4.412e+00 6.327e-01 2.947e-01 6.325e-01
-6.950 -9.848 4.394e+00 4.364e+00 4.413e+00 4.394e+00 4.364e+00 4.412e+00 5.706e-01 2.325e-01 5.704e-01
-6.919 -9.405 4.394e+00 4.364e+00 4.413e+00 4.394e+00 4.364e+00 4.413e+00 5.339e-01 1.959e-01 5.337e-01
-6.889 -9.251 4.394e+00 4.364e+00 4.413e+00 4.394e+00 4.364e+00 4.413e+00 4.980e-01 1.599e-01 4.978e-01
-6.859 -9.088 4.394e+00 4.364e+00 4.413e+00 4.394e+00 4.364e+00 4.413e+00 4.646e-01 1.265e-01 4.644e-01
-6.830 -8.988 4.394e+00 4.364e+00 4.413e+00 4.394e+00 4.364e+00 4.413e+00 4.284e-01 9.029e-02 4.282e-01
-6.800 -9.750 4.394e+00 4.364e+00 4.413e+00 4.394e+00 4.364e+00 4.413e+00 3.648e-01 2.677e-02 3.646e-01
-6.769 -9.427 4.394e+00 4.364e+00 4.413e+00 4.394e+00 4.364e+00 4.413e+00 3.269e-01 -1.118e-02 3.267e-01
-6.740 -9.322 4.394e+00 4.364e+00 4.413e+00 4.394e+00 4.364e+00 4.413e+00 2.903e-01 -4.776e-02 2.901e-01
-6.709 -9.108 4.394e+00 4.364e+00 4.413e+00 4.394e+00 4.364e+00 4.413e+00 2.542e-01 -8.391e-02 2.540e-01
-6.679 -9.035 4.394e+00 4.364e+00 4.413e+00 4.394e+00 4.364e+00 4.413e+00 2.167e-01 -1.213e-01 2.165e-01
-6.649 -8.933 4.394e+00 4.364e+00 4.413e+00 4.394e+00 4.364e+00 4.413e+00 1.795e-01 -1.585e-01 1.793e-01
-6.619 -8.868 4.394e+00 4.364e+00 4.413e+00 4.394e+00 4.364e+00 4.413e+00 1.434e-01 -1.946e-01 1.432e-01
-6.590 -8.866 4.394e+00 4.364e+00 4.413e+00 4.394e+00 4.364e+00 4.413e+00 1.082e-01 -2.299e-01 1.080e-01
-6.557 -8.765 4.394e+00 4.364e+00 4.413e+00 4.394e+00 4.364e+00 4.413e+00 7.074e-02 -2.673e-01 7.055e-02
-6.529 -8.772 4.394e+00 4.364e+00 4.413e+00 4.394e+00 4.364e+00 4.413e+00 3.554e-02 -3.025e-01 3.535e-02
-6.498 -8.733 4.394e+00 4.365e+00 4.413e+00 4.394e+00 4.365e+00 4.413e+00 -1.358e-03 -3.394e-01 -1.543e-03
-6.469 -8.777 4.394e+00 4.365e+00 4.413e+00 4.394e+00 4.365e+00 4.413e+00 -3.660e-02 -3.747e-01 -3.678e-02
-6.438 -8.716 4.394e+00 4.365e+00 4.413e+00 4.394e+00 4.365e+00 4.413e+00 -7.326e-02 -4.113e-01 -7.345e-02
-6.409 -8.772 4.394e+00 4.365e+00 4.413e+00 4.394e+00 4.365e+00 4.413e+00 -1.104e-01 -4.484e-01 -1.106e-01
-6.379 -8.870 4.394e+00 4.365e+00 4.413e+00 4.394e+00 4.365e+00 4.413e+00 -1.490e-01 -4.871e-01 -1.492e-01
-6.349 -8.899 4.394e+00 4.365e+00 4.413e+00 4.394e+00 4.365e+00 4.413e+00 -1.863e-01 -5.244e-01 -1.866e-01
-6.320 -8.995 4.394e+00 4.365e+00 4.413e+00 4.394e+00 4.365e+00 4.413e+00 -2.230e-01 -5.610e-01 -2.232e-01
-6.290 -9.317 4.394e+00 4.365e+00 4.413e+00 4.394e+00 4.365e+00 4.413e+00 -2.591e-01 -5.972e-01 -2.593e-01
-6.257 -8.287 4.394e+00 4.365e+00 4.413e+00 4.394e+00 4.365e+00 4.413e+00 -2.668e-01 -6.048e-01 -2.669e-01
-6.227 -8.322 4.394e+00 4.365e+00 4.413e+00 4.394e+00 4.365e+00 4.413e+00 -3.087e-01 -6.468e-01 -3.089e-01
-6.198 -8.382 4.394e+00 4.365e+00 4.413e+00 4.394e+00 4.365e+00 4.413e+00 -3.464e-01 -6.845e-01 -3.468e-01
-6.169 -8.482 4.394e+00 4.365e+00 4.413e+00 4.394e+00 4.365e+00 4.413e+00 -3.863e-01 -7.244e-01 -3.865e-01
-6.139 -8.565 4.394e+00 4.365e+00 4.413e+00 4.394e+00 4.365e+00 4.413e+00 -4.295e-01 -7.676e-01 -4.297e-01
-6.109 -8.854 4.394e+00 4.365e+00 4.413e+00 4.394e+00 4.365e+00 4.413e+00 -4.724e-01 -8.105e-01 -4.727e-01
-6.079 -8.095 4.394e+00 4.365e+00 4.413e+00 4.394e+00 4.365e+00 4.413e+00 -4.793e-01 -8.174e-01 -4.795e-01
-6.049 -8.163 4.394e+00 4.365e+00 4.413e+00 4.394e+00 4.365e+00 4.413e+00 -5.202e-01 -8.583e-01 -5.204e-01
-6.018 -8.227 4.394e+00 4.365e+00 4.413e+00 4.394e+00 4.365e+00 4.413e+00 -5.646e-01 -9.028e-01 -5.649e-01
-5.990 -8.430 4.394e+00 4.365e+00 4.413e+00 4.394e+00 4.365e+00 4.413e+00 -6.126e-01 -9.507e-01 -6.129e-01
-5.960 -9.085 4.394e+00 4.365e+00 4.413e+00 4.394e+00 4.365e+00 4.413e+00 -6.554e-01 -9.935e-01 -6.556e-01
-5.930 -8.000 4.394e+00 4.365e+00 4.413e+00 4.394e+00 4.365e+00 4.413e+00 -6.662e-01 -1.004e+00 -6.664e-01
-5.900 -8.153 4.394e+00 4.365e+00 4.413e+00 4.394e+00 4.365e+00 4.413e+00 -7.201e-01 -1.058e+00 -7.203e-01
-5.869 -8.320 4.394e+00 4.365e+00 4.413e+00 4.394e+00 4.365e+00 4.413e+00 -7.696e-01 -1.108e+00 -7.698e-01
-5.838 -7.778 4.394e+00 4.365e+00 4.413e+00 4.394e+00 4.365e+00 4.413e+00 -7.763e-01 -1.114e+00 -7.768e-01
-5.809 -7.939 4.394e+00 4.365e+00 4.413e+00 4.394e+00 4.365e+00 4.413e+00 -8.291e-01 -1.167e+00 -8.293e-01
-5.779 -8.227 4.394e+00 4.365e+00 4.413e+00 4.394e+00 4.365e+00 4.413e+00 -8.850e-01 -1.223e+00 -8.854e-01
-5.747 -7.685 4.394e+00 4.365e+00 4.413e+00 4.394e+00 4.365e+00 4.413e+00 -8.903e-01 -1.229e+00 -8.907e-01
-5.718 -7.831 4.394e+00 4.365e+00 4.413e+00 4.394e+00 4.365e+00 4.413e+00 -9.586e-01 -1.297e+00 -9.590e-01
-5.690 -8.278 4.394e+00 4.365e+00 4.413e+00 4.394e+00 4.365e+00 4.413e+00 -1.017e+00 -1.356e+00 -1.018e+00
-5.658 -7.627 4.394e+00 4.365e+00 4.413e+00 4.394e+00 4.365e+00 4.413e+00 -1.025e+00 -1.363e+00 -1.025e+00
-5.628 -7.813 4.394e+00 4.365e+00 4.413e+00 4.394e+00 4.365e+00 4.413e+00 -1.092e+00 -1.430e+00 -1.093e+00
-5.600 -8.944 4.394e+00 4.365e+00 4.413e+00 4.394e+00 4.365e+00 4.413e+00 -1.145e+00 -1.484e+00 -1.146e+00
-5.569 -7.642 4.394e+00 4.365e+00 4.413e+00 4.394e+00 4.365e+00 4.413e+00 -1.165e+00 -1.503e+00 -1.166e+00
-5.540 -8.124 4.394e+00 4.365e+00 4.413e+00 4.394e+00 4.365e+00 4.413e+00 -1.245e+00 -1.583e+00 -1.246e+00
-5.507 -7.473 4.394e+00 4.365e+00 4.413e+00 4.394e+00 4.365e+00 4.413e+00 -1.254e+00 -1.592e+00 -1.255e+00
-5.480 -8.053 4.394e+00 4.365e+00 4.413e+00 4.394e+00 4.365e+00 4.413e+00 -1.330e+00 -1.668e+00 -1.330e+00
-5.447 -7.403 4.394e+00 4.365e+00 4.413e+00 4.394e+00 4.365e+00 4.413e+00 -1.342e+00 -1.680e+00 -1.342e+00
-5.420 -8.056 4.394e+00 4.365e+00 4.413e+00 4.394e+00 4.365e+00 4.413e+00 -1.438e+00 -1.776e+00 -1.438e+00
-5.386 -7.351 4.394e+00 4.365e+00 4.413e+00 4.394e+00 4.365e+00 4.413e+00 -1.449e+00 -1.788e+00 -1.450e+00
-5.360 -8.866 4.394e+00 4.365e+00 4.413e+00 4.394e+00 4.365e+00 4.413e+00 -1.517e+00 -1.855e+00 -1.517e+00
-5.329 -7.402 4.394e+00 4.365e+00 4.413e+00 4.394e+00 4.365e+00 4.413e+00 -1.544e+00 -1.883e+00 -1.545e+00
-5.295 -7.077 4.394e+00 4.365e+00 4.413e+00 4.394e+00 4.365e+00 4.413e+00 -1.551e+00 -1.889e+00 -1.551e+00
-5.270 -7.608 4.394e+00 4.365e+00 4.413e+00 4.394e+00 4.365e+00 4.413e+00 -1.667e+00 -2.005e+00 -1.667e+00
-5.236 -7.120 4.394e+00 4.365e+00 4.413e+00 4.394e+00 4.365e+00 4.413e+00 -1.679e+00 -2.018e+00 -1.680e+00
-5.206 -6.903 4.394e+00 4.365e+00 4.413e+00 4.394e+00 4.365e+00 4.413e+00 -1.683e+00 -2.022e+00 -1.684e+00
-5.177 -7.310 4.394e+00 4.365e+00 4.413e+00 4.394e+00 4.365e+00 4.413e+00 -1.829e+00 -2.168e+00 -1.829e+00
-5.148 -6.985 4.394e+00 4.365e+00 4.413e+00 4.394e+00 4.365e+00 4.413e+00 -1.841e+00 -2.179e+00 -1.841e+00
-5.115 -6.768 4.394e+00 4.365e+00 4.413e+00 4.394e+00 4.365e+00 4.413e+00 -1.846e+00 -2.184e+00 -1.846e+00
-5.089 -7.484 4.394e+00 4.365e+00 4.413e+00 4.394e+00 4.365e+00 4.413e+00 -1.993e+00 -2.331e+00 -1.993e+00
-5.059 -6.996 4.394e+00 4.365e+00 4.413e+00 4.394e+00 4.365e+00 4.413e+00 -2.010e+00 -2.349e+00 -2.010e+00
-5.023 -6.725 4.394e+00 4.365e+00 4.413e+00 4.394e+00 4.365e+00 4.413e+00 -2.024e+00 -2.363e+00 -2.026e+00
-4.991 -6.563 4.394e+00 4.365e+00 4.413e+00 4.394e+00 4.365e+00 4.413e+00 -2.026e+00 -2.365e+00 -2.027e+00
-4.968 -7.180 4.394e+00 4.365e+00 4.413e+00 4.394e+00 4.365e+00 4.413e+00 -2.286e+00 -2.625e+00 -2.286e+00
-4.937 -6.801 4.394e+00 4.365e+00 4.413e+00 4.394e+00 4.365e+00 4.413e+00 -2.310e+00 -2.649e+00 -2.311e+00
-4.906 -6.584 4.394e+00 4.365e+00 4.413e+00 4.394e+00 4.365e+00 4.413e+00 -2.335e+00 -2.673e+00 -2.340e+00
-4.872 -6.421 4.394e+00 4.365e+00 4.413e+00 4.394e+00 4.365e+00 4.413e+00 -2.338e+00 -2.676e+00 -2.338e+00
-4.843 -6.313 4.394e+00 4.365e+00 4.413e+00 4.394e+00 4.365e+00 4.413e+00 -2.345e+00 -2.684e+00 -2.346e+00
-4.809 -6.204 4.394e+00 4.365e+00 4.413e+00 4.394e+00 4.365e+00 4.413e+00 -2.348e+00 -2.687e+00 -2.349e+00
-4.789 -7.070 4.394e+00 4.365e+00 4.413e+00 4.394e+00 4.365e+00 4.413e+00 -2.697e+00 -3.036e+00 -2.699e+00
-4.757 -6.636 4.394e+00 4.365e+00 4.413e+00 4.394e+00 4.365e+00 4.413e+00 -2.738e+00 -3.077e+00 -2.742e+00
-4.726 -6.420 4.394e+00 4.365e+00 4.413e+00 4.394e+00 4.365e+00 4.413e+00 -2.767e+00 -3.106e+00 -2.775e+00
-4.694 -6.257 4.394e+00 4.365e+00 4.413e+00 4.394e+00 4.365e+00 4.413e+00 -2.778e+00 -3.117e+00 -2.781e+00
-4.666 -6.148 4.394e+00 4.365e+00 4.413e+00 4.394e+00 4.365e+00 4.413e+00 -2.787e+00 -3.126e+00 -2.789e+00
-4.633 -6.040 4.394e+00 4.365e+00 4.413e+00 4.394e+00 4.365e+00 4.413e+00 -2.800e+00 -3.139e+00 -2.804e+00
-4.593 -5.931 4.394e+00 4.365e+00 4.413e+00 4.394e+00 4.365e+00 4.413e+00 -2.805e+00 -3.145e+00 -2.807e+00
-4.571 -5.877 4.394e+00 4.365e+00 4.413e+00 4.394e+00 4.365e+00 4.413e+00 -2.811e+00 -3.150e+00 -2.813e+00
-4.548 -5.823 4.394e+00 4.365e+00 4.413e+00 4.394e+00 4.365e+00 4.413e+00 -2.819e+00 -3.159e+00 -2.822e+00
-4.520 -7.714 4.394e+00 4.365e+00 4.413e+00 4.394e+00 4.365e+00 4.413e+00 -3.459e+00 -3.801e+00 -3.462e+00
-4.487 -6.521 4.394e+00 4.365e+00 4.413e+00 4.394e+00 4.365e+00 4.413e+00 -3.728e+00 -4.073e+00 -3.736e+00
-4.458 -6.250 4.394e+00 4.365e+00 4.413e+00 4.394e+00 4.365e+00 4.413e+00 -3.793e+00 -4.135e+00 -3.798e+00
-4.421 -6.033 4.394e+00 4.365e+00 4.413e+00 4.394e+00 4.365e+00 4.413e+00 -3.862e+00 -4.200e+00 -3.872e+00
-4.396 -5.925 4.394e+00 4.365e+00 4.413e+00 4.394e+00 4.365e+00 4.413e+00 -3.894e+00 -4.236e+00 -3.904e+00
-4.366 -5.816 4.394e+00 4.365e+00 4.413e+00 4.394e+00 4.365e+00 4.413e+00 -3.925e+00 -4.272e+00 -3.930e+00
-4.330 -5.708 4.394e+00 4.365e+00 4.413e+00 4.394e+00 4.365e+00 4.413e+00 -3.958e+00 -4.304e+00 -3.963e+00
-4.289 -5.599 4.394e+00 4.365e+00 4.413e+00 4.394e+00 4.365e+00 4.413e+00 -3.996e+00 -4.339e+00 -4.006e+00
-4.265 -5.545 4.394e+00 4.365e+00 4.413e+00 4.394e+00 4.365e+00 4.413e+00 -4.008e+00 -4.355e+00 -4.014e+00
-4.240 -5.491 4.394e+00 4.365e+00 4.413e+00 4.394e+00 4.365e+00 4.413e+00 -4.030e+00 -4.373e+00 -4.038e+00
-4.213 -5.437 4.394e+00 4.365e+00 4.413e+00 4.394e+00 4.365e+00 4.413e+00 -4.050e+00 -4.398e+00 -4.059e+00
-4.185 -5.383 4.394e+00 4.365e+00 4.413e+00 4.394e+00 4.365e+00 4.413e+00 -4.073e+00 -4.420e+00 -4.083e+00
-4.155 -5.328 4.394e+00 4.365e+00 4.413e+00 4.394e+00 4.365e+00 4.413e+00 -4.097e+00 -4.445e+00 -4.107e+00
-4.123 -5.274 4.394e+00 4.365e+00 4.413e+00 4.394e+00 4.365e+00 4.413e+00 -4.112e+00 -4.460e+00 -4.118e+00
-4.089 -5.220 4.394e+00 4.365e+00 4.413e+00 4.394e+00 4.365e+00 4.413e+00 -4.131e+00 -4.476e+00 -4.139e+00
-4.054 -5.166 4.394e+00 4.365e+00 4.413e+00 4.394e+00 4.365e+00 4.413e+00 -4.155e+00 -4.502e+00 -4.165e+00
-4.018 -5.111 4.394e+00 4.365e+00 4.413e+00 4.394e+00 4.365e+00 4.413e+00 -4.158e+00 -4.505e+00 -4.161e+00
-3.980 -5.057 4.394e+00 4.365e+00 4.413e+00 4.394e+00 4.365e+00 4.413e+00 -4.180e+00 -4.521e+00 -4.189e+00
-3.941 -5.003 4.394e+00 4.365e+00 4.413e+00 4.394e+00 4.365e+00 4.413e+00 -4.202e+00 -4.552e+00 -4.212e+00
-3.900 -4.949 4.394e+00 4.365e+00 4.413e+00 4.394e+00 4.365e+00 4.413e+00 -4.225e+00 -4.573e+00 -4.235e+00
-3.858 -4.895 4.394e+00 4.365e+00 4.413e+00 4.394e+00 4.365e+00 4.413e+00 -4.239e+00 -4.587e+00 -4.246e+00
-3.815 -4.840 4.394e+00 4.365e+00 4.413e+00 4.394e+00 4.365e+00 4.413e+00 -4.265e+00 -4.609e+00 -4.276e+00
-3.771 -4.786 4.394e+00 4.365e+00 4.413e+00 4.394e+00 4.365e+00 4.413e+00 -4.282e+00 -4.631e+00 -4.290e+00
-3.726 -4.732 4.394e+00 4.365e+00 4.413e+00 4.394e+00 4.365e+00 4.413e+00 -4.298e+00 -4.645e+00 -4.305e+00
-3.680 -4.678 4.394e+00 4.365e+00 4.413e+00 4.394e+00 4.365e+00 4.413e+00 -4.322e+00 -4.667e+00 -4.332e+00
-3.633 -4.623 4.394e+00 4.365e+00 4.413e+00 4.394e+00 4.365e+00 4.413e+00 -4.338e+00 -4.686e+00 -4.346e+00
-3.585 -4.569 4.394e+00 4.365e+00 4.413e+00 4.394e+00 4.365e+00 4.413e+00 -4.356e+00 -4.703e+00 -4.365e+00
-3.537 -4.515 4.394e+00 4.365e+00 4.413e+00 4.394e+00 4.365e+00 4.413e+00 -4.380e+00 -4.727e+00 -4.391e+00
-3.488 -4.461 4.394e+00 4.365e+00 4.413e+00 4.394e+00 4.365e+00 4.413e+00 -4.398e+00 -4.747e+00 -4.406e+00
-3.439 -4.406 4.394e+00 4.365e+00 4.413e+00 4.394e+00 4.365e+00 4.413e+00 -4.413e+00 -4.760e+00 -4.420e+00
-3.389 -4.352 4.394e+00 4.365e+00 4.413e+00 4.394e+00 4.365e+00 4.413e+00 -4.419e+00 -4.765e+00 -4.423e+00
-3.338 -4.298 4.394e+00 4.365e+00 4.413e+00 4.394e+00 4.365e+00 4.413e+00 -4.442e+00 -4.783e+00 -4.453e+00
-3.287 -4.244 4.394e+00 4.365e+00 4.413e+00 4.394e+00 4.365e+00 4.413e+00 -4.464e+00 -4.815e+00 -4.475e+00
-3.236 -4.190 4.394e+00 4.365e+00 4.413e+00 4.394e+00 4.365e+00 4.413e+00 -4.489e+00 -4.838e+00 -4.500e+00
-3.184 -4.135 4.394e+00 4.365e+00 4.413e+00 4.394e+00 4.365e+00 4.413e+00 -4.649e+00 -4.659e+00 -4.666e+00
-3.133 -4.081 4.394e+00 4.365e+00 4.413e+00 4.394e+00 4.365e+00 4.413e+00 -4.520e+00 -4.902e+00 -4.527e+00
-3.080 -4.027 4.394e+00 4.365e+00 4.413e+00 4.394e+00 4.365e+00 4.413e+00 -4.555e+00 -4.892e+00 -4.566e+00
-3.028 -3.973 4.394e+00 4.365e+00 4.413e+00 4.394e+00 4.365e+00 4.413e+00 -4.573e+00 -4.925e+00 -4.583e+00
-2.975 -3.918 4.394e+00 4.365e+00 4.413e+00 4.394e+00 4.365e+00 4.413e+00 -4.596e+00 -4.944e+00 -4.606e+00
-2.923 -3.864 4.394e+00 4.365e+00 4.413e+00 4.394e+00 4.365e+00 4.413e+00 -4.618e+00 -4.968e+00 -4.630e+00
-2.870 -3.810 4.394e+00 4.365e+00 4.413e+00 4.394e+00 4.365e+00 4.413e+00 -4.627e+00 -4.976e+00 -4.633e+00
-2.817 -3.756 4.394e+00 4.365e+00 4.413e+00 4.394e+00 4.365e+00 4.413e+00 -4.646e+00 -4.991e+00 -4.656e+00
-2.763 -3.701 4.394e+00 4.365e+00 4.413e+00 4.394e+00 4.365e+00 4.413e+00 -4.655e+00 -5.001e+00 -4.662e+00
-2.710 -3.647 4.394e+00 4.365e+00 4.413e+00 4.394e+00 4.365e+00 4.413e+00 -4.681e+00 -5.025e+00 -4.693e+00
-2.657 -3.593 4.394e+00 4.365e+00 4.413e+00 4.394e+00 4.365e+00 4.413e+00 -4.692e+00 -5.040e+00 -4.699e+00
-2.603 -3.539 4.394e+00 4.365e+00 4.413e+00 4.394e+00 4.365e+00 4.413e+00 -4.999e+00 -4.768e+00 -5.034e+00
-2.549 -3.485 4.394e+00 4.365e+00 4.413e+00 4.394e+00 4.365e+00 4.413e+00 -4.694e+00 -5.231e+00 -4.700e+00
-2.496 -3.430 4.394e+00 4.365e+00 4.413e+00 4.394e+00 4.365e+00 4.413e+00 -4.743e+00 -5.139e+00 -4.752e+00
-2.442 -3.376 4.394e+00 4.365e+00 4.413e+00 4.394e+00 4.365e+00 4.413e+00 -4.788e+00 -5.116e+00 -4.801e+00
-2.388 -3.322 4.394e+00 4.365e+00 4.413e+00 4.394e+00 4.365e+00 4.413e+00 -4.798e+00 -5.149e+00 -4.808e+00
-2.334 -3.268 4.394e+00 4.365e+00 4.413e+00 4.394e+00 4.365e+00 4.413e+00 -4.824e+00 -5.171e+00 -4.837e+00
-2.280 -3.213 4.394e+00 4.365e+00 4.413e+00 4.394e+00 4.365e+00 4.413e+00 -4.841e+00 -5.194e+00 -4.853e+00
-2.227 -3.159 4.394e+00 4.365e+00 4.413e+00 4.394e+00 4.365e+00 4.413e+00 -4.866e+00 -5.215e+00 -4.880e+00
-2.173 -3.105 4.394e+00 4.365e+00 4.413e+00 4.394e+00 4.365e+00 4.413e+00 -4.885e+00 -5.237e+00 -4.897e+00
-2.119 -3.051 4.394e+00 4.365e+00 4.413e+00 4.394e+00 4.365e+00 4.413e+00 -4.902e+00 -5.253e+00 -4.913e+00
-2.065 -2.996 4.394e+00 4.365e+00 4.413e+00 4.394e+00 4.365e+00 4.413e+00 -5.396e+00 -4.910e+00 -5.472e+00
-2.011 -2.942 4.394e+00 4.365e+00 4.413e+00 4.394e+00 4.365e+00 4.413e+00 -5.311e+00 -4.944e+00 -5.332e+00
-1.956 -2.888 4.394e+00 4.365e+00 4.413e+00 4.394e+00 4.365e+00 4.413e+00 -4.871e+00 -5.666e+00 -4.878e+00
+0.000 +0.000 -2.400e+01 -2.400e+01 -2.400e+01 -2.400e+01 -2.400e+01 -2.400e+01 -2.400e+01 -2.400e+01 -2.400e+01
+0.000 +0.000 -2.400e+01 -2.400e+01 -2.400e+01 -2.400e+01 -2.400e+01 -2.400e+01 -2.400e+01 -2.400e+01 -2.400e+01
+0.000 +0.000 -2.400e+01 -2.400e+01 -2.400e+01 -2.400e+01 -2.400e+01 -2.400e+01 -2.400e+01 -2.400e+01 -2.400e+01
+0.000 +0.000 -2.400e+01 -2.400e+01 -2.400e+01 -2.400e+01 -2.400e+01 -2.400e+01 -2.400e+01 -2.400e+01 -2.400e+01
+0.000 +0.000 -2.400e+01 -2.400e+01 -2.400e+01 -2.400e+01 -2.400e+01 -2.400e+01 -2.400e+01 -2.400e+01 -2.400e+01
+0.000 +0.000 -2.400e+01 -2.400e+01 -2.400e+01 -2.400e+01 -2.400e+01 -2.400e+01 -2.400e+01 -2.400e+01 -2.400e+01
+0.000 +0.000 -2.400e+01 -2.400e+01 -2.400e+01 -2.400e+01 -2.400e+01 -2.400e+01 -2.400e+01 -2.400e+01 -2.400e+01
+0.000 +0.000 -2.400e+01 -2.400e+01 -2.400e+01 -2.400e+01 -2.400e+01 -2.400e+01 -2.400e+01 -2.400e+01 -2.400e+01
+0.000 +0.000 -2.400e+01 -2.400e+01 -2.400e+01 -2.400e+01 -2.400e+01 -2.400e+01 -2.400e+01 -2.400e+01 -2.400e+01
+0.000 +0.000 -2.400e+01 -2.400e+01 -2.400e+01 -2.400e+01 -2.400e+01 -2.400e+01 -2.400e+01 -2.400e+01 -2.400e+01
+0.000 +0.000 -2.400e+01 -2.400e+01 -2.400e+01 -2.400e+01 -2.400e+01 -2.400e+01 -2.400e+01 -2.400e+01 -2.400e+01
+0.000 +0.000 -2.400e+01 -2.400e+01 -2.400e+01 -2.400e+01 -2.400e+01 -2.400e+01 -2.400e+01 -2.400e+01 -2.400e+01
+0.000 +0.000 -2.400e+01 -2.400e+01 -2.400e+01 -2.400e+01 -2.400e+01 -2.400e+01 -2.400e+01 -2.400e+01 -2.400e+01
+0.000 +0.000 -2.400e+01 -2.400e+01 -2.400e+01 -2.400e+01 -2.400e+01 -2.400e+01 -2.400e+01 -2.400e+01 -2.400e+01
+0.000 +0.000 -2.400e+01 -2.400e+01 -2.400e+01 -2.400e+01 -2.400e+01 -2.400e+01 -2.400e+01 -2.400e+01 -2.400e+01
+0.000 +0.000 -2.400e+01 -2.400e+01 -2.400e+01 -2.400e+01 -2.400e+01 -2.400e+01 -2.400e+01 -2.400e+01 -2.400e+01
+0.000 +0.000 -2.400e+01 -2.400e+01 -2.400e+01 -2.400e+01 -2.400e+01 -2.400e+01 -2.400e+01 -2.400e+01 -2.400e+01
+0.000 +0.000 -2.400e+01 -2.400e+01 -2.400e+01 -2.400e+01 -2.400e+01 -2.400e+01 -2.400e+01 -2.400e+01 -2.400e+01
+0.000 +0.000 -2.400e+01 -2.400e+01 -2.400e+01 -2.400e+01 -2.400e+01 -2.400e+01 -2.400e+01 -2.400e+01 -2.400e+01
+0.000 +0.000 -2.400e+01 -2.400e+01 -2.400e+01 -2.400e+01 -2.400e+01 -2.400e+01 -2.400e+01 -2.400e+01 -2.400e+01
+0.000 +0.000 -2.400e+01 -2.400e+01 -2.400e+01 -2.400e+01 -2.400e+01 -2.400e+01 -2.400e+01 -2.400e+01 -2.400e+01
+0.000 +0.000 -2.400e+01 -2.400e+01 -2.400e+01 -2.400e+01 -2.400e+01 -2.400e+01 -2.400e+01 -2.400e+01 -2.400e+01
+0.000 +0.000 -2.400e+01 -2.400e+01 -2.400e+01 -2.400e+01 -2.400e+01 -2.400e+01 -2.400e+01 -2.400e+01 -2.400e+01
+0.000 +0.000 -2.400e+01 -2.400e+01 -2.400e+01 -2.400e+01 -2.400e+01 -2.400e+01 -2.400e+01 -2.400e+01 -2.400e+01
+0.000 +0.000 -2.400e+01 -2.400e+01 -2.400e+01 -2.400e+01 -2.400e+01 -2.400e+01 -2.400e+01 -2.400e+01 -2.400e+01
+0.000 +0.000 -2.400e+01 -2.400e+01 -2.400e+01 -2.400e+01 -2.400e+01 -2.400e+01 -2.400e+01 -2.400e+01 -2.400e+01
+0.000 +0.000 -2.400e+01 -2.400e+01 -2.400e+01 -2.400e+01 -2.400e+01 -2.400e+01 -2.400e+01 -2.400e+01 -2.400e+01