# ASY method (with partition functions): 1010167 integration steps in 4.3418e+00 seconds
# All quantities except Asy, RG_PE, and sumX are log10(x)
# Log of absolute values for E and dE/dt as they can be negative
# Units: t and dt in s; E in erg; dE/dt in erg/g/s; others dimensionless 
#
#    t     dt     |E|  |dE/dt| Asy  Equil  sumX, diffX  X(4He)     X(12C)     X(16O)     

-10.965 -12.500 15.605 26.552 0.000 0.000 1.000 -6.0969e+00 -2.456e+00 -3.194e-01 -3.013e-01
-10.939 -12.475 15.630 26.550 0.000 0.000 1.000 -6.0969e+00 -2.431e+00 -3.205e-01 -3.013e-01
-10.901 -12.436 15.666 26.547 0.000 0.000 1.000 -6.0969e+00 -2.395e+00 -3.223e-01 -3.013e-01
-10.875 -12.411 15.691 26.545 0.000 0.000 1.000 -6.0969e+00 -2.370e+00 -3.236e-01 -3.014e-01
-10.849 -12.385 15.715 26.542 0.000 0.000 1.000 -6.0969e+00 -2.346e+00 -3.249e-01 -3.014e-01
-10.811 -12.346 15.752 26.538 0.000 0.000 1.000 -6.0969e+00 -2.309e+00 -3.271e-01 -3.014e-01
-10.785 -12.321 15.776 26.535 0.000 0.000 1.000 -6.0969e+00 -2.285e+00 -3.286e-01 -3.014e-01
-10.759 -12.295 15.800 26.532 0.000 0.000 1.000 -6.0969e+00 -2.261e+00 -3.302e-01 -3.014e-01
-10.721 -12.257 15.836 26.527 0.000 0.000 1.000 -6.0969e+00 -2.225e+00 -3.328e-01 -3.015e-01
-10.695 -12.231 15.860 26.524 0.000 0.000 1.000 -6.0969e+00 -2.201e+00 -3.347e-01 -3.015e-01
-10.669 -12.205 15.884 26.520 0.000 0.000 1.000 -6.0969e+00 -2.178e+00 -3.367e-01 -3.015e-01
-10.631 -12.167 15.919 26.514 0.000 0.000 1.000 -6.0969e+00 -2.142e+00 -3.398e-01 -3.016e-01
-10.605 -12.141 15.943 26.510 0.000 0.000 1.000 -6.0969e+00 -2.119e+00 -3.421e-01 -3.016e-01
-10.580 -12.115 15.966 26.506 0.000 0.000 1.000 -6.0969e+00 -2.095e+00 -3.445e-01 -3.016e-01
-10.541 -12.077 16.001 26.499 0.000 0.000 1.000 -6.0969e+00 -2.061e+00 -3.483e-01 -3.017e-01
-10.515 -12.051 16.024 26.494 0.000 0.000 1.000 -6.0969e+00 -2.038e+00 -3.510e-01 -3.017e-01
-10.490 -12.025 16.047 26.488 0.000 0.000 1.000 -6.0969e+00 -2.015e+00 -3.539e-01 -3.018e-01
-10.451 -11.987 16.081 26.480 0.000 0.000 1.000 -6.0969e+00 -1.981e+00 -3.585e-01 -3.018e-01
-10.426 -11.961 16.104 26.474 0.000 0.000 1.000 -6.0969e+00 -1.958e+00 -3.618e-01 -3.019e-01
-10.400 -11.936 16.126 26.468 0.000 0.000 1.000 -6.0969e+00 -1.936e+00 -3.652e-01 -3.019e-01
-10.361 -11.897 16.160 26.458 0.000 0.000 1.000 -6.0969e+00 -1.903e+00 -3.708e-01 -3.020e-01
-10.336 -11.871 16.182 26.451 0.000 0.000 1.000 -6.0969e+00 -1.881e+00 -3.747e-01 -3.020e-01
-10.297 -11.833 16.214 26.440 0.000 0.000 1.000 -6.0969e+00 -1.849e+00 -3.809e-01 -3.021e-01
-10.272 -11.807 16.236 26.432 0.000 0.000 1.000 -6.0969e+00 -1.828e+00 -3.854e-01 -3.022e-01
-10.246 -11.782 16.257 26.424 0.000 0.000 1.000 -6.0969e+00 -1.807e+00 -3.900e-01 -3.022e-01
-10.207 -11.743 16.289 26.411 0.000 0.000 1.000 -6.0969e+00 -1.775e+00 -3.975e-01 -3.023e-01
-10.182 -11.717 16.310 26.402 0.000 0.000 1.000 -6.0969e+00 -1.755e+00 -4.027e-01 -3.024e-01
-10.156 -11.692 16.331 26.393 0.000 0.000 1.000 -6.0969e+00 -1.735e+00 -4.082e-01 -3.024e-01
-10.117 -11.653 16.361 26.378 0.000 0.000 1.000 -6.0969e+00 -1.705e+00 -4.170e-01 -3.025e-01
-10.092 -11.628 16.381 26.368 0.000 0.000 1.000 -6.0969e+00 -1.686e+00 -4.232e-01 -3.026e-01
-10.066 -11.602 16.401 26.358 0.000 0.000 1.000 -6.0969e+00 -1.666e+00 -4.297e-01 -3.026e-01
-10.028 -11.563 16.431 26.341 0.000 0.000 1.000 -6.0969e+00 -1.638e+00 -4.399e-01 -3.027e-01
-10.002 -11.538 16.450 26.330 0.000 0.000 1.000 -6.0969e+00 -1.620e+00 -4.471e-01 -3.028e-01
-9.976 -11.512 16.469 26.318 0.000 0.000 1.000 -6.0969e+00 -1.602e+00 -4.547e-01 -3.029e-01
-9.938 -11.473 16.498 26.300 0.000 0.000 1.000 -6.0969e+00 -1.576e+00 -4.666e-01 -3.030e-01
-9.912 -11.448 16.516 26.288 0.000 0.000 1.000 -6.0969e+00 -1.559e+00 -4.750e-01 -3.031e-01
-9.886 -11.422 16.534 26.275 0.000 0.000 1.000 -6.0969e+00 -1.542e+00 -4.837e-01 -3.031e-01
-9.848 -11.384 16.562 26.256 0.000 0.000 1.000 -6.0969e+00 -1.518e+00 -4.974e-01 -3.032e-01
-9.822 -11.358 16.579 26.243 0.000 0.000 1.000 -6.0969e+00 -1.502e+00 -5.070e-01 -3.033e-01
-9.797 -11.332 16.597 26.230 0.000 0.000 1.000 -6.0969e+00 -1.487e+00 -5.170e-01 -3.034e-01
-9.758 -11.294 16.623 26.210 0.000 0.000 1.000 -6.0969e+00 -1.464e+00 -5.326e-01 -3.035e-01
-9.732 -11.268 16.640 26.196 0.000 0.000 1.000 -6.0969e+00 -1.450e+00 -5.435e-01 -3.035e-01
-9.707 -11.242 16.657 26.183 0.000 0.000 1.000 -6.0969e+00 -1.437e+00 -5.548e-01 -3.036e-01
-9.668 -11.204 16.682 26.163 0.000 0.000 1.000 -6.0969e+00 -1.417e+00 -5.724e-01 -3.036e-01
-9.643 -11.178 16.698 26.150 0.000 0.000 1.000 -6.0969e+00 -1.405e+00 -5.847e-01 -3.037e-01
-9.617 -11.153 16.715 26.137 0.000 0.000 1.000 -6.0969e+00 -1.393e+00 -5.973e-01 -3.037e-01
-9.578 -11.114 16.739 26.117 0.000 0.000 1.000 -6.0969e+00 -1.376e+00 -6.170e-01 -3.038e-01
-9.553 -11.088 16.755 26.105 0.000 0.000 1.000 -6.0969e+00 -1.365e+00 -6.307e-01 -3.038e-01
-9.527 -11.063 16.771 26.093 0.000 0.000 1.000 -6.0969e+00 -1.355e+00 -6.447e-01 -3.038e-01
-9.488 -11.024 16.795 26.075 0.000 0.000 1.000 -6.0969e+00 -1.341e+00 -6.665e-01 -3.038e-01
-9.463 -10.998 16.810 26.063 0.000 0.000 1.000 -6.0969e+00 -1.332e+00 -6.815e-01 -3.038e-01
-9.437 -10.973 16.826 26.052 0.000 0.000 1.000 -6.0969e+00 -1.324e+00 -6.969e-01 -3.038e-01
-9.399 -10.934 16.850 26.035 0.000 0.000 1.000 -6.0969e+00 -1.314e+00 -7.207e-01 -3.037e-01
-9.373 -10.909 16.865 26.025 0.000 0.000 1.000 -6.0969e+00 -1.307e+00 -7.371e-01 -3.036e-01
-9.347 -10.883 16.881 26.014 0.000 0.000 1.000 -6.0969e+00 -1.301e+00 -7.538e-01 -3.035e-01
-9.309 -10.844 16.904 25.999 0.000 0.000 1.000 -6.0969e+00 -1.294e+00 -7.796e-01 -3.034e-01
-9.283 -10.819 16.920 25.988 0.000 0.000 1.000 -6.0969e+00 -1.290e+00 -7.972e-01 -3.033e-01
-9.257 -10.793 16.935 25.978 0.000 0.000 1.000 -6.0969e+00 -1.286e+00 -8.152e-01 -3.031e-01
-9.219 -10.755 16.959 25.963 0.000 0.000 1.000 -6.0969e+00 -1.282e+00 -8.429e-01 -3.029e-01
-9.193 -10.729 16.974 25.953 0.000 0.000 1.000 -6.0969e+00 -1.280e+00 -8.617e-01 -3.027e-01
-9.168 -10.703 16.990 25.942 0.000 0.000 1.000 -6.0969e+00 -1.279e+00 -8.809e-01 -3.025e-01
-9.129 -10.665 17.013 25.926 0.000 0.000 1.000 -6.0969e+00 -1.279e+00 -9.103e-01 -3.021e-01
-9.103 -10.639 17.029 25.914 0.000 0.000 1.000 -6.0969e+00 -1.280e+00 -9.303e-01 -3.019e-01
-9.078 -10.613 17.044 25.902 0.000 0.000 1.000 -6.0969e+00 -1.281e+00 -9.506e-01 -3.016e-01
-9.039 -10.575 17.067 25.883 0.000 0.000 1.000 -6.0969e+00 -1.285e+00 -9.816e-01 -3.011e-01
-9.013 -10.549 17.082 25.870 0.000 0.000 1.000 -6.0969e+00 -1.288e+00 -1.003e+00 -3.008e-01
-8.988 -10.524 17.097 25.856 0.000 0.000 1.000 -6.0969e+00 -1.292e+00 -1.024e+00 -3.005e-01
-8.949 -10.485 17.120 25.833 0.000 0.000 1.000 -6.0969e+00 -1.300e+00 -1.056e+00 -2.999e-01
-8.924 -10.459 17.134 25.817 0.000 0.000 1.000 -6.0969e+00 -1.306e+00 -1.078e+00 -2.995e-01
-8.898 -10.434 17.149 25.800 0.000 0.000 1.000 -6.0969e+00 -1.313e+00 -1.101e+00 -2.991e-01
-8.859 -10.395 17.170 25.773 0.000 0.000 1.000 -6.0969e+00 -1.325e+00 -1.135e+00 -2.984e-01
-8.834 -10.369 17.184 25.754 0.000 0.000 1.000 -6.0969e+00 -1.333e+00 -1.157e+00 -2.979e-01
-8.808 -10.344 17.198 25.734 0.000 0.000 1.000 -6.0969e+00 -1.343e+00 -1.181e+00 -2.975e-01
-8.770 -10.305 17.218 25.702 0.000 0.000 1.000 -6.0969e+00 -1.359e+00 -1.216e+00 -2.967e-01
-8.744 -10.280 17.231 25.680 0.000 0.000 1.000 -6.0969e+00 -1.370e+00 -1.239e+00 -2.962e-01
-8.718 -10.254 17.244 25.657 0.000 0.000 1.000 -6.0969e+00 -1.383e+00 -1.263e+00 -2.957e-01
-8.680 -10.215 17.262 25.620 0.000 0.000 1.000 -6.0969e+00 -1.403e+00 -1.300e+00 -2.950e-01
-8.654 -10.190 17.274 25.594 0.000 0.000 1.000 -6.0969e+00 -1.417e+00 -1.324e+00 -2.944e-01
-8.628 -10.164 17.286 25.567 0.000 0.000 1.000 -6.0969e+00 -1.432e+00 -1.349e+00 -2.939e-01
-8.590 -10.126 17.302 25.526 0.000 0.000 1.000 -6.0969e+00 -1.456e+00 -1.386e+00 -2.931e-01
-8.564 -10.100 17.313 25.497 0.000 0.000 1.000 -6.0969e+00 -1.473e+00 -1.412e+00 -2.926e-01
-8.539 -10.074 17.323 25.467 0.000 0.000 1.000 -6.0969e+00 -1.491e+00 -1.437e+00 -2.921e-01
-8.500 -10.036 17.338 25.421 0.000 0.000 1.000 -6.0969e+00 -1.519e+00 -1.475e+00 -2.913e-01
-8.474 -10.010 17.348 25.389 0.000 0.000 1.000 -6.0969e+00 -1.539e+00 -1.501e+00 -2.909e-01
-8.449 -9.984 17.357 25.356 0.000 0.000 1.000 -6.0969e+00 -1.560e+00 -1.528e+00 -2.904e-01
-8.410 -9.946 17.370 25.305 0.000 0.000 1.000 -6.0969e+00 -1.592e+00 -1.567e+00 -2.897e-01
-8.384 -9.920 17.378 25.270 0.000 0.000 1.000 -6.0969e+00 -1.615e+00 -1.594e+00 -2.892e-01
-8.359 -9.894 17.386 25.235 0.000 0.000 1.000 -6.0969e+00 -1.639e+00 -1.621e+00 -2.887e-01
-8.320 -9.856 17.397 25.180 0.000 0.000 1.000 -6.0969e+00 -1.675e+00 -1.662e+00 -2.881e-01
-8.295 -9.830 17.404 25.142 0.000 0.000 1.000 -6.0969e+00 -1.701e+00 -1.689e+00 -2.877e-01
-8.269 -9.805 17.411 25.104 0.000 0.000 1.000 -6.0969e+00 -1.728e+00 -1.717e+00 -2.873e-01
-8.230 -9.766 17.421 25.045 0.000 0.000 1.000 -6.0969e+00 -1.769e+00 -1.759e+00 -2.867e-01
-8.205 -9.740 17.427 25.004 0.000 0.000 1.000 -6.0969e+00 -1.798e+00 -1.788e+00 -2.863e-01
-8.179 -9.715 17.433 24.963 0.000 0.000 1.000 -6.0969e+00 -1.828e+00 -1.816e+00 -2.859e-01
-8.141 -9.676 17.441 24.900 0.000 0.000 1.000 -6.0969e+00 -1.875e+00 -1.860e+00 -2.854e-01
-8.115 -9.651 17.446 24.857 0.000 0.000 1.000 -6.0969e+00 -1.907e+00 -1.889e+00 -2.851e-01
-8.089 -9.625 17.451 24.813 0.000 0.000 1.000 -6.0969e+00 -1.940e+00 -1.919e+00 -2.847e-01
-8.051 -9.586 17.457 24.746 0.000 0.000 1.000 -6.0969e+00 -1.991e+00 -1.964e+00 -2.843e-01
-8.025 -9.561 17.462 24.700 0.000 0.000 1.000 -6.0969e+00 -2.027e+00 -1.995e+00 -2.840e-01
-7.999 -9.535 17.466 24.654 0.000 0.000 1.000 -6.0969e+00 -2.063e+00 -2.025e+00 -2.837e-01
-7.961 -9.497 17.471 24.583 0.000 0.000 1.000 -6.0969e+00 -2.119e+00 -2.072e+00 -2.833e-01
-7.935 -9.471 17.475 24.535 0.000 0.000 1.000 -6.0969e+00 -2.157e+00 -2.104e+00 -2.830e-01
-7.909 -9.445 17.478 24.486 0.000 0.000 1.000 -6.0969e+00 -2.197e+00 -2.136e+00 -2.827e-01
-7.871 -9.407 17.482 24.412 0.000 0.000 1.000 -6.0969e+00 -2.257e+00 -2.185e+00 -2.824e-01
-7.845 -9.381 17.485 24.362 0.000 0.000 1.000 -6.0969e+00 -2.297e+00 -2.218e+00 -2.822e-01
-7.820 -9.355 17.488 24.311 0.000 0.000 1.000 -6.0969e+00 -2.339e+00 -2.252e+00 -2.820e-01
-7.781 -9.317 17.491 24.236 0.000 0.000 1.000 -6.0969e+00 -2.402e+00 -2.303e+00 -2.817e-01
-7.755 -9.291 17.494 24.185 0.000 0.000 1.000 -6.0969e+00 -2.444e+00 -2.338e+00 -2.816e-01
-7.730 -9.265 17.496 24.134 0.000 0.000 1.000 -6.0969e+00 -2.487e+00 -2.373e+00 -2.815e-01
-7.691 -9.227 17.499 24.059 0.000 0.000 1.000 -6.0969e+00 -2.552e+00 -2.427e+00 -2.813e-01
-7.666 -9.201 17.500 24.009 0.000 0.000 1.000 -6.0969e+00 -2.595e+00 -2.463e+00 -2.813e-01
-7.640 -9.176 17.502 23.959 0.000 0.000 1.000 -6.0969e+00 -2.638e+00 -2.499e+00 -2.813e-01
-7.601 -9.137 17.504 23.886 0.000 0.000 1.000 -6.0969e+00 -2.703e+00 -2.555e+00 -2.813e-01
-7.576 -9.111 17.506 23.838 0.000 0.000 1.000 -6.0969e+00 -2.747e+00 -2.592e+00 -2.814e-01
-7.537 -9.073 17.508 23.768 0.000 0.000 1.000 -6.0969e+00 -2.811e+00 -2.649e+00 -2.816e-01
-7.512 -9.047 17.509 23.723 0.000 0.000 1.000 -6.0969e+00 -2.853e+00 -2.686e+00 -2.818e-01
-7.486 -9.022 17.510 23.678 0.000 0.000 1.000 -6.0969e+00 -2.895e+00 -2.724e+00 -2.820e-01
-7.447 -8.983 17.512 23.614 0.000 0.000 1.000 -6.0969e+00 -2.955e+00 -2.780e+00 -2.824e-01
-7.422 -8.957 17.513 23.574 0.000 0.000 1.000 -6.0969e+00 -2.994e+00 -2.817e+00 -2.828e-01
-7.396 -8.932 17.514 23.535 0.000 0.000 1.000 -6.0969e+00 -3.032e+00 -2.853e+00 -2.832e-01
-7.357 -8.893 17.516 23.480 0.000 0.000 1.000 -6.0969e+00 -3.084e+00 -2.905e+00 -2.839e-01
-7.332 -8.868 17.517 23.447 0.000 0.000 1.000 -6.0969e+00 -3.116e+00 -2.938e+00 -2.844e-01
-7.306 -8.842 17.518 23.416 0.000 0.000 1.000 -6.0969e+00 -3.146e+00 -2.969e+00 -2.850e-01
-7.268 -8.803 17.519 23.374 0.000 0.000 1.000 -6.0969e+00 -3.185e+00 -3.013e+00 -2.859e-01
-7.242 -8.778 17.520 23.350 0.000 0.000 1.000 -6.0969e+00 -3.208e+00 -3.039e+00 -2.866e-01
-7.216 -8.752 17.521 23.329 0.000 0.000 1.000 -6.0969e+00 -3.227e+00 -3.063e+00 -2.874e-01
-7.178 -8.713 17.523 23.301 0.000 0.000 1.000 -6.0969e+00 -3.252e+00 -3.095e+00 -2.886e-01
-7.152 -8.688 17.524 23.286 0.000 0.000 1.000 -6.0969e+00 -3.264e+00 -3.112e+00 -2.895e-01
-7.126 -8.662 17.525 23.274 0.000 0.000 1.000 -6.0969e+00 -3.275e+00 -3.128e+00 -2.905e-01
-7.088 -8.624 17.527 23.258 0.000 0.000 1.000 -6.0969e+00 -3.287e+00 -3.146e+00 -2.920e-01
-7.062 -8.598 17.528 23.250 0.000 0.000 1.000 -6.0969e+00 -3.293e+00 -3.155e+00 -2.931e-01
-7.037 -8.572 17.529 23.243 0.000 0.000 1.000 -6.0969e+00 -3.297e+00 -3.163e+00 -2.943e-01
-6.998 -8.534 17.531 23.234 0.000 0.000 1.000 -6.0969e+00 -3.302e+00 -3.171e+00 -2.962e-01
-6.972 -8.508 17.532 23.229 0.000 0.000 1.000 -6.0969e+00 -3.305e+00 -3.175e+00 -2.976e-01
-6.947 -8.482 17.533 23.225 0.000 0.000 1.000 -6.0969e+00 -3.307e+00 -3.178e+00 -2.990e-01
-6.908 -8.444 17.536 23.218 0.000 0.000 1.000 -6.0969e+00 -3.309e+00 -3.181e+00 -3.013e-01
-6.883 -8.418 17.537 23.214 0.000 0.000 1.000 -6.0969e+00 -3.311e+00 -3.182e+00 -3.030e-01
-6.857 -8.393 17.539 23.211 0.000 0.000 1.000 -6.0969e+00 -3.312e+00 -3.183e+00 -3.047e-01
-6.818 -8.354 17.541 23.205 0.000 0.000 1.000 -6.0969e+00 -3.313e+00 -3.184e+00 -3.076e-01
-6.793 -8.328 17.543 23.201 0.000 0.000 1.000 -6.0969e+00 -3.314e+00 -3.185e+00 -3.096e-01
-6.767 -8.303 17.545 23.196 0.000 0.000 1.000 -6.0969e+00 -3.315e+00 -3.185e+00 -3.117e-01
-6.728 -8.264 17.548 23.190 0.000 0.000 1.000 -6.0969e+00 -3.316e+00 -3.185e+00 -3.152e-01
-6.703 -8.238 17.550 23.185 0.062 0.000 1.000 -6.2239e+00 -3.317e+00 -3.186e+00 -3.176e-01
-6.677 -8.213 17.553 23.180 0.062 0.000 1.000 -7.1990e+00 -3.317e+00 -3.186e+00 -3.202e-01
-6.641 -8.269 17.556 23.172 0.000 0.000 1.000 -6.0878e+00 -3.318e+00 -3.186e+00 -3.241e-01
-6.610 -8.262 17.559 23.165 0.000 0.000 1.000 -6.0210e+00 -3.319e+00 -3.187e+00 -3.277e-01
-6.582 -8.255 17.562 23.158 0.000 0.000 1.000 -6.0210e+00 -3.320e+00 -3.187e+00 -3.313e-01
-6.555 -8.248 17.565 23.152 0.000 0.000 1.000 -6.0210e+00 -3.320e+00 -3.187e+00 -3.348e-01
-6.522 -8.260 17.568 23.143 0.000 0.000 1.000 -6.0027e+00 -3.320e+00 -3.188e+00 -3.395e-01
-6.499 -8.253 17.571 23.136 0.000 0.000 1.000 -6.0027e+00 -3.320e+00 -3.188e+00 -3.430e-01
-6.467 -8.201 17.575 23.127 0.062 0.000 1.000 -6.0154e+00 -3.320e+00 -3.189e+00 -3.480e-01
-6.434 -8.150 17.579 23.116 0.062 0.000 1.000 -6.1525e+00 -3.320e+00 -3.189e+00 -3.535e-01
-6.408 -8.111 17.582 23.108 0.062 0.000 1.000 -6.6168e+00 -3.320e+00 -3.190e+00 -3.581e-01
-6.372 -8.060 17.587 23.096 0.062 0.000 1.000 -6.0481e+00 -3.319e+00 -3.191e+00 -3.648e-01
-6.346 -8.053 17.591 23.086 0.062 0.000 1.000 -6.2060e+00 -3.318e+00 -3.191e+00 -3.702e-01
-6.315 -8.096 17.595 23.073 0.062 0.000 1.000 -6.0092e+00 -3.317e+00 -3.192e+00 -3.769e-01
-6.290 -8.253 17.599 23.062 0.000 0.000 1.000 -6.0092e+00 -3.315e+00 -3.193e+00 -3.826e-01
-6.257 -8.226 17.604 23.047 0.000 0.000 1.000 -6.0092e+00 -3.313e+00 -3.193e+00 -3.906e-01
-6.226 -8.231 17.608 23.033 0.000 0.000 1.000 -6.0092e+00 -3.311e+00 -3.194e+00 -3.985e-01
-6.197 -8.235 17.613 23.019 0.000 0.000 1.000 -6.0092e+00 -3.308e+00 -3.195e+00 -4.063e-01
-6.170 -8.240 17.617 23.004 0.000 0.000 1.000 -6.0092e+00 -3.305e+00 -3.196e+00 -4.142e-01
-6.137 -8.219 17.623 22.986 0.000 0.000 1.000 -6.0092e+00 -3.301e+00 -3.197e+00 -4.242e-01
-6.109 -8.211 17.628 22.970 0.000 0.000 1.000 -6.0092e+00 -3.298e+00 -3.198e+00 -4.330e-01
-6.077 -8.208 17.633 22.950 0.000 0.000 1.000 -6.0092e+00 -3.293e+00 -3.200e+00 -4.439e-01
-6.050 -8.219 17.638 22.933 0.000 0.000 1.000 -6.0092e+00 -3.288e+00 -3.201e+00 -4.537e-01
-6.018 -8.204 17.643 22.912 0.000 0.000 1.000 -6.0092e+00 -3.282e+00 -3.202e+00 -4.655e-01
-5.989 -8.220 17.649 22.891 0.000 0.000 1.000 -6.0092e+00 -3.276e+00 -3.204e+00 -4.772e-01
-5.958 -8.192 17.654 22.868 0.000 0.000 1.000 -6.0092e+00 -3.269e+00 -3.206e+00 -4.900e-01
-5.930 -8.196 17.659 22.845 0.000 0.000 1.000 -6.0092e+00 -3.262e+00 -3.207e+00 -5.026e-01
-5.898 -8.205 17.665 22.819 0.000 0.000 1.000 -6.0092e+00 -3.254e+00 -3.209e+00 -5.173e-01
-5.869 -8.215 17.670 22.794 0.000 0.000 1.000 -6.0092e+00 -3.246e+00 -3.211e+00 -5.316e-01
-5.840 -8.211 17.676 22.767 0.000 0.000 1.000 -6.0092e+00 -3.238e+00 -3.213e+00 -5.466e-01
-5.808 -8.182 17.681 22.737 0.000 0.000 1.000 -6.0092e+00 -3.228e+00 -3.216e+00 -5.635e-01
-5.779 -8.184 17.686 22.708 0.000 0.000 1.000 -6.0092e+00 -3.219e+00 -3.218e+00 -5.802e-01
-5.749 -8.174 17.691 22.678 0.000 0.000 1.000 -6.0092e+00 -3.209e+00 -3.221e+00 -5.977e-01
-5.719 -8.201 17.697 22.645 0.000 0.000 1.000 -6.0092e+00 -3.198e+00 -3.224e+00 -6.166e-01
-5.689 -8.183 17.702 22.611 0.000 0.000 1.000 -6.0092e+00 -3.188e+00 -3.227e+00 -6.362e-01
-5.659 -8.185 17.706 22.577 0.000 0.000 1.000 -6.0092e+00 -3.178e+00 -3.230e+00 -6.563e-01
-5.629 -8.192 17.711 22.541 0.000 0.000 1.000 -6.0092e+00 -3.167e+00 -3.234e+00 -6.778e-01
-5.600 -8.186 17.716 22.505 0.000 0.000 1.000 -6.0092e+00 -3.157e+00 -3.238e+00 -6.997e-01
-5.570 -8.186 17.720 22.468 0.000 0.000 1.000 -6.0092e+00 -3.146e+00 -3.242e+00 -7.228e-01
-5.540 -8.192 17.725 22.429 0.000 0.000 1.000 -6.0092e+00 -3.136e+00 -3.246e+00 -7.470e-01
-5.510 -8.172 17.729 22.389 0.000 0.000 1.000 -6.0092e+00 -3.127e+00 -3.251e+00 -7.723e-01
-5.480 -8.190 17.733 22.349 0.000 0.000 1.000 -6.0092e+00 -3.118e+00 -3.256e+00 -7.985e-01
-5.449 -8.169 17.737 22.306 0.000 0.000 1.000 -6.0092e+00 -3.109e+00 -3.262e+00 -8.263e-01
-5.419 -8.185 17.741 22.263 0.000 0.000 1.000 -6.0092e+00 -3.100e+00 -3.268e+00 -8.548e-01
-5.390 -8.176 17.745 22.220 0.000 0.000 1.000 -6.0092e+00 -3.092e+00 -3.274e+00 -8.840e-01
-5.359 -8.179 17.749 22.174 0.000 0.000 1.000 -6.0092e+00 -3.085e+00 -3.281e+00 -9.151e-01
-5.330 -8.187 17.752 22.128 0.000 0.000 1.000 -6.0092e+00 -3.078e+00 -3.288e+00 -9.467e-01
-5.300 -8.175 17.755 22.081 0.000 0.000 1.000 -6.0092e+00 -3.071e+00 -3.296e+00 -9.800e-01
-5.270 -8.157 17.758 22.032 0.000 0.000 1.000 -6.0092e+00 -3.065e+00 -3.304e+00 -1.014e+00
-5.240 -8.182 17.761 21.982 0.000 0.000 1.000 -6.0092e+00 -3.060e+00 -3.313e+00 -1.050e+00
-5.210 -8.186 17.764 21.931 0.000 0.000 1.000 -6.0092e+00 -3.055e+00 -3.322e+00 -1.087e+00
-5.180 -8.159 17.767 21.878 0.000 0.000 1.000 -6.0092e+00 -3.050e+00 -3.333e+00 -1.125e+00
-5.150 -8.174 17.769 21.824 0.000 0.000 1.000 -6.0092e+00 -3.045e+00 -3.343e+00 -1.165e+00
-5.120 -8.157 17.772 21.768 0.000 0.000 1.000 -6.0092e+00 -3.041e+00 -3.355e+00 -1.206e+00
-5.090 -8.170 17.774 21.712 0.000 0.000 1.000 -6.0092e+00 -3.037e+00 -3.367e+00 -1.248e+00
-5.060 -8.169 17.776 21.654 0.000 0.000 1.000 -6.0092e+00 -3.034e+00 -3.381e+00 -1.292e+00
-5.030 -8.186 17.778 21.594 0.000 0.000 1.000 -6.0092e+00 -3.030e+00 -3.395e+00 -1.337e+00
-5.000 -8.175 17.779 21.532 0.000 0.000 1.000 -6.0092e+00 -3.027e+00 -3.410e+00 -1.384e+00
-4.970 -8.183 17.781 21.470 0.000 0.000 1.000 -6.0092e+00 -3.024e+00 -3.426e+00 -1.432e+00
-4.940 -8.182 17.783 21.406 0.000 0.000 1.000 -6.0092e+00 -3.022e+00 -3.443e+00 -1.482e+00
-4.910 -8.173 17.784 21.340 0.000 0.000 1.000 -6.0092e+00 -3.019e+00 -3.460e+00 -1.534e+00
-4.880 -8.174 17.785 21.273 0.000 0.000 1.000 -6.0001e+00 -3.017e+00 -3.480e+00 -1.588e+00
-4.850 -8.155 17.786 21.204 0.000 0.000 1.000 -6.0001e+00 -3.015e+00 -3.500e+00 -1.643e+00
-4.820 -8.165 17.787 21.133 0.000 0.000 1.000 -6.0001e+00 -3.013e+00 -3.521e+00 -1.700e+00
-4.790 -8.172 17.788 21.061 0.000 0.000 1.000 -6.0001e+00 -3.011e+00 -3.543e+00 -1.758e+00
-4.760 -8.152 17.789 20.987 0.000 0.000 1.000 -6.0001e+00 -3.010e+00 -3.567e+00 -1.819e+00
-4.730 -8.166 17.790 20.911 0.000 0.000 1.000 -6.0001e+00 -3.008e+00 -3.592e+00 -1.881e+00
-4.700 -8.153 17.791 20.834 0.000 0.000 1.000 -6.0001e+00 -3.006e+00 -3.618e+00 -1.944e+00
-4.670 -8.180 17.791 20.756 0.000 0.000 1.000 -6.0001e+00 -3.005e+00 -3.645e+00 -2.009e+00
-4.640 -8.160 17.792 20.675 0.000 0.000 1.000 -6.0001e+00 -3.003e+00 -3.674e+00 -2.077e+00
-4.610 -8.168 17.792 20.593 0.000 0.000 1.000 -6.0001e+00 -3.002e+00 -3.704e+00 -2.145e+00
-4.580 -8.159 17.793 20.510 0.000 0.000 1.000 -6.0001e+00 -3.000e+00 -3.734e+00 -2.214e+00
-4.550 -8.159 17.793 20.426 0.000 0.000 1.000 -6.0001e+00 -2.999e+00 -3.766e+00 -2.284e+00
-4.520 -8.167 17.794 20.341 0.000 0.000 1.000 -6.0001e+00 -2.997e+00 -3.798e+00 -2.354e+00
-4.490 -8.157 17.794 20.255 0.000 0.000 1.000 -6.0001e+00 -2.995e+00 -3.831e+00 -2.425e+00
-4.460 -8.149 17.794 20.168 0.000 0.000 1.000 -6.0001e+00 -2.994e+00 -3.864e+00 -2.494e+00
-4.430 -8.148 17.794 20.083 0.000 0.000 1.000 -6.0001e+00 -2.992e+00 -3.897e+00 -2.562e+00
-4.400 -8.172 17.795 19.998 0.000 0.000 1.000 -6.0001e+00 -2.990e+00 -3.930e+00 -2.628e+00
-4.370 -8.165 17.795 19.916 0.000 0.000 1.000 -6.0001e+00 -2.988e+00 -3.961e+00 -2.690e+00
-4.340 -8.146 17.795 19.838 0.000 0.000 1.000 -6.0001e+00 -2.986e+00 -3.990e+00 -2.748e+00
-4.310 -8.157 17.795 19.764 0.000 0.000 1.000 -6.0001e+00 -2.984e+00 -4.018e+00 -2.801e+00
-4.280 -8.166 17.795 19.697 0.000 0.000 1.000 -6.0001e+00 -2.981e+00 -4.042e+00 -2.847e+00
-4.250 -8.168 17.795 19.636 0.000 0.000 1.000 -6.0001e+00 -2.979e+00 -4.064e+00 -2.888e+00
-4.220 -8.154 17.795 19.584 0.000 0.000 1.000 -6.0001e+00 -2.976e+00 -4.082e+00 -2.922e+00
-4.190 -8.163 17.796 19.540 0.000 0.000 1.000 -6.0001e+00 -2.974e+00 -4.097e+00 -2.950e+00
-4.160 -8.156 17.796 19.504 0.000 0.000 1.000 -6.0001e+00 -2.971e+00 -4.110e+00 -2.973e+00
-4.130 -8.138 17.796 19.475 0.000 0.000 1.000 -6.0001e+00 -2.968e+00 -4.120e+00 -2.991e+00
-4.100 -8.153 17.796 19.452 0.000 0.000 1.000 -6.0001e+00 -2.965e+00 -4.129e+00 -3.006e+00
-4.070 -8.144 17.796 19.434 0.000 0.000 1.000 -6.0001e+00 -2.961e+00 -4.136e+00 -3.019e+00
-4.040 -8.141 17.796 19.419 0.000 0.000 1.000 -6.0001e+00 -2.958e+00 -4.142e+00 -3.030e+00
-4.010 -8.137 17.796 19.406 0.000 0.000 1.000 -6.0001e+00 -2.954e+00 -4.148e+00 -3.040e+00
-3.980 -8.143 17.796 19.395 0.000 0.000 1.000 -6.0001e+00 -2.950e+00 -4.153e+00 -3.049e+00
-3.950 -8.154 17.796 19.385 0.000 0.000 1.000 -6.0001e+00 -2.947e+00 -4.158e+00 -3.058e+00
-3.920 -8.154 17.797 19.374 0.000 0.000 1.000 -6.0001e+00 -2.942e+00 -4.163e+00 -3.066e+00
-3.890 -8.155 17.797 19.364 0.000 0.000 1.000 -6.0001e+00 -2.938e+00 -4.168e+00 -3.075e+00
-3.860 -8.156 17.797 19.354 0.000 0.000 1.000 -6.0001e+00 -2.934e+00 -4.173e+00 -3.085e+00
-3.830 -8.138 17.797 19.343 0.000 0.000 1.000 -6.0001e+00 -2.929e+00 -4.179e+00 -3.094e+00
-3.800 -8.124 17.797 19.332 0.000 0.000 1.000 -6.0001e+00 -2.925e+00 -4.184e+00 -3.104e+00
-3.770 -8.138 17.797 19.320 0.000 0.000 1.000 -6.0001e+00 -2.920e+00 -4.190e+00 -3.115e+00
-3.740 -8.128 17.798 19.308 0.000 0.000 1.000 -6.0001e+00 -2.915e+00 -4.197e+00 -3.126e+00
-3.710 -8.124 17.798 19.296 0.000 0.000 1.000 -6.0001e+00 -2.909e+00 -4.203e+00 -3.137e+00
-3.680 -8.144 17.798 19.283 0.000 0.000 1.000 -6.0001e+00 -2.904e+00 -4.210e+00 -3.148e+00
-3.650 -8.122 17.798 19.269 0.000 0.000 1.000 -6.0001e+00 -2.899e+00 -4.217e+00 -3.160e+00
-3.620 -8.139 17.798 19.255 0.000 0.000 1.000 -6.0001e+00 -2.893e+00 -4.224e+00 -3.173e+00
-3.590 -8.124 17.798 19.241 0.000 0.000 1.000 -6.0001e+00 -2.887e+00 -4.232e+00 -3.186e+00
-3.560 -8.106 17.799 19.226 0.000 0.000 1.000 -6.0001e+00 -2.881e+00 -4.240e+00 -3.199e+00
-3.530 -8.108 17.799 19.211 0.000 0.000 1.000 -6.0001e+00 -2.875e+00 -4.248e+00 -3.213e+00
-3.500 -8.128 17.799 19.195 0.000 0.000 1.000 -6.0001e+00 -2.869e+00 -4.256e+00 -3.227e+00
-3.470 -8.119 17.799 19.179 0.000 0.000 1.000 -6.0001e+00 -2.863e+00 -4.265e+00 -3.242e+00
-3.440 -8.111 17.800 19.162 0.000 0.000 1.000 -6.0001e+00 -2.857e+00 -4.274e+00 -3.257e+00
-3.410 -8.095 17.800 19.145 0.000 0.000 1.000 -6.0001e+00 -2.850e+00 -4.283e+00 -3.272e+00
-3.380 -8.099 17.800 19.128 0.000 0.000 1.000 -6.0001e+00 -2.844e+00 -4.293e+00 -3.288e+00
-3.350 -8.088 17.800 19.109 0.000 0.000 1.000 -6.0001e+00 -2.837e+00 -4.303e+00 -3.304e+00
-3.320 -8.098 17.801 19.091 0.000 0.000 1.000 -6.0012e+00 -2.830e+00 -4.313e+00 -3.321e+00
-3.290 -8.093 17.801 19.072 0.000 0.000 1.000 -6.0005e+00 -2.823e+00 -4.324e+00 -3.338e+00
-3.260 -8.084 17.801 19.053 0.062 0.000 1.000 -6.0003e+00 -2.816e+00 -4.334e+00 -3.355e+00
-3.230 -8.072 17.802 19.033 0.062 0.000 1.000 -6.0007e+00 -2.809e+00 -4.346e+00 -3.373e+00
-3.200 -8.091 17.802 19.013 0.062 0.000 1.000 -6.0006e+00 -2.802e+00 -4.357e+00 -3.391e+00
-3.170 -8.081 17.802 18.992 0.062 0.000 1.000 -6.0010e+00 -2.795e+00 -4.369e+00 -3.410e+00
-3.140 -8.068 17.803 18.971 0.062 0.000 1.000 -6.0006e+00 -2.788e+00 -4.381e+00 -3.428e+00
-3.110 -8.080 17.803 18.950 0.062 0.000 1.000 -6.0002e+00 -2.781e+00 -4.393e+00 -3.447e+00
-3.080 -8.080 17.803 18.928 0.062 0.000 1.000 -6.0001e+00 -2.774e+00 -4.406e+00 -3.467e+00
-3.050 -8.075 17.804 18.906 0.062 0.000 1.000 -6.0001e+00 -2.766e+00 -4.419e+00 -3.486e+00
-3.020 -8.067 17.804 18.884 0.062 0.000 1.000 -6.0003e+00 -2.759e+00 -4.432e+00 -3.506e+00
-2.990 -8.050 17.804 18.861 0.062 0.000 1.000 -6.0008e+00 -2.752e+00 -4.445e+00 -3.527e+00
-2.960 -8.037 17.805 18.838 0.062 0.000 1.000 -6.0005e+00 -2.745e+00 -4.459e+00 -3.547e+00
-2.930 -8.052 17.805 18.815 0.062 0.000 1.000 -6.0006e+00 -2.737e+00 -4.473e+00 -3.568e+00
-2.900 -8.045 17.805 18.792 0.062 0.000 1.000 -6.0001e+00 -2.730e+00 -4.487e+00 -3.589e+00
-2.870 -8.053 17.806 18.768 0.062 0.000 1.000 -6.0006e+00 -2.723e+00 -4.502e+00 -3.610e+00
-2.840 -8.037 17.806 18.744 0.062 0.000 1.000 -6.0001e+00 -2.716e+00 -4.517e+00 -3.631e+00
-2.810 -8.027 17.806 18.720 0.062 0.000 1.000 -6.0004e+00 -2.709e+00 -4.532e+00 -3.653e+00
-2.780 -8.014 17.807 18.695 0.062 0.000 1.000 -6.0004e+00 -2.701e+00 -4.547e+00 -3.674e+00
-2.750 -8.033 17.807 18.671 0.062 0.000 1.000 -6.0001e+00 -2.694e+00 -4.563e+00 -3.696e+00
-2.720 -8.019 17.808 18.646 0.062 0.000 1.000 -6.0001e+00 -2.687e+00 -4.579e+00 -3.718e+00
-2.690 -8.017 17.808 18.622 0.062 0.000 1.000 -6.0004e+00 -2.680e+00 -4.595e+00 -3.740e+00
-2.660 -8.006 17.808 18.597 0.062 0.000 1.000 -6.0004e+00 -2.673e+00 -4.611e+00 -3.762e+00
-2.630 -8.010 17.809 18.572 0.062 0.000 1.000 -6.0003e+00 -2.666e+00 -4.628e+00 -3.784e+00
-2.600 -8.001 17.809 18.548 0.062 0.000 1.000 -6.0001e+00 -2.659e+00 -4.644e+00 -3.807e+00
-2.570 -8.002 17.810 18.523 0.062 0.000 1.000 -6.0003e+00 -2.653e+00 -4.661e+00 -3.829e+00
-2.540 -8.001 17.810 18.499 0.062 0.000 1.000 -6.0000e+00 -2.646e+00 -4.678e+00 -3.851e+00
-2.510 -8.000 17.810 18.475 0.062 0.000 1.000 -6.0004e+00 -2.639e+00 -4.695e+00 -3.873e+00
-2.480 -7.980 17.811 18.452 0.062 0.000 1.000 -6.0003e+00 -2.633e+00 -4.713e+00 -3.895e+00
-2.450 -7.993 17.811 18.429 0.062 0.000 1.000 -6.0006e+00 -2.627e+00 -4.730e+00 -3.916e+00
-2.420 -7.994 17.812 18.407 0.062 0.000 1.000 -6.0005e+00 -2.621e+00 -4.747e+00 -3.938e+00
-2.390 -7.995 17.812 18.385 0.062 0.000 1.000 -6.0002e+00 -2.615e+00 -4.764e+00 -3.959e+00
-2.360 -7.979 17.813 18.363 0.062 0.000 1.000 -6.0004e+00 -2.609e+00 -4.781e+00 -3.980e+00
-2.330 -7.985 17.813 18.343 0.062 0.000 1.000 -6.0005e+00 -2.603e+00 -4.798e+00 -4.001e+00
-2.300 -7.999 17.814 18.324 0.062 0.000 1.000 -6.0001e+00 -2.597e+00 -4.815e+00 -4.021e+00
-2.270 -7.990 17.814 18.305 0.062 0.000 1.000 -6.0004e+00 -2.592e+00 -4.832e+00 -4.041e+00
-2.240 -7.978 17.815 18.288 0.062 0.000 1.000 -6.0004e+00 -2.587e+00 -4.848e+00 -4.060e+00
-2.210 -7.980 17.815 18.271 0.062 0.000 1.000 -6.0002e+00 -2.582e+00 -4.864e+00 -4.079e+00
-2.180 -7.981 17.816 18.256 0.062 0.000 1.000 -6.0002e+00 -2.578e+00 -4.879e+00 -4.097e+00
-2.150 -7.993 17.816 18.241 0.062 0.000 1.000 -6.0001e+00 -2.573e+00 -4.894e+00 -4.115e+00
-2.120 -7.991 17.817 18.228 0.062 0.000 1.000 -6.0001e+00 -2.569e+00 -4.909e+00 -4.131e+00
-2.090 -7.977 17.817 18.215 0.062 0.000 1.000 -6.0002e+00 -2.565e+00 -4.923e+00 -4.147e+00
-2.060 -7.989 17.818 18.204 0.062 0.000 1.000 -6.0001e+00 -2.562e+00 -4.936e+00 -4.162e+00
-2.030 -7.989 17.819 18.193 0.062 0.000 1.000 -6.0001e+00 -2.559e+00 -4.948e+00 -4.177e+00
-2.000 -7.969 17.819 18.184 0.062 0.000 1.000 -6.0001e+00 -2.556e+00 -4.960e+00 -4.190e+00
