
#    t     dt   F+(4He)   F+(12C)   F+(16O)   F-(4He)   F-(12C)   F-(16O)   
-10.965 -12.500 7.902e+00 3.440e+00 5.002e+00 4.812e+00 8.198e+00 6.266e+00 7.902e+00 8.198e+00 6.241e+00
-10.939 -12.475 7.900e+00 3.440e+00 5.026e+00 4.848e+00 8.196e+00 6.265e+00 7.900e+00 8.196e+00 6.239e+00
-10.901 -12.436 7.897e+00 3.440e+00 5.063e+00 4.902e+00 8.192e+00 6.264e+00 7.897e+00 8.192e+00 6.236e+00
-10.875 -12.411 7.895e+00 3.441e+00 5.087e+00 4.938e+00 8.190e+00 6.263e+00 7.894e+00 8.190e+00 6.233e+00
-10.849 -12.385 7.892e+00 3.441e+00 5.111e+00 4.975e+00 8.187e+00 6.262e+00 7.892e+00 8.187e+00 6.230e+00
-10.811 -12.346 7.888e+00 3.441e+00 5.148e+00 5.030e+00 8.183e+00 6.261e+00 7.887e+00 8.183e+00 6.226e+00
-10.785 -12.321 7.885e+00 3.441e+00 5.172e+00 5.067e+00 8.180e+00 6.260e+00 7.884e+00 8.180e+00 6.223e+00
-10.759 -12.295 7.882e+00 3.441e+00 5.196e+00 5.104e+00 8.177e+00 6.259e+00 7.881e+00 8.177e+00 6.220e+00
-10.721 -12.257 7.877e+00 3.441e+00 5.231e+00 5.160e+00 8.172e+00 6.257e+00 7.876e+00 8.172e+00 6.214e+00
-10.695 -12.231 7.874e+00 3.441e+00 5.255e+00 5.198e+00 8.168e+00 6.256e+00 7.873e+00 8.168e+00 6.211e+00
-10.669 -12.205 7.870e+00 3.442e+00 5.279e+00 5.236e+00 8.165e+00 6.255e+00 7.869e+00 8.165e+00 6.207e+00
-10.631 -12.167 7.864e+00 3.442e+00 5.314e+00 5.293e+00 8.159e+00 6.253e+00 7.863e+00 8.159e+00 6.200e+00
-10.605 -12.141 7.860e+00 3.442e+00 5.337e+00 5.331e+00 8.154e+00 6.252e+00 7.858e+00 8.154e+00 6.195e+00
-10.580 -12.115 7.855e+00 3.442e+00 5.360e+00 5.369e+00 8.150e+00 6.250e+00 7.854e+00 8.150e+00 6.190e+00
-10.541 -12.077 7.848e+00 3.443e+00 5.395e+00 5.426e+00 8.142e+00 6.248e+00 7.846e+00 8.142e+00 6.182e+00
-10.515 -12.051 7.843e+00 3.443e+00 5.418e+00 5.465e+00 8.137e+00 6.246e+00 7.841e+00 8.137e+00 6.177e+00
-10.490 -12.025 7.837e+00 3.444e+00 5.440e+00 5.503e+00 8.131e+00 6.245e+00 7.835e+00 8.131e+00 6.171e+00
-10.451 -11.987 7.829e+00 3.444e+00 5.474e+00 5.561e+00 8.122e+00 6.242e+00 7.826e+00 8.122e+00 6.161e+00
-10.426 -11.961 7.822e+00 3.445e+00 5.496e+00 5.599e+00 8.116e+00 6.240e+00 7.820e+00 8.116e+00 6.154e+00
-10.400 -11.936 7.816e+00 3.445e+00 5.518e+00 5.638e+00 8.109e+00 6.238e+00 7.813e+00 8.109e+00 6.146e+00
-10.361 -11.897 7.805e+00 3.446e+00 5.551e+00 5.695e+00 8.099e+00 6.235e+00 7.802e+00 8.099e+00 6.134e+00
-10.336 -11.871 7.798e+00 3.447e+00 5.572e+00 5.733e+00 8.091e+00 6.232e+00 7.794e+00 8.091e+00 6.125e+00
-10.297 -11.833 7.786e+00 3.448e+00 5.604e+00 5.790e+00 8.079e+00 6.229e+00 7.782e+00 8.079e+00 6.111e+00
-10.272 -11.807 7.778e+00 3.449e+00 5.625e+00 5.827e+00 8.070e+00 6.226e+00 7.773e+00 8.070e+00 6.101e+00
-10.246 -11.782 7.769e+00 3.450e+00 5.645e+00 5.865e+00 8.061e+00 6.223e+00 7.764e+00 8.061e+00 6.090e+00
-10.207 -11.743 7.755e+00 3.452e+00 5.676e+00 5.920e+00 8.047e+00 6.219e+00 7.749e+00 8.047e+00 6.072e+00
-10.182 -11.717 7.745e+00 3.453e+00 5.696e+00 5.957e+00 8.037e+00 6.216e+00 7.738e+00 8.037e+00 6.060e+00
-10.156 -11.692 7.735e+00 3.454e+00 5.716e+00 5.994e+00 8.026e+00 6.213e+00 7.727e+00 8.026e+00 6.046e+00
-10.117 -11.653 7.718e+00 3.457e+00 5.745e+00 6.048e+00 8.009e+00 6.208e+00 7.709e+00 8.009e+00 6.024e+00
-10.092 -11.628 7.707e+00 3.458e+00 5.764e+00 6.083e+00 7.997e+00 6.204e+00 7.696e+00 7.997e+00 6.008e+00
-10.066 -11.602 7.695e+00 3.460e+00 5.782e+00 6.118e+00 7.985e+00 6.200e+00 7.683e+00 7.985e+00 5.992e+00
-10.028 -11.563 7.676e+00 3.463e+00 5.810e+00 6.170e+00 7.965e+00 6.195e+00 7.662e+00 7.965e+00 5.964e+00
-10.002 -11.538 7.662e+00 3.465e+00 5.827e+00 6.204e+00 7.951e+00 6.191e+00 7.647e+00 7.951e+00 5.944e+00
-9.976 -11.512 7.648e+00 3.467e+00 5.845e+00 6.237e+00 7.936e+00 6.186e+00 7.631e+00 7.936e+00 5.923e+00
-9.938 -11.473 7.626e+00 3.470e+00 5.870e+00 6.287e+00 7.913e+00 6.180e+00 7.605e+00 7.913e+00 5.887e+00
-9.912 -11.448 7.610e+00 3.473e+00 5.887e+00 6.318e+00 7.897e+00 6.175e+00 7.587e+00 7.897e+00 5.862e+00
-9.886 -11.422 7.594e+00 3.475e+00 5.903e+00 6.350e+00 7.880e+00 6.171e+00 7.569e+00 7.880e+00 5.834e+00
-9.848 -11.384 7.569e+00 3.480e+00 5.926e+00 6.396e+00 7.853e+00 6.163e+00 7.538e+00 7.853e+00 5.788e+00
-9.822 -11.358 7.551e+00 3.483e+00 5.941e+00 6.425e+00 7.834e+00 6.158e+00 7.517e+00 7.834e+00 5.753e+00
-9.797 -11.332 7.532e+00 3.486e+00 5.955e+00 6.454e+00 7.815e+00 6.153e+00 7.495e+00 7.815e+00 5.716e+00
-9.758 -11.294 7.504e+00 3.490e+00 5.976e+00 6.496e+00 7.785e+00 6.145e+00 7.459e+00 7.785e+00 5.652e+00
-9.732 -11.268 7.484e+00 3.494e+00 5.989e+00 6.523e+00 7.763e+00 6.139e+00 7.433e+00 7.763e+00 5.604e+00
-9.707 -11.242 7.463e+00 3.497e+00 6.002e+00 6.549e+00 7.741e+00 6.133e+00 7.406e+00 7.741e+00 5.549e+00
-9.668 -11.204 7.431e+00 3.502e+00 6.020e+00 6.587e+00 7.707e+00 6.124e+00 7.364e+00 7.707e+00 5.452e+00
-9.643 -11.178 7.409e+00 3.505e+00 6.031e+00 6.611e+00 7.683e+00 6.118e+00 7.333e+00 7.683e+00 5.374e+00
-9.617 -11.153 7.386e+00 3.509e+00 6.042e+00 6.634e+00 7.659e+00 6.111e+00 7.301e+00 7.659e+00 5.280e+00
-9.578 -11.114 7.350e+00 3.514e+00 6.057e+00 6.666e+00 7.620e+00 6.102e+00 7.249e+00 7.620e+00 5.087e+00
-9.553 -11.088 7.326e+00 3.518e+00 6.067e+00 6.687e+00 7.594e+00 6.095e+00 7.212e+00 7.594e+00 4.891e+00
-9.527 -11.063 7.301e+00 3.521e+00 6.076e+00 6.706e+00 7.566e+00 6.088e+00 7.173e+00 7.566e+00 4.535e+00
-9.488 -11.024 7.262e+00 3.526e+00 6.088e+00 6.734e+00 7.524e+00 6.077e+00 7.109e+00 7.524e+00 4.459e+00
-9.463 -10.998 7.236e+00 3.529e+00 6.095e+00 6.751e+00 7.495e+00 6.070e+00 7.063e+00 7.495e+00 4.840e+00
-9.437 -10.973 7.209e+00 3.532e+00 6.101e+00 6.766e+00 7.465e+00 6.063e+00 7.014e+00 7.465e+00 5.034e+00
-9.399 -10.934 7.167e+00 3.536e+00 6.110e+00 6.788e+00 7.419e+00 6.051e+00 6.933e+00 7.418e+00 5.213e+00
-9.373 -10.909 7.139e+00 3.539e+00 6.115e+00 6.801e+00 7.387e+00 6.043e+00 6.872e+00 7.387e+00 5.297e+00
-9.347 -10.883 7.110e+00 3.541e+00 6.119e+00 6.812e+00 7.354e+00 6.035e+00 6.806e+00 7.354e+00 5.363e+00
-9.309 -10.844 7.067e+00 3.544e+00 6.124e+00 6.828e+00 7.304e+00 6.023e+00 6.693e+00 7.304e+00 5.441e+00
-9.283 -10.819 7.037e+00 3.546e+00 6.126e+00 6.837e+00 7.270e+00 6.014e+00 6.605e+00 7.270e+00 5.482e+00
-9.257 -10.793 7.007e+00 3.547e+00 6.127e+00 6.844e+00 7.235e+00 6.006e+00 6.503e+00 7.235e+00 5.516e+00
-9.219 -10.755 6.962e+00 3.549e+00 6.128e+00 6.853e+00 7.181e+00 5.992e+00 6.308e+00 7.181e+00 5.558e+00
-9.193 -10.729 6.931e+00 3.549e+00 6.128e+00 6.857e+00 7.144e+00 5.983e+00 6.126e+00 7.144e+00 5.581e+00
-9.168 -10.703 6.900e+00 3.550e+00 6.126e+00 6.860e+00 7.107e+00 5.973e+00 5.846e+00 7.107e+00 5.599e+00
-9.129 -10.665 6.853e+00 3.549e+00 6.123e+00 6.862e+00 7.050e+00 5.959e+00 5.152e+00 7.050e+00 5.621e+00
-9.103 -10.639 6.822e+00 3.549e+00 6.120e+00 6.862e+00 7.011e+00 5.949e+00 5.801e+00 7.011e+00 5.632e+00
-9.078 -10.613 6.790e+00 3.548e+00 6.115e+00 6.860e+00 6.972e+00 5.938e+00 6.029e+00 6.972e+00 5.640e+00
-9.039 -10.575 6.743e+00 3.546e+00 6.107e+00 6.855e+00 6.912e+00 5.922e+00 6.211e+00 6.912e+00 5.647e+00
-9.013 -10.549 6.711e+00 3.544e+00 6.101e+00 6.850e+00 6.871e+00 5.911e+00 6.286e+00 6.871e+00 5.650e+00
-8.988 -10.524 6.679e+00 3.542e+00 6.093e+00 6.843e+00 6.830e+00 5.900e+00 6.341e+00 6.830e+00 5.650e+00
-8.949 -10.485 6.631e+00 3.539e+00 6.081e+00 6.831e+00 6.768e+00 5.882e+00 6.398e+00 6.767e+00 5.646e+00
-8.924 -10.459 6.599e+00 3.536e+00 6.071e+00 6.821e+00 6.725e+00 5.870e+00 6.424e+00 6.725e+00 5.640e+00
-8.898 -10.434 6.567e+00 3.533e+00 6.060e+00 6.810e+00 6.682e+00 5.857e+00 6.442e+00 6.682e+00 5.633e+00
-8.859 -10.395 6.519e+00 3.529e+00 6.043e+00 6.791e+00 6.617e+00 5.837e+00 6.459e+00 6.617e+00 5.619e+00
-8.834 -10.369 6.486e+00 3.525e+00 6.030e+00 6.777e+00 6.574e+00 5.824e+00 6.464e+00 6.573e+00 5.608e+00
-8.808 -10.344 6.454e+00 3.522e+00 6.016e+00 6.761e+00 6.529e+00 5.810e+00 6.465e+00 6.529e+00 5.595e+00
-8.770 -10.305 6.406e+00 3.517e+00 5.994e+00 6.735e+00 6.462e+00 5.788e+00 6.461e+00 6.462e+00 5.571e+00
-8.744 -10.280 6.373e+00 3.513e+00 5.978e+00 6.716e+00 6.417e+00 5.773e+00 6.454e+00 6.417e+00 5.554e+00
-8.718 -10.254 6.341e+00 3.509e+00 5.961e+00 6.696e+00 6.372e+00 5.757e+00 6.444e+00 6.371e+00 5.535e+00
-8.680 -10.215 6.292e+00 3.504e+00 5.934e+00 6.664e+00 6.303e+00 5.733e+00 6.425e+00 6.303e+00 5.504e+00
-8.654 -10.190 6.259e+00 3.500e+00 5.915e+00 6.642e+00 6.257e+00 5.716e+00 6.409e+00 6.256e+00 5.481e+00
-8.628 -10.164 6.226e+00 3.497e+00 5.895e+00 6.618e+00 6.211e+00 5.699e+00 6.392e+00 6.210e+00 5.456e+00
-8.590 -10.126 6.177e+00 3.492e+00 5.864e+00 6.580e+00 6.140e+00 5.672e+00 6.362e+00 6.139e+00 5.417e+00
-8.564 -10.100 6.144e+00 3.489e+00 5.842e+00 6.554e+00 6.093e+00 5.654e+00 6.339e+00 6.092e+00 5.389e+00
-8.539 -10.074 6.111e+00 3.486e+00 5.820e+00 6.526e+00 6.046e+00 5.635e+00 6.316e+00 6.045e+00 5.360e+00
-8.500 -10.036 6.061e+00 3.482e+00 5.785e+00 6.483e+00 5.975e+00 5.605e+00 6.277e+00 5.973e+00 5.314e+00
-8.474 -10.010 6.027e+00 3.479e+00 5.760e+00 6.454e+00 5.927e+00 5.585e+00 6.250e+00 5.925e+00 5.282e+00
-8.449 -9.984 5.994e+00 3.477e+00 5.735e+00 6.423e+00 5.879e+00 5.564e+00 6.221e+00 5.877e+00 5.249e+00
-8.410 -9.946 5.943e+00 3.474e+00 5.697e+00 6.376e+00 5.806e+00 5.532e+00 6.175e+00 5.804e+00 5.197e+00
-8.384 -9.920 5.910e+00 3.472e+00 5.671e+00 6.343e+00 5.758e+00 5.510e+00 6.143e+00 5.755e+00 5.161e+00
-8.359 -9.894 5.876e+00 3.470e+00 5.644e+00 6.310e+00 5.709e+00 5.487e+00 6.110e+00 5.707e+00 5.125e+00
-8.320 -9.856 5.825e+00 3.468e+00 5.603e+00 6.258e+00 5.636e+00 5.452e+00 6.058e+00 5.633e+00 5.069e+00
-8.295 -9.830 5.791e+00 3.467e+00 5.575e+00 6.223e+00 5.587e+00 5.428e+00 6.022e+00 5.583e+00 5.032e+00
-8.269 -9.805 5.757e+00 3.465e+00 5.546e+00 6.187e+00 5.538e+00 5.403e+00 5.984e+00 5.534e+00 4.993e+00
-8.230 -9.766 5.706e+00 3.464e+00 5.503e+00 6.131e+00 5.464e+00 5.365e+00 5.926e+00 5.459e+00 4.936e+00
-8.205 -9.740 5.672e+00 3.463e+00 5.473e+00 6.093e+00 5.414e+00 5.339e+00 5.886e+00 5.409e+00 4.897e+00
-8.179 -9.715 5.638e+00 3.462e+00 5.443e+00 6.054e+00 5.364e+00 5.313e+00 5.844e+00 5.359e+00 4.858e+00
-8.141 -9.676 5.587e+00 3.462e+00 5.398e+00 5.995e+00 5.290e+00 5.272e+00 5.779e+00 5.283e+00 4.800e+00
-8.115 -9.651 5.554e+00 3.461e+00 5.368e+00 5.954e+00 5.240e+00 5.244e+00 5.734e+00 5.233e+00 4.761e+00
-8.089 -9.625 5.520e+00 3.461e+00 5.337e+00 5.913e+00 5.190e+00 5.216e+00 5.688e+00 5.182e+00 4.722e+00
-8.051 -9.586 5.469e+00 3.460e+00 5.289e+00 5.850e+00 5.115e+00 5.173e+00 5.616e+00 5.105e+00 4.662e+00
-8.025 -9.561 5.435e+00 3.460e+00 5.258e+00 5.807e+00 5.065e+00 5.143e+00 5.567e+00 5.054e+00 4.622e+00
-7.999 -9.535 5.401e+00 3.460e+00 5.225e+00 5.763e+00 5.015e+00 5.113e+00 5.515e+00 5.003e+00 4.582e+00
-7.961 -9.497 5.350e+00 3.460e+00 5.176e+00 5.696e+00 4.940e+00 5.068e+00 5.436e+00 4.925e+00 4.518e+00
-7.935 -9.471 5.316e+00 3.460e+00 5.142e+00 5.651e+00 4.889e+00 5.038e+00 5.381e+00 4.873e+00 4.474e+00
-7.909 -9.445 5.282e+00 3.460e+00 5.108e+00 5.605e+00 4.839e+00 5.007e+00 5.325e+00 4.820e+00 4.426e+00
-7.871 -9.407 5.231e+00 3.460e+00 5.056e+00 5.535e+00 4.763e+00 4.961e+00 5.238e+00 4.741e+00 4.349e+00
-7.845 -9.381 5.196e+00 3.460e+00 5.020e+00 5.488e+00 4.713e+00 4.930e+00 5.178e+00 4.688e+00 4.292e+00
-7.820 -9.355 5.161e+00 3.460e+00 4.984e+00 5.441e+00 4.663e+00 4.900e+00 5.117e+00 4.634e+00 4.228e+00
-7.781 -9.317 5.109e+00 3.460e+00 4.927e+00 5.369e+00 4.587e+00 4.854e+00 5.023e+00 4.553e+00 4.115e+00
-7.755 -9.291 5.074e+00 3.460e+00 4.888e+00 5.321e+00 4.537e+00 4.824e+00 4.959e+00 4.499e+00 4.023e+00
-7.730 -9.265 5.038e+00 3.460e+00 4.847e+00 5.273e+00 4.486e+00 4.794e+00 4.894e+00 4.443e+00 3.910e+00
-7.691 -9.227 4.984e+00 3.460e+00 4.785e+00 5.200e+00 4.411e+00 4.750e+00 4.794e+00 4.359e+00 3.667e+00
-7.666 -9.201 4.948e+00 3.460e+00 4.742e+00 5.152e+00 4.361e+00 4.722e+00 4.726e+00 4.302e+00 3.387e+00
-7.640 -9.176 4.912e+00 3.460e+00 4.697e+00 5.104e+00 4.311e+00 4.694e+00 4.658e+00 4.245e+00 2.511e+00
-7.601 -9.137 4.858e+00 3.460e+00 4.627e+00 5.032e+00 4.236e+00 4.654e+00 4.553e+00 4.157e+00 3.422e+00
-7.576 -9.111 4.821e+00 3.460e+00 4.579e+00 4.985e+00 4.187e+00 4.628e+00 4.482e+00 4.097e+00 3.650e+00
-7.537 -9.073 4.768e+00 3.460e+00 4.505e+00 4.915e+00 4.113e+00 4.590e+00 4.374e+00 4.004e+00 3.843e+00
-7.512 -9.047 4.732e+00 3.459e+00 4.454e+00 4.869e+00 4.065e+00 4.567e+00 4.301e+00 3.941e+00 3.928e+00
-7.486 -9.022 4.698e+00 3.459e+00 4.401e+00 4.824e+00 4.017e+00 4.544e+00 4.226e+00 3.877e+00 3.992e+00
-7.447 -8.983 4.648e+00 3.459e+00 4.321e+00 4.758e+00 3.947e+00 4.512e+00 4.111e+00 3.777e+00 4.065e+00
-7.422 -8.957 4.616e+00 3.458e+00 4.267e+00 4.716e+00 3.902e+00 4.493e+00 4.031e+00 3.708e+00 4.101e+00
-7.396 -8.932 4.585e+00 3.458e+00 4.213e+00 4.676e+00 3.857e+00 4.474e+00 3.949e+00 3.637e+00 4.130e+00
-7.357 -8.893 4.543e+00 3.457e+00 4.132e+00 4.619e+00 3.794e+00 4.449e+00 3.821e+00 3.525e+00 4.164e+00
-7.332 -8.868 4.518e+00 3.457e+00 4.080e+00 4.583e+00 3.754e+00 4.434e+00 3.731e+00 3.448e+00 4.181e+00
-7.306 -8.842 4.494e+00 3.456e+00 4.029e+00 4.551e+00 3.715e+00 4.421e+00 3.637e+00 3.368e+00 4.195e+00
-7.268 -8.803 4.464e+00 3.455e+00 3.958e+00 4.507e+00 3.662e+00 4.403e+00 3.489e+00 3.241e+00 4.209e+00
-7.242 -8.778 4.446e+00 3.455e+00 3.914e+00 4.482e+00 3.630e+00 4.392e+00 3.385e+00 3.152e+00 4.216e+00
-7.216 -8.752 4.431e+00 3.454e+00 3.875e+00 4.460e+00 3.601e+00 4.383e+00 3.276e+00 3.059e+00 4.221e+00
-7.178 -8.713 4.412e+00 3.453e+00 3.824e+00 4.432e+00 3.562e+00 4.371e+00 3.104e+00 2.910e+00 4.226e+00
-7.152 -8.688 4.401e+00 3.452e+00 3.796e+00 4.418e+00 3.540e+00 4.364e+00 2.983e+00 2.805e+00 4.228e+00
-7.126 -8.662 4.393e+00 3.451e+00 3.772e+00 4.405e+00 3.521e+00 4.359e+00 2.857e+00 2.694e+00 4.228e+00
-7.088 -8.624 4.383e+00 3.450e+00 3.744e+00 4.391e+00 3.498e+00 4.351e+00 2.661e+00 2.517e+00 4.228e+00
-7.062 -8.598 4.377e+00 3.448e+00 3.730e+00 4.383e+00 3.485e+00 4.347e+00 2.526e+00 2.391e+00 4.227e+00
-7.037 -8.572 4.373e+00 3.447e+00 3.719e+00 4.377e+00 3.475e+00 4.343e+00 2.389e+00 2.258e+00 4.225e+00
-6.998 -8.534 4.368e+00 3.445e+00 3.706e+00 4.371e+00 3.462e+00 4.338e+00 2.185e+00 2.044e+00 4.223e+00
-6.972 -8.508 4.365e+00 3.444e+00 3.699e+00 4.367e+00 3.456e+00 4.335e+00 2.053e+00 1.893e+00 4.220e+00
-6.947 -8.482 4.362e+00 3.443e+00 3.694e+00 4.364e+00 3.451e+00 4.332e+00 1.928e+00 1.734e+00 4.218e+00
-6.908 -8.444 4.359e+00 3.440e+00 3.688e+00 4.360e+00 3.445e+00 4.327e+00 1.761e+00 1.484e+00 4.214e+00
-6.883 -8.418 4.357e+00 3.439e+00 3.684e+00 4.358e+00 3.442e+00 4.324e+00 1.665e+00 1.312e+00 4.212e+00
-6.857 -8.393 4.355e+00 3.437e+00 3.680e+00 4.356e+00 3.439e+00 4.321e+00 1.584e+00 1.140e+00 4.209e+00
-6.818 -8.354 4.353e+00 3.434e+00 3.675e+00 4.353e+00 3.436e+00 4.317e+00 1.483e+00 8.964e-01 4.204e+00
-6.793 -8.328 4.351e+00 3.432e+00 3.672e+00 4.351e+00 3.433e+00 4.313e+00 1.427e+00 7.558e-01 4.201e+00
-6.767 -8.303 4.349e+00 3.430e+00 3.669e+00 4.350e+00 3.431e+00 4.310e+00 1.376e+00 6.423e-01 4.197e+00
-6.728 -8.264 4.346e+00 3.427e+00 3.664e+00 4.347e+00 3.428e+00 4.304e+00 1.302e+00 5.294e-01 4.192e+00
-6.703 -8.238 4.345e+00 3.425e+00 3.660e+00 4.345e+00 3.425e+00 4.301e+00 1.251e+00 4.876e-01 4.188e+00
-6.677 -8.213 4.343e+00 3.422e+00 3.657e+00 4.343e+00 3.423e+00 4.296e+00 1.452e+00 4.641e-01 4.183e+00
-6.641 -8.269 4.340e+00 3.418e+00 3.651e+00 4.341e+00 3.419e+00 4.290e+00 1.437e+00 4.484e-01 4.177e+00
-6.610 -8.262 4.338e+00 3.414e+00 3.646e+00 4.338e+00 3.415e+00 4.284e+00 1.224e+00 4.437e-01 4.171e+00
-6.582 -8.255 4.336e+00 3.411e+00 3.641e+00 4.336e+00 3.411e+00 4.278e+00 9.013e-01 4.420e-01 4.165e+00
-6.555 -8.248 4.334e+00 3.407e+00 3.636e+00 4.334e+00 3.408e+00 4.273e+00 7.567e-01 4.414e-01 4.159e+00
-6.522 -8.260 4.331e+00 3.403e+00 3.630e+00 4.331e+00 3.403e+00 4.265e+00 6.843e-01 4.410e-01 4.151e+00
-6.499 -8.253 4.330e+00 3.399e+00 3.626e+00 4.330e+00 3.400e+00 4.260e+00 6.595e-02 4.409e-01 4.145e+00
-6.467 -8.201 4.328e+00 3.394e+00 3.620e+00 4.328e+00 3.395e+00 4.252e+00 2.025e-01 4.407e-01 4.137e+00
-6.434 -8.150 4.326e+00 3.389e+00 3.613e+00 4.326e+00 3.389e+00 4.244e+00 8.109e-01 4.406e-01 4.128e+00
-6.408 -8.111 4.324e+00 3.384e+00 3.608e+00 4.324e+00 3.385e+00 4.237e+00 1.034e+00 4.405e-01 4.121e+00
-6.372 -8.060 4.323e+00 3.378e+00 3.601e+00 4.322e+00 3.378e+00 4.227e+00 1.241e+00 4.404e-01 4.110e+00
-6.346 -8.053 4.321e+00 3.373e+00 3.595e+00 4.321e+00 3.373e+00 4.219e+00 1.241e+00 4.403e-01 4.101e+00
-6.315 -8.096 4.320e+00 3.366e+00 3.587e+00 4.320e+00 3.366e+00 4.209e+00 1.406e+00 4.399e-01 4.090e+00
-6.290 -8.253 4.319e+00 3.359e+00 3.581e+00 4.319e+00 3.360e+00 4.199e+00 1.149e+00 4.396e-01 4.080e+00
-6.257 -8.226 4.319e+00 3.352e+00 3.573e+00 4.318e+00 3.352e+00 4.188e+00 1.201e+00 4.391e-01 4.067e+00
-6.226 -8.231 4.318e+00 3.344e+00 3.566e+00 4.318e+00 3.344e+00 4.176e+00 1.247e+00 4.387e-01 4.054e+00
-6.197 -8.235 4.318e+00 3.336e+00 3.558e+00 4.318e+00 3.336e+00 4.165e+00 1.285e+00 4.384e-01 4.041e+00
-6.170 -8.240 4.319e+00 3.328e+00 3.551e+00 4.318e+00 3.329e+00 4.153e+00 1.316e+00 4.380e-01 4.028e+00
-6.137 -8.219 4.319e+00 3.318e+00 3.543e+00 4.319e+00 3.318e+00 4.139e+00 1.349e+00 4.375e-01 4.012e+00
-6.109 -8.211 4.320e+00 3.309e+00 3.535e+00 4.320e+00 3.310e+00 4.126e+00 1.372e+00 4.371e-01 3.998e+00
-6.077 -8.208 4.322e+00 3.298e+00 3.526e+00 4.322e+00 3.299e+00 4.111e+00 1.396e+00 4.365e-01 3.980e+00
-6.050 -8.219 4.324e+00 3.288e+00 3.519e+00 4.323e+00 3.289e+00 4.098e+00 1.414e+00 4.360e-01 3.965e+00
-6.018 -8.204 4.327e+00 3.277e+00 3.510e+00 4.326e+00 3.277e+00 4.081e+00 1.432e+00 4.354e-01 3.946e+00
-5.989 -8.220 4.330e+00 3.265e+00 3.501e+00 4.329e+00 3.266e+00 4.065e+00 1.447e+00 4.347e-01 3.927e+00
-5.958 -8.192 4.333e+00 3.252e+00 3.492e+00 4.333e+00 3.253e+00 4.048e+00 1.459e+00 4.340e-01 3.907e+00
-5.930 -8.196 4.337e+00 3.239e+00 3.483e+00 4.337e+00 3.240e+00 4.031e+00 1.469e+00 4.332e-01 3.887e+00
-5.898 -8.205 4.343e+00 3.225e+00 3.474e+00 4.342e+00 3.225e+00 4.012e+00 1.477e+00 4.323e-01 3.864e+00
-5.869 -8.215 4.348e+00 3.210e+00 3.464e+00 4.347e+00 3.211e+00 3.994e+00 1.482e+00 4.313e-01 3.841e+00
-5.840 -8.211 4.354e+00 3.195e+00 3.455e+00 4.353e+00 3.196e+00 3.974e+00 1.484e+00 4.303e-01 3.818e+00
-5.808 -8.182 4.361e+00 3.178e+00 3.445e+00 4.360e+00 3.179e+00 3.953e+00 1.484e+00 4.290e-01 3.792e+00
-5.779 -8.184 4.368e+00 3.162e+00 3.434e+00 4.367e+00 3.163e+00 3.932e+00 1.481e+00 4.276e-01 3.766e+00
-5.749 -8.174 4.375e+00 3.144e+00 3.424e+00 4.375e+00 3.145e+00 3.911e+00 1.475e+00 4.261e-01 3.739e+00
-5.719 -8.201 4.383e+00 3.125e+00 3.413e+00 4.383e+00 3.126e+00 3.887e+00 1.465e+00 4.243e-01 3.710e+00
-5.689 -8.183 4.392e+00 3.106e+00 3.401e+00 4.391e+00 3.107e+00 3.864e+00 1.451e+00 4.223e-01 3.680e+00
-5.659 -8.185 4.400e+00 3.086e+00 3.389e+00 4.400e+00 3.087e+00 3.840e+00 1.434e+00 4.201e-01 3.650e+00
-5.629 -8.192 4.409e+00 3.064e+00 3.376e+00 4.409e+00 3.065e+00 3.814e+00 1.413e+00 4.175e-01 3.617e+00
-5.600 -8.186 4.418e+00 3.042e+00 3.363e+00 4.418e+00 3.043e+00 3.789e+00 1.388e+00 4.147e-01 3.584e+00
-5.570 -8.186 4.427e+00 3.019e+00 3.348e+00 4.427e+00 3.020e+00 3.762e+00 1.359e+00 4.115e-01 3.549e+00
-5.540 -8.192 4.436e+00 2.995e+00 3.333e+00 4.435e+00 2.996e+00 3.733e+00 1.326e+00 4.080e-01 3.513e+00
-5.510 -8.172 4.444e+00 2.970e+00 3.316e+00 4.444e+00 2.971e+00 3.704e+00 1.289e+00 4.039e-01 3.476e+00
-5.480 -8.190 4.453e+00 2.943e+00 3.298e+00 4.453e+00 2.945e+00 3.674e+00 1.249e+00 3.995e-01 3.437e+00
-5.449 -8.169 4.461e+00 2.915e+00 3.279e+00 4.461e+00 2.917e+00 3.642e+00 1.205e+00 3.944e-01 3.396e+00
-5.419 -8.185 4.469e+00 2.887e+00 3.258e+00 4.469e+00 2.888e+00 3.610e+00 1.159e+00 3.889e-01 3.355e+00
-5.390 -8.176 4.476e+00 2.858e+00 3.236e+00 4.476e+00 2.859e+00 3.577e+00 1.111e+00 3.830e-01 3.312e+00
-5.359 -8.179 4.483e+00 2.827e+00 3.212e+00 4.483e+00 2.828e+00 3.542e+00 1.060e+00 3.762e-01 3.267e+00
-5.330 -8.187 4.490e+00 2.795e+00 3.187e+00 4.489e+00 2.797e+00 3.506e+00 1.009e+00 3.690e-01 3.222e+00
-5.300 -8.175 4.496e+00 2.762e+00 3.160e+00 4.496e+00 2.763e+00 3.468e+00 9.551e-01 3.610e-01 3.175e+00
-5.270 -8.157 4.501e+00 2.727e+00 3.132e+00 4.501e+00 2.729e+00 3.430e+00 9.007e-01 3.523e-01 3.126e+00
-5.240 -8.182 4.507e+00 2.692e+00 3.102e+00 4.507e+00 2.694e+00 3.391e+00 8.450e-01 3.428e-01 3.076e+00
-5.210 -8.186 4.512e+00 2.655e+00 3.071e+00 4.512e+00 2.657e+00 3.350e+00 7.881e-01 3.324e-01 3.025e+00
-5.180 -8.159 4.516e+00 2.616e+00 3.038e+00 4.516e+00 2.619e+00 3.307e+00 7.299e-01 3.211e-01 2.971e+00
-5.150 -8.174 4.521e+00 2.577e+00 3.003e+00 4.521e+00 2.579e+00 3.263e+00 6.712e-01 3.088e-01 2.917e+00
-5.120 -8.157 4.525e+00 2.536e+00 2.967e+00 4.524e+00 2.538e+00 3.218e+00 6.117e-01 2.955e-01 2.861e+00
-5.090 -8.170 4.528e+00 2.494e+00 2.929e+00 4.528e+00 2.496e+00 3.172e+00 5.518e-01 2.812e-01 2.804e+00
-5.060 -8.169 4.532e+00 2.450e+00 2.890e+00 4.532e+00 2.453e+00 3.124e+00 4.910e-01 2.656e-01 2.744e+00
-5.030 -8.186 4.535e+00 2.404e+00 2.849e+00 4.535e+00 2.407e+00 3.075e+00 4.299e-01 2.488e-01 2.684e+00
-5.000 -8.175 4.537e+00 2.357e+00 2.806e+00 4.537e+00 2.360e+00 3.024e+00 3.682e-01 2.306e-01 2.621e+00
-4.970 -8.183 4.540e+00 2.309e+00 2.762e+00 4.540e+00 2.313e+00 2.972e+00 3.071e-01 2.112e-01 2.557e+00
-4.940 -8.182 4.542e+00 2.259e+00 2.715e+00 4.542e+00 2.263e+00 2.919e+00 2.458e-01 1.903e-01 2.491e+00
-4.910 -8.173 4.545e+00 2.207e+00 2.668e+00 4.545e+00 2.211e+00 2.863e+00 1.850e-01 1.678e-01 2.423e+00
-4.880 -8.174 4.547e+00 2.154e+00 2.618e+00 4.547e+00 2.158e+00 2.807e+00 1.249e-01 1.436e-01 2.354e+00
-4.850 -8.155 4.548e+00 2.099e+00 2.566e+00 4.548e+00 2.103e+00 2.748e+00 6.628e-02 1.178e-01 2.282e+00
-4.820 -8.165 4.550e+00 2.042e+00 2.513e+00 4.550e+00 2.046e+00 2.688e+00 9.445e-03 9.017e-02 2.208e+00
-4.790 -8.172 4.552e+00 1.983e+00 2.459e+00 4.552e+00 1.988e+00 2.626e+00 -4.462e-02 6.078e-02 2.132e+00
-4.760 -8.152 4.553e+00 1.923e+00 2.402e+00 4.553e+00 1.928e+00 2.563e+00 -9.572e-02 2.929e-02 2.054e+00
-4.730 -8.166 4.554e+00 1.861e+00 2.344e+00 4.554e+00 1.866e+00 2.498e+00 -1.430e-01 -4.295e-03 1.974e+00
-4.700 -8.153 4.555e+00 1.797e+00 2.285e+00 4.555e+00 1.803e+00 2.432e+00 -1.856e-01 -3.992e-02 1.892e+00
-4.670 -8.180 4.557e+00 1.732e+00 2.224e+00 4.557e+00 1.739e+00 2.365e+00 -2.234e-01 -7.798e-02 1.807e+00
-4.640 -8.160 4.558e+00 1.665e+00 2.161e+00 4.558e+00 1.672e+00 2.295e+00 -2.563e-01 -1.188e-01 1.719e+00
-4.610 -8.168 4.559e+00 1.597e+00 2.098e+00 4.559e+00 1.604e+00 2.225e+00 -2.840e-01 -1.622e-01 1.629e+00
-4.580 -8.159 4.560e+00 1.528e+00 2.035e+00 4.560e+00 1.536e+00 2.154e+00 -3.068e-01 -2.086e-01 1.536e+00
-4.550 -8.159 4.561e+00 1.457e+00 1.970e+00 4.561e+00 1.466e+00 2.083e+00 -3.252e-01 -2.585e-01 1.440e+00
-4.520 -8.167 4.562e+00 1.387e+00 1.907e+00 4.562e+00 1.396e+00 2.011e+00 -3.397e-01 -3.120e-01 1.341e+00
-4.490 -8.157 4.563e+00 1.317e+00 1.843e+00 4.563e+00 1.325e+00 1.939e+00 -3.512e-01 -3.699e-01 1.238e+00
-4.460 -8.149 4.564e+00 1.247e+00 1.781e+00 4.564e+00 1.256e+00 1.869e+00 -3.601e-01 -4.326e-01 1.131e+00
-4.430 -8.148 4.565e+00 1.179e+00 1.721e+00 4.565e+00 1.188e+00 1.800e+00 -3.673e-01 -5.007e-01 1.020e+00
-4.400 -8.172 4.567e+00 1.113e+00 1.665e+00 4.567e+00 1.122e+00 1.734e+00 -3.733e-01 -5.750e-01 9.054e-01
-4.370 -8.165 4.568e+00 1.051e+00 1.612e+00 4.568e+00 1.059e+00 1.672e+00 -3.785e-01 -6.562e-01 7.858e-01
-4.340 -8.146 4.569e+00 9.931e-01 1.563e+00 4.569e+00 1.001e+00 1.614e+00 -3.833e-01 -7.448e-01 6.616e-01
-4.310 -8.157 4.571e+00 9.404e-01 1.520e+00 4.571e+00 9.475e-01 1.562e+00 -3.880e-01 -8.419e-01 5.320e-01
-4.280 -8.166 4.572e+00 8.938e-01 1.482e+00 4.572e+00 9.000e-01 1.517e+00 -3.927e-01 -9.474e-01 3.978e-01
-4.250 -8.168 4.574e+00 8.535e-01 1.450e+00 4.574e+00 8.587e-01 1.477e+00 -3.976e-01 -1.061e+00 2.591e-01
-4.220 -8.154 4.576e+00 8.194e-01 1.424e+00 4.576e+00 8.237e-01 1.445e+00 -4.028e-01 -1.183e+00 1.164e-01
-4.190 -8.163 4.578e+00 7.912e-01 1.402e+00 4.577e+00 7.946e-01 1.418e+00 -4.083e-01 -1.311e+00 -2.837e-02
-4.160 -8.156 4.579e+00 7.683e-01 1.385e+00 4.579e+00 7.710e-01 1.397e+00 -4.142e-01 -1.441e+00 -1.727e-01
-4.130 -8.138 4.581e+00 7.497e-01 1.371e+00 4.581e+00 7.518e-01 1.380e+00 -4.204e-01 -1.570e+00 -3.125e-01
-4.100 -8.153 4.583e+00 7.346e-01 1.360e+00 4.583e+00 7.362e-01 1.367e+00 -4.270e-01 -1.692e+00 -4.430e-01
-4.070 -8.144 4.585e+00 7.220e-01 1.351e+00 4.585e+00 7.233e-01 1.357e+00 -4.340e-01 -1.801e+00 -5.588e-01
-4.040 -8.141 4.588e+00 7.112e-01 1.344e+00 4.588e+00 7.123e-01 1.348e+00 -4.414e-01 -1.893e+00 -6.560e-01
-4.010 -8.137 4.590e+00 7.015e-01 1.337e+00 4.590e+00 7.024e-01 1.341e+00 -4.493e-01 -1.965e+00 -7.330e-01
-3.980 -8.143 4.592e+00 6.924e-01 1.331e+00 4.592e+00 6.932e-01 1.335e+00 -4.575e-01 -2.019e+00 -7.917e-01
-3.950 -8.154 4.595e+00 6.835e-01 1.326e+00 4.595e+00 6.843e-01 1.329e+00 -4.661e-01 -2.058e+00 -8.357e-01
-3.920 -8.154 4.597e+00 6.747e-01 1.320e+00 4.597e+00 6.754e-01 1.323e+00 -4.752e-01 -2.087e+00 -8.697e-01
-3.890 -8.155 4.600e+00 6.657e-01 1.314e+00 4.600e+00 6.664e-01 1.317e+00 -4.847e-01 -2.110e+00 -8.977e-01
-3.860 -8.156 4.603e+00 6.564e-01 1.308e+00 4.603e+00 6.571e-01 1.311e+00 -4.946e-01 -2.130e+00 -9.224e-01
-3.830 -8.138 4.606e+00 6.467e-01 1.302e+00 4.606e+00 6.474e-01 1.304e+00 -5.049e-01 -2.148e+00 -9.459e-01
-3.800 -8.124 4.608e+00 6.367e-01 1.296e+00 4.608e+00 6.374e-01 1.298e+00 -5.157e-01 -2.166e+00 -9.691e-01
-3.770 -8.138 4.611e+00 6.263e-01 1.289e+00 4.611e+00 6.270e-01 1.291e+00 -5.268e-01 -2.183e+00 -9.927e-01
-3.740 -8.128 4.614e+00 6.155e-01 1.282e+00 4.614e+00 6.162e-01 1.284e+00 -5.385e-01 -2.201e+00 -1.017e+00
-3.710 -8.124 4.618e+00 6.043e-01 1.274e+00 4.618e+00 6.049e-01 1.277e+00 -5.506e-01 -2.220e+00 -1.042e+00
-3.680 -8.144 4.621e+00 5.926e-01 1.267e+00 4.621e+00 5.933e-01 1.269e+00 -5.631e-01 -2.240e+00 -1.068e+00
-3.650 -8.122 4.624e+00 5.806e-01 1.259e+00 4.624e+00 5.812e-01 1.261e+00 -5.761e-01 -2.260e+00 -1.095e+00
-3.620 -8.139 4.627e+00 5.681e-01 1.251e+00 4.627e+00 5.687e-01 1.253e+00 -5.896e-01 -2.280e+00 -1.122e+00
-3.590 -8.124 4.631e+00 5.551e-01 1.242e+00 4.631e+00 5.557e-01 1.244e+00 -6.035e-01 -2.302e+00 -1.151e+00
-3.560 -8.106 4.634e+00 5.418e-01 1.233e+00 4.634e+00 5.424e-01 1.235e+00 -6.179e-01 -2.324e+00 -1.181e+00
-3.530 -8.108 4.637e+00 5.280e-01 1.224e+00 4.637e+00 5.286e-01 1.226e+00 -6.327e-01 -2.347e+00 -1.211e+00
-3.500 -8.128 4.641e+00 5.138e-01 1.215e+00 4.641e+00 5.144e-01 1.216e+00 -6.480e-01 -2.370e+00 -1.242e+00
-3.470 -8.119 4.644e+00 4.992e-01 1.205e+00 4.644e+00 4.998e-01 1.207e+00 -6.637e-01 -2.395e+00 -1.275e+00
-3.440 -8.111 4.648e+00 4.842e-01 1.195e+00 4.648e+00 4.848e-01 1.196e+00 -6.799e-01 -2.419e+00 -1.308e+00
-3.410 -8.095 4.651e+00 4.688e-01 1.185e+00 4.651e+00 4.693e-01 1.186e+00 -6.965e-01 -2.445e+00 -1.342e+00
-3.380 -8.099 4.655e+00 4.530e-01 1.174e+00 4.655e+00 4.535e-01 1.175e+00 -7.135e-01 -2.471e+00 -1.377e+00
-3.350 -8.088 4.658e+00 4.367e-01 1.163e+00 4.658e+00 4.372e-01 1.164e+00 -7.310e-01 -2.498e+00 -1.412e+00
-3.320 -8.098 4.662e+00 4.201e-01 1.152e+00 4.662e+00 4.206e-01 1.153e+00 -7.489e-01 -2.526e+00 -1.449e+00
-3.290 -8.093 4.665e+00 4.031e-01 1.140e+00 4.665e+00 4.036e-01 1.141e+00 -7.672e-01 -2.554e+00 -1.486e+00
-3.260 -8.084 4.669e+00 3.858e-01 1.128e+00 4.669e+00 3.862e-01 1.129e+00 -7.859e-01 -2.583e+00 -1.525e+00
-3.230 -8.072 4.672e+00 3.680e-01 1.116e+00 4.672e+00 3.685e-01 1.117e+00 -8.051e-01 -2.612e+00 -1.564e+00
-3.200 -8.091 4.676e+00 3.500e-01 1.104e+00 4.676e+00 3.504e-01 1.105e+00 -8.246e-01 -2.642e+00 -1.603e+00
-3.170 -8.081 4.679e+00 3.315e-01 1.091e+00 4.679e+00 3.320e-01 1.092e+00 -8.446e-01 -2.673e+00 -1.644e+00
-3.140 -8.068 4.682e+00 3.128e-01 1.078e+00 4.682e+00 3.132e-01 1.079e+00 -8.649e-01 -2.704e+00 -1.685e+00
-3.110 -8.080 4.686e+00 2.937e-01 1.065e+00 4.686e+00 2.941e-01 1.065e+00 -8.856e-01 -2.736e+00 -1.727e+00
-3.080 -8.080 4.689e+00 2.743e-01 1.051e+00 4.689e+00 2.747e-01 1.052e+00 -9.066e-01 -2.769e+00 -1.770e+00
-3.050 -8.075 4.692e+00 2.546e-01 1.037e+00 4.692e+00 2.550e-01 1.038e+00 -9.281e-01 -2.802e+00 -1.813e+00
-3.020 -8.067 4.695e+00 2.347e-01 1.023e+00 4.695e+00 2.351e-01 1.024e+00 -9.500e-01 -2.835e+00 -1.857e+00
-2.990 -8.050 4.698e+00 2.145e-01 1.009e+00 4.698e+00 2.148e-01 1.010e+00 -9.722e-01 -2.870e+00 -1.901e+00
-2.960 -8.037 4.701e+00 1.940e-01 9.946e-01 4.701e+00 1.943e-01 9.951e-01 -9.948e-01 -2.904e+00 -1.947e+00
-2.930 -8.052 4.704e+00 1.733e-01 9.798e-01 4.704e+00 1.736e-01 9.803e-01 -1.018e+00 -2.940e+00 -1.993e+00
-2.900 -8.045 4.707e+00 1.523e-01 9.649e-01 4.707e+00 1.526e-01 9.653e-01 -1.041e+00 -2.976e+00 -2.039e+00
-2.870 -8.053 4.710e+00 1.312e-01 9.498e-01 4.710e+00 1.315e-01 9.502e-01 -1.065e+00 -3.012e+00 -2.086e+00
-2.840 -8.037 4.713e+00 1.098e-01 9.344e-01 4.713e+00 1.101e-01 9.348e-01 -1.089e+00 -3.049e+00 -2.134e+00
-2.810 -8.027 4.715e+00 8.831e-02 9.189e-01 4.715e+00 8.860e-02 9.193e-01 -1.114e+00 -3.087e+00 -2.182e+00
-2.780 -8.014 4.718e+00 6.663e-02 9.033e-01 4.718e+00 6.691e-02 9.036e-01 -1.139e+00 -3.125e+00 -2.231e+00
-2.750 -8.033 4.720e+00 4.483e-02 8.874e-01 4.720e+00 4.509e-02 8.877e-01 -1.164e+00 -3.164e+00 -2.280e+00
-2.720 -8.019 4.723e+00 2.290e-02 8.715e-01 4.723e+00 2.316e-02 8.717e-01 -1.190e+00 -3.204e+00 -2.330e+00
-2.690 -8.017 4.725e+00 8.812e-04 8.554e-01 4.725e+00 1.128e-03 8.556e-01 -1.216e+00 -3.244e+00 -2.380e+00
-2.660 -8.006 4.727e+00 -2.121e-02 8.392e-01 4.727e+00 -2.097e-02 8.394e-01 -1.243e+00 -3.285e+00 -2.431e+00
-2.630 -8.010 4.729e+00 -4.334e-02 8.229e-01 4.729e+00 -4.311e-02 8.232e-01 -1.271e+00 -3.326e+00 -2.483e+00
-2.600 -8.001 4.731e+00 -6.549e-02 8.066e-01 4.731e+00 -6.527e-02 8.068e-01 -1.299e+00 -3.369e+00 -2.535e+00
-2.570 -8.002 4.733e+00 -8.763e-02 7.902e-01 4.733e+00 -8.742e-02 7.904e-01 -1.328e+00 -3.412e+00 -2.587e+00
-2.540 -8.001 4.735e+00 -1.097e-01 7.738e-01 4.735e+00 -1.095e-01 7.740e-01 -1.358e+00 -3.455e+00 -2.641e+00
-2.510 -8.000 4.736e+00 -1.317e-01 7.574e-01 4.736e+00 -1.315e-01 7.576e-01 -1.388e+00 -3.500e+00 -2.695e+00
-2.480 -7.980 4.738e+00 -1.536e-01 7.411e-01 4.738e+00 -1.535e-01 7.412e-01 -1.420e+00 -3.546e+00 -2.749e+00
-2.450 -7.993 4.739e+00 -1.754e-01 7.248e-01 4.739e+00 -1.752e-01 7.249e-01 -1.453e+00 -3.592e+00 -2.805e+00
-2.420 -7.994 4.740e+00 -1.969e-01 7.086e-01 4.740e+00 -1.968e-01 7.087e-01 -1.487e+00 -3.640e+00 -2.861e+00
-2.390 -7.995 4.741e+00 -2.182e-01 6.925e-01 4.741e+00 -2.181e-01 6.926e-01 -1.522e+00 -3.688e+00 -2.917e+00
-2.360 -7.979 4.742e+00 -2.392e-01 6.766e-01 4.742e+00 -2.391e-01 6.767e-01 -1.558e+00 -3.738e+00 -2.975e+00
-2.330 -7.985 4.743e+00 -2.598e-01 6.609e-01 4.743e+00 -2.597e-01 6.610e-01 -1.597e+00 -3.789e+00 -3.034e+00
-2.300 -7.999 4.743e+00 -2.801e-01 6.454e-01 4.743e+00 -2.800e-01 6.455e-01 -1.637e+00 -3.841e+00 -3.093e+00
-2.270 -7.990 4.744e+00 -2.999e-01 6.303e-01 4.744e+00 -2.998e-01 6.303e-01 -1.679e+00 -3.895e+00 -3.154e+00
-2.240 -7.978 4.744e+00 -3.191e-01 6.154e-01 4.744e+00 -3.190e-01 6.155e-01 -1.723e+00 -3.950e+00 -3.215e+00
-2.210 -7.980 4.743e+00 -3.378e-01 6.009e-01 4.743e+00 -3.378e-01 6.010e-01 -1.769e+00 -4.007e+00 -3.278e+00
-2.180 -7.981 4.743e+00 -3.559e-01 5.869e-01 4.743e+00 -3.558e-01 5.869e-01 -1.819e+00 -4.065e+00 -3.341e+00
-2.150 -7.993 4.743e+00 -3.734e-01 5.733e-01 4.743e+00 -3.733e-01 5.733e-01 -1.871e+00 -4.124e+00 -3.406e+00
-2.120 -7.991 4.742e+00 -3.901e-01 5.602e-01 4.742e+00 -3.900e-01 5.602e-01 -1.926e+00 -4.186e+00 -3.472e+00
-2.090 -7.977 4.741e+00 -4.060e-01 5.475e-01 4.741e+00 -4.059e-01 5.476e-01 -1.985e+00 -4.248e+00 -3.538e+00
-2.060 -7.989 4.739e+00 -4.212e-01 5.354e-01 4.739e+00 -4.211e-01 5.355e-01 -2.047e+00 -4.312e+00 -3.606e+00
-2.030 -7.989 4.737e+00 -4.356e-01 5.239e-01 4.737e+00 -4.355e-01 5.239e-01 -2.113e+00 -4.378e+00 -3.674e+00
-2.000 -7.969 4.735e+00 -4.492e-01 5.129e-01 4.735e+00 -4.491e-01 5.129e-01 -2.183e+00 -4.444e+00 -3.743e+00