# ASY method (with partition functions): 267493 integration steps in 1.6978e-01 seconds
# All quantities except Asy, RG_PE, and sumX are log10(x)
# Log of absolute values for E and dE/dt as they can be negative
# Units: t and dt in s; E in erg; dE/dt in erg/g/s; others dimensionless 
#
#    t     dt     |E|  |dE/dt| Asy  Equil  sumX  X(4He)     X(12C)     X(16O)     

-10.965 -12.500 13.408 24.373 0.000 0.000 1.000 -4.632e+00 -3.010e-01 -3.011e-01
-10.939 -12.475 13.434 24.373 0.000 0.000 1.000 -4.606e+00 -3.010e-01 -3.011e-01
-10.901 -12.436 13.472 24.373 0.000 0.000 1.000 -4.568e+00 -3.010e-01 -3.011e-01
-10.875 -12.411 13.498 24.373 0.000 0.000 1.000 -4.542e+00 -3.010e-01 -3.011e-01
-10.849 -12.385 13.524 24.373 0.000 0.000 1.000 -4.516e+00 -3.010e-01 -3.011e-01
-10.811 -12.346 13.562 24.373 0.000 0.000 1.000 -4.478e+00 -3.010e-01 -3.011e-01
-10.785 -12.321 13.588 24.373 0.000 0.000 1.000 -4.452e+00 -3.010e-01 -3.011e-01
-10.759 -12.295 13.614 24.373 0.000 0.000 1.000 -4.427e+00 -3.010e-01 -3.011e-01
-10.721 -12.257 13.652 24.373 0.000 0.000 1.000 -4.388e+00 -3.010e-01 -3.011e-01
-10.695 -12.231 13.678 24.373 0.000 0.000 1.000 -4.362e+00 -3.010e-01 -3.011e-01
-10.669 -12.205 13.703 24.373 0.000 0.000 1.000 -4.337e+00 -3.010e-01 -3.011e-01
-10.631 -12.167 13.742 24.372 0.000 0.000 1.000 -4.298e+00 -3.010e-01 -3.011e-01
-10.605 -12.141 13.768 24.372 0.000 0.000 1.000 -4.273e+00 -3.010e-01 -3.011e-01
-10.580 -12.115 13.793 24.372 0.000 0.000 1.000 -4.247e+00 -3.010e-01 -3.011e-01
-10.541 -12.077 13.832 24.372 0.000 0.000 1.000 -4.209e+00 -3.010e-01 -3.011e-01
-10.515 -12.051 13.857 24.372 0.000 0.000 1.000 -4.183e+00 -3.010e-01 -3.011e-01
-10.490 -12.025 13.883 24.372 0.000 0.000 1.000 -4.157e+00 -3.010e-01 -3.011e-01
-10.451 -11.987 13.921 24.372 0.000 0.000 1.000 -4.119e+00 -3.010e-01 -3.011e-01
-10.426 -11.961 13.947 24.372 0.000 0.000 1.000 -4.093e+00 -3.010e-01 -3.011e-01
-10.400 -11.936 13.973 24.372 0.000 0.000 1.000 -4.067e+00 -3.010e-01 -3.012e-01
-10.361 -11.897 14.011 24.372 0.000 0.000 1.000 -4.029e+00 -3.010e-01 -3.012e-01
-10.336 -11.871 14.037 24.372 0.000 0.000 1.000 -4.003e+00 -3.010e-01 -3.012e-01
-10.297 -11.833 14.075 24.372 0.000 0.000 1.000 -3.965e+00 -3.010e-01 -3.012e-01
-10.272 -11.807 14.101 24.372 0.000 0.000 1.000 -3.939e+00 -3.010e-01 -3.012e-01
-10.246 -11.782 14.126 24.371 0.000 0.000 1.000 -3.914e+00 -3.010e-01 -3.012e-01
-10.207 -11.743 14.165 24.371 0.000 0.000 1.000 -3.875e+00 -3.009e-01 -3.012e-01
-10.182 -11.717 14.191 24.371 0.000 0.000 1.000 -3.849e+00 -3.009e-01 -3.012e-01
-10.156 -11.692 14.216 24.371 0.000 0.000 1.000 -3.824e+00 -3.009e-01 -3.013e-01
-10.117 -11.653 14.255 24.371 0.000 0.000 1.000 -3.785e+00 -3.009e-01 -3.013e-01
-10.092 -11.628 14.280 24.371 0.000 0.000 1.000 -3.760e+00 -3.009e-01 -3.013e-01
-10.066 -11.602 14.306 24.371 0.000 0.000 1.000 -3.734e+00 -3.009e-01 -3.013e-01
-10.028 -11.563 14.344 24.370 0.000 0.000 1.000 -3.696e+00 -3.009e-01 -3.013e-01
-10.002 -11.538 14.370 24.370 0.000 0.000 1.000 -3.670e+00 -3.009e-01 -3.013e-01
-9.976 -11.512 14.395 24.370 0.000 0.000 1.000 -3.644e+00 -3.009e-01 -3.014e-01
-9.938 -11.473 14.434 24.370 0.000 0.000 1.000 -3.606e+00 -3.009e-01 -3.014e-01
-9.912 -11.448 14.459 24.369 0.000 0.000 1.000 -3.580e+00 -3.009e-01 -3.014e-01
-9.886 -11.422 14.485 24.369 0.000 0.000 1.000 -3.555e+00 -3.009e-01 -3.014e-01
-9.848 -11.384 14.523 24.369 0.000 0.000 1.000 -3.516e+00 -3.008e-01 -3.015e-01
-9.822 -11.358 14.549 24.369 0.000 0.000 1.000 -3.491e+00 -3.008e-01 -3.015e-01
-9.797 -11.332 14.574 24.368 0.000 0.000 1.000 -3.465e+00 -3.008e-01 -3.015e-01
-9.758 -11.294 14.612 24.368 0.000 0.000 1.000 -3.427e+00 -3.008e-01 -3.016e-01
-9.732 -11.268 14.638 24.368 0.000 0.000 1.000 -3.401e+00 -3.008e-01 -3.016e-01
-9.707 -11.242 14.663 24.367 0.000 0.000 1.000 -3.376e+00 -3.008e-01 -3.017e-01
-9.668 -11.204 14.702 24.367 0.000 0.000 1.000 -3.337e+00 -3.008e-01 -3.017e-01
-9.643 -11.178 14.727 24.366 0.000 0.000 1.000 -3.312e+00 -3.007e-01 -3.017e-01
-9.617 -11.153 14.753 24.366 0.000 0.000 1.000 -3.286e+00 -3.007e-01 -3.018e-01
-9.578 -11.114 14.791 24.365 0.000 0.000 1.000 -3.248e+00 -3.007e-01 -3.019e-01
-9.553 -11.088 14.816 24.365 0.000 0.000 1.000 -3.222e+00 -3.007e-01 -3.019e-01
-9.527 -11.063 14.842 24.364 0.000 0.000 1.000 -3.197e+00 -3.006e-01 -3.020e-01
-9.488 -11.024 14.880 24.363 0.000 0.000 1.000 -3.159e+00 -3.006e-01 -3.021e-01
-9.463 -10.998 14.905 24.363 0.000 0.000 1.000 -3.133e+00 -3.006e-01 -3.021e-01
-9.437 -10.973 14.930 24.362 0.000 0.000 1.000 -3.108e+00 -3.006e-01 -3.022e-01
-9.399 -10.934 14.968 24.361 0.000 0.000 1.000 -3.069e+00 -3.005e-01 -3.023e-01
-9.373 -10.909 14.994 24.360 0.000 0.000 1.000 -3.044e+00 -3.005e-01 -3.024e-01
-9.347 -10.883 15.019 24.359 0.000 0.000 1.000 -3.019e+00 -3.005e-01 -3.024e-01
-9.309 -10.844 15.057 24.358 0.000 0.000 1.000 -2.980e+00 -3.004e-01 -3.026e-01
-9.283 -10.819 15.082 24.357 0.000 0.000 1.000 -2.955e+00 -3.004e-01 -3.027e-01
-9.257 -10.793 15.107 24.356 0.000 0.000 1.000 -2.930e+00 -3.003e-01 -3.027e-01
-9.219 -10.755 15.145 24.355 0.000 0.000 1.000 -2.892e+00 -3.003e-01 -3.029e-01
-9.193 -10.729 15.170 24.354 0.000 0.000 1.000 -2.866e+00 -3.002e-01 -3.030e-01
-9.168 -10.703 15.195 24.352 0.000 0.000 1.000 -2.841e+00 -3.002e-01 -3.031e-01
-9.129 -10.665 15.233 24.350 0.000 0.000 1.000 -2.803e+00 -3.001e-01 -3.033e-01
-9.103 -10.639 15.258 24.349 0.000 0.000 1.000 -2.778e+00 -3.001e-01 -3.035e-01
-9.078 -10.613 15.283 24.347 0.000 0.000 1.000 -2.753e+00 -3.000e-01 -3.036e-01
-9.039 -10.575 15.320 24.345 0.000 0.000 1.000 -2.715e+00 -2.999e-01 -3.038e-01
-9.013 -10.549 15.345 24.343 0.000 0.000 1.000 -2.690e+00 -2.999e-01 -3.040e-01
-8.988 -10.524 15.369 24.341 0.000 0.000 1.000 -2.665e+00 -2.998e-01 -3.042e-01
-8.949 -10.485 15.407 24.338 0.000 0.000 1.000 -2.627e+00 -2.997e-01 -3.044e-01
-8.924 -10.459 15.431 24.336 0.000 0.000 1.000 -2.602e+00 -2.996e-01 -3.046e-01
-8.898 -10.434 15.456 24.334 0.000 0.000 1.000 -2.577e+00 -2.996e-01 -3.048e-01
-8.859 -10.395 15.492 24.330 0.000 0.000 1.000 -2.539e+00 -2.994e-01 -3.052e-01
-8.834 -10.369 15.517 24.328 0.000 0.000 1.000 -2.515e+00 -2.994e-01 -3.054e-01
-8.808 -10.344 15.541 24.325 0.000 0.000 1.000 -2.490e+00 -2.993e-01 -3.056e-01
-8.770 -10.305 15.577 24.320 0.000 0.000 1.000 -2.453e+00 -2.991e-01 -3.060e-01
-8.744 -10.280 15.601 24.317 0.000 0.000 1.000 -2.428e+00 -2.990e-01 -3.063e-01
-8.718 -10.254 15.625 24.313 0.000 0.000 1.000 -2.403e+00 -2.989e-01 -3.066e-01
-8.680 -10.215 15.661 24.308 0.000 0.000 1.000 -2.366e+00 -2.988e-01 -3.070e-01
-8.654 -10.190 15.685 24.303 0.000 0.000 1.000 -2.342e+00 -2.987e-01 -3.074e-01
-8.628 -10.164 15.708 24.299 0.000 0.000 1.000 -2.317e+00 -2.986e-01 -3.077e-01
-8.590 -10.126 15.743 24.292 0.000 0.000 1.000 -2.281e+00 -2.984e-01 -3.082e-01
-8.564 -10.100 15.766 24.287 0.000 0.000 1.000 -2.257e+00 -2.983e-01 -3.086e-01
-8.539 -10.074 15.790 24.281 0.000 0.000 1.000 -2.233e+00 -2.982e-01 -3.090e-01
-8.500 -10.036 15.824 24.272 0.000 0.000 1.000 -2.196e+00 -2.981e-01 -3.096e-01
-8.474 -10.010 15.846 24.266 0.000 0.000 1.000 -2.173e+00 -2.979e-01 -3.101e-01
-8.449 -9.984 15.869 24.259 0.000 0.000 1.000 -2.149e+00 -2.978e-01 -3.105e-01
-8.410 -9.946 15.902 24.247 0.000 0.000 1.000 -2.113e+00 -2.977e-01 -3.112e-01
-8.384 -9.920 15.924 24.239 0.000 0.000 1.000 -2.090e+00 -2.976e-01 -3.117e-01
-8.359 -9.894 15.946 24.230 0.000 0.000 1.000 -2.066e+00 -2.975e-01 -3.122e-01
-8.320 -9.856 15.978 24.216 0.000 0.000 1.000 -2.032e+00 -2.974e-01 -3.129e-01
-8.295 -9.830 15.999 24.206 0.000 0.000 1.000 -2.009e+00 -2.973e-01 -3.134e-01
-8.269 -9.805 16.019 24.195 0.000 0.000 1.000 -1.986e+00 -2.973e-01 -3.139e-01
-8.230 -9.766 16.050 24.176 0.000 0.000 1.000 -1.952e+00 -2.973e-01 -3.147e-01
-8.205 -9.740 16.070 24.163 0.000 0.000 1.000 -1.929e+00 -2.973e-01 -3.153e-01
-8.179 -9.715 16.089 24.149 0.000 0.000 1.000 -1.907e+00 -2.973e-01 -3.158e-01
-8.141 -9.676 16.118 24.125 0.000 0.000 1.000 -1.874e+00 -2.974e-01 -3.166e-01
-8.115 -9.651 16.136 24.108 0.000 0.000 1.000 -1.853e+00 -2.975e-01 -3.170e-01
-8.089 -9.625 16.154 24.089 0.000 0.000 1.000 -1.831e+00 -2.977e-01 -3.175e-01
-8.051 -9.586 16.180 24.058 0.000 0.000 1.000 -1.799e+00 -2.980e-01 -3.182e-01
-8.025 -9.561 16.197 24.035 0.000 0.000 1.000 -1.778e+00 -2.983e-01 -3.186e-01
-7.999 -9.535 16.213 24.010 0.000 0.000 1.000 -1.758e+00 -2.987e-01 -3.189e-01
-7.961 -9.497 16.236 23.968 0.000 0.000 1.000 -1.727e+00 -2.994e-01 -3.193e-01
-7.935 -9.471 16.251 23.937 0.000 0.000 1.000 -1.708e+00 -2.999e-01 -3.195e-01
-7.909 -9.445 16.265 23.902 0.000 0.000 1.000 -1.688e+00 -3.006e-01 -3.196e-01
-7.871 -9.407 16.284 23.843 0.000 0.000 1.000 -1.659e+00 -3.019e-01 -3.196e-01
-7.845 -9.381 16.296 23.798 0.000 0.000 1.000 -1.641e+00 -3.028e-01 -3.195e-01
-7.820 -9.355 16.307 23.747 0.000 0.000 1.000 -1.622e+00 -3.040e-01 -3.192e-01
-7.781 -9.317 16.321 23.657 0.000 0.000 1.000 -1.595e+00 -3.060e-01 -3.185e-01
-7.755 -9.291 16.329 23.584 0.000 0.000 1.000 -1.578e+00 -3.076e-01 -3.178e-01
-7.730 -9.265 16.337 23.498 0.000 0.000 1.000 -1.561e+00 -3.093e-01 -3.170e-01
-7.691 -9.227 16.345 23.325 0.000 0.000 1.000 -1.536e+00 -3.124e-01 -3.153e-01
-7.666 -9.201 16.349 23.159 0.000 0.000 1.000 -1.520e+00 -3.148e-01 -3.139e-01
-7.640 -9.176 16.351 22.897 0.000 0.000 1.000 -1.504e+00 -3.175e-01 -3.122e-01
-7.601 -9.137 16.352 22.189 0.000 0.000 1.000 -1.482e+00 -3.220e-01 -3.093e-01
-7.576 -9.111 16.350 22.875 0.000 0.000 1.000 -1.467e+00 -3.254e-01 -3.070e-01
-7.537 -9.073 16.344 23.200 0.000 0.000 1.000 -1.446e+00 -3.313e-01 -3.029e-01
-7.512 -9.047 16.337 23.321 0.000 0.000 1.000 -1.432e+00 -3.357e-01 -2.999e-01
-7.486 -9.022 16.328 23.409 0.000 0.000 1.000 -1.419e+00 -3.405e-01 -2.965e-01
-7.447 -8.983 16.309 23.503 0.000 0.000 1.000 -1.400e+00 -3.485e-01 -2.908e-01
-7.422 -8.957 16.292 23.549 0.000 0.000 1.000 -1.387e+00 -3.544e-01 -2.866e-01
-7.396 -8.932 16.273 23.585 0.000 0.000 1.000 -1.375e+00 -3.609e-01 -2.822e-01
-7.357 -8.893 16.236 23.624 0.000 0.000 1.000 -1.357e+00 -3.716e-01 -2.749e-01
-7.332 -8.868 16.205 23.641 0.000 0.000 1.000 -1.346e+00 -3.794e-01 -2.697e-01
-7.306 -8.842 16.170 23.653 0.000 0.000 1.000 -1.334e+00 -3.878e-01 -2.642e-01
-7.268 -8.803 16.103 23.660 0.000 0.000 1.000 -1.317e+00 -4.016e-01 -2.556e-01
-7.242 -8.778 16.049 23.659 0.000 0.000 1.000 -1.306e+00 -4.115e-01 -2.496e-01
-7.216 -8.752 15.983 23.654 0.000 0.000 1.000 -1.295e+00 -4.221e-01 -2.434e-01
-7.178 -8.713 15.853 23.637 0.000 0.000 1.000 -1.278e+00 -4.393e-01 -2.339e-01
-7.152 -8.688 15.735 23.620 0.000 0.000 1.000 -1.266e+00 -4.516e-01 -2.274e-01
-7.126 -8.662 15.569 23.598 0.000 0.000 1.000 -1.255e+00 -4.646e-01 -2.209e-01
-7.088 -8.624 15.052 23.556 0.000 0.000 1.000 -1.237e+00 -4.853e-01 -2.112e-01
-7.062 -8.598 14.748 23.521 0.000 0.000 1.000 -1.224e+00 -5.000e-01 -2.047e-01
-7.037 -8.572 15.341 23.480 0.000 0.000 1.000 -1.212e+00 -5.154e-01 -1.984e-01
-6.998 -8.534 15.652 23.405 0.000 0.000 1.000 -1.192e+00 -5.396e-01 -1.891e-01
-6.972 -8.508 15.770 23.343 0.000 0.000 1.000 -1.178e+00 -5.566e-01 -1.831e-01
-6.947 -8.482 15.855 23.270 0.000 0.000 1.000 -1.164e+00 -5.742e-01 -1.773e-01
-6.908 -8.444 15.942 23.130 0.000 0.000 1.000 -1.142e+00 -6.016e-01 -1.690e-01
-6.883 -8.418 15.981 23.006 0.000 0.000 1.000 -1.127e+00 -6.205e-01 -1.639e-01
-6.857 -8.393 16.008 22.836 0.000 0.000 1.000 -1.111e+00 -6.398e-01 -1.590e-01
-6.818 -8.354 16.027 22.336 0.000 0.000 1.000 -1.087e+00 -6.695e-01 -1.524e-01
-6.793 -8.328 16.027 21.875 0.000 0.000 1.000 -1.070e+00 -6.897e-01 -1.484e-01
-6.767 -8.303 16.016 22.540 0.000 0.000 1.000 -1.053e+00 -7.101e-01 -1.447e-01
-6.728 -8.264 15.974 22.853 0.000 0.000 1.000 -1.027e+00 -7.410e-01 -1.399e-01
-6.703 -8.238 15.926 22.967 0.000 0.000 1.000 -1.010e+00 -7.617e-01 -1.372e-01
-6.677 -8.213 15.854 23.048 0.000 0.000 1.000 -9.919e-01 -7.824e-01 -1.349e-01
-6.639 -8.174 15.667 23.131 0.000 0.000 1.000 -9.649e-01 -8.134e-01 -1.320e-01
-6.613 -8.149 15.417 23.171 0.000 0.000 1.000 -9.468e-01 -8.339e-01 -1.305e-01
-6.587 -8.123 14.464 23.201 0.000 0.000 1.000 -9.287e-01 -8.544e-01 -1.294e-01
-6.549 -8.084 15.570 23.232 0.000 0.000 1.000 -9.015e-01 -8.848e-01 -1.283e-01
-6.523 -8.059 15.828 23.246 0.000 0.000 1.000 -8.835e-01 -9.049e-01 -1.280e-01
-6.497 -8.033 16.000 23.256 0.000 0.000 1.000 -8.655e-01 -9.249e-01 -1.279e-01
-6.459 -7.995 16.187 23.264 0.000 0.000 1.000 -8.388e-01 -9.546e-01 -1.284e-01
-6.433 -7.969 16.286 23.266 0.000 0.000 1.000 -8.212e-01 -9.742e-01 -1.290e-01
-6.408 -7.943 16.370 23.266 0.000 0.000 1.000 -8.038e-01 -9.937e-01 -1.299e-01
-6.369 -7.905 16.479 23.262 0.000 0.000 1.000 -7.779e-01 -1.023e+00 -1.317e-01
-6.343 -7.879 16.542 23.257 0.000 0.000 1.000 -7.610e-01 -1.042e+00 -1.332e-01
-6.318 -7.853 16.600 23.251 0.000 0.000 1.000 -7.442e-01 -1.061e+00 -1.350e-01
-6.279 -7.815 16.678 23.240 0.000 0.000 1.000 -7.193e-01 -1.090e+00 -1.380e-01
-6.253 -7.789 16.725 23.231 0.000 0.000 1.000 -7.030e-01 -1.109e+00 -1.403e-01
-6.228 -7.764 16.769 23.222 0.000 0.000 1.000 -6.869e-01 -1.128e+00 -1.428e-01
-6.191 -7.757 16.828 23.206 0.000 0.000 1.000 -6.640e-01 -1.155e+00 -1.468e-01
-6.169 -7.794 16.860 23.196 0.000 0.000 1.000 -6.505e-01 -1.171e+00 -1.494e-01
-6.139 -7.787 16.903 23.181 0.000 0.000 1.000 -6.323e-01 -1.193e+00 -1.532e-01
-6.104 -7.830 16.949 23.163 0.000 0.000 1.000 -6.113e-01 -1.219e+00 -1.581e-01
-6.073 -7.842 16.988 23.146 0.000 0.000 1.000 -5.928e-01 -1.242e+00 -1.628e-01
-6.045 -7.853 17.022 23.130 0.000 0.000 1.000 -5.766e-01 -1.263e+00 -1.673e-01
-6.019 -7.865 17.050 23.116 0.000 0.000 1.000 -5.623e-01 -1.281e+00 -1.716e-01
-5.985 -7.883 17.087 23.096 0.000 0.000 1.000 -5.431e-01 -1.306e+00 -1.777e-01
-5.959 -7.913 17.114 23.080 0.000 0.000 1.000 -5.290e-01 -1.325e+00 -1.825e-01
-5.927 -7.918 17.146 23.060 0.000 0.000 1.000 -5.115e-01 -1.349e+00 -1.889e-01
-5.897 -7.922 17.174 23.042 0.000 0.000 1.000 -4.958e-01 -1.371e+00 -1.951e-01
-5.867 -7.946 17.201 23.022 0.000 0.000 1.000 -4.800e-01 -1.393e+00 -2.018e-01
-5.837 -7.956 17.228 23.002 0.000 0.000 1.000 -4.643e-01 -1.415e+00 -2.088e-01
-5.809 -7.967 17.252 22.983 0.000 0.000 1.000 -4.502e-01 -1.436e+00 -2.156e-01
-5.778 -7.983 17.277 22.962 0.000 0.000 1.000 -4.349e-01 -1.459e+00 -2.234e-01
-5.748 -8.018 17.301 22.941 0.000 0.000 1.000 -4.201e-01 -1.482e+00 -2.314e-01
-5.719 -8.009 17.323 22.920 0.000 0.000 1.000 -4.059e-01 -1.504e+00 -2.396e-01
-5.688 -8.037 17.346 22.897 0.000 0.000 1.000 -3.914e-01 -1.527e+00 -2.486e-01
-5.659 -8.052 17.367 22.875 0.000 0.000 1.000 -3.776e-01 -1.550e+00 -2.576e-01
-5.629 -8.073 17.388 22.852 0.000 0.000 1.000 -3.638e-01 -1.573e+00 -2.672e-01
-5.600 -8.082 17.407 22.829 0.000 0.000 1.000 -3.508e-01 -1.595e+00 -2.768e-01
-5.570 -8.083 17.427 22.805 0.000 0.000 1.000 -3.374e-01 -1.619e+00 -2.872e-01
-5.540 -8.090 17.446 22.780 0.000 0.000 1.000 -3.244e-01 -1.642e+00 -2.980e-01
-5.509 -8.121 17.465 22.754 0.000 0.000 1.000 -3.115e-01 -1.667e+00 -3.095e-01
-5.479 -8.127 17.482 22.728 0.000 0.000 1.000 -2.991e-01 -1.690e+00 -3.211e-01
-5.450 -8.126 17.499 22.701 0.000 0.000 1.000 -2.870e-01 -1.714e+00 -3.332e-01
-5.419 -8.137 17.516 22.673 0.000 0.000 1.000 -2.749e-01 -1.739e+00 -3.460e-01
-5.389 -8.172 17.532 22.644 0.000 0.000 1.000 -2.633e-01 -1.764e+00 -3.591e-01
-5.359 -8.187 17.548 22.614 0.000 0.000 1.000 -2.520e-01 -1.788e+00 -3.727e-01
-5.330 -8.183 17.563 22.583 0.000 0.000 1.000 -2.410e-01 -1.813e+00 -3.866e-01
-5.300 -8.209 17.577 22.551 0.000 0.000 1.000 -2.303e-01 -1.838e+00 -4.011e-01
-5.270 -8.202 17.591 22.518 0.000 0.000 1.000 -2.199e-01 -1.863e+00 -4.161e-01
-5.240 -8.225 17.604 22.483 0.000 0.000 1.000 -2.100e-01 -1.888e+00 -4.313e-01
-5.210 -8.235 17.617 22.447 0.000 0.000 1.000 -2.004e-01 -1.913e+00 -4.469e-01
-5.180 -8.249 17.629 22.409 0.000 0.000 1.000 -1.911e-01 -1.938e+00 -4.629e-01
-5.150 -8.237 17.641 22.369 0.000 0.000 1.000 -1.821e-01 -1.963e+00 -4.793e-01
-5.120 -8.247 17.652 22.327 0.000 0.000 1.000 -1.736e-01 -1.988e+00 -4.960e-01
-5.090 -8.263 17.662 22.283 0.000 0.000 1.000 -1.655e-01 -2.012e+00 -5.126e-01
-5.060 -8.276 17.672 22.236 0.000 0.000 1.000 -1.578e-01 -2.037e+00 -5.294e-01
-5.030 -8.268 17.681 22.187 0.000 0.000 1.000 -1.506e-01 -2.060e+00 -5.462e-01
-5.000 -8.277 17.690 22.135 0.000 0.000 1.000 -1.438e-01 -2.084e+00 -5.629e-01
-4.970 -8.283 17.698 22.081 0.000 0.000 1.000 -1.375e-01 -2.106e+00 -5.793e-01
-4.940 -8.280 17.706 22.023 0.000 0.000 1.000 -1.316e-01 -2.128e+00 -5.954e-01
-4.910 -8.312 17.712 21.961 0.000 0.000 1.000 -1.261e-01 -2.148e+00 -6.109e-01
-4.880 -8.290 17.719 21.895 0.000 0.000 1.000 -1.212e-01 -2.168e+00 -6.258e-01
-4.850 -8.310 17.724 21.826 0.000 0.000 1.000 -1.167e-01 -2.186e+00 -6.400e-01
-4.820 -8.300 17.729 21.751 0.000 0.000 1.000 -1.126e-01 -2.204e+00 -6.533e-01
-4.790 -8.318 17.734 21.672 0.000 0.000 1.000 -1.090e-01 -2.219e+00 -6.655e-01
-4.760 -8.313 17.738 21.588 0.000 0.000 1.000 -1.059e-01 -2.233e+00 -6.767e-01
-4.730 -8.329 17.741 21.498 0.000 0.000 1.000 -1.031e-01 -2.246e+00 -6.868e-01
-4.700 -8.327 17.744 21.401 0.000 0.000 1.000 -1.007e-01 -2.257e+00 -6.957e-01
-4.670 -8.340 17.747 21.299 0.000 0.000 1.000 -9.874e-02 -2.267e+00 -7.034e-01
-4.640 -8.341 17.749 21.189 0.000 0.000 1.000 -9.706e-02 -2.275e+00 -7.100e-01
-4.610 -8.336 17.751 21.071 0.000 0.000 1.000 -9.568e-02 -2.282e+00 -7.156e-01
-4.580 -8.326 17.752 20.945 0.000 0.000 1.000 -9.457e-02 -2.287e+00 -7.201e-01
-4.550 -8.334 17.753 20.810 0.000 0.000 1.000 -9.368e-02 -2.292e+00 -7.237e-01
-4.520 -8.335 17.754 20.665 0.000 0.000 1.000 -9.300e-02 -2.295e+00 -7.266e-01
-4.490 -8.317 17.755 20.511 0.000 0.000 1.000 -9.248e-02 -2.298e+00 -7.287e-01
-4.460 -8.335 17.755 20.345 0.000 0.000 1.000 -9.209e-02 -2.300e+00 -7.303e-01
-4.430 -8.332 17.755 20.168 0.000 0.000 1.000 -9.182e-02 -2.301e+00 -7.315e-01
-4.400 -8.345 17.756 19.978 0.000 0.000 1.000 -9.162e-02 -2.302e+00 -7.323e-01
-4.370 -8.336 17.756 19.774 0.000 0.000 1.000 -9.149e-02 -2.303e+00 -7.329e-01
-4.340 -8.330 17.756 19.556 0.000 0.000 1.000 -9.140e-02 -2.303e+00 -7.333e-01
-4.310 -8.338 17.756 19.322 0.000 0.000 1.000 -9.134e-02 -2.303e+00 -7.335e-01
-4.280 -8.347 17.756 19.072 0.000 0.000 1.000 -9.131e-02 -2.304e+00 -7.337e-01
-4.250 -8.344 17.756 18.804 0.000 0.000 1.000 -9.129e-02 -2.304e+00 -7.337e-01
-4.220 -8.334 17.756 18.516 0.000 0.000 1.000 -9.128e-02 -2.304e+00 -7.338e-01
-4.190 -8.347 17.756 18.209 0.000 0.000 1.000 -9.127e-02 -2.304e+00 -7.338e-01
-4.160 -8.320 17.756 17.878 0.000 0.000 1.000 -9.127e-02 -2.304e+00 -7.338e-01
-4.130 -8.327 17.756 17.525 0.000 0.000 1.000 -9.127e-02 -2.304e+00 -7.338e-01
-4.100 -8.335 17.756 17.146 0.000 0.000 1.000 -9.127e-02 -2.304e+00 -7.338e-01
-4.070 -8.343 17.756 16.740 0.000 0.000 1.000 -9.127e-02 -2.304e+00 -7.338e-01
-4.040 -8.325 17.756 16.305 0.000 0.000 1.000 -9.127e-02 -2.304e+00 -7.338e-01
-4.010 -8.342 17.756 15.838 0.000 0.000 1.000 -9.127e-02 -2.304e+00 -7.338e-01
-3.980 -8.323 17.756 15.339 0.000 0.000 1.000 -9.127e-02 -2.304e+00 -7.338e-01
-3.950 -8.337 17.756 14.803 0.000 0.000 1.000 -9.127e-02 -2.304e+00 -7.338e-01
-3.920 -8.336 17.756 14.230 0.000 0.000 1.000 -9.127e-02 -2.304e+00 -7.338e-01
-3.890 -8.331 17.756 13.616 0.000 0.000 1.000 -9.127e-02 -2.304e+00 -7.338e-01
-3.860 -8.340 17.756 12.958 0.000 0.000 1.000 -9.127e-02 -2.304e+00 -7.338e-01
-3.830 -8.495 17.756 12.253 0.000 0.000 1.000 -9.127e-02 -2.304e+00 -7.338e-01
-3.800 -8.280 17.756 11.497 0.333 0.000 1.000 -9.127e-02 -2.304e+00 -7.338e-01
-3.770 -8.184 17.756 10.704 0.333 0.000 1.000 -9.127e-02 -2.304e+00 -7.338e-01
-3.740 -7.767 17.756  9.928 0.333 0.000 1.000 -9.127e-02 -2.304e+00 -7.338e-01
-3.710 -7.516 17.756  9.161 0.333 0.000 1.000 -9.127e-02 -2.304e+00 -7.338e-01
-3.680 -6.862 17.756   -inf 0.667 0.000 1.000 -9.127e-02 -2.304e+00 -7.338e-01
-3.650 -6.707 17.756  8.047 0.667 0.000 1.000 -9.127e-02 -2.304e+00 -7.338e-01
-3.620 -6.861 17.756  8.047 0.667 0.000 1.000 -9.127e-02 -2.304e+00 -7.338e-01
-3.590 -7.458 17.756  8.047 0.333 0.000 1.000 -9.127e-02 -2.304e+00 -7.338e-01
-3.560 -7.216 17.756  8.047 0.333 0.000 1.000 -9.127e-02 -2.304e+00 -7.338e-01
-3.530 -7.227 17.756  8.047 0.333 0.000 1.000 -9.127e-02 -2.304e+00 -7.338e-01
-3.500 -7.477 17.756  8.047 0.333 0.000 1.000 -9.127e-02 -2.304e+00 -7.338e-01
-3.470 -7.384 17.756  8.047 0.333 0.000 1.000 -9.127e-02 -2.304e+00 -7.338e-01
-3.440 -7.220 17.756  8.047 0.333 0.000 1.000 -9.127e-02 -2.304e+00 -7.338e-01
-3.410 -7.202 17.756  8.348 0.333 0.000 1.000 -9.127e-02 -2.304e+00 -7.338e-01
-3.380 -7.218 17.756  8.047 0.333 0.000 1.000 -9.127e-02 -2.304e+00 -7.338e-01
-3.350 -7.241 17.756  8.047 0.333 0.000 1.000 -9.127e-02 -2.304e+00 -7.338e-01
-3.320 -7.487 17.756  8.348 0.333 0.000 1.000 -9.127e-02 -2.304e+00 -7.338e-01
-3.290 -7.235 17.756  8.047 0.333 0.000 1.000 -9.127e-02 -2.304e+00 -7.338e-01
-3.260 -7.323 17.756  8.047 0.333 0.000 1.000 -9.127e-02 -2.304e+00 -7.338e-01
-3.230 -7.244 17.756  8.348 0.333 0.000 1.000 -9.127e-02 -2.304e+00 -7.338e-01
-3.200 -7.219 17.756  8.348 0.333 0.000 1.000 -9.127e-02 -2.304e+00 -7.338e-01
-3.170 -7.467 17.756  8.047 0.333 0.000 1.000 -9.127e-02 -2.304e+00 -7.338e-01
-3.140 -7.273 17.756  8.348 0.333 0.000 1.000 -9.127e-02 -2.304e+00 -7.338e-01
-3.110 -7.222 17.756  8.047 0.333 0.000 1.000 -9.127e-02 -2.304e+00 -7.338e-01
-3.080 -7.221 17.756  8.047 0.333 0.000 1.000 -9.127e-02 -2.304e+00 -7.338e-01
-3.050 -7.233 17.756  8.047 0.333 0.000 1.000 -9.127e-02 -2.304e+00 -7.338e-01
-3.020 -7.407 17.756  8.047 0.333 0.000 1.000 -9.127e-02 -2.304e+00 -7.338e-01
-2.990 -7.382 17.756  8.348 0.333 0.000 1.000 -9.127e-02 -2.304e+00 -7.338e-01
-2.960 -7.530 17.756  8.047 0.333 0.000 1.000 -9.127e-02 -2.304e+00 -7.338e-01
-2.930 -7.512 17.756  8.047 0.333 0.000 1.000 -9.127e-02 -2.304e+00 -7.338e-01
-2.900 -7.223 17.756  8.047 0.333 0.000 1.000 -9.127e-02 -2.304e+00 -7.338e-01
-2.870 -7.405 17.756  8.348 0.333 0.000 1.000 -9.127e-02 -2.304e+00 -7.338e-01
-2.840 -7.504 17.756  8.047 0.333 0.000 1.000 -9.127e-02 -2.304e+00 -7.338e-01
-2.810 -7.419 17.756  8.047 0.333 0.000 1.000 -9.127e-02 -2.304e+00 -7.338e-01
-2.780 -7.226 17.756  8.047 0.333 0.000 1.000 -9.127e-02 -2.304e+00 -7.338e-01
-2.750 -7.225 17.756  8.047 0.333 0.000 1.000 -9.127e-02 -2.304e+00 -7.338e-01
-2.720 -7.412 17.756  8.348 0.333 0.000 1.000 -9.127e-02 -2.304e+00 -7.338e-01
-2.690 -7.530 17.756   -inf 0.333 0.000 1.000 -9.127e-02 -2.304e+00 -7.338e-01
-2.660 -7.232 17.756  8.047 0.333 0.000 1.000 -9.127e-02 -2.304e+00 -7.338e-01
-2.630 -7.224 17.756  8.047 0.333 0.000 1.000 -9.127e-02 -2.304e+00 -7.338e-01
-2.600 -7.512 17.756  8.047 0.333 0.000 1.000 -9.127e-02 -2.304e+00 -7.338e-01
-2.570 -7.546 17.756   -inf 0.333 0.000 1.000 -9.127e-02 -2.304e+00 -7.338e-01
-2.540 -7.472 17.756  8.047 0.333 0.000 1.000 -9.127e-02 -2.304e+00 -7.338e-01
-2.510 -7.231 17.756  8.047 0.333 0.000 1.000 -9.127e-02 -2.304e+00 -7.338e-01
-2.480 -7.242 17.756  8.047 0.333 0.000 1.000 -9.127e-02 -2.304e+00 -7.338e-01
-2.450 -7.222 17.756  8.047 0.333 0.000 1.000 -9.127e-02 -2.304e+00 -7.338e-01
-2.420 -7.251 17.756  8.047 0.333 0.000 1.000 -9.127e-02 -2.304e+00 -7.338e-01
-2.390 -7.406 17.756  8.047 0.333 0.000 1.000 -9.127e-02 -2.304e+00 -7.338e-01
-2.360 -7.236 17.756  8.047 0.333 0.000 1.000 -9.127e-02 -2.304e+00 -7.338e-01
-2.330 -7.214 17.756  8.047 0.333 0.000 1.000 -9.127e-02 -2.304e+00 -7.338e-01
-2.300 -7.241 17.756  8.047 0.333 0.000 1.000 -9.127e-02 -2.304e+00 -7.338e-01
-2.270 -7.382 17.756  8.047 0.333 0.000 1.000 -9.127e-02 -2.304e+00 -7.338e-01
-2.240 -7.450 17.756  8.348 0.333 0.000 1.000 -9.127e-02 -2.304e+00 -7.338e-01
-2.210 -7.529 17.756  8.348 0.333 0.000 1.000 -9.127e-02 -2.304e+00 -7.338e-01
-2.180 -7.374 17.756  8.047 0.333 0.000 1.000 -9.127e-02 -2.304e+00 -7.338e-01
-2.150 -7.235 17.756  8.047 0.333 0.000 1.000 -9.127e-02 -2.304e+00 -7.338e-01
-2.120 -7.502 17.756  8.348 0.333 0.000 1.000 -9.127e-02 -2.304e+00 -7.338e-01
-2.090 -7.453 17.756  8.348 0.333 0.000 1.000 -9.127e-02 -2.304e+00 -7.338e-01
-2.060 -7.229 17.756  8.047 0.333 0.000 1.000 -9.127e-02 -2.304e+00 -7.338e-01
-2.030 -7.475 17.756  8.348 0.333 0.000 1.000 -9.127e-02 -2.304e+00 -7.338e-01
-2.000 -7.241 17.756  8.047 0.333 0.000 1.000 -9.127e-02 -2.304e+00 -7.338e-01
