
#    t     dt   F+(4He)   F+(12C)   F+(16O)   F-(4He)   F-(12C)   F-(16O)   
-10.916 -11.846 8.631e+00 5.387e+00 6.976e+00 6.322e+00 8.912e+00 7.279e+00 8.629e+00 8.912e+00 6.980e+00
-10.862 -11.792 8.603e+00 5.390e+00 7.015e+00 6.391e+00 8.882e+00 7.266e+00 8.600e+00 8.882e+00 6.907e+00
-10.807 -11.738 8.572e+00 5.393e+00 7.053e+00 6.459e+00 8.849e+00 7.250e+00 8.569e+00 8.849e+00 6.814e+00
-10.753 -11.683 8.539e+00 5.396e+00 7.089e+00 6.524e+00 8.813e+00 7.234e+00 8.534e+00 8.813e+00 6.688e+00
-10.699 -11.629 8.503e+00 5.400e+00 7.123e+00 6.587e+00 8.774e+00 7.216e+00 8.497e+00 8.774e+00 6.504e+00
-10.645 -11.575 8.464e+00 5.405e+00 7.155e+00 6.648e+00 8.731e+00 7.197e+00 8.457e+00 8.731e+00 6.165e+00
-10.590 -11.521 8.423e+00 5.410e+00 7.186e+00 6.706e+00 8.685e+00 7.177e+00 8.414e+00 8.685e+00 5.474e+00
-10.536 -11.467 8.379e+00 5.415e+00 7.214e+00 6.762e+00 8.636e+00 7.155e+00 8.368e+00 8.635e+00 6.316e+00
-10.482 -11.412 8.332e+00 5.421e+00 7.240e+00 6.814e+00 8.582e+00 7.132e+00 8.319e+00 8.582e+00 6.584e+00
-10.428 -11.358 8.284e+00 5.428e+00 7.265e+00 6.864e+00 8.526e+00 7.108e+00 8.267e+00 8.525e+00 6.746e+00
-10.373 -11.304 8.233e+00 5.434e+00 7.287e+00 6.910e+00 8.465e+00 7.082e+00 8.212e+00 8.465e+00 6.861e+00
-10.319 -11.250 8.180e+00 5.441e+00 7.306e+00 6.952e+00 8.402e+00 7.056e+00 8.154e+00 8.401e+00 6.948e+00
-10.265 -11.195 8.127e+00 5.448e+00 7.324e+00 6.992e+00 8.334e+00 7.028e+00 8.094e+00 8.334e+00 7.017e+00
-10.211 -11.141 8.072e+00 5.455e+00 7.339e+00 7.028e+00 8.263e+00 7.000e+00 8.031e+00 8.263e+00 7.073e+00
-10.157 -11.087 8.017e+00 5.461e+00 7.352e+00 7.061e+00 8.189e+00 6.971e+00 7.966e+00 8.189e+00 7.118e+00
-10.102 -11.033 7.962e+00 5.468e+00 7.362e+00 7.091e+00 8.112e+00 6.942e+00 7.899e+00 8.111e+00 7.154e+00
-10.048 -10.978 7.907e+00 5.474e+00 7.370e+00 7.117e+00 8.032e+00 6.913e+00 7.831e+00 8.031e+00 7.183e+00
-9.994 -10.924 7.854e+00 5.480e+00 7.375e+00 7.140e+00 7.950e+00 6.884e+00 7.761e+00 7.948e+00 7.205e+00
-9.940 -10.870 7.802e+00 5.486e+00 7.377e+00 7.159e+00 7.864e+00 6.855e+00 7.690e+00 7.862e+00 7.222e+00
-9.885 -10.816 7.751e+00 5.491e+00 7.376e+00 7.176e+00 7.777e+00 6.826e+00 7.617e+00 7.774e+00 7.232e+00
-9.831 -10.762 7.703e+00 5.496e+00 7.372e+00 7.189e+00 7.687e+00 6.798e+00 7.544e+00 7.684e+00 7.238e+00
-9.777 -10.707 7.655e+00 5.500e+00 7.365e+00 7.199e+00 7.595e+00 6.772e+00 7.469e+00 7.592e+00 7.238e+00
-9.723 -10.653 7.609e+00 5.503e+00 7.355e+00 7.205e+00 7.502e+00 6.746e+00 7.391e+00 7.498e+00 7.232e+00
-9.669 -10.599 7.564e+00 5.506e+00 7.341e+00 7.208e+00 7.407e+00 6.722e+00 7.312e+00 7.402e+00 7.221e+00
-9.614 -10.545 7.519e+00 5.508e+00 7.322e+00 7.208e+00 7.311e+00 6.699e+00 7.228e+00 7.304e+00 7.204e+00
-9.560 -10.490 7.474e+00 5.509e+00 7.299e+00 7.204e+00 7.214e+00 6.678e+00 7.140e+00 7.205e+00 7.180e+00
-9.506 -10.436 7.428e+00 5.510e+00 7.271e+00 7.197e+00 7.116e+00 6.658e+00 7.044e+00 7.105e+00 7.150e+00
-9.452 -10.382 7.380e+00 5.510e+00 7.238e+00 7.186e+00 7.017e+00 6.640e+00 6.936e+00 7.004e+00 7.111e+00
-9.397 -10.328 7.329e+00 5.509e+00 7.198e+00 7.171e+00 6.918e+00 6.623e+00 6.813e+00 6.901e+00 7.063e+00
-9.343 -10.274 7.274e+00 5.507e+00 7.151e+00 7.152e+00 6.819e+00 6.608e+00 6.662e+00 6.797e+00 7.005e+00
-9.289 -10.219 7.214e+00 5.505e+00 7.097e+00 7.130e+00 6.719e+00 6.594e+00 6.463e+00 6.691e+00 6.934e+00
-9.235 -10.165 7.150e+00 5.502e+00 7.035e+00 7.104e+00 6.619e+00 6.581e+00 6.152e+00 6.585e+00 6.847e+00
-9.180 -10.111 7.079e+00 5.499e+00 6.964e+00 7.074e+00 6.520e+00 6.568e+00 5.095e+00 6.476e+00 6.741e+00
-9.126 -10.057 7.002e+00 5.495e+00 6.884e+00 7.043e+00 6.420e+00 6.555e+00 5.993e+00 6.366e+00 6.608e+00
-9.072 -10.002 6.919e+00 5.492e+00 6.794e+00 7.009e+00 6.322e+00 6.543e+00 6.280e+00 6.253e+00 6.436e+00
-9.018 -9.948 6.832e+00 5.488e+00 6.694e+00 6.975e+00 6.225e+00 6.530e+00 6.422e+00 6.137e+00 6.193e+00
-8.964 -9.894 6.741e+00 5.484e+00 6.587e+00 6.940e+00 6.129e+00 6.516e+00 6.506e+00 6.018e+00 5.768e+00
-8.909 -9.840 6.651e+00 5.480e+00 6.476e+00 6.906e+00 6.036e+00 6.501e+00 6.555e+00 5.894e+00 5.253e+00
-8.855 -9.785 6.565e+00 5.476e+00 6.365e+00 6.874e+00 5.945e+00 6.485e+00 6.581e+00 5.765e+00 5.869e+00
-8.801 -9.731 6.490e+00 5.472e+00 6.262e+00 6.844e+00 5.859e+00 6.468e+00 6.590e+00 5.629e+00 6.047e+00
-8.747 -9.677 6.428e+00 5.468e+00 6.173e+00 6.814e+00 5.778e+00 6.450e+00 6.584e+00 5.486e+00 6.125e+00
-8.692 -9.623 6.382e+00 5.464e+00 6.103e+00 6.785e+00 5.704e+00 6.432e+00 6.567e+00 5.333e+00 6.156e+00
-8.638 -9.569 6.350e+00 5.460e+00 6.052e+00 6.756e+00 5.639e+00 6.412e+00 6.540e+00 5.167e+00 6.162e+00
-8.584 -9.514 6.329e+00 5.455e+00 6.015e+00 6.726e+00 5.582e+00 6.391e+00 6.504e+00 4.988e+00 6.154e+00
-8.530 -9.460 6.315e+00 5.450e+00 5.987e+00 6.695e+00 5.536e+00 6.371e+00 6.460e+00 4.791e+00 6.139e+00
-8.475 -9.406 6.306e+00 5.444e+00 5.961e+00 6.661e+00 5.499e+00 6.349e+00 6.409e+00 4.574e+00 6.120e+00
-8.429 -9.425 6.299e+00 5.438e+00 5.936e+00 6.627e+00 5.471e+00 6.327e+00 6.351e+00 4.335e+00 6.100e+00
-8.382 -9.370 6.295e+00 5.432e+00 5.912e+00 6.594e+00 5.452e+00 6.306e+00 6.290e+00 4.101e+00 6.081e+00
-8.344 -9.420 6.291e+00 5.426e+00 5.890e+00 6.563e+00 5.439e+00 6.287e+00 6.229e+00 3.884e+00 6.064e+00
-8.305 -9.366 6.289e+00 5.421e+00 5.869e+00 6.535e+00 5.429e+00 6.269e+00 6.171e+00 3.707e+00 6.048e+00
-8.270 -9.385 6.287e+00 5.415e+00 5.849e+00 6.510e+00 5.421e+00 6.252e+00 6.113e+00 3.561e+00 6.034e+00
-8.239 -9.404 6.286e+00 5.409e+00 5.829e+00 6.486e+00 5.414e+00 6.236e+00 6.053e+00 3.448e+00 6.020e+00
-8.207 -9.349 6.284e+00 5.403e+00 5.812e+00 6.465e+00 5.408e+00 6.221e+00 5.997e+00 3.377e+00 6.007e+00
-8.178 -9.368 6.283e+00 5.398e+00 5.795e+00 6.446e+00 5.402e+00 6.207e+00 5.942e+00 3.330e+00 5.995e+00
-8.152 -9.387 6.281e+00 5.392e+00 5.778e+00 6.428e+00 5.396e+00 6.193e+00 5.884e+00 3.300e+00 5.982e+00
-8.124 -9.333 6.280e+00 5.387e+00 5.763e+00 6.412e+00 5.390e+00 6.181e+00 5.831e+00 3.282e+00 5.971e+00
-8.101 -9.383 6.278e+00 5.381e+00 5.749e+00 6.398e+00 5.385e+00 6.168e+00 5.778e+00 3.270e+00 5.960e+00
-8.076 -9.328 6.277e+00 5.376e+00 5.735e+00 6.385e+00 5.379e+00 6.157e+00 5.728e+00 3.263e+00 5.950e+00
-8.055 -9.379 6.275e+00 5.371e+00 5.722e+00 6.373e+00 5.374e+00 6.146e+00 5.678e+00 3.257e+00 5.940e+00
-8.032 -9.324 6.274e+00 5.365e+00 5.711e+00 6.363e+00 5.369e+00 6.135e+00 5.630e+00 3.253e+00 5.930e+00
-8.013 -9.375 6.273e+00 5.360e+00 5.699e+00 6.353e+00 5.363e+00 6.125e+00 5.582e+00 3.249e+00 5.920e+00
-7.992 -9.320 6.271e+00 5.355e+00 5.688e+00 6.345e+00 5.358e+00 6.115e+00 5.537e+00 3.246e+00 5.911e+00
-7.974 -9.371 6.270e+00 5.350e+00 5.677e+00 6.337e+00 5.353e+00 6.105e+00 5.492e+00 3.244e+00 5.902e+00
-7.955 -9.316 6.269e+00 5.345e+00 5.668e+00 6.330e+00 5.348e+00 6.096e+00 5.450e+00 3.241e+00 5.893e+00
-7.938 -9.367 6.267e+00 5.339e+00 5.658e+00 6.324e+00 5.343e+00 6.087e+00 5.407e+00 3.239e+00 5.884e+00
-7.920 -9.312 6.266e+00 5.334e+00 5.649e+00 6.318e+00 5.338e+00 6.078e+00 5.367e+00 3.237e+00 5.875e+00
-7.905 -9.363 6.265e+00 5.329e+00 5.640e+00 6.312e+00 5.333e+00 6.069e+00 5.327e+00 3.234e+00 5.867e+00
-7.888 -9.308 6.264e+00 5.324e+00 5.631e+00 6.308e+00 5.328e+00 6.061e+00 5.290e+00 3.232e+00 5.858e+00
-7.873 -9.358 6.263e+00 5.319e+00 5.623e+00 6.303e+00 5.323e+00 6.052e+00 5.252e+00 3.230e+00 5.850e+00
-7.858 -9.304 6.261e+00 5.314e+00 5.615e+00 6.299e+00 5.318e+00 6.044e+00 5.217e+00 3.228e+00 5.842e+00
-7.844 -9.354 6.260e+00 5.309e+00 5.607e+00 6.295e+00 5.313e+00 6.036e+00 5.182e+00 3.226e+00 5.833e+00
-7.829 -9.300 6.259e+00 5.304e+00 5.600e+00 6.292e+00 5.308e+00 6.028e+00 5.150e+00 3.224e+00 5.825e+00
-7.816 -9.350 6.258e+00 5.299e+00 5.592e+00 6.288e+00 5.303e+00 6.020e+00 5.117e+00 3.222e+00 5.817e+00
-7.802 -9.296 6.257e+00 5.294e+00 5.585e+00 6.285e+00 5.298e+00 6.013e+00 5.086e+00 3.219e+00 5.809e+00
-7.790 -9.346 6.256e+00 5.289e+00 5.578e+00 6.283e+00 5.293e+00 6.005e+00 5.056e+00 3.217e+00 5.801e+00
-7.778 -9.365 6.255e+00 5.284e+00 5.571e+00 6.280e+00 5.288e+00 5.998e+00 5.027e+00 3.215e+00 5.794e+00
-7.766 -9.311 6.254e+00 5.280e+00 5.565e+00 6.278e+00 5.284e+00 5.991e+00 5.001e+00 3.213e+00 5.786e+00
-7.755 -9.361 6.253e+00 5.275e+00 5.558e+00 6.276e+00 5.279e+00 5.983e+00 4.974e+00 3.211e+00 5.779e+00
-7.743 -9.307 6.253e+00 5.271e+00 5.552e+00 6.274e+00 5.274e+00 5.977e+00 4.949e+00 3.209e+00 5.771e+00
-7.733 -9.357 6.252e+00 5.266e+00 5.546e+00 6.272e+00 5.270e+00 5.970e+00 4.924e+00 3.207e+00 5.764e+00
-7.721 -9.303 6.251e+00 5.261e+00 5.540e+00 6.270e+00 5.265e+00 5.963e+00 4.901e+00 3.206e+00 5.757e+00
-7.711 -9.353 6.250e+00 5.256e+00 5.534e+00 6.268e+00 5.260e+00 5.956e+00 4.877e+00 3.204e+00 5.749e+00
-7.700 -9.299 6.249e+00 5.252e+00 5.528e+00 6.267e+00 5.256e+00 5.949e+00 4.855e+00 3.202e+00 5.742e+00
-7.690 -9.349 6.249e+00 5.247e+00 5.522e+00 6.265e+00 5.251e+00 5.943e+00 4.833e+00 3.200e+00 5.735e+00
-7.680 -9.295 6.248e+00 5.243e+00 5.517e+00 6.264e+00 5.247e+00 5.936e+00 4.812e+00 3.198e+00 5.728e+00
-7.670 -9.345 6.247e+00 5.238e+00 5.511e+00 6.262e+00 5.242e+00 5.929e+00 4.790e+00 3.196e+00 5.721e+00
-7.660 -9.291 6.247e+00 5.233e+00 5.505e+00 6.261e+00 5.237e+00 5.923e+00 4.770e+00 3.194e+00 5.714e+00
-7.651 -9.341 6.246e+00 5.229e+00 5.500e+00 6.260e+00 5.233e+00 5.916e+00 4.750e+00 3.192e+00 5.706e+00
-7.643 -9.360 6.245e+00 5.224e+00 5.494e+00 6.259e+00 5.228e+00 5.910e+00 4.731e+00 3.190e+00 5.699e+00
-7.633 -9.305 6.245e+00 5.220e+00 5.489e+00 6.257e+00 5.224e+00 5.904e+00 4.713e+00 3.188e+00 5.693e+00
-7.625 -9.356 6.244e+00 5.215e+00 5.484e+00 6.256e+00 5.219e+00 5.898e+00 4.694e+00 3.186e+00 5.686e+00
-7.616 -9.301 6.244e+00 5.211e+00 5.479e+00 6.255e+00 5.215e+00 5.892e+00 4.677e+00 3.184e+00 5.679e+00
-7.608 -9.351 6.243e+00 5.207e+00 5.473e+00 6.255e+00 5.211e+00 5.885e+00 4.659e+00 3.182e+00 5.673e+00
-7.599 -9.297 6.243e+00 5.202e+00 5.468e+00 6.254e+00 5.206e+00 5.879e+00 4.643e+00 3.181e+00 5.666e+00
-7.592 -9.347 6.242e+00 5.198e+00 5.463e+00 6.253e+00 5.202e+00 5.873e+00 4.626e+00 3.179e+00 5.659e+00
-7.583 -9.293 6.242e+00 5.194e+00 5.458e+00 6.252e+00 5.198e+00 5.867e+00 4.609e+00 3.177e+00 5.653e+00
-7.576 -9.343 6.241e+00 5.189e+00 5.453e+00 6.251e+00 5.193e+00 5.861e+00 4.593e+00 3.175e+00 5.646e+00
-7.567 -9.289 6.241e+00 5.185e+00 5.448e+00 6.250e+00 5.189e+00 5.855e+00 4.577e+00 3.173e+00 5.639e+00
-7.560 -9.339 6.241e+00 5.180e+00 5.443e+00 6.250e+00 5.185e+00 5.849e+00 4.561e+00 3.171e+00 5.633e+00
-7.553 -9.358 6.240e+00 5.176e+00 5.439e+00 6.249e+00 5.180e+00 5.844e+00 4.545e+00 3.169e+00 5.626e+00
-7.546 -9.304 6.240e+00 5.172e+00 5.434e+00 6.248e+00 5.176e+00 5.838e+00 4.530e+00 3.168e+00 5.620e+00
-7.539 -9.354 6.239e+00 5.168e+00 5.429e+00 6.248e+00 5.172e+00 5.832e+00 4.516e+00 3.166e+00 5.614e+00
-7.531 -9.300 6.239e+00 5.164e+00 5.425e+00 6.247e+00 5.168e+00 5.827e+00 4.501e+00 3.164e+00 5.608e+00
-7.525 -9.350 6.239e+00 5.160e+00 5.420e+00 6.246e+00 5.164e+00 5.821e+00 4.487e+00 3.162e+00 5.601e+00
-7.518 -9.296 6.238e+00 5.155e+00 5.416e+00 6.246e+00 5.160e+00 5.816e+00 4.473e+00 3.161e+00 5.595e+00
-7.511 -9.346 6.238e+00 5.151e+00 5.411e+00 6.245e+00 5.156e+00 5.810e+00 4.458e+00 3.159e+00 5.589e+00
-7.504 -9.292 6.238e+00 5.147e+00 5.406e+00 6.245e+00 5.152e+00 5.805e+00 4.445e+00 3.157e+00 5.583e+00
-7.498 -9.342 6.238e+00 5.143e+00 5.402e+00 6.244e+00 5.147e+00 5.799e+00 4.431e+00 3.155e+00 5.577e+00
-7.491 -9.288 6.237e+00 5.139e+00 5.397e+00 6.244e+00 5.143e+00 5.794e+00 4.417e+00 3.153e+00 5.571e+00
-7.485 -9.338 6.237e+00 5.135e+00 5.393e+00 6.243e+00 5.139e+00 5.788e+00 4.403e+00 3.152e+00 5.564e+00
-7.479 -9.357 6.237e+00 5.131e+00 5.388e+00 6.243e+00 5.135e+00 5.783e+00 4.390e+00 3.150e+00 5.558e+00
-7.472 -9.302 6.236e+00 5.127e+00 5.384e+00 6.242e+00 5.131e+00 5.777e+00 4.377e+00 3.148e+00 5.552e+00
-7.467 -9.353 6.236e+00 5.123e+00 5.380e+00 6.242e+00 5.127e+00 5.772e+00 4.364e+00 3.146e+00 5.547e+00
-7.460 -9.298 6.236e+00 5.119e+00 5.376e+00 6.242e+00 5.123e+00 5.767e+00 4.352e+00 3.145e+00 5.541e+00
-7.455 -9.349 6.236e+00 5.115e+00 5.371e+00 6.241e+00 5.119e+00 5.762e+00 4.339e+00 3.143e+00 5.535e+00
-7.449 -9.294 6.235e+00 5.111e+00 5.367e+00 6.241e+00 5.115e+00 5.757e+00 4.327e+00 3.141e+00 5.529e+00
-7.443 -9.344 6.235e+00 5.107e+00 5.363e+00 6.240e+00 5.111e+00 5.751e+00 4.314e+00 3.139e+00 5.523e+00
-7.437 -9.290 6.235e+00 5.103e+00 5.359e+00 6.240e+00 5.108e+00 5.746e+00 4.302e+00 3.138e+00 5.517e+00
-7.425 -9.286 6.235e+00 5.095e+00 5.350e+00 6.239e+00 5.100e+00 5.736e+00 4.278e+00 3.134e+00 5.506e+00
-7.399 -9.297 6.234e+00 5.076e+00 5.330e+00 6.238e+00 5.081e+00 5.711e+00 4.219e+00 3.126e+00 5.478e+00
-7.369 -9.285 6.233e+00 5.053e+00 5.306e+00 6.236e+00 5.058e+00 5.682e+00 4.152e+00 3.116e+00 5.445e+00
-7.336 -9.291 6.232e+00 5.027e+00 5.280e+00 6.235e+00 5.032e+00 5.649e+00 4.079e+00 3.104e+00 5.407e+00
-7.310 -9.352 6.231e+00 5.005e+00 5.257e+00 6.234e+00 5.010e+00 5.622e+00 4.018e+00 3.094e+00 5.376e+00
-7.277 -9.336 6.231e+00 4.977e+00 5.229e+00 6.233e+00 4.983e+00 5.587e+00 3.942e+00 3.081e+00 5.336e+00
-7.247 -9.288 6.230e+00 4.950e+00 5.201e+00 6.232e+00 4.956e+00 5.553e+00 3.871e+00 3.069e+00 5.298e+00
-7.219 -9.345 6.230e+00 4.923e+00 5.175e+00 6.231e+00 4.929e+00 5.520e+00 3.803e+00 3.056e+00 5.260e+00
-7.188 -9.348 6.229e+00 4.894e+00 5.145e+00 6.231e+00 4.900e+00 5.485e+00 3.731e+00 3.042e+00 5.219e+00
-7.157 -9.296 6.229e+00 4.862e+00 5.114e+00 6.230e+00 4.868e+00 5.447e+00 3.656e+00 3.027e+00 5.175e+00
-7.129 -9.349 6.229e+00 4.831e+00 5.084e+00 6.230e+00 4.838e+00 5.410e+00 3.585e+00 3.013e+00 5.133e+00
-7.099 -9.347 6.228e+00 4.798e+00 5.051e+00 6.229e+00 4.805e+00 5.371e+00 3.512e+00 2.996e+00 5.087e+00
-7.068 -9.292 6.228e+00 4.763e+00 5.017e+00 6.229e+00 4.770e+00 5.330e+00 3.438e+00 2.979e+00 5.040e+00
-7.038 -9.286 6.228e+00 4.726e+00 4.981e+00 6.229e+00 4.734e+00 5.287e+00 3.363e+00 2.961e+00 4.990e+00
-7.009 -9.353 6.228e+00 4.690e+00 4.946e+00 6.228e+00 4.698e+00 5.245e+00 3.294e+00 2.943e+00 4.942e+00
-6.978 -9.344 6.228e+00 4.650e+00 4.908e+00 6.228e+00 4.658e+00 5.199e+00 3.220e+00 2.922e+00 4.889e+00
-6.949 -9.334 6.228e+00 4.611e+00 4.870e+00 6.228e+00 4.620e+00 5.155e+00 3.152e+00 2.902e+00 4.837e+00
-6.919 -9.289 6.228e+00 4.568e+00 4.828e+00 6.228e+00 4.577e+00 5.106e+00 3.083e+00 2.880e+00 4.781e+00
-6.889 -9.294 6.227e+00 4.524e+00 4.786e+00 6.228e+00 4.533e+00 5.057e+00 3.015e+00 2.857e+00 4.724e+00
-6.859 -9.318 6.227e+00 4.479e+00 4.742e+00 6.228e+00 4.489e+00 5.006e+00 2.951e+00 2.832e+00 4.665e+00
-6.830 -9.288 6.227e+00 4.433e+00 4.698e+00 6.227e+00 4.443e+00 4.955e+00 2.889e+00 2.807e+00 4.605e+00
-6.800 -9.285 6.227e+00 4.384e+00 4.651e+00 6.227e+00 4.394e+00 4.901e+00 2.825e+00 2.781e+00 4.543e+00
-6.769 -9.351 6.227e+00 4.332e+00 4.601e+00 6.227e+00 4.343e+00 4.844e+00 2.761e+00 2.752e+00 4.476e+00
-6.739 -9.289 6.227e+00 4.280e+00 4.551e+00 6.227e+00 4.291e+00 4.787e+00 2.697e+00 2.722e+00 4.410e+00
-6.710 -9.297 6.226e+00 4.225e+00 4.499e+00 6.226e+00 4.237e+00 4.728e+00 2.629e+00 2.691e+00 4.341e+00
-6.679 -9.332 6.226e+00 4.168e+00 4.445e+00 6.226e+00 4.181e+00 4.667e+00 2.554e+00 2.659e+00 4.269e+00
-6.650 -9.332 6.226e+00 4.109e+00 4.390e+00 6.226e+00 4.123e+00 4.604e+00 2.469e+00 2.624e+00 4.196e+00
-6.620 -9.296 6.226e+00 4.049e+00 4.333e+00 6.226e+00 4.064e+00 4.540e+00 2.368e+00 2.588e+00 4.120e+00
-6.589 -9.337 6.225e+00 3.986e+00 4.273e+00 6.225e+00 4.001e+00 4.473e+00 2.235e+00 2.550e+00 4.040e+00
-6.560 -9.344 6.225e+00 3.921e+00 4.212e+00 6.225e+00 3.938e+00 4.405e+00 2.048e+00 2.510e+00 3.959e+00
-6.529 -9.291 6.225e+00 3.855e+00 4.150e+00 6.225e+00 3.872e+00 4.335e+00 1.710e+00 2.467e+00 3.875e+00
-6.499 -9.286 6.225e+00 3.786e+00 4.086e+00 6.225e+00 3.804e+00 4.263e+00 9.276e-01 2.422e+00 3.787e+00
-6.469 -9.294 6.224e+00 3.716e+00 4.022e+00 6.224e+00 3.735e+00 4.190e+00 1.828e+00 2.375e+00 3.697e+00
-6.440 -9.349 6.224e+00 3.644e+00 3.957e+00 6.224e+00 3.665e+00 4.116e+00 2.095e+00 2.325e+00 3.604e+00
-6.410 -9.291 6.224e+00 3.572e+00 3.891e+00 6.224e+00 3.593e+00 4.041e+00 2.255e+00 2.272e+00 3.506e+00
-6.380 -9.290 6.224e+00 3.499e+00 3.826e+00 6.224e+00 3.521e+00 3.966e+00 2.364e+00 2.215e+00 3.407e+00
-6.350 -9.289 6.224e+00 3.425e+00 3.762e+00 6.224e+00 3.448e+00 3.891e+00 2.448e+00 2.154e+00 3.302e+00
-6.320 -9.280 6.224e+00 3.353e+00 3.699e+00 6.224e+00 3.376e+00 3.817e+00 2.512e+00 2.088e+00 3.193e+00
-6.290 -9.282 6.225e+00 3.282e+00 3.638e+00 6.224e+00 3.305e+00 3.744e+00 2.562e+00 2.018e+00 3.080e+00
-6.260 -9.344 6.225e+00 3.212e+00 3.580e+00 6.225e+00 3.235e+00 3.673e+00 2.601e+00 1.940e+00 2.960e+00
-6.230 -9.294 6.225e+00 3.147e+00 3.527e+00 6.225e+00 3.169e+00 3.608e+00 2.632e+00 1.857e+00 2.838e+00
-6.200 -9.282 6.226e+00 3.086e+00 3.478e+00 6.226e+00 3.107e+00 3.546e+00 2.655e+00 1.765e+00 2.710e+00
-6.170 -9.331 6.226e+00 3.031e+00 3.435e+00 6.226e+00 3.050e+00 3.491e+00 2.673e+00 1.666e+00 2.576e+00
-6.140 -9.337 6.227e+00 2.983e+00 3.398e+00 6.227e+00 2.999e+00 3.443e+00 2.686e+00 1.558e+00 2.438e+00
-6.110 -9.255 6.227e+00 2.942e+00 3.367e+00 6.227e+00 2.955e+00 3.402e+00 2.692e+00 1.440e+00 2.292e+00
-6.080 -9.250 6.228e+00 2.905e+00 3.340e+00 6.228e+00 2.916e+00 3.366e+00 2.700e+00 1.307e+00 2.137e+00
-6.050 -9.254 6.229e+00 2.877e+00 3.318e+00 6.229e+00 2.885e+00 3.338e+00 2.699e+00 1.170e+00 1.981e+00
-6.020 -9.262 6.230e+00 2.854e+00 3.302e+00 6.230e+00 2.861e+00 3.316e+00 2.699e+00 1.033e+00 1.830e+00
-5.990 -9.214 6.231e+00 2.837e+00 3.289e+00 6.231e+00 2.842e+00 3.300e+00 2.699e+00 8.960e-01 1.682e+00
-5.960 -9.222 6.232e+00 2.823e+00 3.279e+00 6.232e+00 2.826e+00 3.287e+00 2.696e+00 7.632e-01 1.541e+00
-5.930 -9.213 6.233e+00 2.811e+00 3.271e+00 6.233e+00 2.814e+00 3.277e+00 2.691e+00 6.415e-01 1.414e+00
-5.900 -9.257 6.234e+00 2.802e+00 3.264e+00 6.234e+00 2.804e+00 3.269e+00 2.686e+00 5.368e-01 1.305e+00
-5.870 -9.258 6.235e+00 2.793e+00 3.258e+00 6.235e+00 2.795e+00 3.262e+00 2.679e+00 4.531e-01 1.218e+00
-5.840 -9.278 6.236e+00 2.786e+00 3.253e+00 6.236e+00 2.788e+00 3.256e+00 2.673e+00 3.898e-01 1.152e+00
-5.810 -9.262 6.237e+00 2.779e+00 3.247e+00 6.237e+00 2.780e+00 3.250e+00 2.665e+00 3.444e-01 1.103e+00
-5.780 -9.223 6.238e+00 2.772e+00 3.242e+00 6.238e+00 2.773e+00 3.245e+00 2.657e+00 3.122e-01 1.068e+00
-5.750 -9.257 6.240e+00 2.764e+00 3.237e+00 6.240e+00 2.766e+00 3.240e+00 2.649e+00 2.883e-01 1.040e+00
-5.720 -9.209 6.241e+00 2.757e+00 3.231e+00 6.241e+00 2.758e+00 3.234e+00 2.640e+00 2.692e-01 1.017e+00
-5.690 -9.214 6.242e+00 2.749e+00 3.226e+00 6.242e+00 2.751e+00 3.228e+00 2.631e+00 2.524e-01 9.966e-01
-5.660 -9.215 6.244e+00 2.741e+00 3.220e+00 6.244e+00 2.743e+00 3.223e+00 2.621e+00 2.366e-01 9.766e-01
-5.630 -9.209 6.245e+00 2.733e+00 3.214e+00 6.245e+00 2.734e+00 3.216e+00 2.611e+00 2.208e-01 9.562e-01
-5.600 -9.206 6.247e+00 2.724e+00 3.208e+00 6.247e+00 2.725e+00 3.210e+00 2.601e+00 2.047e-01 9.355e-01
-5.570 -9.212 6.248e+00 2.715e+00 3.201e+00 6.248e+00 2.716e+00 3.203e+00 2.590e+00 1.880e-01 9.140e-01
-5.540 -9.213 6.250e+00 2.705e+00 3.194e+00 6.250e+00 2.707e+00 3.196e+00 2.578e+00 1.706e-01 8.916e-01
-5.510 -9.209 6.251e+00 2.696e+00 3.187e+00 6.251e+00 2.697e+00 3.189e+00 2.566e+00 1.526e-01 8.684e-01
-5.480 -9.275 6.253e+00 2.685e+00 3.179e+00 6.253e+00 2.687e+00 3.181e+00 2.551e+00 1.338e-01 8.441e-01
-5.450 -9.276 6.255e+00 2.675e+00 3.172e+00 6.255e+00 2.676e+00 3.174e+00 2.541e+00 1.143e-01 8.192e-01
-5.420 -9.268 6.256e+00 2.664e+00 3.164e+00 6.256e+00 2.665e+00 3.165e+00 2.527e+00 9.403e-02 7.934e-01
-5.390 -9.259 6.258e+00 2.653e+00 3.155e+00 6.258e+00 2.654e+00 3.157e+00 2.513e+00 7.306e-02 7.665e-01
-5.360 -9.264 6.260e+00 2.641e+00 3.147e+00 6.260e+00 2.642e+00 3.148e+00 2.498e+00 5.128e-02 7.387e-01
-5.330 -9.257 6.261e+00 2.629e+00 3.138e+00 6.261e+00 2.630e+00 3.139e+00 2.483e+00 2.878e-02 7.100e-01
-5.300 -9.212 6.263e+00 2.616e+00 3.128e+00 6.263e+00 2.617e+00 3.130e+00 2.467e+00 5.500e-03 6.805e-01
-5.270 -9.259 6.265e+00 2.603e+00 3.119e+00 6.265e+00 2.604e+00 3.120e+00 2.451e+00 -1.858e-02 6.499e-01
-5.240 -9.206 6.266e+00 2.590e+00 3.109e+00 6.266e+00 2.591e+00 3.110e+00 2.434e+00 -4.338e-02 6.186e-01
-5.210 -9.262 6.268e+00 2.577e+00 3.099e+00 6.268e+00 2.578e+00 3.100e+00 2.417e+00 -6.899e-02 5.863e-01
-5.180 -9.215 6.270e+00 2.563e+00 3.089e+00 6.270e+00 2.564e+00 3.090e+00 2.399e+00 -9.535e-02 5.532e-01
-5.150 -9.210 6.271e+00 2.548e+00 3.078e+00 6.271e+00 2.549e+00 3.079e+00 2.381e+00 -1.225e-01 5.190e-01
-5.120 -9.263 6.273e+00 2.534e+00 3.067e+00 6.273e+00 2.535e+00 3.068e+00 2.362e+00 -1.505e-01 4.841e-01
-5.090 -9.271 6.275e+00 2.519e+00 3.056e+00 6.275e+00 2.520e+00 3.057e+00 2.342e+00 -1.792e-01 4.484e-01
-5.060 -9.275 6.276e+00 2.504e+00 3.045e+00 6.276e+00 2.505e+00 3.046e+00 2.322e+00 -2.087e-01 4.117e-01
-5.030 -9.217 6.278e+00 2.488e+00 3.033e+00 6.278e+00 2.489e+00 3.034e+00 2.301e+00 -2.389e-01 3.744e-01
-5.000 -9.258 6.279e+00 2.472e+00 3.021e+00 6.279e+00 2.473e+00 3.022e+00 2.280e+00 -2.699e-01 3.360e-01
-4.970 -9.256 6.281e+00 2.456e+00 3.009e+00 6.281e+00 2.457e+00 3.010e+00 2.258e+00 -3.017e-01 2.969e-01
-4.940 -9.219 6.282e+00 2.440e+00 2.997e+00 6.282e+00 2.441e+00 2.997e+00 2.236e+00 -3.343e-01 2.573e-01
-4.910 -9.268 6.283e+00 2.424e+00 2.984e+00 6.283e+00 2.424e+00 2.985e+00 2.213e+00 -3.676e-01 2.167e-01
-4.880 -9.265 6.285e+00 2.407e+00 2.971e+00 6.285e+00 2.407e+00 2.972e+00 2.189e+00 -4.017e-01 1.754e-01
-4.850 -9.214 6.286e+00 2.390e+00 2.958e+00 6.286e+00 2.390e+00 2.959e+00 2.165e+00 -4.366e-01 1.334e-01
-4.820 -9.206 6.287e+00 2.373e+00 2.945e+00 6.287e+00 2.373e+00 2.946e+00 2.140e+00 -4.723e-01 9.057e-02
-4.790 -9.275 6.288e+00 2.355e+00 2.932e+00 6.288e+00 2.356e+00 2.932e+00 2.115e+00 -5.088e-01 4.706e-02
-4.760 -9.277 6.289e+00 2.338e+00 2.918e+00 6.289e+00 2.338e+00 2.919e+00 2.088e+00 -5.461e-01 2.905e-03
-4.730 -9.275 6.290e+00 2.320e+00 2.905e+00 6.290e+00 2.321e+00 2.905e+00 2.062e+00 -5.842e-01 -4.199e-02
-4.700 -9.261 6.291e+00 2.303e+00 2.891e+00 6.291e+00 2.303e+00 2.892e+00 2.034e+00 -6.231e-01 -8.752e-02
-4.670 -9.272 6.292e+00 2.285e+00 2.878e+00 6.292e+00 2.285e+00 2.878e+00 2.006e+00 -6.629e-01 -1.337e-01
-4.640 -9.224 6.292e+00 2.267e+00 2.864e+00 6.292e+00 2.268e+00 2.864e+00 1.977e+00 -7.035e-01 -1.806e-01
-4.610 -9.265 6.293e+00 2.249e+00 2.850e+00 6.293e+00 2.250e+00 2.850e+00 1.946e+00 -7.450e-01 -2.283e-01
-4.580 -9.265 6.293e+00 2.231e+00 2.836e+00 6.293e+00 2.232e+00 2.836e+00 1.915e+00 -7.874e-01 -2.766e-01
-4.550 -9.258 6.293e+00 2.214e+00 2.822e+00 6.293e+00 2.214e+00 2.822e+00 1.883e+00 -8.307e-01 -3.258e-01
-4.520 -9.271 6.294e+00 2.196e+00 2.808e+00 6.294e+00 2.196e+00 2.808e+00 1.851e+00 -8.750e-01 -3.754e-01
-4.490 -9.210 6.294e+00 2.178e+00 2.794e+00 6.294e+00 2.179e+00 2.794e+00 1.816e+00 -9.203e-01 -4.259e-01
-4.460 -9.207 6.294e+00 2.161e+00 2.780e+00 6.294e+00 2.161e+00 2.781e+00 1.781e+00 -9.666e-01 -4.772e-01
-4.430 -9.258 6.294e+00 2.144e+00 2.767e+00 6.294e+00 2.144e+00 2.767e+00 1.745e+00 -1.014e+00 -5.293e-01
-4.400 -9.274 6.293e+00 2.126e+00 2.753e+00 6.293e+00 2.127e+00 2.753e+00 1.706e+00 -1.062e+00 -5.820e-01
-4.370 -9.220 6.293e+00 2.110e+00 2.739e+00 6.293e+00 2.110e+00 2.740e+00 1.667e+00 -1.112e+00 -6.356e-01
-4.340 -9.266 6.292e+00 2.093e+00 2.726e+00 6.292e+00 2.093e+00 2.726e+00 1.626e+00 -1.163e+00 -6.902e-01
-4.310 -9.264 6.291e+00 2.077e+00 2.713e+00 6.291e+00 2.077e+00 2.713e+00 1.583e+00 -1.214e+00 -7.455e-01
-4.280 -9.204 6.290e+00 2.061e+00 2.700e+00 6.290e+00 2.061e+00 2.700e+00 1.538e+00 -1.267e+00 -8.011e-01
-4.250 -9.164 6.289e+00 2.046e+00 2.688e+00 6.289e+00 2.046e+00 2.688e+00 1.493e+00 -1.318e+00 -8.553e-01
-4.220 -9.259 6.288e+00 2.032e+00 2.677e+00 6.288e+00 2.033e+00 2.677e+00 1.448e+00 -1.369e+00 -9.085e-01
-4.190 -9.221 6.286e+00 2.019e+00 2.666e+00 6.286e+00 2.020e+00 2.666e+00 1.403e+00 -1.418e+00 -9.594e-01
-4.160 -9.203 6.285e+00 2.008e+00 2.656e+00 6.285e+00 2.008e+00 2.656e+00 1.358e+00 -1.466e+00 -1.009e+00
-4.130 -9.114 6.283e+00 1.996e+00 2.647e+00 6.283e+00 1.997e+00 2.647e+00 1.314e+00 -1.512e+00 -1.056e+00
-4.100 -8.980 6.281e+00 1.986e+00 2.639e+00 6.281e+00 1.986e+00 2.639e+00 1.269e+00 -1.557e+00 -1.102e+00
-4.070 -8.886 6.280e+00 1.977e+00 2.631e+00 6.280e+00 1.977e+00 2.631e+00 1.226e+00 -1.599e+00 -1.145e+00
-4.040 -9.005 6.278e+00 1.968e+00 2.623e+00 6.278e+00 1.968e+00 2.623e+00 1.183e+00 -1.640e+00 -1.186e+00
-4.010 -8.789 6.276e+00 1.960e+00 2.617e+00 6.276e+00 1.960e+00 2.617e+00 1.142e+00 -1.678e+00 -1.224e+00
-3.980 -9.002 6.274e+00 1.953e+00 2.610e+00 6.274e+00 1.953e+00 2.610e+00 1.102e+00 -1.714e+00 -1.260e+00
-3.950 -8.657 6.272e+00 1.946e+00 2.605e+00 6.272e+00 1.946e+00 2.605e+00 1.065e+00 -1.747e+00 -1.293e+00
-3.920 -8.893 6.271e+00 1.941e+00 2.600e+00 6.271e+00 1.941e+00 2.600e+00 1.031e+00 -1.776e+00 -1.322e+00
-3.890 -8.300 6.268e+00 1.934e+00 2.594e+00 6.268e+00 1.934e+00 2.594e+00 1.441e+00 -1.836e+00 -1.396e+00
-3.860 -8.297 6.264e+00 1.921e+00 2.583e+00 6.264e+00 1.921e+00 2.583e+00 1.942e+00 -1.857e+00 -1.366e+00
-3.830 -9.142 6.261e+00 1.914e+00 2.576e+00 6.261e+00 1.914e+00 2.576e+00 8.474e-01 -1.920e+00 -1.465e+00
-3.800 -8.257 6.260e+00 1.911e+00 2.574e+00 6.260e+00 1.911e+00 2.574e+00 8.252e-01 -1.936e+00 -1.480e+00
-3.770 -8.533 6.258e+00 1.908e+00 2.571e+00 6.258e+00 1.908e+00 2.571e+00 8.018e-01 -1.953e+00 -1.496e+00
-3.740 -8.662 6.257e+00 1.905e+00 2.568e+00 6.257e+00 1.905e+00 2.568e+00 7.755e-01 -1.971e+00 -1.514e+00
-3.710 -8.379 6.255e+00 1.901e+00 2.565e+00 6.255e+00 1.901e+00 2.565e+00 7.449e-01 -1.992e+00 -1.534e+00
-3.680 -8.488 6.253e+00 1.897e+00 2.561e+00 6.253e+00 1.897e+00 2.561e+00 7.097e-01 -2.014e+00 -1.556e+00
-3.650 -8.807 6.251e+00 1.892e+00 2.557e+00 6.251e+00 1.892e+00 2.557e+00 6.695e-01 -2.040e+00 -1.581e+00
-3.620 -8.529 6.248e+00 1.887e+00 2.552e+00 6.248e+00 1.887e+00 2.552e+00 6.251e-01 -2.067e+00 -1.607e+00
-3.590 -8.879 6.245e+00 1.881e+00 2.547e+00 6.245e+00 1.881e+00 2.547e+00 5.782e-01 -2.094e+00 -1.633e+00
-3.560 -8.960 6.241e+00 1.876e+00 2.542e+00 6.241e+00 1.876e+00 2.542e+00 5.282e-01 -2.121e+00 -1.660e+00
-3.530 -8.693 6.238e+00 1.870e+00 2.536e+00 6.238e+00 1.870e+00 2.536e+00 4.747e-01 -2.150e+00 -1.687e+00
-3.500 -8.974 6.233e+00 1.863e+00 2.530e+00 6.233e+00 1.863e+00 2.530e+00 4.191e-01 -2.177e+00 -1.714e+00
-3.470 -9.150 6.229e+00 1.856e+00 2.524e+00 6.229e+00 1.856e+00 2.524e+00 3.608e-01 -2.205e+00 -1.741e+00
-3.440 -8.694 6.223e+00 1.849e+00 2.517e+00 6.223e+00 1.849e+00 2.517e+00 3.034e-01 -2.231e+00 -1.766e+00
-3.410 -9.259 6.218e+00 1.842e+00 2.510e+00 6.218e+00 1.842e+00 2.510e+00 2.491e-01 -2.255e+00 -1.790e+00
-3.380 -8.862 6.212e+00 1.834e+00 2.503e+00 6.212e+00 1.834e+00 2.503e+00 1.988e-01 -2.277e+00 -1.812e+00
-3.350 -8.666 6.205e+00 1.826e+00 2.495e+00 6.205e+00 1.826e+00 2.495e+00 1.540e-01 -2.298e+00 -1.832e+00
-3.320 -9.247 6.198e+00 1.817e+00 2.487e+00 6.198e+00 1.817e+00 2.487e+00 1.160e-01 -2.316e+00 -1.851e+00
-3.290 -8.821 6.191e+00 1.809e+00 2.478e+00 6.191e+00 1.809e+00 2.478e+00 8.567e-02 -2.332e+00 -1.869e+00
-3.260 -8.817 6.183e+00 1.799e+00 2.469e+00 6.183e+00 1.799e+00 2.469e+00 6.287e-02 -2.348e+00 -1.885e+00
-3.230 -9.093 6.175e+00 1.790e+00 2.460e+00 6.175e+00 1.790e+00 2.460e+00 4.715e-02 -2.362e+00 -1.901e+00
-3.200 -8.799 6.166e+00 1.779e+00 2.450e+00 6.166e+00 1.779e+00 2.450e+00 3.759e-02 -2.375e+00 -1.916e+00
-3.170 -8.861 6.157e+00 1.769e+00 2.439e+00 6.157e+00 1.769e+00 2.439e+00 3.321e-02 -2.389e+00 -1.932e+00
-3.140 -8.706 6.147e+00 1.757e+00 2.428e+00 6.147e+00 1.757e+00 2.428e+00 3.297e-02 -2.402e+00 -1.947e+00
-3.110 -8.862 6.138e+00 1.746e+00 2.417e+00 6.138e+00 1.746e+00 2.417e+00 3.566e-02 -2.415e+00 -1.962e+00
-3.080 -8.654 6.128e+00 1.734e+00 2.406e+00 6.128e+00 1.734e+00 2.406e+00 4.039e-02 -2.428e+00 -1.977e+00
-3.050 -8.962 6.117e+00 1.721e+00 2.393e+00 6.117e+00 1.721e+00 2.393e+00 4.663e-02 -2.441e+00 -1.993e+00
-3.020 -8.772 6.106e+00 1.708e+00 2.381e+00 6.106e+00 1.708e+00 2.381e+00 5.362e-02 -2.455e+00 -2.010e+00
-2.990 -8.596 6.095e+00 1.694e+00 2.367e+00 6.095e+00 1.694e+00 2.368e+00 6.117e-02 -2.470e+00 -2.027e+00
-2.960 -8.666 6.083e+00 1.680e+00 2.354e+00 6.083e+00 1.680e+00 2.354e+00 6.900e-02 -2.485e+00 -2.045e+00
-2.930 -8.816 6.071e+00 1.665e+00 2.339e+00 6.071e+00 1.665e+00 2.339e+00 7.701e-02 -2.501e+00 -2.064e+00
-2.900 -8.926 6.059e+00 1.650e+00 2.324e+00 6.059e+00 1.650e+00 2.324e+00 8.507e-02 -2.519e+00 -2.084e+00
-2.870 -8.490 6.046e+00 1.634e+00 2.309e+00 6.046e+00 1.634e+00 2.309e+00 9.278e-02 -2.537e+00 -2.104e+00
-2.840 -9.087 6.033e+00 1.617e+00 2.293e+00 6.033e+00 1.617e+00 2.293e+00 1.002e-01 -2.555e+00 -2.126e+00
-2.810 -8.981 6.020e+00 1.600e+00 2.277e+00 6.020e+00 1.600e+00 2.277e+00 1.072e-01 -2.575e+00 -2.148e+00
-2.780 -9.099 6.006e+00 1.583e+00 2.260e+00 6.006e+00 1.583e+00 2.260e+00 1.136e-01 -2.595e+00 -2.171e+00
-2.750 -9.314 5.993e+00 1.566e+00 2.243e+00 5.993e+00 1.566e+00 2.243e+00 1.196e-01 -2.616e+00 -2.194e+00
-2.720 -8.768 5.979e+00 1.548e+00 2.226e+00 5.979e+00 1.548e+00 2.226e+00 1.249e-01 -2.638e+00 -2.218e+00
-2.690 -8.609 5.966e+00 1.530e+00 2.209e+00 5.966e+00 1.530e+00 2.209e+00 1.297e-01 -2.661e+00 -2.244e+00
-2.660 -8.589 5.952e+00 1.511e+00 2.191e+00 5.952e+00 1.511e+00 2.191e+00 1.338e-01 -2.684e+00 -2.269e+00
-2.630 -8.550 5.938e+00 1.492e+00 2.173e+00 5.938e+00 1.492e+00 2.173e+00 1.372e-01 -2.709e+00 -2.296e+00
-2.600 -9.102 5.924e+00 1.473e+00 2.154e+00 5.924e+00 1.473e+00 2.154e+00 1.400e-01 -2.734e+00 -2.323e+00
-2.570 -8.388 5.910e+00 1.454e+00 2.136e+00 5.910e+00 1.454e+00 2.136e+00 1.419e-01 -2.760e+00 -2.351e+00
-2.540 -8.885 5.896e+00 1.434e+00 2.117e+00 5.896e+00 1.434e+00 2.117e+00 1.431e-01 -2.787e+00 -2.380e+00
-2.510 -8.603 5.881e+00 1.413e+00 2.097e+00 5.881e+00 1.413e+00 2.097e+00 1.435e-01 -2.816e+00 -2.411e+00
-2.480 -9.036 5.866e+00 1.392e+00 2.076e+00 5.866e+00 1.392e+00 2.076e+00 1.429e-01 -2.847e+00 -2.444e+00
-2.450 -8.323 5.850e+00 1.369e+00 2.055e+00 5.850e+00 1.369e+00 2.055e+00 1.413e-01 -2.881e+00 -2.479e+00
-2.420 -8.333 5.834e+00 1.346e+00 2.032e+00 5.834e+00 1.346e+00 2.032e+00 1.384e-01 -2.917e+00 -2.516e+00
-2.390 -9.312 5.818e+00 1.321e+00 2.009e+00 5.818e+00 1.321e+00 2.009e+00 1.341e-01 -2.955e+00 -2.555e+00
-2.360 -8.665 5.801e+00 1.296e+00 1.985e+00 5.801e+00 1.296e+00 1.985e+00 1.283e-01 -2.995e+00 -2.597e+00
-2.330 -8.614 5.783e+00 1.270e+00 1.960e+00 5.783e+00 1.270e+00 1.960e+00 1.209e-01 -3.038e+00 -2.641e+00
-2.300 -8.332 5.766e+00 1.244e+00 1.934e+00 5.766e+00 1.244e+00 1.934e+00 1.115e-01 -3.084e+00 -2.687e+00
-2.270 -8.609 5.748e+00 1.217e+00 1.908e+00 5.748e+00 1.217e+00 1.908e+00 1.002e-01 -3.132e+00 -2.736e+00
-2.240 -8.942 5.730e+00 1.189e+00 1.882e+00 5.730e+00 1.189e+00 1.882e+00 8.672e-02 -3.183e+00 -2.787e+00
-2.210 -9.005 5.712e+00 1.161e+00 1.855e+00 5.712e+00 1.161e+00 1.855e+00 7.086e-02 -3.237e+00 -2.841e+00
-2.180 -8.561 5.694e+00 1.133e+00 1.827e+00 5.694e+00 1.133e+00 1.827e+00 5.246e-02 -3.293e+00 -2.897e+00
-2.150 -8.519 5.676e+00 1.105e+00 1.800e+00 5.676e+00 1.105e+00 1.800e+00 3.135e-02 -3.353e+00 -2.956e+00
-2.120 -8.925 5.658e+00 1.077e+00 1.773e+00 5.658e+00 1.077e+00 1.773e+00 7.336e-03 -3.415e+00 -3.017e+00
-2.090 -8.302 5.641e+00 1.050e+00 1.746e+00 5.641e+00 1.050e+00 1.746e+00 -1.979e-02 -3.480e+00 -3.081e+00
-2.060 -8.289 5.624e+00 1.023e+00 1.719e+00 5.624e+00 1.023e+00 1.719e+00 -5.024e-02 -3.547e+00 -3.148e+00
-2.030 -8.336 5.607e+00 9.969e-01 1.693e+00 5.607e+00 9.969e-01 1.693e+00 -8.426e-02 -3.618e+00 -3.217e+00
-2.000 -9.283 5.591e+00 9.716e-01 1.668e+00 5.591e+00 9.716e-01 1.668e+00 -1.221e-01 -3.691e+00 -3.289e+00