
#    t     dt   F+(1H)   F+(2H)   F+(3He)   F-(1H)   F-(2H)   F-(3He)   
-10.929 -11.859 -2.615e+00 -2.458e+00 -6.910e-01 -7.024e-01 -2.668e+00 -2.054e+00 -7.078e-01 -2.873e+00 -7.103e-01
-10.874 -11.805 -2.562e+00 -2.421e+00 -6.888e-01 -7.018e-01 -2.611e+00 -2.000e+00 -7.078e-01 -2.871e+00 -7.106e-01
-10.820 -11.751 -2.508e+00 -2.382e+00 -6.862e-01 -7.010e-01 -2.554e+00 -1.946e+00 -7.078e-01 -2.868e+00 -7.108e-01
-10.766 -11.696 -2.454e+00 -2.343e+00 -6.834e-01 -7.001e-01 -2.497e+00 -1.891e+00 -7.078e-01 -2.867e+00 -7.111e-01
-10.712 -11.642 -2.400e+00 -2.302e+00 -6.801e-01 -6.991e-01 -2.440e+00 -1.837e+00 -7.078e-01 -2.865e+00 -7.115e-01
-10.657 -11.588 -2.346e+00 -2.259e+00 -6.765e-01 -6.979e-01 -2.383e+00 -1.783e+00 -7.078e-01 -2.865e+00 -7.119e-01
-10.603 -11.534 -2.292e+00 -2.216e+00 -6.724e-01 -6.967e-01 -2.327e+00 -1.729e+00 -7.078e-01 -2.864e+00 -7.123e-01
-10.549 -11.479 -2.238e+00 -2.172e+00 -6.679e-01 -6.952e-01 -2.270e+00 -1.675e+00 -7.078e-01 -2.864e+00 -7.128e-01
-10.495 -11.425 -2.184e+00 -2.127e+00 -6.627e-01 -6.935e-01 -2.214e+00 -1.621e+00 -7.078e-01 -2.864e+00 -7.133e-01
-10.441 -11.371 -2.130e+00 -2.081e+00 -6.570e-01 -6.917e-01 -2.159e+00 -1.568e+00 -7.078e-01 -2.865e+00 -7.140e-01
-10.386 -11.317 -2.077e+00 -2.034e+00 -6.506e-01 -6.896e-01 -2.103e+00 -1.514e+00 -7.078e-01 -2.865e+00 -7.147e-01
-10.332 -11.262 -2.023e+00 -1.986e+00 -6.435e-01 -6.872e-01 -2.048e+00 -1.460e+00 -7.078e-01 -2.866e+00 -7.154e-01
-10.278 -11.208 -1.969e+00 -1.938e+00 -6.356e-01 -6.846e-01 -1.993e+00 -1.406e+00 -7.078e-01 -2.867e+00 -7.163e-01
-10.224 -11.154 -1.915e+00 -1.889e+00 -6.281e-01 -6.831e-01 -1.964e+00 -1.352e+00 -7.093e-01 -2.690e+00 -7.189e-01
-10.169 -11.100 -1.862e+00 -1.840e+00 -6.192e-01 -6.807e-01 -1.923e+00 -1.299e+00 -7.102e-01 -2.603e+00 -7.211e-01
-10.115 -11.046 -1.809e+00 -1.791e+00 -6.090e-01 -6.776e-01 -1.874e+00 -1.245e+00 -7.110e-01 -2.549e+00 -7.231e-01
-10.061 -10.991 -1.755e+00 -1.741e+00 -5.977e-01 -6.740e-01 -1.823e+00 -1.192e+00 -7.116e-01 -2.508e+00 -7.252e-01
-10.007 -10.937 -1.702e+00 -1.692e+00 -5.852e-01 -6.699e-01 -1.770e+00 -1.139e+00 -7.122e-01 -2.472e+00 -7.275e-01
-9.952 -10.883 -1.649e+00 -1.641e+00 -5.715e-01 -6.652e-01 -1.717e+00 -1.086e+00 -7.128e-01 -2.437e+00 -7.300e-01
-9.898 -10.829 -1.597e+00 -1.591e+00 -5.566e-01 -6.600e-01 -1.664e+00 -1.033e+00 -7.135e-01 -2.401e+00 -7.328e-01
-9.844 -10.774 -1.544e+00 -1.541e+00 -5.403e-01 -6.543e-01 -1.611e+00 -9.808e-01 -7.142e-01 -2.365e+00 -7.360e-01
-9.790 -10.720 -1.491e+00 -1.490e+00 -5.227e-01 -6.479e-01 -1.559e+00 -9.283e-01 -7.150e-01 -2.328e+00 -7.396e-01
-9.736 -10.666 -1.439e+00 -1.440e+00 -5.038e-01 -6.408e-01 -1.506e+00 -8.761e-01 -7.160e-01 -2.290e+00 -7.436e-01
-9.681 -10.612 -1.387e+00 -1.389e+00 -4.834e-01 -6.329e-01 -1.454e+00 -8.240e-01 -7.170e-01 -2.251e+00 -7.481e-01
-9.627 -10.557 -1.335e+00 -1.339e+00 -4.616e-01 -6.243e-01 -1.401e+00 -7.723e-01 -7.182e-01 -2.211e+00 -7.532e-01
-9.573 -10.503 -1.284e+00 -1.289e+00 -4.384e-01 -6.148e-01 -1.350e+00 -7.208e-01 -7.195e-01 -2.172e+00 -7.589e-01
-9.519 -10.449 -1.233e+00 -1.239e+00 -4.138e-01 -6.044e-01 -1.298e+00 -6.696e-01 -7.209e-01 -2.132e+00 -7.653e-01
-9.464 -10.395 -1.182e+00 -1.189e+00 -3.879e-01 -5.931e-01 -1.247e+00 -6.189e-01 -7.225e-01 -2.091e+00 -7.725e-01
-9.410 -10.341 -1.132e+00 -1.139e+00 -3.607e-01 -5.808e-01 -1.196e+00 -5.685e-01 -7.243e-01 -2.051e+00 -7.805e-01
-9.356 -10.286 -1.082e+00 -1.090e+00 -3.322e-01 -5.675e-01 -1.146e+00 -5.186e-01 -7.262e-01 -2.011e+00 -7.894e-01
-9.302 -10.232 -1.032e+00 -1.041e+00 -3.026e-01 -5.531e-01 -1.096e+00 -4.691e-01 -7.283e-01 -1.971e+00 -7.994e-01
-9.248 -10.178 -9.832e-01 -9.930e-01 -2.719e-01 -5.378e-01 -1.046e+00 -4.203e-01 -7.306e-01 -1.932e+00 -8.104e-01
-9.193 -10.124 -9.348e-01 -9.453e-01 -2.403e-01 -5.213e-01 -9.973e-01 -3.720e-01 -7.331e-01 -1.893e+00 -8.227e-01
-9.139 -10.069 -8.871e-01 -8.981e-01 -2.078e-01 -5.039e-01 -9.490e-01 -3.244e-01 -7.358e-01 -1.855e+00 -8.362e-01
-9.085 -10.015 -8.452e-01 -8.568e-01 -1.748e-01 -4.856e-01 -9.017e-01 -2.827e-01 -7.350e-01 -1.864e+00 -8.324e-01
-9.031 -9.961 -8.019e-01 -8.140e-01 -1.448e-01 -4.683e-01 -8.597e-01 -2.395e-01 -7.391e-01 -1.814e+00 -8.527e-01
-8.976 -9.907 -7.596e-01 -7.720e-01 -1.130e-01 -4.495e-01 -8.166e-01 -1.972e-01 -7.418e-01 -1.782e+00 -8.669e-01
-8.922 -9.853 -7.174e-01 -7.302e-01 -8.106e-02 -4.301e-01 -7.742e-01 -1.551e-01 -7.453e-01 -1.746e+00 -8.858e-01
-8.868 -9.798 -6.758e-01 -6.889e-01 -4.853e-02 -4.097e-01 -7.321e-01 -1.136e-01 -7.487e-01 -1.713e+00 -9.049e-01
-8.814 -9.744 -6.348e-01 -6.483e-01 -1.580e-02 -3.886e-01 -6.907e-01 -7.271e-02 -7.524e-01 -1.680e+00 -9.266e-01
-8.759 -9.690 -5.946e-01 -6.083e-01 1.711e-02 -3.669e-01 -6.498e-01 -3.253e-02 -7.562e-01 -1.649e+00 -9.494e-01
-8.705 -9.636 -5.551e-01 -5.691e-01 5.000e-02 -3.446e-01 -6.096e-01 6.875e-03 -7.602e-01 -1.619e+00 -9.745e-01
-8.651 -9.581 -5.164e-01 -5.307e-01 8.277e-02 -3.219e-01 -5.702e-01 4.541e-02 -7.642e-01 -1.592e+00 -1.001e+00
-8.597 -9.527 -4.965e-01 -5.117e-01 1.153e-01 -2.988e-01 -5.317e-01 6.456e-02 -7.356e-01 -1.857e+00 -8.424e-01
-8.543 -9.473 -4.683e-01 -4.840e-01 1.319e-01 -2.867e-01 -5.121e-01 9.234e-02 -7.531e-01 -1.687e+00 -9.282e-01
-8.488 -9.419 -4.457e-01 -4.613e-01 1.558e-01 -2.694e-01 -4.845e-01 1.151e-01 -7.463e-01 -1.745e+00 -8.926e-01
-8.434 -9.364 -4.208e-01 -4.368e-01 1.755e-01 -2.548e-01 -4.617e-01 1.398e-01 -7.527e-01 -1.690e+00 -9.269e-01
-8.380 -9.310 -3.981e-01 -4.142e-01 1.970e-01 -2.387e-01 -4.371e-01 1.624e-01 -7.513e-01 -1.703e+00 -9.190e-01
-8.326 -9.256 -3.751e-01 -3.914e-01 2.169e-01 -2.237e-01 -4.145e-01 1.853e-01 -7.546e-01 -1.676e+00 -9.373e-01
-8.271 -9.202 -3.533e-01 -3.697e-01 2.371e-01 -2.082e-01 -3.917e-01 2.071e-01 -7.547e-01 -1.677e+00 -9.376e-01
-8.217 -9.148 -3.317e-01 -3.483e-01 2.564e-01 -1.932e-01 -3.699e-01 2.285e-01 -7.569e-01 -1.662e+00 -9.496e-01
-8.163 -9.093 -3.110e-01 -3.277e-01 2.756e-01 -1.782e-01 -3.485e-01 2.492e-01 -7.575e-01 -1.659e+00 -9.525e-01
-8.109 -9.039 -2.907e-01 -3.076e-01 2.942e-01 -1.636e-01 -3.279e-01 2.693e-01 -7.592e-01 -1.648e+00 -9.614e-01
-8.054 -8.985 -2.712e-01 -2.882e-01 3.124e-01 -1.492e-01 -3.078e-01 2.888e-01 -7.600e-01 -1.645e+00 -9.649e-01
-8.000 -8.931 -2.522e-01 -2.694e-01 3.300e-01 -1.350e-01 -2.884e-01 3.077e-01 -7.614e-01 -1.638e+00 -9.719e-01
-7.946 -8.876 -2.338e-01 -2.511e-01 3.472e-01 -1.211e-01 -2.695e-01 3.260e-01 -7.622e-01 -1.634e+00 -9.754e-01
-7.892 -8.822 -2.159e-01 -2.334e-01 3.639e-01 -1.075e-01 -2.512e-01 3.438e-01 -7.633e-01 -1.629e+00 -9.811e-01
-7.838 -8.768 -1.986e-01 -2.162e-01 3.802e-01 -9.415e-02 -2.335e-01 3.610e-01 -7.641e-01 -1.626e+00 -9.842e-01
-7.783 -8.714 -1.818e-01 -1.996e-01 3.960e-01 -8.111e-02 -2.163e-01 3.777e-01 -7.652e-01 -1.622e+00 -9.889e-01
-7.729 -8.659 -1.656e-01 -1.835e-01 4.114e-01 -6.832e-02 -1.996e-01 3.939e-01 -7.660e-01 -1.620e+00 -9.917e-01
-7.675 -8.605 -1.498e-01 -1.678e-01 4.264e-01 -5.584e-02 -1.835e-01 4.096e-01 -7.670e-01 -1.617e+00 -9.956e-01
-7.621 -8.551 -1.345e-01 -1.526e-01 4.409e-01 -4.362e-02 -1.678e-01 4.248e-01 -7.677e-01 -1.616e+00 -9.980e-01
-7.566 -8.497 -1.196e-01 -1.379e-01 4.551e-01 -3.169e-02 -1.527e-01 4.396e-01 -7.687e-01 -1.614e+00 -1.001e+00
-7.512 -8.443 -1.052e-01 -1.236e-01 4.688e-01 -2.002e-02 -1.379e-01 4.539e-01 -7.694e-01 -1.613e+00 -1.003e+00
-7.458 -8.388 -9.117e-02 -1.097e-01 4.822e-01 -8.625e-03 -1.236e-01 4.679e-01 -7.703e-01 -1.611e+00 -1.006e+00
-7.404 -8.334 -7.758e-02 -9.623e-02 4.952e-01 2.524e-03 -1.097e-01 4.814e-01 -7.711e-01 -1.610e+00 -1.008e+00
-7.349 -8.280 -6.435e-02 -8.312e-02 5.079e-01 1.341e-02 -9.625e-02 4.945e-01 -7.719e-01 -1.609e+00 -1.010e+00
-7.295 -8.226 -5.150e-02 -7.039e-02 5.202e-01 2.406e-02 -8.314e-02 5.073e-01 -7.727e-01 -1.609e+00 -1.012e+00
-7.241 -8.171 -3.899e-02 -5.800e-02 5.322e-01 3.446e-02 -7.040e-02 5.197e-01 -7.736e-01 -1.608e+00 -1.014e+00
-7.187 -8.117 -2.683e-02 -4.595e-02 5.440e-01 4.463e-02 -5.801e-02 5.318e-01 -7.743e-01 -1.608e+00 -1.015e+00
-7.133 -8.063 -1.498e-02 -3.420e-02 5.554e-01 5.458e-02 -4.596e-02 5.436e-01 -7.752e-01 -1.608e+00 -1.017e+00
-7.078 -8.009 -3.446e-03 -2.278e-02 5.665e-01 6.431e-02 -3.421e-02 5.550e-01 -7.760e-01 -1.608e+00 -1.018e+00
-7.024 -7.954 7.800e-03 -1.164e-02 5.773e-01 7.382e-02 -2.279e-02 5.662e-01 -7.769e-01 -1.608e+00 -1.020e+00
-6.970 -7.900 1.875e-02 -7.927e-04 5.879e-01 8.314e-02 -1.165e-02 5.771e-01 -7.776e-01 -1.608e+00 -1.021e+00
-6.920 -7.887 2.944e-02 9.794e-03 5.982e-01 9.225e-02 -7.978e-04 5.877e-01 -7.786e-01 -1.608e+00 -1.023e+00
-6.875 -7.875 3.986e-02 2.011e-02 6.083e-01 1.012e-01 9.790e-03 5.981e-01 -7.794e-01 -1.609e+00 -1.024e+00
-6.874 -9.595 5.003e-02 3.018e-02 6.181e-01 1.099e-01 2.011e-02 6.081e-01 -7.802e-01 -1.610e+00 -1.025e+00
-6.873 -9.541 5.547e-02 3.538e-02 6.277e-01 1.183e-01 2.994e-02 6.134e-01 -7.527e-01 -1.869e+00 -8.616e-01
-6.872 -9.487 5.605e-02 3.557e-02 6.315e-01 1.206e-01 3.264e-02 6.136e-01 -7.390e-01 -2.137e+00 -7.625e-01
-6.871 -9.432 5.627e-02 3.562e-02 6.324e-01 1.209e-01 3.293e-02 6.136e-01 -7.384e-01 -2.174e+00 -7.415e-01
-6.869 -9.378 5.637e-02 3.567e-02 6.325e-01 1.211e-01 3.319e-02 6.137e-01 -7.375e-01 -2.209e+00 -7.388e-01
-6.868 -9.324 5.643e-02 3.572e-02 6.326e-01 1.213e-01 3.342e-02 6.137e-01 -7.364e-01 -2.243e+00 -7.374e-01
-6.866 -9.270 5.649e-02 3.577e-02 6.327e-01 1.215e-01 3.369e-02 6.138e-01 -7.352e-01 -2.283e+00 -7.367e-01
-6.864 -9.216 5.654e-02 3.582e-02 6.328e-01 1.217e-01 3.389e-02 6.138e-01 -7.343e-01 -2.316e+00 -7.352e-01
-6.862 -9.161 5.659e-02 3.587e-02 6.329e-01 1.218e-01 3.407e-02 6.139e-01 -7.335e-01 -2.348e+00 -7.344e-01
-6.859 -9.107 5.664e-02 3.593e-02 6.330e-01 1.220e-01 3.426e-02 6.139e-01 -7.328e-01 -2.380e+00 -7.337e-01
-6.857 -9.053 5.669e-02 3.598e-02 6.331e-01 1.221e-01 3.442e-02 6.140e-01 -7.321e-01 -2.410e+00 -7.330e-01
-6.853 -8.999 5.674e-02 3.602e-02 6.331e-01 1.222e-01 3.456e-02 6.140e-01 -7.316e-01 -2.437e+00 -7.325e-01
-6.850 -8.944 5.679e-02 3.607e-02 6.332e-01 1.224e-01 3.470e-02 6.141e-01 -7.311e-01 -2.464e+00 -7.320e-01
-6.846 -8.890 5.684e-02 3.613e-02 6.333e-01 1.225e-01 3.484e-02 6.141e-01 -7.306e-01 -2.492e+00 -7.315e-01
-6.842 -8.836 5.690e-02 3.618e-02 6.334e-01 1.226e-01 3.496e-02 6.142e-01 -7.301e-01 -2.518e+00 -7.310e-01
-6.837 -8.782 5.695e-02 3.623e-02 6.334e-01 1.227e-01 3.508e-02 6.142e-01 -7.298e-01 -2.542e+00 -7.307e-01
-6.831 -8.727 5.700e-02 3.628e-02 6.335e-01 1.228e-01 3.519e-02 6.143e-01 -7.294e-01 -2.565e+00 -7.303e-01
-6.825 -8.673 5.705e-02 3.633e-02 6.335e-01 1.229e-01 3.530e-02 6.143e-01 -7.291e-01 -2.588e+00 -7.300e-01
-6.818 -8.619 5.710e-02 3.638e-02 6.336e-01 1.229e-01 3.540e-02 6.144e-01 -7.288e-01 -2.609e+00 -7.297e-01
-6.810 -8.565 5.715e-02 3.643e-02 6.337e-01 1.230e-01 3.549e-02 6.144e-01 -7.286e-01 -2.629e+00 -7.295e-01
-6.802 -8.511 5.720e-02 3.648e-02 6.337e-01 1.231e-01 3.558e-02 6.145e-01 -7.284e-01 -2.647e+00 -7.293e-01
-6.792 -8.456 5.725e-02 3.653e-02 6.338e-01 1.232e-01 3.567e-02 6.145e-01 -7.282e-01 -2.665e+00 -7.290e-01
-6.782 -8.402 5.730e-02 3.658e-02 6.338e-01 1.232e-01 3.574e-02 6.146e-01 -7.280e-01 -2.681e+00 -7.289e-01
-6.770 -8.348 5.733e-02 3.661e-02 6.339e-01 1.233e-01 3.580e-02 6.146e-01 -7.279e-01 -2.691e+00 -7.288e-01
-6.757 -8.294 5.738e-02 3.665e-02 6.339e-01 1.233e-01 3.586e-02 6.146e-01 -7.277e-01 -2.704e+00 -7.286e-01
-6.743 -8.239 5.741e-02 3.669e-02 6.340e-01 1.234e-01 3.592e-02 6.147e-01 -7.276e-01 -2.714e+00 -7.285e-01
-6.728 -8.185 5.743e-02 3.671e-02 6.340e-01 1.234e-01 3.595e-02 6.147e-01 -7.276e-01 -2.719e+00 -7.285e-01
-6.711 -8.131 5.748e-02 3.676e-02 6.340e-01 1.235e-01 3.602e-02 6.148e-01 -7.274e-01 -2.733e+00 -7.283e-01
-6.693 -8.077 5.750e-02 3.677e-02 6.340e-01 1.235e-01 3.604e-02 6.148e-01 -7.274e-01 -2.735e+00 -7.283e-01
-6.673 -8.022 5.753e-02 3.681e-02 6.341e-01 1.235e-01 3.609e-02 6.148e-01 -7.273e-01 -2.744e+00 -7.282e-01
-6.651 -7.968 5.757e-02 3.685e-02 6.341e-01 1.236e-01 3.615e-02 6.148e-01 -7.273e-01 -2.753e+00 -7.281e-01
-6.628 -7.914 5.763e-02 3.690e-02 6.342e-01 1.236e-01 3.622e-02 6.149e-01 -7.272e-01 -2.764e+00 -7.281e-01
-6.603 -7.860 5.768e-02 3.695e-02 6.342e-01 1.237e-01 3.628e-02 6.149e-01 -7.271e-01 -2.774e+00 -7.280e-01
-6.577 -7.806 5.772e-02 3.700e-02 6.343e-01 1.237e-01 3.634e-02 6.150e-01 -7.270e-01 -2.782e+00 -7.279e-01
-6.549 -7.751 5.777e-02 3.704e-02 6.343e-01 1.238e-01 3.640e-02 6.150e-01 -7.269e-01 -2.790e+00 -7.278e-01
-6.549 -12.245 5.781e-02 3.709e-02 6.344e-01 1.238e-01 3.645e-02 6.151e-01 -7.269e-01 -2.796e+00 -7.278e-01
-6.549 -12.191 5.786e-02 3.713e-02 6.344e-01 1.239e-01 3.651e-02 6.151e-01 -7.268e-01 -2.803e+00 -7.277e-01
-6.549 -12.137 5.791e-02 3.718e-02 6.345e-01 1.239e-01 3.656e-02 6.152e-01 -7.268e-01 -2.810e+00 -7.277e-01
-6.549 -12.083 5.796e-02 3.723e-02 6.345e-01 1.240e-01 3.662e-02 6.152e-01 -7.267e-01 -2.816e+00 -7.276e-01
-6.549 -12.029 5.799e-02 3.727e-02 6.345e-01 1.240e-01 3.666e-02 6.153e-01 -7.267e-01 -2.820e+00 -7.276e-01
-6.549 -11.974 5.804e-02 3.731e-02 6.346e-01 1.241e-01 3.672e-02 6.153e-01 -7.267e-01 -2.825e+00 -7.276e-01
-6.549 -11.920 5.807e-02 3.735e-02 6.346e-01 1.241e-01 3.675e-02 6.153e-01 -7.267e-01 -2.828e+00 -7.275e-01
-6.549 -11.866 5.811e-02 3.739e-02 6.347e-01 1.241e-01 3.680e-02 6.154e-01 -7.266e-01 -2.832e+00 -7.275e-01
-6.549 -11.812 5.815e-02 3.742e-02 6.347e-01 1.242e-01 3.684e-02 6.154e-01 -7.266e-01 -2.835e+00 -7.275e-01
-6.549 -11.757 5.820e-02 3.747e-02 6.347e-01 1.242e-01 3.689e-02 6.155e-01 -7.266e-01 -2.839e+00 -7.275e-01
-6.549 -11.703 5.825e-02 3.752e-02 6.348e-01 1.243e-01 3.695e-02 6.155e-01 -7.266e-01 -2.843e+00 -7.275e-01
-6.549 -11.649 5.829e-02 3.756e-02 6.348e-01 1.243e-01 3.699e-02 6.156e-01 -7.265e-01 -2.845e+00 -7.274e-01
-6.549 -11.595 5.833e-02 3.760e-02 6.349e-01 1.243e-01 3.703e-02 6.156e-01 -7.265e-01 -2.847e+00 -7.274e-01
-6.549 -11.540 5.838e-02 3.765e-02 6.349e-01 1.244e-01 3.708e-02 6.156e-01 -7.265e-01 -2.850e+00 -7.274e-01
-6.549 -11.486 5.842e-02 3.768e-02 6.350e-01 1.244e-01 3.713e-02 6.157e-01 -7.265e-01 -2.852e+00 -7.274e-01
-6.549 -11.432 5.847e-02 3.773e-02 6.350e-01 1.244e-01 3.718e-02 6.157e-01 -7.265e-01 -2.855e+00 -7.274e-01
-6.549 -11.378 5.852e-02 3.779e-02 6.351e-01 1.245e-01 3.723e-02 6.158e-01 -7.265e-01 -2.857e+00 -7.274e-01
-6.549 -11.324 5.856e-02 3.782e-02 6.351e-01 1.245e-01 3.727e-02 6.158e-01 -7.265e-01 -2.859e+00 -7.274e-01
-6.549 -11.269 5.860e-02 3.787e-02 6.351e-01 1.246e-01 3.732e-02 6.159e-01 -7.265e-01 -2.860e+00 -7.273e-01
-6.549 -11.215 5.861e-02 3.788e-02 6.351e-01 1.246e-01 3.733e-02 6.159e-01 -7.265e-01 -2.861e+00 -7.273e-01
-6.549 -11.161 5.866e-02 3.793e-02 6.352e-01 1.246e-01 3.738e-02 6.159e-01 -7.264e-01 -2.862e+00 -7.273e-01
-6.549 -11.107 5.868e-02 3.794e-02 6.352e-01 1.246e-01 3.740e-02 6.159e-01 -7.264e-01 -2.863e+00 -7.273e-01
-6.549 -11.052 5.872e-02 3.799e-02 6.352e-01 1.247e-01 3.744e-02 6.160e-01 -7.264e-01 -2.864e+00 -7.273e-01
-6.549 -10.998 5.875e-02 3.802e-02 6.353e-01 1.247e-01 3.748e-02 6.160e-01 -7.264e-01 -2.865e+00 -7.273e-01
-6.549 -10.944 5.880e-02 3.807e-02 6.353e-01 1.247e-01 3.753e-02 6.161e-01 -7.264e-01 -2.866e+00 -7.273e-01
-6.549 -10.890 5.884e-02 3.811e-02 6.354e-01 1.248e-01 3.757e-02 6.161e-01 -7.264e-01 -2.867e+00 -7.273e-01
-6.549 -10.835 5.889e-02 3.816e-02 6.354e-01 1.248e-01 3.762e-02 6.162e-01 -7.264e-01 -2.868e+00 -7.273e-01
-6.549 -10.781 5.893e-02 3.820e-02 6.354e-01 1.249e-01 3.766e-02 6.162e-01 -7.264e-01 -2.869e+00 -7.273e-01
-6.549 -10.727 5.898e-02 3.825e-02 6.355e-01 1.249e-01 3.771e-02 6.162e-01 -7.264e-01 -2.870e+00 -7.273e-01
-6.549 -10.673 5.902e-02 3.828e-02 6.355e-01 1.249e-01 3.775e-02 6.163e-01 -7.264e-01 -2.871e+00 -7.273e-01
-6.548 -10.619 5.905e-02 3.832e-02 6.356e-01 1.250e-01 3.778e-02 6.163e-01 -7.264e-01 -2.871e+00 -7.273e-01
-6.548 -10.564 5.910e-02 3.836e-02 6.356e-01 1.250e-01 3.783e-02 6.164e-01 -7.264e-01 -2.872e+00 -7.273e-01
-6.548 -10.510 5.911e-02 3.838e-02 6.356e-01 1.250e-01 3.784e-02 6.164e-01 -7.264e-01 -2.872e+00 -7.273e-01
-6.548 -10.456 5.914e-02 3.840e-02 6.356e-01 1.250e-01 3.786e-02 6.164e-01 -7.264e-01 -2.872e+00 -7.273e-01
-6.548 -10.402 5.917e-02 3.843e-02 6.357e-01 1.251e-01 3.790e-02 6.164e-01 -7.264e-01 -2.873e+00 -7.273e-01
-6.548 -10.347 5.917e-02 3.844e-02 6.357e-01 1.251e-01 3.790e-02 6.164e-01 -7.264e-01 -2.873e+00 -7.273e-01
-6.548 -10.293 5.919e-02 3.845e-02 6.357e-01 1.251e-01 3.792e-02 6.164e-01 -7.264e-01 -2.873e+00 -7.273e-01
-6.530 -8.829 6.022e-02 3.947e-02 6.367e-01 1.260e-01 3.895e-02 6.175e-01 -7.265e-01 -2.878e+00 -7.274e-01
-6.499 -8.395 6.056e-02 3.981e-02 6.370e-01 1.262e-01 3.929e-02 6.178e-01 -7.265e-01 -2.879e+00 -7.274e-01
-6.470 -8.178 6.072e-02 3.997e-02 6.371e-01 1.264e-01 3.945e-02 6.180e-01 -7.265e-01 -2.879e+00 -7.274e-01
-6.438 -8.016 6.083e-02 4.008e-02 6.373e-01 1.265e-01 3.956e-02 6.181e-01 -7.265e-01 -2.879e+00 -7.274e-01
-6.396 -7.853 6.096e-02 4.021e-02 6.374e-01 1.266e-01 3.968e-02 6.182e-01 -7.265e-01 -2.879e+00 -7.274e-01
-6.379 -7.799 6.100e-02 4.025e-02 6.374e-01 1.266e-01 3.973e-02 6.183e-01 -7.265e-01 -2.879e+00 -7.274e-01
-6.350 -8.894 6.375e-02 4.298e-02 6.400e-01 1.290e-01 4.246e-02 6.210e-01 -7.268e-01 -2.879e+00 -7.277e-01
-6.320 -8.297 6.422e-02 4.345e-02 6.405e-01 1.294e-01 4.293e-02 6.215e-01 -7.268e-01 -2.879e+00 -7.277e-01
-6.287 -8.026 6.443e-02 4.366e-02 6.407e-01 1.295e-01 4.314e-02 6.217e-01 -7.268e-01 -2.879e+00 -7.277e-01
-6.257 -7.863 6.459e-02 4.381e-02 6.408e-01 1.297e-01 4.329e-02 6.218e-01 -7.268e-01 -2.879e+00 -7.277e-01
-6.230 -9.429 6.695e-02 4.615e-02 6.431e-01 1.317e-01 4.563e-02 6.242e-01 -7.271e-01 -2.880e+00 -7.279e-01
-6.197 -8.236 6.795e-02 4.714e-02 6.440e-01 1.325e-01 4.663e-02 6.252e-01 -7.271e-01 -2.880e+00 -7.280e-01
-6.169 -7.965 6.818e-02 4.737e-02 6.442e-01 1.327e-01 4.686e-02 6.254e-01 -7.272e-01 -2.880e+00 -7.281e-01
-6.132 -7.748 6.837e-02 4.756e-02 6.444e-01 1.329e-01 4.705e-02 6.256e-01 -7.272e-01 -2.880e+00 -7.281e-01
-6.108 -8.306 7.138e-02 5.055e-02 6.473e-01 1.354e-01 5.004e-02 6.286e-01 -7.275e-01 -2.880e+00 -7.283e-01
-6.076 -7.926 7.168e-02 5.084e-02 6.475e-01 1.357e-01 5.034e-02 6.289e-01 -7.275e-01 -2.880e+00 -7.284e-01
-6.044 -7.709 7.186e-02 5.102e-02 6.477e-01 1.358e-01 5.051e-02 6.291e-01 -7.275e-01 -2.880e+00 -7.284e-01
-6.020 -8.222 7.503e-02 5.416e-02 6.507e-01 1.385e-01 5.365e-02 6.322e-01 -7.278e-01 -2.880e+00 -7.287e-01
-5.989 -7.842 7.532e-02 5.445e-02 6.510e-01 1.388e-01 5.395e-02 6.325e-01 -7.278e-01 -2.880e+00 -7.287e-01
-5.959 -8.355 7.854e-02 5.765e-02 6.541e-01 1.415e-01 5.715e-02 6.357e-01 -7.281e-01 -2.881e+00 -7.290e-01
-5.929 -7.867 7.892e-02 5.802e-02 6.544e-01 1.419e-01 5.752e-02 6.361e-01 -7.282e-01 -2.881e+00 -7.291e-01
-5.899 -8.226 8.206e-02 6.114e-02 6.574e-01 1.445e-01 6.064e-02 6.392e-01 -7.285e-01 -2.881e+00 -7.294e-01
-5.865 -7.738 8.239e-02 6.146e-02 6.577e-01 1.448e-01 6.096e-02 6.395e-01 -7.285e-01 -2.881e+00 -7.294e-01
-5.838 -8.002 8.566e-02 6.470e-02 6.608e-01 1.476e-01 6.421e-02 6.428e-01 -7.288e-01 -2.881e+00 -7.297e-01
-5.810 -8.537 8.853e-02 6.755e-02 6.636e-01 1.501e-01 6.706e-02 6.456e-01 -7.291e-01 -2.882e+00 -7.300e-01
-5.778 -7.778 8.909e-02 6.811e-02 6.641e-01 1.505e-01 6.762e-02 6.462e-01 -7.291e-01 -2.882e+00 -7.300e-01
-5.748 -7.929 9.228e-02 7.126e-02 6.671e-01 1.533e-01 7.078e-02 6.494e-01 -7.295e-01 -2.882e+00 -7.304e-01
-5.719 -8.170 9.565e-02 7.461e-02 6.703e-01 1.561e-01 7.413e-02 6.527e-01 -7.298e-01 -2.882e+00 -7.307e-01
-5.689 -8.348 9.880e-02 7.773e-02 6.733e-01 1.588e-01 7.726e-02 6.558e-01 -7.301e-01 -2.883e+00 -7.310e-01
-5.659 -8.418 1.020e-01 8.089e-02 6.763e-01 1.616e-01 8.042e-02 6.590e-01 -7.305e-01 -2.883e+00 -7.314e-01
-5.630 -8.555 1.055e-01 8.434e-02 6.797e-01 1.646e-01 8.387e-02 6.625e-01 -7.308e-01 -2.883e+00 -7.317e-01
-5.600 -8.354 1.087e-01 8.756e-02 6.828e-01 1.674e-01 8.710e-02 6.657e-01 -7.312e-01 -2.884e+00 -7.321e-01
-5.569 -8.225 1.120e-01 9.077e-02 6.858e-01 1.701e-01 9.031e-02 6.689e-01 -7.316e-01 -2.884e+00 -7.324e-01
-5.540 -8.001 1.152e-01 9.394e-02 6.889e-01 1.729e-01 9.348e-02 6.721e-01 -7.319e-01 -2.885e+00 -7.328e-01
-5.510 -7.808 1.186e-01 9.740e-02 6.922e-01 1.759e-01 9.695e-02 6.756e-01 -7.323e-01 -2.885e+00 -7.332e-01
-5.479 -8.204 1.246e-01 1.033e-01 6.978e-01 1.810e-01 1.028e-01 6.815e-01 -7.330e-01 -2.886e+00 -7.339e-01
-5.448 -7.798 1.280e-01 1.067e-01 7.011e-01 1.840e-01 1.062e-01 6.849e-01 -7.334e-01 -2.886e+00 -7.343e-01
-5.419 -8.168 1.338e-01 1.125e-01 7.067e-01 1.890e-01 1.120e-01 6.907e-01 -7.341e-01 -2.887e+00 -7.350e-01
-5.390 -9.107 1.388e-01 1.174e-01 7.114e-01 1.934e-01 1.170e-01 6.956e-01 -7.347e-01 -2.887e+00 -7.356e-01
-5.358 -7.713 1.423e-01 1.209e-01 7.148e-01 1.964e-01 1.204e-01 6.991e-01 -7.352e-01 -2.888e+00 -7.361e-01
-5.329 -7.788 1.480e-01 1.265e-01 7.202e-01 2.013e-01 1.261e-01 7.048e-01 -7.359e-01 -2.889e+00 -7.368e-01
-5.299 -7.752 1.537e-01 1.321e-01 7.256e-01 2.063e-01 1.317e-01 7.104e-01 -7.367e-01 -2.889e+00 -7.376e-01
-5.270 -8.788 1.616e-01 1.399e-01 7.332e-01 2.132e-01 1.395e-01 7.183e-01 -7.378e-01 -2.890e+00 -7.387e-01
-5.240 -8.050 1.679e-01 1.462e-01 7.392e-01 2.187e-01 1.458e-01 7.245e-01 -7.387e-01 -2.891e+00 -7.396e-01
-5.209 -7.710 1.736e-01 1.519e-01 7.447e-01 2.237e-01 1.515e-01 7.302e-01 -7.395e-01 -2.892e+00 -7.404e-01
-5.180 -7.938 1.813e-01 1.595e-01 7.520e-01 2.304e-01 1.591e-01 7.379e-01 -7.407e-01 -2.893e+00 -7.416e-01
-5.150 -8.029 1.893e-01 1.674e-01 7.596e-01 2.374e-01 1.670e-01 7.458e-01 -7.420e-01 -2.895e+00 -7.429e-01
-5.120 -7.935 1.971e-01 1.751e-01 7.671e-01 2.443e-01 1.748e-01 7.536e-01 -7.433e-01 -2.896e+00 -7.442e-01
-5.089 -7.701 2.049e-01 1.828e-01 7.746e-01 2.512e-01 1.825e-01 7.613e-01 -7.446e-01 -2.897e+00 -7.455e-01
-5.059 -7.948 2.146e-01 1.924e-01 7.839e-01 2.597e-01 1.921e-01 7.709e-01 -7.463e-01 -2.899e+00 -7.472e-01
-5.030 -8.176 2.240e-01 2.017e-01 7.929e-01 2.680e-01 2.014e-01 7.803e-01 -7.481e-01 -2.901e+00 -7.490e-01
-5.000 -8.318 2.336e-01 2.112e-01 8.021e-01 2.765e-01 2.109e-01 7.898e-01 -7.500e-01 -2.903e+00 -7.509e-01
-4.970 -7.930 2.433e-01 2.208e-01 8.114e-01 2.851e-01 2.205e-01 7.994e-01 -7.520e-01 -2.905e+00 -7.529e-01
-4.940 -8.608 2.544e-01 2.318e-01 8.221e-01 2.950e-01 2.315e-01 8.105e-01 -7.544e-01 -2.907e+00 -7.553e-01
-4.910 -7.715 2.641e-01 2.414e-01 8.314e-01 3.036e-01 2.410e-01 8.200e-01 -7.566e-01 -2.909e+00 -7.575e-01
-4.880 -8.185 2.768e-01 2.539e-01 8.435e-01 3.150e-01 2.536e-01 8.326e-01 -7.597e-01 -2.912e+00 -7.606e-01
-4.850 -10.912 2.878e-01 2.648e-01 8.541e-01 3.248e-01 2.645e-01 8.435e-01 -7.626e-01 -2.915e+00 -7.634e-01
-4.820 -9.449 3.004e-01 2.772e-01 8.662e-01 3.361e-01 2.769e-01 8.560e-01 -7.660e-01 -2.919e+00 -7.669e-01
-4.790 -8.112 3.122e-01 2.888e-01 8.776e-01 3.468e-01 2.886e-01 8.677e-01 -7.694e-01 -2.922e+00 -7.703e-01
-4.760 -9.600 3.245e-01 3.010e-01 8.895e-01 3.579e-01 3.008e-01 8.799e-01 -7.733e-01 -2.926e+00 -7.742e-01
-4.730 -8.405 3.374e-01 3.137e-01 9.019e-01 3.695e-01 3.135e-01 8.927e-01 -7.775e-01 -2.930e+00 -7.784e-01
-4.700 -7.748 3.495e-01 3.257e-01 9.135e-01 3.805e-01 3.255e-01 9.047e-01 -7.819e-01 -2.934e+00 -7.827e-01
-4.670 -7.794 3.627e-01 3.387e-01 9.263e-01 3.925e-01 3.385e-01 9.178e-01 -7.869e-01 -2.940e+00 -7.878e-01
-4.640 -8.488 3.769e-01 3.527e-01 9.399e-01 4.054e-01 3.525e-01 9.318e-01 -7.927e-01 -2.945e+00 -7.936e-01
-4.610 -7.641 3.898e-01 3.654e-01 9.524e-01 4.171e-01 3.652e-01 9.446e-01 -7.984e-01 -2.951e+00 -7.992e-01
-4.580 -7.973 4.046e-01 3.799e-01 9.666e-01 4.306e-01 3.797e-01 9.592e-01 -8.054e-01 -2.958e+00 -8.062e-01
-4.550 -8.120 4.187e-01 3.938e-01 9.802e-01 4.434e-01 3.936e-01 9.731e-01 -8.126e-01 -2.965e+00 -8.135e-01
-4.520 -7.703 4.324e-01 4.073e-01 9.934e-01 4.560e-01 4.071e-01 9.867e-01 -8.203e-01 -2.973e+00 -8.212e-01
-4.490 -7.730 4.467e-01 4.213e-01 1.007e+00 4.691e-01 4.212e-01 1.001e+00 -8.290e-01 -2.982e+00 -8.298e-01
-4.460 -8.097 4.616e-01 4.360e-01 1.022e+00 4.828e-01 4.358e-01 1.016e+00 -8.388e-01 -2.991e+00 -8.397e-01
-4.430 -8.305 4.760e-01 4.501e-01 1.035e+00 4.961e-01 4.500e-01 1.030e+00 -8.492e-01 -3.002e+00 -8.501e-01
-4.400 -7.818 4.897e-01 4.636e-01 1.049e+00 5.087e-01 4.634e-01 1.043e+00 -8.600e-01 -3.013e+00 -8.609e-01
-4.370 -7.661 5.035e-01 4.771e-01 1.062e+00 5.214e-01 4.769e-01 1.057e+00 -8.719e-01 -3.025e+00 -8.728e-01
-4.340 -7.856 5.176e-01 4.909e-01 1.076e+00 5.344e-01 4.908e-01 1.071e+00 -8.852e-01 -3.038e+00 -8.861e-01
-4.310 -7.699 5.312e-01 5.042e-01 1.089e+00 5.470e-01 5.041e-01 1.084e+00 -8.993e-01 -3.052e+00 -9.002e-01
-4.280 -7.774 5.449e-01 5.177e-01 1.102e+00 5.597e-01 5.176e-01 1.098e+00 -9.150e-01 -3.068e+00 -9.159e-01
-4.250 -8.644 5.584e-01 5.309e-01 1.115e+00 5.722e-01 5.308e-01 1.111e+00 -9.319e-01 -3.085e+00 -9.328e-01
-4.220 -7.570 5.709e-01 5.431e-01 1.127e+00 5.838e-01 5.430e-01 1.123e+00 -9.493e-01 -3.102e+00 -9.502e-01
-4.190 -7.478 5.831e-01 5.551e-01 1.139e+00 5.951e-01 5.550e-01 1.135e+00 -9.679e-01 -3.121e+00 -9.688e-01
-4.160 -7.591 5.953e-01 5.670e-01 1.151e+00 6.065e-01 5.669e-01 1.147e+00 -9.886e-01 -3.141e+00 -9.895e-01
-4.130 -8.248 6.072e-01 5.786e-01 1.162e+00 6.175e-01 5.785e-01 1.159e+00 -1.011e+00 -3.163e+00 -1.012e+00
-4.100 -8.134 6.180e-01 5.891e-01 1.172e+00 6.276e-01 5.890e-01 1.170e+00 -1.033e+00 -3.186e+00 -1.034e+00
-4.070 -7.484 6.280e-01 5.989e-01 1.182e+00 6.369e-01 5.989e-01 1.179e+00 -1.056e+00 -3.209e+00 -1.057e+00
-4.040 -7.813 6.378e-01 6.084e-01 1.191e+00 6.460e-01 6.083e-01 1.189e+00 -1.081e+00 -3.233e+00 -1.081e+00
-4.010 -7.561 6.470e-01 6.174e-01 1.200e+00 6.546e-01 6.173e-01 1.198e+00 -1.106e+00 -3.259e+00 -1.107e+00
-3.980 -7.877 6.555e-01 6.257e-01 1.208e+00 6.625e-01 6.256e-01 1.206e+00 -1.132e+00 -3.285e+00 -1.133e+00
-3.950 -7.669 6.634e-01 6.334e-01 1.216e+00 6.699e-01 6.333e-01 1.214e+00 -1.159e+00 -3.312e+00 -1.160e+00
-3.920 -7.469 6.709e-01 6.407e-01 1.223e+00 6.769e-01 6.406e-01 1.222e+00 -1.187e+00 -3.340e+00 -1.188e+00
-3.890 -8.077 6.779e-01 6.475e-01 1.230e+00 6.835e-01 6.475e-01 1.228e+00 -1.216e+00 -3.369e+00 -1.217e+00
-3.860 -7.470 6.844e-01 6.538e-01 1.236e+00 6.895e-01 6.537e-01 1.235e+00 -1.245e+00 -3.398e+00 -1.246e+00
-3.830 -7.656 6.906e-01 6.598e-01 1.242e+00 6.953e-01 6.598e-01 1.241e+00 -1.276e+00 -3.429e+00 -1.277e+00
-3.800 -7.258 6.961e-01 6.652e-01 1.247e+00 7.004e-01 6.651e-01 1.246e+00 -1.307e+00 -3.459e+00 -1.308e+00
-3.770 -7.916 7.013e-01 6.702e-01 1.252e+00 7.053e-01 6.702e-01 1.251e+00 -1.338e+00 -3.491e+00 -1.339e+00
-3.740 -7.381 7.060e-01 6.747e-01 1.257e+00 7.096e-01 6.747e-01 1.256e+00 -1.369e+00 -3.522e+00 -1.370e+00
-3.710 -8.797 7.104e-01 6.790e-01 1.261e+00 7.138e-01 6.790e-01 1.260e+00 -1.402e+00 -3.554e+00 -1.403e+00
-3.680 -7.325 7.144e-01 6.830e-01 1.265e+00 7.175e-01 6.829e-01 1.264e+00 -1.434e+00 -3.587e+00 -1.435e+00
-3.650 -7.229 7.180e-01 6.864e-01 1.269e+00 7.209e-01 6.864e-01 1.268e+00 -1.465e+00 -3.618e+00 -1.466e+00
-3.620 -7.038 7.213e-01 6.897e-01 1.272e+00 7.240e-01 6.896e-01 1.271e+00 -1.497e+00 -3.650e+00 -1.498e+00
-3.590 -7.468 7.245e-01 6.928e-01 1.275e+00 7.269e-01 6.927e-01 1.274e+00 -1.530e+00 -3.683e+00 -1.531e+00
-3.560 -7.273 7.274e-01 6.955e-01 1.278e+00 7.296e-01 6.955e-01 1.277e+00 -1.563e+00 -3.716e+00 -1.564e+00
-3.530 -7.536 7.302e-01 6.982e-01 1.280e+00 7.322e-01 6.982e-01 1.280e+00 -1.598e+00 -3.750e+00 -1.598e+00
-3.500 -6.978 7.325e-01 7.004e-01 1.282e+00 7.344e-01 7.004e-01 1.282e+00 -1.629e+00 -3.782e+00 -1.630e+00
-3.470 -7.359 7.347e-01 7.026e-01 1.284e+00 7.364e-01 7.026e-01 1.284e+00 -1.662e+00 -3.815e+00 -1.663e+00
-3.440 -6.835 7.366e-01 7.044e-01 1.286e+00 7.382e-01 7.044e-01 1.286e+00 -1.693e+00 -3.846e+00 -1.695e+00
-3.410 -7.490 7.385e-01 7.063e-01 1.288e+00 7.400e-01 7.063e-01 1.288e+00 -1.726e+00 -3.879e+00 -1.728e+00
-3.380 -7.266 7.402e-01 7.079e-01 1.290e+00 7.416e-01 7.079e-01 1.289e+00 -1.759e+00 -3.912e+00 -1.760e+00
-3.350 -7.056 7.419e-01 7.095e-01 1.291e+00 7.431e-01 7.095e-01 1.291e+00 -1.793e+00 -3.946e+00 -1.794e+00
-3.320 -6.959 7.434e-01 7.110e-01 1.293e+00 7.445e-01 7.110e-01 1.292e+00 -1.827e+00 -3.980e+00 -1.828e+00
-3.290 -7.222 7.448e-01 7.124e-01 1.294e+00 7.459e-01 7.124e-01 1.294e+00 -1.863e+00 -4.016e+00 -1.864e+00
-3.260 -6.609 7.461e-01 7.137e-01 1.295e+00 7.471e-01 7.137e-01 1.295e+00 -1.898e+00 -4.050e+00 -1.898e+00
-3.230 -7.060 7.473e-01 7.148e-01 1.297e+00 7.482e-01 7.148e-01 1.296e+00 -1.933e+00 -4.086e+00 -1.935e+00
-3.200 -6.570 7.484e-01 7.159e-01 1.298e+00 7.492e-01 7.159e-01 1.297e+00 -1.967e+00 -4.120e+00 -1.968e+00
-3.170 -6.590 7.494e-01 7.168e-01 1.299e+00 7.502e-01 7.168e-01 1.298e+00 -2.001e+00 -4.154e+00 -2.002e+00
-3.140 -6.608 7.503e-01 7.177e-01 1.299e+00 7.510e-01 7.177e-01 1.299e+00 -2.036e+00 -4.189e+00 -2.037e+00
-3.110 -6.747 7.512e-01 7.186e-01 1.300e+00 7.519e-01 7.186e-01 1.300e+00 -2.073e+00 -4.226e+00 -2.075e+00
-3.080 -6.378 7.520e-01 7.194e-01 1.301e+00 7.526e-01 7.193e-01 1.301e+00 -2.108e+00 -4.261e+00 -2.110e+00
-3.050 -6.301 7.527e-01 7.201e-01 1.302e+00 7.533e-01 7.200e-01 1.302e+00 -2.144e+00 -4.297e+00 -2.145e+00
-3.020 -7.207 7.535e-01 7.208e-01 1.303e+00 7.540e-01 7.208e-01 1.302e+00 -2.184e+00 -4.338e+00 -2.185e+00
-2.990 -6.367 7.541e-01 7.214e-01 1.303e+00 7.546e-01 7.214e-01 1.303e+00 -2.222e+00 -4.375e+00 -2.223e+00
-2.960 -7.166 7.547e-01 7.220e-01 1.304e+00 7.552e-01 7.220e-01 1.304e+00 -2.261e+00 -4.415e+00 -2.263e+00
-2.930 -6.731 7.553e-01 7.226e-01 1.304e+00 7.557e-01 7.225e-01 1.304e+00 -2.301e+00 -4.454e+00 -2.303e+00
-2.900 -7.147 7.559e-01 7.231e-01 1.305e+00 7.562e-01 7.231e-01 1.305e+00 -2.343e+00 -4.497e+00 -2.346e+00
-2.870 -6.279 7.563e-01 7.235e-01 1.305e+00 7.566e-01 7.235e-01 1.305e+00 -2.384e+00 -4.538e+00 -2.387e+00
-2.840 -6.532 7.568e-01 7.240e-01 1.306e+00 7.571e-01 7.240e-01 1.306e+00 -2.427e+00 -4.580e+00 -2.431e+00
-2.810 -6.025 7.572e-01 7.244e-01 1.306e+00 7.574e-01 7.244e-01 1.306e+00 -2.469e+00 -4.622e+00 -2.470e+00
-2.780 -6.663 7.576e-01 7.248e-01 1.306e+00 7.578e-01 7.248e-01 1.306e+00 -2.516e+00 -4.670e+00 -2.519e+00
-2.750 -7.731 7.579e-01 7.251e-01 1.307e+00 7.581e-01 7.251e-01 1.307e+00 -2.561e+00 -4.715e+00 -2.562e+00
-2.720 -6.230 7.583e-01 7.254e-01 1.307e+00 7.584e-01 7.254e-01 1.307e+00 -2.607e+00 -4.760e+00 -2.608e+00
-2.690 -6.216 7.586e-01 7.257e-01 1.307e+00 7.587e-01 7.257e-01 1.307e+00 -2.654e+00 -4.808e+00 -2.658e+00
-2.660 -7.039 7.588e-01 7.260e-01 1.308e+00 7.590e-01 7.260e-01 1.308e+00 -2.704e+00 -4.858e+00 -2.706e+00
-2.630 -6.218 7.591e-01 7.262e-01 1.308e+00 7.592e-01 7.262e-01 1.308e+00 -2.754e+00 -4.908e+00 -2.756e+00
-2.600 -5.712 7.593e-01 7.264e-01 1.308e+00 7.594e-01 7.264e-01 1.308e+00 -2.800e+00 -4.955e+00 -2.802e+00
-2.570 -6.391 7.595e-01 7.266e-01 1.308e+00 7.596e-01 7.266e-01 1.308e+00 -2.853e+00 -5.007e+00 -2.856e+00
-2.540 -6.090 7.597e-01 7.268e-01 1.308e+00 7.598e-01 7.268e-01 1.308e+00 -2.905e+00 -5.059e+00 -2.906e+00
-2.510 -5.686 7.598e-01 7.269e-01 1.309e+00 7.599e-01 7.269e-01 1.309e+00 -2.950e+00 -5.105e+00 -2.952e+00
-2.480 -5.509 7.600e-01 7.271e-01 1.309e+00 7.600e-01 7.271e-01 1.309e+00 -3.000e+00 -5.154e+00 -3.006e+00
-2.450 -5.664 7.601e-01 7.272e-01 1.309e+00 7.602e-01 7.272e-01 1.309e+00 -3.052e+00 -5.206e+00 -3.055e+00
-2.420 -5.353 7.602e-01 7.273e-01 1.309e+00 7.603e-01 7.273e-01 1.309e+00 -3.099e+00 -5.254e+00 -3.101e+00
-2.390 -5.341 7.603e-01 7.274e-01 1.309e+00 7.604e-01 7.274e-01 1.309e+00 -3.151e+00 -5.305e+00 -3.155e+00
-2.360 -5.475 7.604e-01 7.275e-01 1.309e+00 7.604e-01 7.275e-01 1.309e+00 -3.206e+00 -5.359e+00 -3.215e+00
-2.330 -5.304 7.605e-01 7.275e-01 1.309e+00 7.605e-01 7.275e-01 1.309e+00 -3.256e+00 -5.408e+00 -3.260e+00
-2.300 -5.144 7.605e-01 7.276e-01 1.309e+00 7.606e-01 7.276e-01 1.309e+00 -3.304e+00 -5.459e+00 -3.308e+00
-2.270 -5.195 7.606e-01 7.277e-01 1.309e+00 7.606e-01 7.277e-01 1.309e+00 -3.357e+00 -5.513e+00 -3.361e+00
-2.240 -5.619 7.607e-01 7.277e-01 1.309e+00 7.607e-01 7.277e-01 1.309e+00 -3.412e+00 -5.567e+00 -3.417e+00
-2.210 -5.192 7.607e-01 7.278e-01 1.309e+00 7.607e-01 7.278e-01 1.309e+00 -3.461e+00 -5.616e+00 -3.464e+00
-2.180 -5.132 7.608e-01 7.278e-01 1.309e+00 7.608e-01 7.278e-01 1.309e+00 -3.512e+00 -5.668e+00 -3.516e+00
-2.150 -5.233 7.608e-01 7.279e-01 1.310e+00 7.608e-01 7.279e-01 1.310e+00 -3.570e+00 -5.509e+00 -3.581e+00
-2.119 -4.936 7.608e-01 7.279e-01 1.310e+00 7.608e-01 7.279e-01 1.310e+00 -3.619e+00 -5.777e+00 -3.623e+00
-2.090 -5.895 7.609e-01 7.279e-01 1.310e+00 7.609e-01 7.279e-01 1.310e+00 -3.681e+00 -5.836e+00 -3.687e+00
-2.060 -5.482 7.609e-01 7.280e-01 1.310e+00 7.609e-01 7.280e-01 1.310e+00 -3.735e+00 -5.892e+00 -3.739e+00
-2.030 -4.718 7.609e-01 7.280e-01 1.310e+00 7.609e-01 7.280e-01 1.310e+00 -3.779e+00 -5.936e+00 -3.786e+00
-2.000 -4.807 7.609e-01 7.280e-01 1.310e+00 7.610e-01 7.280e-01 1.310e+00 -3.842e+00 -6.000e+00 -3.847e+00