# ASY method (with partition functions). 
# All quantities except Asy, RG_PE, and sumX are 
# log10(x). Log of absolute values for E and dE/dt, as
# they can be negative. UNITS: t and dt in s; E in erg; 
# dE/dt in erg/g/s; all others dimensionless 
#
#    t     dt     |E|  |dE/dt| Asy  Equil sumX    X(0)      X(1)      X(2)      X(3)      X(4)      X(5)      X(6)      X(7)      X(8)      X(9)      X(10)      X(11)      X(12)      X(13)      X(14)      X(15)    

+7.504 +6.504 10.387  2.883 0.250 0.000 1.000   nan -1.496e-01 -5.591e-01 -2.517e+00 -4.435e+00 -1.180e+01 -2.957e+00 -5.361e+00 -1.509e+01 -2.017e+00 -5.305e+00 -4.662e+00 -1.631e+01 -1.751e+01 -1.279e+01 -2.806e+00
+7.545 +6.545 10.429  2.883 0.250 0.000 1.000 -2.333e+01 -1.496e-01 -5.591e-01 -2.517e+00 -4.435e+00 -1.180e+01 -2.957e+00 -5.361e+00 -1.509e+01 -2.017e+00 -5.305e+00 -4.662e+00 -1.631e+01 -1.751e+01 -1.275e+01 -2.806e+00
+7.587 +6.587 10.470  2.883 0.250 0.000 1.000   nan -1.496e-01 -5.591e-01 -2.517e+00 -4.435e+00 -1.180e+01 -2.957e+00 -5.361e+00 -1.509e+01 -2.017e+00 -5.305e+00 -4.662e+00 -1.631e+01 -1.751e+01 -1.271e+01 -2.806e+00
+7.670 +6.670 10.553  2.883 0.250 0.000 1.000   nan -1.496e-01 -5.591e-01 -2.517e+00 -4.435e+00 -1.180e+01 -2.957e+00 -5.361e+00 -1.509e+01 -2.017e+00 -5.305e+00 -4.662e+00 -1.631e+01 -1.751e+01 -1.263e+01 -2.806e+00
+7.711 +6.711 10.594  2.883 0.250 0.000 1.000 -2.333e+01 -1.496e-01 -5.591e-01 -2.517e+00 -4.435e+00 -1.180e+01 -2.957e+00 -5.361e+00 -1.509e+01 -2.017e+00 -5.305e+00 -4.662e+00 -1.631e+01 -1.751e+01 -1.258e+01 -2.806e+00
+7.752 +6.752 10.635  2.883 0.250 0.000 1.000   nan -1.496e-01 -5.591e-01 -2.517e+00 -4.435e+00 -1.180e+01 -2.957e+00 -5.362e+00 -1.509e+01 -2.017e+00 -5.305e+00 -4.662e+00 -1.631e+01 -1.751e+01 -1.254e+01 -2.806e+00
+7.835 +6.835 10.718  2.883 0.250 0.000 1.000   nan -1.496e-01 -5.591e-01 -2.517e+00 -4.435e+00 -1.180e+01 -2.957e+00 -5.362e+00 -1.509e+01 -2.017e+00 -5.305e+00 -4.662e+00 -1.631e+01 -1.751e+01 -1.246e+01 -2.806e+00
+7.877 +6.877 10.760  2.883 0.250 0.000 1.000 -2.333e+01 -1.496e-01 -5.591e-01 -2.517e+00 -4.435e+00 -1.180e+01 -2.957e+00 -5.363e+00 -1.509e+01 -2.017e+00 -5.305e+00 -4.662e+00 -1.631e+01 -1.751e+01 -1.242e+01 -2.806e+00
+7.918 +6.918 10.801  2.883 0.250 0.000 1.000   nan -1.496e-01 -5.591e-01 -2.517e+00 -4.434e+00 -1.180e+01 -2.957e+00 -5.363e+00 -1.509e+01 -2.017e+00 -5.305e+00 -4.662e+00 -1.631e+01 -1.751e+01 -1.238e+01 -2.806e+00
+8.001 +7.001 10.884  2.882 0.250 0.000 1.000   nan -1.496e-01 -5.591e-01 -2.517e+00 -4.434e+00 -1.180e+01 -2.957e+00 -5.364e+00 -1.509e+01 -2.017e+00 -5.305e+00 -4.662e+00 -1.631e+01 -1.751e+01 -1.229e+01 -2.806e+00
+8.042 +7.042 10.925  2.882 0.250 0.000 1.000 -2.333e+01 -1.496e-01 -5.591e-01 -2.517e+00 -4.434e+00 -1.180e+01 -2.957e+00 -5.364e+00 -1.509e+01 -2.017e+00 -5.305e+00 -4.662e+00 -1.631e+01 -1.751e+01 -1.225e+01 -2.806e+00
+8.084 +7.084 10.966  2.882 0.250 0.000 1.000   nan -1.496e-01 -5.591e-01 -2.517e+00 -4.434e+00 -1.180e+01 -2.957e+00 -5.365e+00 -1.509e+01 -2.017e+00 -5.305e+00 -4.662e+00 -1.631e+01 -1.751e+01 -1.221e+01 -2.806e+00
+8.166 +7.166 11.049  2.882 0.250 0.000 1.000   nan -1.496e-01 -5.591e-01 -2.517e+00 -4.433e+00 -1.180e+01 -2.957e+00 -5.366e+00 -1.509e+01 -2.017e+00 -5.305e+00 -4.662e+00 -1.631e+01 -1.751e+01 -1.213e+01 -2.806e+00
+8.208 +7.208 11.090  2.882 0.250 0.000 1.000 -2.333e+01 -1.496e-01 -5.591e-01 -2.517e+00 -4.433e+00 -1.180e+01 -2.957e+00 -5.367e+00 -1.509e+01 -2.017e+00 -5.305e+00 -4.662e+00 -1.631e+01 -1.751e+01 -1.209e+01 -2.806e+00
+8.291 +7.291 11.173  2.882 0.250 0.000 1.000 -2.333e+01 -1.496e-01 -5.591e-01 -2.517e+00 -4.432e+00 -1.180e+01 -2.957e+00 -5.368e+00 -1.509e+01 -2.017e+00 -5.305e+00 -4.662e+00 -1.631e+01 -1.751e+01 -1.200e+01 -2.806e+00
+8.332 +7.332 11.214  2.881 0.250 0.000 1.000   nan -1.496e-01 -5.591e-01 -2.517e+00 -4.432e+00 -1.180e+01 -2.957e+00 -5.369e+00 -1.509e+01 -2.017e+00 -5.305e+00 -4.662e+00 -1.631e+01 -1.751e+01 -1.196e+01 -2.806e+00
+8.373 +7.373 11.256  2.881 0.250 0.000 1.000 -2.333e+01 -1.496e-01 -5.591e-01 -2.517e+00 -4.431e+00 -1.180e+01 -2.957e+00 -5.370e+00 -1.509e+01 -2.017e+00 -5.305e+00 -4.662e+00 -1.631e+01 -1.751e+01 -1.192e+01 -2.806e+00
+8.456 +7.456 11.338  2.881 0.250 0.000 1.000 -2.333e+01 -1.496e-01 -5.591e-01 -2.517e+00 -4.430e+00 -1.180e+01 -2.957e+00 -5.373e+00 -1.509e+01 -2.017e+00 -5.305e+00 -4.662e+00 -1.631e+01 -1.751e+01 -1.184e+01 -2.806e+00
+8.497 +7.497 11.379  2.881 0.250 0.000 1.000   nan -1.496e-01 -5.591e-01 -2.517e+00 -4.430e+00 -1.180e+01 -2.957e+00 -5.374e+00 -1.509e+01 -2.017e+00 -5.305e+00 -4.662e+00 -1.631e+01 -1.751e+01 -1.180e+01 -2.806e+00
+8.539 +7.539 11.421  2.880 0.250 0.000 1.000 -2.333e+01 -1.496e-01 -5.591e-01 -2.517e+00 -4.429e+00 -1.180e+01 -2.957e+00 -5.376e+00 -1.509e+01 -2.017e+00 -5.305e+00 -4.662e+00 -1.631e+01 -1.751e+01 -1.176e+01 -2.806e+00
+8.622 +7.622 11.503  2.880 0.250 0.000 1.000 -2.333e+01 -1.496e-01 -5.591e-01 -2.517e+00 -4.427e+00 -1.180e+01 -2.957e+00 -5.379e+00 -1.509e+01 -2.017e+00 -5.305e+00 -4.662e+00 -1.631e+01 -1.751e+01 -1.167e+01 -2.806e+00
+8.663 +7.663 11.544  2.879 0.250 0.000 1.000   nan -1.496e-01 -5.591e-01 -2.517e+00 -4.427e+00 -1.180e+01 -2.957e+00 -5.381e+00 -1.509e+01 -2.017e+00 -5.305e+00 -4.662e+00 -1.631e+01 -1.751e+01 -1.163e+01 -2.806e+00
+8.704 +7.704 11.585  2.879 0.250 0.000 1.000 -2.333e+01 -1.496e-01 -5.591e-01 -2.517e+00 -4.426e+00 -1.180e+01 -2.957e+00 -5.384e+00 -1.509e+01 -2.017e+00 -5.305e+00 -4.662e+00 -1.631e+01 -1.751e+01 -1.159e+01 -2.806e+00
+8.787 +7.787 11.668  2.878 0.250 0.000 1.000 -2.333e+01 -1.496e-01 -5.591e-01 -2.517e+00 -4.423e+00 -1.180e+01 -2.957e+00 -5.389e+00 -1.509e+01 -2.017e+00 -5.305e+00 -4.662e+00 -1.631e+01 -1.751e+01 -1.151e+01 -2.806e+00
+8.829 +7.829 11.709  2.878 0.250 0.000 1.000   nan -1.496e-01 -5.591e-01 -2.517e+00 -4.422e+00 -1.180e+01 -2.957e+00 -5.392e+00 -1.509e+01 -2.017e+00 -5.305e+00 -4.662e+00 -1.631e+01 -1.751e+01 -1.147e+01 -2.806e+00
+8.870 +7.870 11.750  2.877 0.250 0.000 1.000 -2.333e+01 -1.496e-01 -5.591e-01 -2.517e+00 -4.421e+00 -1.180e+01 -2.957e+00 -5.395e+00 -1.509e+01 -2.017e+00 -5.305e+00 -4.662e+00 -1.631e+01 -1.751e+01 -1.143e+01 -2.806e+00
+8.953 +7.953 11.832  2.876 0.250 0.000 1.000 -2.333e+01 -1.496e-01 -5.591e-01 -2.517e+00 -4.418e+00 -1.180e+01 -2.957e+00 -5.403e+00 -1.509e+01 -2.017e+00 -5.305e+00 -4.662e+00 -1.631e+01 -1.751e+01 -1.134e+01 -2.806e+00
+8.994 +7.994 11.873  2.875 0.250 0.000 1.000   nan -1.496e-01 -5.591e-01 -2.517e+00 -4.416e+00 -1.180e+01 -2.957e+00 -5.407e+00 -1.509e+01 -2.017e+00 -5.305e+00 -4.662e+00 -1.631e+01 -1.751e+01 -1.130e+01 -2.806e+00
+9.036 +8.036 11.914  2.875 0.250 0.000 1.000 -2.333e+01 -1.496e-01 -5.591e-01 -2.517e+00 -4.414e+00 -1.180e+01 -2.957e+00 -5.412e+00 -1.509e+01 -2.017e+00 -5.305e+00 -4.662e+00 -1.631e+01 -1.751e+01 -1.126e+01 -2.806e+00
+9.118 +8.118 11.996  2.873 0.250 0.000 1.000 -2.333e+01 -1.496e-01 -5.591e-01 -2.517e+00 -4.409e+00 -1.180e+01 -2.957e+00 -5.423e+00 -1.509e+01 -2.017e+00 -5.305e+00 -4.662e+00 -1.631e+01 -1.751e+01 -1.118e+01 -2.806e+00
+9.160 +8.160 12.037  2.872 0.250 0.000 1.000   nan -1.496e-01 -5.591e-01 -2.517e+00 -4.407e+00 -1.180e+01 -2.957e+00 -5.429e+00 -1.509e+01 -2.017e+00 -5.305e+00 -4.662e+00 -1.631e+01 -1.751e+01 -1.114e+01 -2.806e+00
+9.201 +8.201 12.078  2.871 0.250 0.000 1.000 -2.333e+01 -1.496e-01 -5.591e-01 -2.517e+00 -4.404e+00 -1.180e+01 -2.957e+00 -5.436e+00 -1.509e+01 -2.017e+00 -5.305e+00 -4.662e+00 -1.631e+01 -1.751e+01 -1.109e+01 -2.806e+00
+9.284 +8.284 12.159  2.868 0.250 0.000 1.000 -2.333e+01 -1.496e-01 -5.591e-01 -2.517e+00 -4.398e+00 -1.180e+01 -2.957e+00 -5.453e+00 -1.509e+01 -2.017e+00 -5.305e+00 -4.662e+00 -1.631e+01 -1.751e+01 -1.101e+01 -2.806e+00
+9.325 +8.325 12.200  2.867 0.250 0.000 1.000   nan -1.496e-01 -5.591e-01 -2.517e+00 -4.394e+00 -1.180e+01 -2.957e+00 -5.462e+00 -1.509e+01 -2.017e+00 -5.305e+00 -4.662e+00 -1.631e+01 -1.751e+01 -1.097e+01 -2.806e+00
+9.367 +8.367 12.240  2.866 0.250 0.000 1.000 -2.333e+01 -1.496e-01 -5.591e-01 -2.517e+00 -4.390e+00 -1.180e+01 -2.957e+00 -5.472e+00 -1.509e+01 -2.017e+00 -5.305e+00 -4.662e+00 -1.631e+01 -1.751e+01 -1.093e+01 -2.806e+00
+9.450 +8.450 12.321  2.862 0.250 0.000 1.000 -2.333e+01 -1.496e-01 -5.591e-01 -2.518e+00 -4.381e+00 -1.180e+01 -2.957e+00 -5.496e+00 -1.509e+01 -2.017e+00 -5.305e+00 -4.662e+00 -1.631e+01 -1.751e+01 -1.085e+01 -2.806e+00
+9.491 +8.491 12.362  2.861 0.250 0.000 1.000   nan -1.496e-01 -5.591e-01 -2.518e+00 -4.376e+00 -1.180e+01 -2.957e+00 -5.510e+00 -1.509e+01 -2.017e+00 -5.304e+00 -4.662e+00 -1.631e+01 -1.751e+01 -1.080e+01 -2.806e+00
+9.532 +8.532 12.402  2.859 0.250 0.000 1.000 -2.333e+01 -1.496e-01 -5.591e-01 -2.518e+00 -4.370e+00 -1.180e+01 -2.957e+00 -5.525e+00 -1.509e+01 -2.017e+00 -5.304e+00 -4.662e+00 -1.631e+01 -1.751e+01 -1.076e+01 -2.806e+00
+9.615 +8.615 12.482  2.855 0.250 0.000 1.000 -2.333e+01 -1.496e-01 -5.591e-01 -2.518e+00 -4.358e+00 -1.180e+01 -2.957e+00 -5.560e+00 -1.509e+01 -2.017e+00 -5.304e+00 -4.662e+00 -1.631e+01 -1.751e+01 -1.068e+01 -2.806e+00
+9.656 +8.656 12.522  2.852 0.250 0.000 1.000   nan -1.496e-01 -5.591e-01 -2.518e+00 -4.351e+00 -1.180e+01 -2.957e+00 -5.580e+00 -1.509e+01 -2.017e+00 -5.304e+00 -4.662e+00 -1.631e+01 -1.751e+01 -1.064e+01 -2.806e+00
+9.698 +8.698 12.562  2.850 0.250 0.000 1.000 -2.333e+01 -1.496e-01 -5.591e-01 -2.518e+00 -4.343e+00 -1.180e+01 -2.957e+00 -5.602e+00 -1.509e+01 -2.017e+00 -5.304e+00 -4.662e+00 -1.631e+01 -1.751e+01 -1.060e+01 -2.806e+00
+9.781 +8.781 12.642  2.845 0.250 0.000 1.000 -2.333e+01 -1.496e-01 -5.591e-01 -2.518e+00 -4.326e+00 -1.180e+01 -2.957e+00 -5.653e+00 -1.509e+01 -2.017e+00 -5.304e+00 -4.662e+00 -1.631e+01 -1.751e+01 -1.051e+01 -2.806e+00
+9.822 +8.822 12.682  2.842 0.250 0.000 1.000   nan -1.496e-01 -5.591e-01 -2.518e+00 -4.316e+00 -1.180e+01 -2.957e+00 -5.682e+00 -1.509e+01 -2.017e+00 -5.304e+00 -4.662e+00 -1.631e+01 -1.751e+01 -1.047e+01 -2.806e+00
+9.863 +8.863 12.721  2.840 0.250 0.000 1.000 -2.333e+01 -1.496e-01 -5.591e-01 -2.518e+00 -4.306e+00 -1.180e+01 -2.957e+00 -5.715e+00 -1.509e+01 -2.017e+00 -5.304e+00 -4.662e+00 -1.631e+01 -1.751e+01 -1.043e+01 -2.806e+00
+9.946 +8.946 12.800  2.834 0.250 0.000 1.000 -2.334e+01 -1.496e-01 -5.591e-01 -2.519e+00 -4.283e+00 -1.180e+01 -2.957e+00 -5.789e+00 -1.509e+01 -2.017e+00 -5.304e+00 -4.663e+00 -1.631e+01 -1.751e+01 -1.035e+01 -2.806e+00
+9.988 +8.988 12.840  2.831 0.250 0.000 1.000   nan -1.496e-01 -5.591e-01 -2.519e+00 -4.271e+00 -1.180e+01 -2.957e+00 -5.832e+00 -1.509e+01 -2.017e+00 -5.304e+00 -4.663e+00 -1.631e+01 -1.751e+01 -1.031e+01 -2.806e+00
+10.029 +9.029 12.879  2.829 0.250 0.000 1.000 -2.334e+01 -1.496e-01 -5.591e-01 -2.519e+00 -4.257e+00 -1.180e+01 -2.957e+00 -5.879e+00 -1.509e+01 -2.017e+00 -5.304e+00 -4.663e+00 -1.631e+01 -1.751e+01 -1.027e+01 -2.806e+00
+10.112 +9.112 12.958  2.824 0.250 0.000 1.000 -2.334e+01 -1.496e-01 -5.591e-01 -2.520e+00 -4.228e+00 -1.180e+01 -2.957e+00 -5.987e+00 -1.509e+01 -2.017e+00 -5.304e+00 -4.663e+00 -1.631e+01 -1.751e+01 -1.018e+01 -2.806e+00
+10.153 +9.153 12.997  2.822 0.250 0.000 1.000   nan -1.496e-01 -5.591e-01 -2.520e+00 -4.212e+00 -1.180e+01 -2.956e+00 -6.049e+00 -1.509e+01 -2.017e+00 -5.304e+00 -4.663e+00 -1.631e+01 -1.751e+01 -1.014e+01 -2.806e+00
+10.195 +9.195 13.036  2.820 0.250 0.000 1.000 -2.334e+01 -1.496e-01 -5.591e-01 -2.520e+00 -4.195e+00 -1.180e+01 -2.956e+00 -6.116e+00 -1.509e+01 -2.017e+00 -5.304e+00 -4.663e+00 -1.631e+01 -1.751e+01 -1.010e+01 -2.806e+00
+10.277 +9.277 13.115  2.817 0.250 0.000 1.000 -2.334e+01 -1.496e-01 -5.591e-01 -2.521e+00 -4.159e+00 -1.180e+01 -2.956e+00 -6.269e+00 -1.509e+01 -2.017e+00 -5.304e+00 -4.663e+00 -1.631e+01 -1.751e+01 -1.002e+01 -2.806e+00
+10.319 +9.319 13.154  2.816 0.250 0.000 1.000   nan -1.496e-01 -5.591e-01 -2.522e+00 -4.139e+00 -1.180e+01 -2.956e+00 -6.355e+00 -1.509e+01 -2.017e+00 -5.304e+00 -4.663e+00 -1.631e+01 -1.751e+01 -9.977e+00 -2.806e+00
+10.360 +9.360 13.194  2.816 0.250 0.000 1.000 -2.334e+01 -1.496e-01 -5.591e-01 -2.522e+00 -4.119e+00 -1.181e+01 -2.956e+00 -6.446e+00 -1.509e+01 -2.017e+00 -5.304e+00 -4.664e+00 -1.631e+01 -1.751e+01 -9.936e+00 -2.806e+00
+10.443 +9.443 13.274  2.817 0.250 0.000 1.000 -2.334e+01 -1.496e-01 -5.591e-01 -2.523e+00 -4.075e+00 -1.181e+01 -2.956e+00 -6.643e+00 -1.509e+01 -2.017e+00 -5.303e+00 -4.664e+00 -1.631e+01 -1.751e+01 -9.853e+00 -2.806e+00
+10.484 +9.484 13.314  2.818 0.250 0.000 1.000   nan -1.496e-01 -5.591e-01 -2.524e+00 -4.052e+00 -1.181e+01 -2.956e+00 -6.744e+00 -1.509e+01 -2.017e+00 -5.303e+00 -4.664e+00 -1.631e+01 -1.751e+01 -9.812e+00 -2.806e+00
+10.526 +9.526 13.355  2.820 0.250 0.000 1.000 -2.334e+01 -1.496e-01 -5.591e-01 -2.525e+00 -4.029e+00 -1.181e+01 -2.955e+00 -6.842e+00 -1.509e+01 -2.017e+00 -5.303e+00 -4.664e+00 -1.631e+01 -1.751e+01 -9.771e+00 -2.806e+00
+10.608 +9.608 13.436  2.824 0.250 0.000 1.000 -2.334e+01 -1.496e-01 -5.591e-01 -2.526e+00 -3.979e+00 -1.181e+01 -2.955e+00 -7.012e+00 -1.509e+01 -2.017e+00 -5.303e+00 -4.665e+00 -1.631e+01 -1.751e+01 -9.688e+00 -2.806e+00
+10.650 +9.650 13.478  2.827 0.250 0.000 1.000   nan -1.496e-01 -5.591e-01 -2.527e+00 -3.953e+00 -1.181e+01 -2.954e+00 -7.075e+00 -1.509e+01 -2.017e+00 -5.303e+00 -4.665e+00 -1.631e+01 -1.751e+01 -9.647e+00 -2.806e+00
+10.691 +9.691 13.519  2.831 0.250 0.000 1.000 -2.334e+01 -1.496e-01 -5.591e-01 -2.528e+00 -3.926e+00 -1.181e+01 -2.954e+00 -7.121e+00 -1.509e+01 -2.017e+00 -5.302e+00 -4.665e+00 -1.631e+01 -1.751e+01 -9.606e+00 -2.806e+00
+10.774 +9.774 13.604  2.839 0.250 0.000 1.000 -2.334e+01 -1.496e-01 -5.591e-01 -2.531e+00 -3.871e+00 -1.181e+01 -2.953e+00 -7.169e+00 -1.508e+01 -2.017e+00 -5.302e+00 -4.666e+00 -1.631e+01 -1.751e+01 -9.523e+00 -2.806e+00
+10.815 +9.815 13.646  2.843 0.250 0.000 1.000   nan -1.496e-01 -5.591e-01 -2.532e+00 -3.843e+00 -1.181e+01 -2.952e+00 -7.179e+00 -1.508e+01 -2.017e+00 -5.302e+00 -4.666e+00 -1.631e+01 -1.750e+01 -9.482e+00 -2.806e+00
+10.857 +9.857 13.689  2.848 0.250 0.000 1.000 -2.334e+01 -1.496e-01 -5.591e-01 -2.534e+00 -3.814e+00 -1.182e+01 -2.952e+00 -7.183e+00 -1.508e+01 -2.017e+00 -5.301e+00 -4.667e+00 -1.631e+01 -1.750e+01 -9.441e+00 -2.806e+00
+10.940 +9.940 13.776  2.859 0.250 0.000 1.000 -2.334e+01 -1.496e-01 -5.591e-01 -2.537e+00 -3.756e+00 -1.182e+01 -2.950e+00 -7.185e+00 -1.508e+01 -2.017e+00 -5.301e+00 -4.668e+00 -1.631e+01 -1.750e+01 -9.358e+00 -2.806e+00
+10.981 +9.981 13.820  2.865 0.250 0.000 1.000   nan -1.496e-01 -5.591e-01 -2.540e+00 -3.727e+00 -1.182e+01 -2.948e+00 -7.185e+00 -1.508e+01 -2.017e+00 -5.300e+00 -4.668e+00 -1.631e+01 -1.750e+01 -9.317e+00 -2.806e+00
+11.022 +10.022 13.865  2.871 0.250 0.000 1.000 -2.334e+01 -1.496e-01 -5.591e-01 -2.542e+00 -3.697e+00 -1.182e+01 -2.947e+00 -7.185e+00 -1.508e+01 -2.017e+00 -5.300e+00 -4.669e+00 -1.631e+01 -1.750e+01 -9.276e+00 -2.806e+00
+11.105 +10.105 13.955  2.885 0.250 0.000 1.000 -2.334e+01 -1.496e-01 -5.591e-01 -2.547e+00 -3.638e+00 -1.183e+01 -2.943e+00 -7.183e+00 -1.508e+01 -2.017e+00 -5.299e+00 -4.670e+00 -1.631e+01 -1.750e+01 -9.194e+00 -2.806e+00
+11.147 +10.147 14.000  2.892 0.250 0.000 1.000   nan -1.496e-01 -5.591e-01 -2.550e+00 -3.609e+00 -1.183e+01 -2.941e+00 -7.182e+00 -1.507e+01 -2.017e+00 -5.298e+00 -4.671e+00 -1.631e+01 -1.750e+01 -9.153e+00 -2.806e+00
+11.188 +10.188 14.046  2.900 0.250 0.000 1.000 -2.335e+01 -1.496e-01 -5.591e-01 -2.554e+00 -3.579e+00 -1.184e+01 -2.938e+00 -7.181e+00 -1.507e+01 -2.017e+00 -5.298e+00 -4.672e+00 -1.631e+01 -1.750e+01 -9.112e+00 -2.806e+00
+11.271 +10.271 14.138  2.915 0.250 0.000 1.000 -2.335e+01 -1.496e-01 -5.591e-01 -2.562e+00 -3.522e+00 -1.184e+01 -2.931e+00 -7.178e+00 -1.506e+01 -2.017e+00 -5.296e+00 -4.674e+00 -1.631e+01 -1.750e+01 -9.030e+00 -2.806e+00
+11.312 +10.312 14.185  2.923 0.312 0.000 1.000   nan -1.496e-01 -5.591e-01 -2.566e+00 -3.494e+00 -1.185e+01 -2.927e+00 -7.176e+00 -1.506e+01 -2.017e+00 -5.295e+00 -4.675e+00 -1.631e+01 -1.750e+01 -8.990e+00 -2.806e+00
+11.354 +10.354 14.232  2.932 0.312 0.000 1.000 -2.335e+01 -1.496e-01 -5.591e-01 -2.571e+00 -3.467e+00 -1.185e+01 -2.922e+00 -7.174e+00 -1.506e+01 -2.017e+00 -5.294e+00 -4.677e+00 -1.631e+01 -1.750e+01 -8.949e+00 -2.806e+00
+11.436 +10.436 14.327  2.948 0.312 0.000 1.000 -2.336e+01 -1.496e-01 -5.591e-01 -2.582e+00 -3.414e+00 -1.186e+01 -2.910e+00 -7.168e+00 -1.504e+01 -2.017e+00 -5.292e+00 -4.680e+00 -1.631e+01 -1.750e+01 -8.868e+00 -2.806e+00
+11.478 +10.478 14.375  2.957 0.312 0.000 1.000   nan -1.496e-01 -5.591e-01 -2.589e+00 -3.389e+00 -1.187e+01 -2.902e+00 -7.164e+00 -1.504e+01 -2.017e+00 -5.291e+00 -4.682e+00 -1.631e+01 -1.749e+01 -8.827e+00 -2.806e+00
+11.519 +10.519 14.423  2.965 0.312 0.000 1.000 -2.336e+01 -1.496e-01 -5.591e-01 -2.596e+00 -3.365e+00 -1.188e+01 -2.893e+00 -7.160e+00 -1.503e+01 -2.017e+00 -5.290e+00 -4.684e+00 -1.631e+01 -1.749e+01 -8.787e+00 -2.806e+00
+11.602 +10.602 14.519  2.979 0.312 0.000 1.000 -2.336e+01 -1.496e-01 -5.591e-01 -2.613e+00 -3.321e+00 -1.189e+01 -2.872e+00 -7.149e+00 -1.501e+01 -2.017e+00 -5.287e+00 -4.688e+00 -1.631e+01 -1.749e+01 -8.706e+00 -2.806e+00
+11.643 +10.643 14.567  2.986 0.312 0.000 1.000   nan -1.497e-01 -5.591e-01 -2.623e+00 -3.302e+00 -1.190e+01 -2.859e+00 -7.142e+00 -1.500e+01 -2.017e+00 -5.285e+00 -4.691e+00 -1.631e+01 -1.749e+01 -8.666e+00 -2.806e+00
+11.714 +10.714 14.649  2.996 0.312 0.000 1.000   nan -1.497e-01 -5.591e-01 -2.642e+00 -3.272e+00 -1.192e+01 -2.834e+00 -7.128e+00 -1.497e+01 -2.017e+00 -5.282e+00 -4.696e+00 -1.631e+01 -1.749e+01 -8.598e+00 -2.806e+00
+11.743 +10.743 14.683  2.999 0.312 0.000 1.000 -2.337e+01 -1.497e-01 -5.591e-01 -2.651e+00 -3.262e+00 -1.193e+01 -2.822e+00 -7.119e+00 -1.496e+01 -2.017e+00 -5.280e+00 -4.698e+00 -1.631e+01 -1.748e+01 -8.569e+00 -2.806e+00
+11.802 +10.802 14.750  3.003 0.312 0.000 1.000 -2.338e+01 -1.497e-01 -5.591e-01 -2.670e+00 -3.245e+00 -1.195e+01 -2.797e+00 -7.102e+00 -1.493e+01 -2.017e+00 -5.277e+00 -4.704e+00 -1.631e+01 -1.748e+01 -8.513e+00 -2.806e+00
+11.852 +10.730 14.807  3.004 0.312 0.000 1.000 -2.338e+01 -1.497e-01 -5.591e-01 -2.689e+00 -3.234e+00 -1.197e+01 -2.772e+00 -7.085e+00 -1.491e+01 -2.017e+00 -5.273e+00 -4.709e+00 -1.631e+01 -1.748e+01 -8.466e+00 -2.806e+00
+11.905 +10.875 14.865  3.001 0.312 0.000 1.000 -2.339e+01 -1.497e-01 -5.591e-01 -2.711e+00 -3.227e+00 -1.199e+01 -2.745e+00 -7.066e+00 -1.488e+01 -2.017e+00 -5.269e+00 -4.715e+00 -1.631e+01 -1.747e+01 -8.416e+00 -2.806e+00
+11.972 +10.915 14.938  2.992 0.312 0.000 1.000   nan -1.497e-01 -5.591e-01 -2.744e+00 -3.226e+00 -1.202e+01 -2.707e+00 -7.039e+00 -1.484e+01 -2.017e+00 -5.264e+00 -4.723e+00 -1.631e+01 -1.747e+01 -8.353e+00 -2.806e+00
+12.015 +11.015 14.983  2.983 0.312 0.000 1.000   nan -1.497e-01 -5.591e-01 -2.767e+00 -3.230e+00 -1.204e+01 -2.681e+00 -7.022e+00 -1.482e+01 -2.017e+00 -5.260e+00 -4.730e+00 -1.631e+01 -1.746e+01 -8.313e+00 -2.806e+00
+12.068 +10.739 15.036  2.965 0.312 0.000 1.000 -2.340e+01 -1.497e-01 -5.591e-01 -2.799e+00 -3.241e+00 -1.208e+01 -2.649e+00 -6.995e+00 -1.478e+01 -2.017e+00 -5.254e+00 -4.739e+00 -1.631e+01 -1.746e+01 -8.265e+00 -2.806e+00
+12.135 +11.014 15.101  2.938 0.312 0.000 1.000 -2.341e+01 -1.497e-01 -5.591e-01 -2.847e+00 -3.264e+00 -1.212e+01 -2.607e+00 -6.964e+00 -1.474e+01 -2.017e+00 -5.246e+00 -4.752e+00 -1.631e+01 -1.745e+01 -8.203e+00 -2.806e+00
+12.180 +10.987 15.141  2.912 0.312 0.000 1.000   nan -1.498e-01 -5.591e-01 -2.883e+00 -3.286e+00 -1.216e+01 -2.580e+00 -6.941e+00 -1.471e+01 -2.017e+00 -5.241e+00 -4.761e+00 -1.631e+01 -1.744e+01 -8.163e+00 -2.806e+00
+12.240 +11.107 15.193  2.873 0.312 0.000 1.000   nan -1.498e-01 -5.591e-01 -2.936e+00 -3.325e+00 -1.221e+01 -2.544e+00 -6.913e+00 -1.468e+01 -2.017e+00 -5.232e+00 -4.776e+00 -1.631e+01 -1.744e+01 -8.111e+00 -2.806e+00
+12.293 +11.072 15.234  2.828 0.312 0.000 1.000   nan -1.498e-01 -5.591e-01 -2.990e+00 -3.368e+00 -1.227e+01 -2.513e+00 -6.888e+00 -1.465e+01 -2.017e+00 -5.223e+00 -4.791e+00 -1.631e+01 -1.743e+01 -8.065e+00 -2.806e+00
+12.345 +11.192 15.272  2.779 0.312 0.000 1.000   nan -1.498e-01 -5.591e-01 -3.049e+00 -3.418e+00 -1.232e+01 -2.485e+00 -6.866e+00 -1.462e+01 -2.017e+00 -5.214e+00 -4.807e+00 -1.631e+01 -1.742e+01 -8.021e+00 -2.806e+00
+12.397 +11.278 15.307  2.723 0.312 0.000 1.000   nan -1.498e-01 -5.591e-01 -3.116e+00 -3.479e+00 -1.239e+01 -2.458e+00 -6.845e+00 -1.459e+01 -2.017e+00 -5.204e+00 -4.825e+00 -1.631e+01 -1.741e+01 -7.977e+00 -2.806e+00
+12.453 +11.079 15.340  2.642 0.312 0.000 1.000 -2.345e+01 -1.498e-01 -5.591e-01 -3.198e+00 -3.556e+00 -1.247e+01 -2.432e+00 -6.820e+00 -1.457e+01 -2.017e+00 -5.191e+00 -4.848e+00 -1.631e+01 -1.740e+01 -7.932e+00 -2.806e+00
+12.511 +11.190 15.371  2.557 0.312 0.000 1.000   nan -1.499e-01 -5.591e-01 -3.293e+00 -3.648e+00 -1.257e+01 -2.409e+00 -6.801e+00 -1.454e+01 -2.017e+00 -5.177e+00 -4.875e+00 -1.631e+01 -1.738e+01 -7.886e+00 -2.806e+00
+12.573 +11.436 15.399  2.459 0.312 0.000 1.000 -2.346e+01 -1.499e-01 -5.591e-01 -3.408e+00 -3.762e+00 -1.268e+01 -2.387e+00 -6.786e+00 -1.452e+01 -2.017e+00 -5.161e+00 -4.907e+00 -1.631e+01 -1.737e+01 -7.839e+00 -2.806e+00
+12.619 +11.401 15.416  2.369 0.312 0.000 1.000 -2.346e+01 -1.499e-01 -5.591e-01 -3.502e+00 -3.856e+00 -1.277e+01 -2.374e+00 -6.774e+00 -1.451e+01 -2.017e+00 -5.147e+00 -4.935e+00 -1.631e+01 -1.735e+01 -7.806e+00 -2.806e+00
+12.677 +11.334 15.436  2.244 0.312 0.000 1.000   nan -1.499e-01 -5.590e-01 -3.635e+00 -3.992e+00 -1.291e+01 -2.359e+00 -6.762e+00 -1.449e+01 -2.017e+00 -5.129e+00 -4.974e+00 -1.631e+01 -1.733e+01 -7.765e+00 -2.806e+00
+12.742 +11.600 15.453  2.113 0.312 0.000 1.000 -2.347e+01 -1.499e-01 -5.590e-01 -3.796e+00 -4.157e+00 -1.306e+01 -2.347e+00 -6.754e+00 -1.448e+01 -2.017e+00 -5.106e+00 -5.024e+00 -1.631e+01 -1.731e+01 -7.722e+00 -2.806e+00
+12.794 +11.565 15.465  1.993 0.312 0.000 1.000 -2.347e+01 -1.499e-01 -5.590e-01 -3.932e+00 -4.301e+00 -1.320e+01 -2.340e+00 -6.749e+00 -1.447e+01 -2.017e+00 -5.086e+00 -5.070e+00 -1.631e+01 -1.729e+01 -7.690e+00 -2.806e+00
+12.855 +11.839 15.476  1.871 0.312 0.000 1.000 -2.347e+01 -1.499e-01 -5.590e-01 -4.098e+00 -4.479e+00 -1.335e+01 -2.334e+00 -6.746e+00 -1.447e+01 -2.017e+00 -5.061e+00 -5.133e+00 -1.631e+01 -1.727e+01 -7.654e+00 -2.806e+00
+12.897 +11.658 15.483  1.776 0.312 0.000 1.000   nan -1.499e-01 -5.590e-01 -4.204e+00 -4.601e+00 -1.347e+01 -2.331e+00 -6.745e+00 -1.446e+01 -2.017e+00 -5.043e+00 -5.181e+00 -1.631e+01 -1.725e+01 -7.632e+00 -2.806e+00
+12.956 +11.820 15.491  1.687 0.312 0.000 1.000 -2.348e+01 -1.499e-01 -5.590e-01 -4.335e+00 -4.757e+00 -1.360e+01 -2.328e+00 -6.745e+00 -1.446e+01 -2.017e+00 -5.015e+00 -5.256e+00 -1.631e+01 -1.722e+01 -7.603e+00 -2.806e+00
+13.017 +11.949 15.499  1.615 0.312 0.000 1.000   nan -1.499e-01 -5.590e-01 -4.434e+00 -4.885e+00 -1.371e+01 -2.327e+00 -6.746e+00 -1.446e+01 -2.017e+00 -4.984e+00 -5.347e+00 -1.631e+01 -1.719e+01 -7.576e+00 -2.806e+00
+13.074 +12.074 15.507  1.575 0.312 0.000 1.000 -2.348e+01 -1.500e-01 -5.590e-01 -4.490e+00 -4.963e+00 -1.376e+01 -2.326e+00 -6.747e+00 -1.446e+01 -2.017e+00 -4.954e+00 -5.444e+00 -1.631e+01 -1.716e+01 -7.555e+00 -2.806e+00
+13.122 +12.122 15.514  1.557 0.312 0.000 1.000 -2.348e+01 -1.500e-01 -5.590e-01 -4.516e+00 -5.002e+00 -1.379e+01 -2.326e+00 -6.748e+00 -1.446e+01 -2.017e+00 -4.926e+00 -5.538e+00 -1.631e+01 -1.714e+01 -7.539e+00 -2.806e+00
+13.193 +12.193 15.525  1.544 0.375 0.000 1.000 -2.348e+01 -1.500e-01 -5.589e-01 -4.533e+00 -5.025e+00 -1.381e+01 -2.325e+00 -6.750e+00 -1.446e+01 -2.017e+00 -4.884e+00 -5.698e+00 -1.631e+01 -1.710e+01 -7.519e+00 -2.806e+00
+13.234 +12.234 15.531  1.540 0.438 0.000 1.000 -2.400e+01 -1.500e-01 -5.589e-01 -4.537e+00 -5.033e+00 -1.382e+01 -2.325e+00 -6.751e+00 -1.446e+01 -2.017e+00 -4.858e+00 -5.806e+00 -1.631e+01 -1.707e+01 -7.510e+00 -2.806e+00
+13.317 +12.317 15.547  1.536 0.438 0.000 1.000 -2.400e+01 -1.500e-01 -5.589e-01 -4.540e+00 -5.041e+00 -1.382e+01 -2.325e+00 -6.753e+00 -1.446e+01 -2.017e+00 -4.803e+00 -6.058e+00 -1.631e+01 -1.702e+01 -7.497e+00 -2.806e+00
+13.358 +12.358 15.556  1.535 0.438 0.000 1.000 -2.400e+01 -1.500e-01 -5.589e-01 -4.541e+00 -5.042e+00 -1.382e+01 -2.325e+00 -6.754e+00 -1.446e+01 -2.017e+00 -4.774e+00 -6.204e+00 -1.631e+01 -1.699e+01 -7.492e+00 -2.806e+00
+13.400 +12.400 15.565  1.534 0.438 0.000 1.000 -2.400e+01 -1.500e-01 -5.589e-01 -4.542e+00 -5.044e+00 -1.383e+01 -2.325e+00 -6.755e+00 -1.446e+01 -2.017e+00 -4.744e+00 -6.366e+00 -1.631e+01 -1.696e+01 -7.489e+00 -2.806e+00
+13.483 +12.483 15.586  1.533 0.438 0.000 1.000 -2.400e+01 -1.500e-01 -5.588e-01 -4.543e+00 -5.045e+00 -1.383e+01 -2.325e+00 -6.755e+00 -1.446e+01 -2.017e+00 -4.683e+00 -6.739e+00 -1.631e+01 -1.690e+01 -7.486e+00 -2.806e+00
+13.524 +12.524 15.597  1.533 0.438 0.000 1.000 -2.400e+01 -1.500e-01 -5.588e-01 -4.544e+00 -5.046e+00 -1.383e+01 -2.325e+00 -6.755e+00 -1.446e+01 -2.017e+00 -4.651e+00 -6.950e+00 -1.631e+01 -1.687e+01 -7.486e+00 -2.806e+00
+13.565 +12.565 15.610  1.533 0.438 0.000 1.000 -2.400e+01 -1.500e-01 -5.588e-01 -4.544e+00 -5.046e+00 -1.383e+01 -2.325e+00 -6.756e+00 -1.446e+01 -2.017e+00 -4.619e+00 -7.173e+00 -1.631e+01 -1.684e+01 -7.486e+00 -2.806e+00
+13.648 +12.648 15.637  1.533 0.500 0.000 1.000 -2.400e+01 -1.501e-01 -5.587e-01 -4.544e+00 -5.046e+00 -1.383e+01 -2.325e+00 -6.756e+00 -1.446e+01 -2.018e+00 -4.552e+00 -7.599e+00 -1.631e+01 -1.677e+01 -7.488e+00 -2.806e+00
+13.690 +12.690 15.652  1.533 0.500 0.000 1.000 -2.400e+01 -1.501e-01 -5.587e-01 -4.544e+00 -5.046e+00 -1.383e+01 -2.325e+00 -6.756e+00 -1.446e+01 -2.018e+00 -4.518e+00 -7.748e+00 -1.631e+01 -1.674e+01 -7.490e+00 -2.806e+00
+13.731 +12.731 15.668  1.532 0.500 0.000 1.000 -2.400e+01 -1.501e-01 -5.586e-01 -4.544e+00 -5.046e+00 -1.383e+01 -2.325e+00 -6.756e+00 -1.446e+01 -2.018e+00 -4.483e+00 -7.824e+00 -1.631e+01 -1.670e+01 -7.491e+00 -2.806e+00
+13.814 +12.814 15.702  1.532 0.500 0.000 1.000 -2.400e+01 -1.501e-01 -5.585e-01 -4.544e+00 -5.046e+00 -1.383e+01 -2.325e+00 -6.756e+00 -1.446e+01 -2.018e+00 -4.412e+00 -7.821e+00 -1.631e+01 -1.663e+01 -7.495e+00 -2.806e+00
+13.855 +12.855 15.721  1.532 0.500 0.000 1.000 -2.400e+01 -1.501e-01 -5.585e-01 -4.544e+00 -5.046e+00 -1.383e+01 -2.325e+00 -6.756e+00 -1.446e+01 -2.018e+00 -4.376e+00 -7.788e+00 -1.631e+01 -1.660e+01 -7.498e+00 -2.806e+00
+13.897 +12.897 15.741  1.532 0.500 0.000 1.000 -2.400e+01 -1.502e-01 -5.584e-01 -4.544e+00 -5.046e+00 -1.383e+01 -2.325e+00 -6.756e+00 -1.446e+01 -2.018e+00 -4.339e+00 -7.753e+00 -1.631e+01 -1.656e+01 -7.500e+00 -2.806e+00
+13.979 +12.979 15.783  1.532 0.500 0.000 1.000 -2.400e+01 -1.502e-01 -5.583e-01 -4.544e+00 -5.046e+00 -1.383e+01 -2.325e+00 -6.756e+00 -1.446e+01 -2.019e+00 -4.265e+00 -7.674e+00 -1.631e+01 -1.649e+01 -7.506e+00 -2.806e+00
+14.021 +13.021 15.806  1.532 0.500 0.000 1.000 -2.400e+01 -1.503e-01 -5.582e-01 -4.544e+00 -5.046e+00 -1.383e+01 -2.325e+00 -6.756e+00 -1.446e+01 -2.019e+00 -4.228e+00 -7.634e+00 -1.631e+01 -1.645e+01 -7.509e+00 -2.806e+00
+14.062 +13.062 15.829  1.532 0.500 0.000 1.000 -2.400e+01 -1.503e-01 -5.581e-01 -4.544e+00 -5.046e+00 -1.383e+01 -2.325e+00 -6.756e+00 -1.446e+01 -2.019e+00 -4.190e+00 -7.593e+00 -1.632e+01 -1.641e+01 -7.513e+00 -2.806e+00
+14.145 +13.145 15.879  1.532 0.500 0.000 1.000 -2.400e+01 -1.504e-01 -5.579e-01 -4.544e+00 -5.046e+00 -1.383e+01 -2.325e+00 -6.756e+00 -1.446e+01 -2.020e+00 -4.114e+00 -7.512e+00 -1.632e+01 -1.634e+01 -7.520e+00 -2.806e+00
+14.186 +13.186 15.906  1.532 0.562 0.000 1.000 -2.400e+01 -1.504e-01 -5.578e-01 -4.544e+00 -5.046e+00 -1.383e+01 -2.325e+00 -6.756e+00 -1.446e+01 -2.020e+00 -4.075e+00 -7.486e+00 -1.632e+01 -1.630e+01 -7.524e+00 -2.806e+00
+14.228 +13.228 15.933  1.532 0.562 0.000 1.000 -2.400e+01 -1.505e-01 -5.577e-01 -4.544e+00 -5.046e+00 -1.383e+01 -2.325e+00 -6.756e+00 -1.446e+01 -2.020e+00 -4.037e+00 -7.449e+00 -1.632e+01 -1.626e+01 -7.529e+00 -2.806e+00
+14.310 +13.310 15.990  1.532 0.562 0.000 1.000 -2.400e+01 -1.506e-01 -5.574e-01 -4.544e+00 -5.046e+00 -1.383e+01 -2.325e+00 -6.756e+00 -1.446e+01 -2.021e+00 -3.959e+00 -7.370e+00 -1.632e+01 -1.618e+01 -7.538e+00 -2.806e+00
+14.352 +13.352 16.020  1.532 0.562 0.000 1.000 -2.400e+01 -1.507e-01 -5.572e-01 -4.544e+00 -5.046e+00 -1.383e+01 -2.325e+00 -6.756e+00 -1.446e+01 -2.021e+00 -3.920e+00 -7.330e+00 -1.632e+01 -1.614e+01 -7.544e+00 -2.806e+00
+14.393 +13.393 16.051  1.532 0.562 0.000 1.000 -2.400e+01 -1.507e-01 -5.570e-01 -4.544e+00 -5.046e+00 -1.383e+01 -2.325e+00 -6.756e+00 -1.446e+01 -2.022e+00 -3.881e+00 -7.290e+00 -1.632e+01 -1.610e+01 -7.549e+00 -2.806e+00
+14.476 +13.476 16.114  1.532 0.562 0.000 1.000 -2.400e+01 -1.509e-01 -5.566e-01 -4.544e+00 -5.046e+00 -1.383e+01 -2.325e+00 -6.756e+00 -1.446e+01 -2.023e+00 -3.802e+00 -7.209e+00 -1.632e+01 -1.603e+01 -7.559e+00 -2.806e+00
+14.517 +13.517 16.147  1.532 0.562 0.000 1.000 -2.400e+01 -1.510e-01 -5.563e-01 -4.544e+00 -5.046e+00 -1.383e+01 -2.325e+00 -6.756e+00 -1.446e+01 -2.024e+00 -3.763e+00 -7.169e+00 -1.632e+01 -1.599e+01 -7.565e+00 -2.806e+00
+14.559 +13.559 16.180  1.532 0.562 0.000 1.000 -2.400e+01 -1.511e-01 -5.561e-01 -4.544e+00 -5.046e+00 -1.383e+01 -2.325e+00 -6.756e+00 -1.446e+01 -2.024e+00 -3.723e+00 -7.129e+00 -1.632e+01 -1.595e+01 -7.569e+00 -2.806e+00
+14.642 +13.642 16.249  1.531 0.562 0.000 1.000 -2.400e+01 -1.513e-01 -5.554e-01 -4.544e+00 -5.046e+00 -1.383e+01 -2.325e+00 -6.756e+00 -1.446e+01 -2.026e+00 -3.645e+00 -7.049e+00 -1.632e+01 -1.587e+01 -7.577e+00 -2.806e+00
+14.683 +13.683 16.284  1.531 0.562 0.000 1.000 -2.400e+01 -1.515e-01 -5.551e-01 -4.544e+00 -5.046e+00 -1.383e+01 -2.325e+00 -6.756e+00 -1.446e+01 -2.027e+00 -3.605e+00 -7.009e+00 -1.632e+01 -1.583e+01 -7.579e+00 -2.806e+00
+14.724 +13.724 16.319  1.531 0.562 0.000 1.000 -2.400e+01 -1.517e-01 -5.547e-01 -4.544e+00 -5.046e+00 -1.383e+01 -2.325e+00 -6.756e+00 -1.446e+01 -2.028e+00 -3.566e+00 -6.969e+00 -1.632e+01 -1.579e+01 -7.580e+00 -2.806e+00
+14.807 +13.807 16.392  1.531 0.562 0.000 1.000 -2.400e+01 -1.520e-01 -5.538e-01 -4.544e+00 -5.046e+00 -1.383e+01 -2.325e+00 -6.756e+00 -1.446e+01 -2.030e+00 -3.488e+00 -6.890e+00 -1.633e+01 -1.571e+01 -7.576e+00 -2.806e+00
+14.849 +13.849 16.428  1.531 0.562 0.000 1.000 -2.400e+01 -1.522e-01 -5.532e-01 -4.544e+00 -5.046e+00 -1.383e+01 -2.325e+00 -6.755e+00 -1.446e+01 -2.032e+00 -3.449e+00 -6.850e+00 -1.633e+01 -1.567e+01 -7.570e+00 -2.806e+00
+14.890 +13.890 16.466  1.531 0.562 0.000 1.000 -2.400e+01 -1.525e-01 -5.527e-01 -4.544e+00 -5.046e+00 -1.383e+01 -2.325e+00 -6.755e+00 -1.446e+01 -2.033e+00 -3.410e+00 -6.811e+00 -1.633e+01 -1.563e+01 -7.560e+00 -2.806e+00
+14.973 +13.973 16.541  1.530 0.562 0.000 1.000 -2.400e+01 -1.530e-01 -5.513e-01 -4.543e+00 -5.046e+00 -1.383e+01 -2.325e+00 -6.755e+00 -1.446e+01 -2.037e+00 -3.333e+00 -6.733e+00 -1.633e+01 -1.556e+01 -7.530e+00 -2.806e+00
+15.014 +14.014 16.579  1.530 0.562 0.000 1.000 -2.400e+01 -1.533e-01 -5.506e-01 -4.543e+00 -5.046e+00 -1.383e+01 -2.325e+00 -6.755e+00 -1.446e+01 -2.039e+00 -3.294e+00 -6.694e+00 -1.634e+01 -1.552e+01 -7.508e+00 -2.806e+00
+15.056 +14.056 16.617  1.530 0.562 0.000 1.000 -2.400e+01 -1.536e-01 -5.497e-01 -4.543e+00 -5.046e+00 -1.383e+01 -2.324e+00 -6.755e+00 -1.446e+01 -2.041e+00 -3.256e+00 -6.655e+00 -1.634e+01 -1.548e+01 -7.482e+00 -2.806e+00
+15.126 +14.126 16.683  1.530 0.562 0.000 1.000 -2.400e+01 -1.543e-01 -5.481e-01 -4.543e+00 -5.045e+00 -1.383e+01 -2.324e+00 -6.754e+00 -1.446e+01 -2.045e+00 -3.192e+00 -6.580e+00 -1.634e+01 -1.541e+01 -7.426e+00 -2.806e+00
+15.169 +14.163 16.724  1.530 0.562 0.000 1.000 -2.400e+01 -1.548e-01 -5.470e-01 -4.542e+00 -5.045e+00 -1.383e+01 -2.324e+00 -6.754e+00 -1.446e+01 -2.048e+00 -3.153e+00 -6.533e+00 -1.635e+01 -1.537e+01 -7.384e+00 -2.806e+00
+15.227 +14.137 16.778  1.529 0.562 0.000 1.000 -2.400e+01 -1.554e-01 -5.453e-01 -4.542e+00 -5.044e+00 -1.383e+01 -2.323e+00 -6.754e+00 -1.446e+01 -2.052e+00 -3.102e+00 -6.478e+00 -1.635e+01 -1.532e+01 -7.321e+00 -2.806e+00
+15.285 +14.102 16.834  1.529 0.562 0.000 1.000 -2.400e+01 -1.562e-01 -5.433e-01 -4.541e+00 -5.044e+00 -1.383e+01 -2.323e+00 -6.753e+00 -1.446e+01 -2.057e+00 -3.052e+00 -6.424e+00 -1.636e+01 -1.527e+01 -7.252e+00 -2.806e+00
+15.329 +14.067 16.875  1.529 0.562 0.000 1.000 -2.400e+01 -1.569e-01 -5.417e-01 -4.540e+00 -5.043e+00 -1.383e+01 -2.322e+00 -6.752e+00 -1.446e+01 -2.062e+00 -3.014e+00 -6.384e+00 -1.636e+01 -1.523e+01 -7.199e+00 -2.806e+00
+15.382 +14.014 16.926  1.529 0.562 0.000 1.000 -2.400e+01 -1.578e-01 -5.395e-01 -4.539e+00 -5.042e+00 -1.383e+01 -2.321e+00 -6.751e+00 -1.446e+01 -2.068e+00 -2.970e+00 -6.337e+00 -1.637e+01 -1.518e+01 -7.133e+00 -2.806e+00
+15.443 +13.944 16.985  1.530 0.562 0.000 1.000 -2.400e+01 -1.590e-01 -5.366e-01 -4.538e+00 -5.040e+00 -1.383e+01 -2.320e+00 -6.749e+00 -1.446e+01 -2.075e+00 -2.919e+00 -6.284e+00 -1.638e+01 -1.513e+01 -7.058e+00 -2.806e+00
+15.495 +13.865 17.037  1.530 0.562 0.000 1.000 -2.400e+01 -1.602e-01 -5.338e-01 -4.536e+00 -5.039e+00 -1.383e+01 -2.318e+00 -6.748e+00 -1.446e+01 -2.083e+00 -2.877e+00 -6.241e+00 -1.639e+01 -1.509e+01 -6.994e+00 -2.806e+00
+15.551 +13.915 17.091  1.531 0.562 0.000 1.000 -2.400e+01 -1.617e-01 -5.304e-01 -4.534e+00 -5.036e+00 -1.383e+01 -2.316e+00 -6.745e+00 -1.446e+01 -2.091e+00 -2.834e+00 -6.197e+00 -1.640e+01 -1.505e+01 -6.930e+00 -2.806e+00
+15.603 +13.801 17.142  1.533 0.562 0.000 1.000 -2.400e+01 -1.632e-01 -5.269e-01 -4.531e+00 -5.033e+00 -1.383e+01 -2.313e+00 -6.742e+00 -1.446e+01 -2.101e+00 -2.796e+00 -6.157e+00 -1.641e+01 -1.501e+01 -6.872e+00 -2.806e+00
+15.659 +13.806 17.198  1.534 0.562 0.000 1.000 -2.400e+01 -1.651e-01 -5.226e-01 -4.527e+00 -5.030e+00 -1.383e+01 -2.309e+00 -6.739e+00 -1.446e+01 -2.112e+00 -2.755e+00 -6.116e+00 -1.642e+01 -1.497e+01 -6.813e+00 -2.806e+00
+15.714 +13.786 17.252  1.537 0.562 0.000 1.000 -2.400e+01 -1.672e-01 -5.178e-01 -4.523e+00 -5.025e+00 -1.382e+01 -2.305e+00 -6.734e+00 -1.445e+01 -2.125e+00 -2.718e+00 -6.079e+00 -1.644e+01 -1.494e+01 -6.760e+00 -2.806e+00
+15.769 +13.730 17.307  1.540 0.562 0.000 1.000 -2.400e+01 -1.696e-01 -5.125e-01 -4.517e+00 -5.019e+00 -1.382e+01 -2.300e+00 -6.728e+00 -1.445e+01 -2.139e+00 -2.684e+00 -6.044e+00 -1.645e+01 -1.491e+01 -6.711e+00 -2.806e+00
+15.825 +13.786 17.363  1.544 0.562 0.000 1.000 -2.400e+01 -1.724e-01 -5.063e-01 -4.510e+00 -5.012e+00 -1.382e+01 -2.293e+00 -6.722e+00 -1.445e+01 -2.155e+00 -2.650e+00 -6.010e+00 -1.647e+01 -1.488e+01 -6.666e+00 -2.806e+00
+15.880 +13.642 17.420  1.549 0.562 0.000 1.000 -2.400e+01 -1.756e-01 -4.994e-01 -4.502e+00 -5.004e+00 -1.381e+01 -2.285e+00 -6.713e+00 -1.444e+01 -2.173e+00 -2.621e+00 -5.980e+00 -1.649e+01 -1.485e+01 -6.625e+00 -2.806e+00
+15.934 +13.610 17.476  1.555 0.562 0.000 1.000 -2.400e+01 -1.794e-01 -4.916e-01 -4.492e+00 -4.995e+00 -1.381e+01 -2.275e+00 -6.704e+00 -1.444e+01 -2.193e+00 -2.595e+00 -5.954e+00 -1.652e+01 -1.483e+01 -6.590e+00 -2.806e+00
+15.990 +13.671 17.533  1.562 0.562 0.000 1.000 -2.400e+01 -1.838e-01 -4.827e-01 -4.480e+00 -4.983e+00 -1.380e+01 -2.264e+00 -6.692e+00 -1.443e+01 -2.215e+00 -2.571e+00 -5.930e+00 -1.654e+01 -1.481e+01 -6.558e+00 -2.806e+00
+16.045 +13.679 17.591  1.570 0.562 0.000 1.000 -2.400e+01 -1.888e-01 -4.729e-01 -4.467e+00 -4.970e+00 -1.379e+01 -2.251e+00 -6.679e+00 -1.442e+01 -2.240e+00 -2.552e+00 -5.911e+00 -1.657e+01 -1.479e+01 -6.532e+00 -2.806e+00
+16.100 +13.764 17.650  1.579 0.562 0.000 1.000 -2.400e+01 -1.948e-01 -4.615e-01 -4.452e+00 -4.955e+00 -1.378e+01 -2.236e+00 -6.664e+00 -1.441e+01 -2.269e+00 -2.538e+00 -5.896e+00 -1.661e+01 -1.479e+01 -6.511e+00 -2.806e+00
+16.156 +13.623 17.710  1.588 0.562 0.000 1.000 -2.400e+01 -2.019e-01 -4.487e-01 -4.436e+00 -4.938e+00 -1.377e+01 -2.219e+00 -6.647e+00 -1.440e+01 -2.300e+00 -2.527e+00 -5.886e+00 -1.665e+01 -1.478e+01 -6.496e+00 -2.806e+00
+16.211 +13.731 17.770  1.598 0.562 0.000 1.000 -2.400e+01 -2.102e-01 -4.343e-01 -4.418e+00 -4.920e+00 -1.376e+01 -2.201e+00 -6.629e+00 -1.439e+01 -2.334e+00 -2.522e+00 -5.881e+00 -1.669e+01 -1.479e+01 -6.487e+00 -2.806e+00
+16.266 +13.768 17.830  1.607 0.562 0.000 1.000 -2.400e+01 -2.200e-01 -4.182e-01 -4.398e+00 -4.901e+00 -1.375e+01 -2.181e+00 -6.610e+00 -1.438e+01 -2.372e+00 -2.523e+00 -5.881e+00 -1.674e+01 -1.480e+01 -6.483e+00 -2.806e+00
+16.322 +13.744 17.892  1.616 0.562 0.000 1.000 -2.400e+01 -2.318e-01 -4.002e-01 -4.378e+00 -4.881e+00 -1.374e+01 -2.161e+00 -6.590e+00 -1.437e+01 -2.413e+00 -2.529e+00 -5.888e+00 -1.679e+01 -1.481e+01 -6.486e+00 -2.806e+00
+16.377 +13.831 17.953  1.622 0.562 0.000 1.000 -2.400e+01 -2.457e-01 -3.804e-01 -4.358e+00 -4.860e+00 -1.374e+01 -2.140e+00 -6.569e+00 -1.437e+01 -2.458e+00 -2.542e+00 -5.900e+00 -1.685e+01 -1.484e+01 -6.496e+00 -2.806e+00
+16.432 +13.737 18.014  1.626 0.562 0.000 1.000 -2.400e+01 -2.623e-01 -3.587e-01 -4.337e+00 -4.840e+00 -1.373e+01 -2.120e+00 -6.549e+00 -1.436e+01 -2.505e+00 -2.561e+00 -5.919e+00 -1.691e+01 -1.488e+01 -6.513e+00 -2.806e+00
+16.487 +13.915 18.075  1.627 0.562 0.000 0.999 -2.400e+01 -2.821e-01 -3.351e-01 -4.317e+00 -4.819e+00 -1.373e+01 -2.099e+00 -6.529e+00 -1.436e+01 -2.555e+00 -2.586e+00 -5.944e+00 -1.698e+01 -1.492e+01 -6.536e+00 -2.806e+00
+16.542 +13.967 18.135  1.622 0.562 0.000 0.999 -2.400e+01 -3.055e-01 -3.100e-01 -4.298e+00 -4.800e+00 -1.374e+01 -2.080e+00 -6.509e+00 -1.437e+01 -2.607e+00 -2.617e+00 -5.975e+00 -1.706e+01 -1.498e+01 -6.565e+00 -2.806e+00
+16.598 +14.255 18.194  1.613 0.562 0.000 0.999 -2.400e+01 -3.335e-01 -2.834e-01 -4.280e+00 -4.782e+00 -1.375e+01 -2.062e+00 -6.491e+00 -1.438e+01 -2.661e+00 -2.654e+00 -6.012e+00 -1.714e+01 -1.504e+01 -6.601e+00 -2.806e+00
+16.653 +14.059 18.250  1.597 0.562 0.000 0.999 -2.400e+01 -3.664e-01 -2.560e-01 -4.263e+00 -4.765e+00 -1.376e+01 -2.045e+00 -6.475e+00 -1.439e+01 -2.713e+00 -2.695e+00 -6.053e+00 -1.722e+01 -1.511e+01 -6.641e+00 -2.806e+00
+16.710 +14.323 18.305  1.574 0.562 0.000 0.999 -2.400e+01 -4.064e-01 -2.273e-01 -4.247e+00 -4.749e+00 -1.379e+01 -2.028e+00 -6.458e+00 -1.442e+01 -2.766e+00 -2.741e+00 -6.096e+00 -1.732e+01 -1.520e+01 -6.686e+00 -2.806e+00
+16.763 +13.960 18.355  1.543 0.562 0.000 0.999 -2.400e+01 -4.506e-01 -2.003e-01 -4.232e+00 -4.735e+00 -1.382e+01 -2.014e+00 -6.444e+00 -1.445e+01 -2.813e+00 -2.787e+00 -6.145e+00 -1.741e+01 -1.529e+01 -6.732e+00 -2.806e+00
+16.819 +13.923 18.402  1.503 0.562 0.000 0.999 -2.400e+01 -5.039e-01 -1.729e-01 -4.218e+00 -4.721e+00 -1.386e+01 -2.000e+00 -6.430e+00 -1.449e+01 -2.857e+00 -2.834e+00 -6.192e+00 -1.751e+01 -1.539e+01 -6.780e+00 -2.806e+00
+16.874 +14.267 18.447  1.453 0.562 0.000 0.999 -2.400e+01 -5.670e-01 -1.463e-01 -4.206e+00 -4.708e+00 -1.391e+01 -1.988e+00 -6.418e+00 -1.454e+01 -2.896e+00 -2.881e+00 -6.239e+00 -1.761e+01 -1.550e+01 -6.827e+00 -2.806e+00
+16.929 +14.135 18.486  1.391 0.562 0.000 1.000 -2.400e+01 -6.398e-01 -1.216e-01 -4.195e+00 -4.697e+00 -1.397e+01 -1.977e+00 -6.407e+00 -1.460e+01 -2.929e+00 -2.924e+00 -6.282e+00 -1.771e+01 -1.562e+01 -6.871e+00 -2.806e+00
+16.985 +13.952 18.522  1.316 0.500 0.000 1.000 -2.400e+01 -7.247e-01 -9.879e-02 -4.185e+00 -4.687e+00 -1.404e+01 -1.967e+00 -6.397e+00 -1.467e+01 -2.956e+00 -2.963e+00 -6.321e+00 -1.783e+01 -1.574e+01 -6.910e+00 -2.806e+00
+17.040 +14.085 18.553  1.226 0.500 0.000 1.000 -2.400e+01 -8.235e-01 -7.836e-02 -4.176e+00 -4.678e+00 -1.413e+01 -1.958e+00 -6.388e+00 -1.476e+01 -2.977e+00 -2.997e+00 -6.355e+00 -1.795e+01 -1.587e+01 -6.945e+00 -2.806e+00
+17.095 +14.247 18.579  1.120 0.562 0.000 1.000 -2.400e+01 -9.376e-01 -6.067e-02 -4.168e+00 -4.670e+00 -1.424e+01 -1.950e+00 -6.380e+00 -1.487e+01 -2.993e+00 -3.025e+00 -6.383e+00 -1.808e+01 -1.602e+01 -6.974e+00 -2.806e+00
+17.151 +14.373 18.601  0.995 0.562 0.000 1.000 -2.400e+01 -1.070e+00 -4.576e-02 -4.161e+00 -4.663e+00 -1.436e+01 -1.943e+00 -6.373e+00 -1.499e+01 -3.005e+00 -3.047e+00 -6.405e+00 -1.822e+01 -1.617e+01 -6.997e+00 -2.806e+00
+17.206 +14.346 18.618  0.850 0.500 0.000 1.000 -2.400e+01 -1.222e+00 -3.382e-02 -4.155e+00 -4.656e+00 -1.451e+01 -1.936e+00 -6.366e+00 -1.514e+01 -3.014e+00 -3.064e+00 -6.422e+00 -1.838e+01 -1.634e+01 -7.014e+00 -2.806e+00
+17.261 +14.144 18.631  0.680 0.500 0.000 1.000 -2.400e+01 -1.397e+00 -2.457e-02 -4.149e+00 -4.651e+00 -1.468e+01 -1.931e+00 -6.361e+00 -1.531e+01 -3.020e+00 -3.077e+00 -6.435e+00 -1.856e+01 -1.653e+01 -7.028e+00 -2.806e+00
+17.316 +14.468 18.640  0.483 0.500 0.000 1.000 -2.400e+01 -1.599e+00 -1.776e-02 -4.144e+00 -4.646e+00 -1.488e+01 -1.926e+00 -6.356e+00 -1.551e+01 -3.023e+00 -3.086e+00 -6.444e+00 -1.877e+01 -1.674e+01 -7.037e+00 -2.806e+00
+17.372 +14.601 18.647  0.255 0.500 0.000 1.000 -2.400e+01 -1.831e+00 -1.307e-02 -4.140e+00 -4.641e+00 -1.510e+01 -1.921e+00 -6.351e+00 -1.573e+01 -3.026e+00 -3.092e+00 -6.450e+00 -1.900e+01 -1.698e+01 -7.043e+00 -2.806e+00
+17.427 +14.644 18.651 -0.005 0.438 0.000 1.001 -2.400e+01 -2.096e+00 -1.007e-02 -4.136e+00 -4.637e+00 -1.536e+01 -1.918e+00 -6.348e+00 -1.599e+01 -3.027e+00 -3.096e+00 -6.453e+00 -1.927e+01 -1.724e+01 -7.047e+00 -2.806e+00
+17.482 +14.915 18.654 -0.307 0.438 0.000 1.001 -2.400e+01 -2.402e+00 -8.268e-03 -4.133e+00 -4.633e+00 -1.567e+01 -1.915e+00 -6.344e+00 -1.630e+01 -3.028e+00 -3.098e+00 -6.455e+00 -1.957e+01 -1.755e+01 -7.049e+00 -2.806e+00
+17.538 +15.004 18.655 -0.653 0.438 0.000 1.001 -2.400e+01 -2.751e+00 -7.302e-03 -4.130e+00 -4.630e+00 -1.601e+01 -1.913e+00 -6.341e+00 -1.664e+01 -3.028e+00 -3.099e+00 -6.456e+00 -1.992e+01 -1.790e+01 -7.050e+00 -2.806e+00
+17.593 +15.219 18.656 -1.044 0.375 0.000 1.001 -2.400e+01 -3.148e+00 -6.833e-03 -4.127e+00 -4.626e+00 -1.640e+01 -1.911e+00 -6.338e+00 -1.704e+01 -3.028e+00 -3.100e+00 -6.455e+00 -2.032e+01 -1.830e+01 -7.051e+00 -2.806e+00
+17.649 +15.435 18.656 -1.504 0.375 0.000 1.001 -2.400e+01 -3.614e+00 -6.626e-03 -4.124e+00 -4.620e+00 -1.687e+01 -1.910e+00 -6.334e+00 -1.750e+01 -3.028e+00 -3.100e+00 -6.453e+00 -2.078e+01 -1.876e+01 -7.051e+00 -2.806e+00
+17.706 +15.455 18.656 -2.012 0.375 0.000 1.001 -2.400e+01 -4.151e+00 -6.550e-03 -4.122e+00 -4.631e+00 -1.738e+01 -1.910e+00 -6.340e+00 -1.802e+01 -3.028e+00 -3.100e+00 -6.449e+00 -2.130e+01 -1.928e+01 -7.051e+00 -2.806e+00
+17.764 +16.106 18.656 -2.636 0.375 0.000 1.001 -2.400e+01 -4.791e+00 -6.526e-03 -4.119e+00 -4.631e+00 -1.801e+01 -1.910e+00 -6.340e+00 -1.865e+01 -3.028e+00 -3.100e+00 -6.444e+00 -2.193e+01 -1.991e+01 -7.051e+00 -2.806e+00
+17.822 +16.512 18.656 -3.330 0.375 0.000 1.001 -2.400e+01 -5.555e+00 -6.520e-03 -4.115e+00 -4.631e+00 -1.872e+01 -1.910e+00 -6.340e+00 -1.937e+01 -3.028e+00 -3.100e+00 -6.440e+00 -2.263e+01 -2.063e+01 -7.051e+00 -2.806e+00
+17.877 +16.787 18.656 -4.107 0.375 0.000 1.001 -2.400e+01 -6.465e+00 -6.519e-03 -4.114e+00 -4.631e+00 -1.955e+01 -1.910e+00 -6.340e+00 -2.019e+01 -3.028e+00 -3.100e+00 -6.438e+00 -2.336e+01 -2.145e+01 -7.051e+00 -2.806e+00
+17.961 +16.961 18.656 -5.558 0.312 0.000 1.001 -2.400e+01 -8.356e+00 -6.518e-03 -4.113e+00 -4.631e+00 -2.090e+01 -1.910e+00 -6.340e+00 -2.154e+01 -3.028e+00 -3.100e+00 -6.437e+00 -2.394e+01 -2.278e+01 -7.051e+00 -2.806e+00
+18.002 +17.002 18.656 -6.547 0.312 0.000 1.001 -2.400e+01 -9.792e+00 -6.518e-03 -4.113e+00 -4.631e+00 -2.188e+01 -1.910e+00 -6.340e+00 -2.251e+01 -3.028e+00 -3.100e+00 -6.437e+00 -2.399e+01 -2.358e+01 -7.051e+00 -2.806e+00
+18.044 +17.044 18.656 -8.009 0.312 0.000 1.001 -2.400e+01 -1.238e+01 -6.518e-03 -4.113e+00 -4.631e+00 -2.325e+01 -1.910e+00 -6.340e+00 -2.369e+01 -3.028e+00 -3.100e+00 -6.437e+00 -2.400e+01 -2.398e+01 -7.051e+00 -2.806e+00
+18.127 +17.127 18.656 -11.933 0.062 0.000 1.001 -2.400e+01 -1.479e+01 -6.518e-03 -4.113e+00 -4.631e+00 -1.341e+01 -1.910e+00 -6.340e+00 -1.336e+01 -3.028e+00 -3.100e+00 -6.437e+00 -1.637e+01 -1.636e+01 -7.051e+00 -2.806e+00
+18.149 +16.858 18.656 -11.341 0.312 0.238 1.001 -2.400e+01 -1.374e+01 -6.518e-03 -4.113e+00 -4.631e+00 -2.400e+01 -1.910e+00 -6.340e+00 -2.400e+01 -3.028e+00 -3.100e+00 -6.437e+00 -2.400e+01 -2.400e+01 -7.051e+00 -2.806e+00
+18.211 +17.211 18.656 -12.823 0.312 0.238 1.001 -2.400e+01   nan -6.518e-03 -4.113e+00 -4.631e+00 -2.400e+01 -1.910e+00 -6.340e+00 -2.400e+01 -3.028e+00 -3.100e+00 -6.437e+00 -2.400e+01 -2.400e+01 -7.051e+00 -2.806e+00
+18.258 +16.312 18.656 -13.683 0.312 0.238 1.001 -2.400e+01 -1.609e+01 -6.518e-03 -4.113e+00 -4.631e+00 -2.400e+01 -1.910e+00 -6.340e+00 -2.400e+01 -3.028e+00 -3.100e+00 -6.437e+00 -2.400e+01 -2.400e+01 -7.051e+00 -2.806e+00
+18.326 +17.326 18.656   -inf 0.312 0.238 1.001 -2.400e+01   nan -6.518e-03 -4.113e+00 -4.631e+00 -2.400e+01 -1.910e+00 -6.340e+00 -2.400e+01 -3.028e+00 -3.100e+00 -6.437e+00 -2.400e+01 -2.400e+01 -7.051e+00 -2.806e+00
+18.367 +17.367 18.656   -inf 0.062 0.238 1.001 -2.400e+01 -1.879e+01 -6.518e-03 -4.113e+00 -4.631e+00 -1.766e+01 -1.910e+00 -6.340e+00 -1.761e+01 -3.028e+00 -3.100e+00 -6.437e+00 -2.062e+01 -2.061e+01 -7.051e+00 -2.806e+00
+18.453 +17.453 18.656   -inf 0.062 0.238 1.001 -2.400e+01 -2.135e+01 -6.518e-03 -4.113e+00 -4.631e+00 -2.021e+01 -1.910e+00 -6.340e+00 -2.016e+01 -3.028e+00 -3.100e+00 -6.437e+00 -2.311e+01 -2.310e+01 -7.051e+00 -2.806e+00
+18.479 +17.263 18.656   -inf 0.312 0.238 1.001 -2.400e+01 -2.338e+01 -6.518e-03 -4.113e+00 -4.631e+00 -2.400e+01 -1.910e+00 -6.340e+00 -2.400e+01 -3.028e+00 -3.100e+00 -6.437e+00 -2.400e+01 -2.400e+01 -7.051e+00 -2.806e+00