# ASY method (with partition functions). 
# All quantities except Asy, RG_PE, and sumX are 
# log10(x). Log of absolute values for E and dE/dt, as
# they can be negative. UNITS: t and dt in s; E in erg; 
# dE/dt in erg/g/s; all others dimensionless 
#
#    t     dt     |E|  |dE/dt| Asy  Equil sumX    X(0)      X(1)      X(2)      X(3)      X(4)      X(5)      X(6)      X(7)      X(8)      X(9)      X(10)      X(11)      X(12)      X(13)      X(14)      X(15)    

+7.504 +6.504 10.387  2.883 0.250 0.000 1.000   nan -1.496e-01 -5.591e-01 -2.517e+00 -4.435e+00 -1.180e+01 -2.957e+00 -5.361e+00 -1.509e+01 -2.017e+00 -5.305e+00 -4.662e+00 -1.631e+01 -1.751e+01 -1.279e+01 -2.806e+00
+7.545 +6.545 10.429  2.883 0.250 0.000 1.000 -2.333e+01 -1.496e-01 -5.591e-01 -2.517e+00 -4.435e+00 -1.180e+01 -2.957e+00 -5.361e+00 -1.509e+01 -2.017e+00 -5.305e+00 -4.662e+00 -1.631e+01 -1.751e+01 -1.275e+01 -2.806e+00
+7.587 +6.587 10.470  2.883 0.250 0.000 1.000   nan -1.496e-01 -5.591e-01 -2.517e+00 -4.435e+00 -1.180e+01 -2.957e+00 -5.361e+00 -1.509e+01 -2.017e+00 -5.305e+00 -4.662e+00 -1.631e+01 -1.751e+01 -1.271e+01 -2.806e+00
+7.670 +6.670 10.553  2.883 0.250 0.000 1.000   nan -1.496e-01 -5.591e-01 -2.517e+00 -4.435e+00 -1.180e+01 -2.957e+00 -5.361e+00 -1.509e+01 -2.017e+00 -5.305e+00 -4.662e+00 -1.631e+01 -1.751e+01 -1.263e+01 -2.806e+00
+7.711 +6.711 10.594  2.883 0.250 0.000 1.000 -2.333e+01 -1.496e-01 -5.591e-01 -2.517e+00 -4.435e+00 -1.180e+01 -2.957e+00 -5.361e+00 -1.509e+01 -2.017e+00 -5.305e+00 -4.662e+00 -1.631e+01 -1.751e+01 -1.258e+01 -2.806e+00
+7.752 +6.752 10.635  2.883 0.250 0.000 1.000   nan -1.496e-01 -5.591e-01 -2.517e+00 -4.435e+00 -1.180e+01 -2.957e+00 -5.362e+00 -1.509e+01 -2.017e+00 -5.305e+00 -4.662e+00 -1.631e+01 -1.751e+01 -1.254e+01 -2.806e+00
+7.835 +6.835 10.718  2.883 0.250 0.000 1.000   nan -1.496e-01 -5.591e-01 -2.517e+00 -4.435e+00 -1.180e+01 -2.957e+00 -5.362e+00 -1.509e+01 -2.017e+00 -5.305e+00 -4.662e+00 -1.631e+01 -1.751e+01 -1.246e+01 -2.806e+00
+7.877 +6.877 10.760  2.883 0.250 0.000 1.000 -2.333e+01 -1.496e-01 -5.591e-01 -2.517e+00 -4.435e+00 -1.180e+01 -2.957e+00 -5.363e+00 -1.509e+01 -2.017e+00 -5.305e+00 -4.662e+00 -1.631e+01 -1.751e+01 -1.242e+01 -2.806e+00
+7.918 +6.918 10.801  2.883 0.250 0.000 1.000   nan -1.496e-01 -5.591e-01 -2.517e+00 -4.434e+00 -1.180e+01 -2.957e+00 -5.363e+00 -1.509e+01 -2.017e+00 -5.305e+00 -4.662e+00 -1.631e+01 -1.751e+01 -1.238e+01 -2.806e+00
+8.001 +7.001 10.884  2.882 0.250 0.000 1.000   nan -1.496e-01 -5.591e-01 -2.517e+00 -4.434e+00 -1.180e+01 -2.957e+00 -5.364e+00 -1.509e+01 -2.017e+00 -5.305e+00 -4.662e+00 -1.631e+01 -1.751e+01 -1.229e+01 -2.806e+00
+8.042 +7.042 10.925  2.882 0.250 0.000 1.000 -2.333e+01 -1.496e-01 -5.591e-01 -2.517e+00 -4.434e+00 -1.180e+01 -2.957e+00 -5.364e+00 -1.509e+01 -2.017e+00 -5.305e+00 -4.662e+00 -1.631e+01 -1.751e+01 -1.225e+01 -2.806e+00
+8.084 +7.084 10.966  2.882 0.250 0.000 1.000   nan -1.496e-01 -5.591e-01 -2.517e+00 -4.434e+00 -1.180e+01 -2.957e+00 -5.365e+00 -1.509e+01 -2.017e+00 -5.305e+00 -4.662e+00 -1.631e+01 -1.751e+01 -1.221e+01 -2.806e+00
+8.166 +7.166 11.049  2.882 0.250 0.000 1.000   nan -1.496e-01 -5.591e-01 -2.517e+00 -4.433e+00 -1.180e+01 -2.957e+00 -5.366e+00 -1.509e+01 -2.017e+00 -5.305e+00 -4.662e+00 -1.631e+01 -1.751e+01 -1.213e+01 -2.806e+00
+8.208 +7.208 11.090  2.882 0.250 0.000 1.000 -2.333e+01 -1.496e-01 -5.591e-01 -2.517e+00 -4.433e+00 -1.180e+01 -2.957e+00 -5.367e+00 -1.509e+01 -2.017e+00 -5.305e+00 -4.662e+00 -1.631e+01 -1.751e+01 -1.209e+01 -2.806e+00
+8.291 +7.291 11.173  2.882 0.250 0.000 1.000 -2.333e+01 -1.496e-01 -5.591e-01 -2.517e+00 -4.432e+00 -1.180e+01 -2.957e+00 -5.368e+00 -1.509e+01 -2.017e+00 -5.305e+00 -4.662e+00 -1.631e+01 -1.751e+01 -1.200e+01 -2.806e+00
+8.332 +7.332 11.214  2.881 0.250 0.000 1.000   nan -1.496e-01 -5.591e-01 -2.517e+00 -4.432e+00 -1.180e+01 -2.957e+00 -5.369e+00 -1.509e+01 -2.017e+00 -5.305e+00 -4.662e+00 -1.631e+01 -1.751e+01 -1.196e+01 -2.806e+00
+8.373 +7.373 11.256  2.881 0.250 0.000 1.000 -2.333e+01 -1.496e-01 -5.591e-01 -2.517e+00 -4.431e+00 -1.180e+01 -2.957e+00 -5.370e+00 -1.509e+01 -2.017e+00 -5.305e+00 -4.662e+00 -1.631e+01 -1.751e+01 -1.192e+01 -2.806e+00
+8.456 +7.456 11.338  2.881 0.250 0.000 1.000 -2.333e+01 -1.496e-01 -5.591e-01 -2.517e+00 -4.430e+00 -1.180e+01 -2.957e+00 -5.373e+00 -1.509e+01 -2.017e+00 -5.305e+00 -4.662e+00 -1.631e+01 -1.751e+01 -1.184e+01 -2.806e+00
+8.497 +7.497 11.379  2.881 0.250 0.000 1.000   nan -1.496e-01 -5.591e-01 -2.517e+00 -4.430e+00 -1.180e+01 -2.957e+00 -5.374e+00 -1.509e+01 -2.017e+00 -5.305e+00 -4.662e+00 -1.631e+01 -1.751e+01 -1.180e+01 -2.806e+00
+8.539 +7.539 11.421  2.880 0.250 0.000 1.000 -2.333e+01 -1.496e-01 -5.591e-01 -2.517e+00 -4.429e+00 -1.180e+01 -2.957e+00 -5.376e+00 -1.509e+01 -2.017e+00 -5.305e+00 -4.662e+00 -1.631e+01 -1.751e+01 -1.176e+01 -2.806e+00
+8.622 +7.622 11.503  2.880 0.250 0.000 1.000 -2.333e+01 -1.496e-01 -5.591e-01 -2.517e+00 -4.427e+00 -1.180e+01 -2.957e+00 -5.379e+00 -1.509e+01 -2.017e+00 -5.305e+00 -4.662e+00 -1.631e+01 -1.751e+01 -1.167e+01 -2.806e+00
+8.663 +7.663 11.544  2.879 0.250 0.000 1.000   nan -1.496e-01 -5.591e-01 -2.517e+00 -4.427e+00 -1.180e+01 -2.957e+00 -5.381e+00 -1.509e+01 -2.017e+00 -5.305e+00 -4.662e+00 -1.631e+01 -1.751e+01 -1.163e+01 -2.806e+00
+8.704 +7.704 11.585  2.879 0.250 0.000 1.000 -2.333e+01 -1.496e-01 -5.591e-01 -2.517e+00 -4.426e+00 -1.180e+01 -2.957e+00 -5.384e+00 -1.509e+01 -2.017e+00 -5.305e+00 -4.662e+00 -1.631e+01 -1.751e+01 -1.159e+01 -2.806e+00
+8.787 +7.787 11.668  2.878 0.250 0.000 1.000 -2.333e+01 -1.496e-01 -5.591e-01 -2.517e+00 -4.423e+00 -1.180e+01 -2.957e+00 -5.389e+00 -1.509e+01 -2.017e+00 -5.305e+00 -4.662e+00 -1.631e+01 -1.751e+01 -1.151e+01 -2.806e+00
+8.829 +7.829 11.709  2.878 0.250 0.000 1.000   nan -1.496e-01 -5.591e-01 -2.517e+00 -4.422e+00 -1.180e+01 -2.957e+00 -5.392e+00 -1.509e+01 -2.017e+00 -5.305e+00 -4.662e+00 -1.631e+01 -1.751e+01 -1.147e+01 -2.806e+00
+8.870 +7.870 11.750  2.877 0.250 0.000 1.000 -2.333e+01 -1.496e-01 -5.591e-01 -2.517e+00 -4.421e+00 -1.180e+01 -2.957e+00 -5.395e+00 -1.509e+01 -2.017e+00 -5.305e+00 -4.662e+00 -1.631e+01 -1.751e+01 -1.143e+01 -2.806e+00
+8.953 +7.953 11.832  2.876 0.250 0.000 1.000 -2.333e+01 -1.496e-01 -5.591e-01 -2.517e+00 -4.418e+00 -1.180e+01 -2.957e+00 -5.403e+00 -1.509e+01 -2.017e+00 -5.305e+00 -4.662e+00 -1.631e+01 -1.751e+01 -1.134e+01 -2.806e+00
+8.994 +7.994 11.873  2.875 0.250 0.000 1.000   nan -1.496e-01 -5.591e-01 -2.517e+00 -4.416e+00 -1.180e+01 -2.957e+00 -5.407e+00 -1.509e+01 -2.017e+00 -5.305e+00 -4.662e+00 -1.631e+01 -1.751e+01 -1.130e+01 -2.806e+00
+9.036 +8.036 11.914  2.875 0.250 0.000 1.000 -2.333e+01 -1.496e-01 -5.591e-01 -2.517e+00 -4.414e+00 -1.180e+01 -2.957e+00 -5.412e+00 -1.509e+01 -2.017e+00 -5.305e+00 -4.662e+00 -1.631e+01 -1.751e+01 -1.126e+01 -2.806e+00
+9.118 +8.118 11.996  2.873 0.250 0.000 1.000 -2.333e+01 -1.496e-01 -5.591e-01 -2.517e+00 -4.409e+00 -1.180e+01 -2.957e+00 -5.423e+00 -1.509e+01 -2.017e+00 -5.305e+00 -4.662e+00 -1.631e+01 -1.751e+01 -1.118e+01 -2.806e+00
+9.160 +8.160 12.037  2.872 0.250 0.000 1.000   nan -1.496e-01 -5.591e-01 -2.517e+00 -4.407e+00 -1.180e+01 -2.957e+00 -5.429e+00 -1.509e+01 -2.017e+00 -5.305e+00 -4.662e+00 -1.631e+01 -1.751e+01 -1.114e+01 -2.806e+00
+9.201 +8.201 12.078  2.871 0.250 0.000 1.000 -2.333e+01 -1.496e-01 -5.591e-01 -2.517e+00 -4.404e+00 -1.180e+01 -2.957e+00 -5.436e+00 -1.509e+01 -2.017e+00 -5.305e+00 -4.662e+00 -1.631e+01 -1.751e+01 -1.109e+01 -2.806e+00
+9.284 +8.284 12.159  2.868 0.250 0.000 1.000 -2.333e+01 -1.496e-01 -5.591e-01 -2.517e+00 -4.398e+00 -1.180e+01 -2.957e+00 -5.453e+00 -1.509e+01 -2.017e+00 -5.305e+00 -4.662e+00 -1.631e+01 -1.751e+01 -1.101e+01 -2.806e+00
+9.325 +8.325 12.200  2.867 0.250 0.000 1.000   nan -1.496e-01 -5.591e-01 -2.517e+00 -4.394e+00 -1.180e+01 -2.957e+00 -5.462e+00 -1.509e+01 -2.017e+00 -5.305e+00 -4.662e+00 -1.631e+01 -1.751e+01 -1.097e+01 -2.806e+00
+9.367 +8.367 12.240  2.866 0.250 0.000 1.000 -2.333e+01 -1.496e-01 -5.591e-01 -2.517e+00 -4.390e+00 -1.180e+01 -2.957e+00 -5.472e+00 -1.509e+01 -2.017e+00 -5.305e+00 -4.662e+00 -1.631e+01 -1.751e+01 -1.093e+01 -2.806e+00
+9.450 +8.450 12.321  2.862 0.250 0.000 1.000 -2.333e+01 -1.496e-01 -5.591e-01 -2.518e+00 -4.381e+00 -1.180e+01 -2.957e+00 -5.496e+00 -1.509e+01 -2.017e+00 -5.305e+00 -4.662e+00 -1.631e+01 -1.751e+01 -1.085e+01 -2.806e+00
+9.491 +8.491 12.362  2.861 0.250 0.000 1.000   nan -1.496e-01 -5.591e-01 -2.518e+00 -4.376e+00 -1.180e+01 -2.957e+00 -5.510e+00 -1.509e+01 -2.017e+00 -5.304e+00 -4.662e+00 -1.631e+01 -1.751e+01 -1.080e+01 -2.806e+00
+9.532 +8.532 12.402  2.859 0.250 0.000 1.000 -2.333e+01 -1.496e-01 -5.591e-01 -2.518e+00 -4.370e+00 -1.180e+01 -2.957e+00 -5.525e+00 -1.509e+01 -2.017e+00 -5.304e+00 -4.662e+00 -1.631e+01 -1.751e+01 -1.076e+01 -2.806e+00
+9.615 +8.615 12.482  2.855 0.250 0.000 1.000 -2.333e+01 -1.496e-01 -5.591e-01 -2.518e+00 -4.358e+00 -1.180e+01 -2.957e+00 -5.560e+00 -1.509e+01 -2.017e+00 -5.304e+00 -4.662e+00 -1.631e+01 -1.751e+01 -1.068e+01 -2.806e+00
+9.656 +8.656 12.522  2.852 0.250 0.000 1.000   nan -1.496e-01 -5.591e-01 -2.518e+00 -4.351e+00 -1.180e+01 -2.957e+00 -5.580e+00 -1.509e+01 -2.017e+00 -5.304e+00 -4.662e+00 -1.631e+01 -1.751e+01 -1.064e+01 -2.806e+00
+9.698 +8.698 12.562  2.850 0.250 0.000 1.000 -2.333e+01 -1.496e-01 -5.591e-01 -2.518e+00 -4.343e+00 -1.180e+01 -2.957e+00 -5.602e+00 -1.509e+01 -2.017e+00 -5.304e+00 -4.662e+00 -1.631e+01 -1.751e+01 -1.060e+01 -2.806e+00
+9.781 +8.781 12.642  2.845 0.250 0.000 1.000 -2.333e+01 -1.496e-01 -5.591e-01 -2.518e+00 -4.326e+00 -1.180e+01 -2.957e+00 -5.653e+00 -1.509e+01 -2.017e+00 -5.304e+00 -4.662e+00 -1.631e+01 -1.751e+01 -1.051e+01 -2.806e+00
+9.822 +8.822 12.682  2.842 0.250 0.000 1.000   nan -1.496e-01 -5.591e-01 -2.518e+00 -4.316e+00 -1.180e+01 -2.957e+00 -5.682e+00 -1.509e+01 -2.017e+00 -5.304e+00 -4.662e+00 -1.631e+01 -1.751e+01 -1.047e+01 -2.806e+00
+9.863 +8.863 12.721  2.840 0.250 0.000 1.000 -2.333e+01 -1.496e-01 -5.591e-01 -2.518e+00 -4.306e+00 -1.180e+01 -2.957e+00 -5.715e+00 -1.509e+01 -2.017e+00 -5.304e+00 -4.662e+00 -1.631e+01 -1.751e+01 -1.043e+01 -2.806e+00
+9.946 +8.946 12.800  2.834 0.250 0.000 1.000 -2.334e+01 -1.496e-01 -5.591e-01 -2.519e+00 -4.283e+00 -1.180e+01 -2.957e+00 -5.789e+00 -1.509e+01 -2.017e+00 -5.304e+00 -4.663e+00 -1.631e+01 -1.751e+01 -1.035e+01 -2.806e+00
+9.988 +8.988 12.840  2.831 0.250 0.000 1.000   nan -1.496e-01 -5.591e-01 -2.519e+00 -4.271e+00 -1.180e+01 -2.957e+00 -5.832e+00 -1.509e+01 -2.017e+00 -5.304e+00 -4.663e+00 -1.631e+01 -1.751e+01 -1.031e+01 -2.806e+00
+10.029 +9.029 12.879  2.829 0.250 0.000 1.000 -2.334e+01 -1.496e-01 -5.591e-01 -2.519e+00 -4.257e+00 -1.180e+01 -2.957e+00 -5.879e+00 -1.509e+01 -2.017e+00 -5.304e+00 -4.663e+00 -1.631e+01 -1.751e+01 -1.027e+01 -2.806e+00
+10.112 +9.112 12.958  2.824 0.250 0.000 1.000 -2.334e+01 -1.496e-01 -5.591e-01 -2.520e+00 -4.228e+00 -1.180e+01 -2.957e+00 -5.987e+00 -1.509e+01 -2.017e+00 -5.304e+00 -4.663e+00 -1.631e+01 -1.751e+01 -1.018e+01 -2.806e+00
+10.153 +9.153 12.997  2.822 0.250 0.000 1.000   nan -1.496e-01 -5.591e-01 -2.520e+00 -4.212e+00 -1.180e+01 -2.956e+00 -6.049e+00 -1.509e+01 -2.017e+00 -5.304e+00 -4.663e+00 -1.631e+01 -1.751e+01 -1.014e+01 -2.806e+00
+10.195 +9.195 13.036  2.820 0.250 0.000 1.000 -2.334e+01 -1.496e-01 -5.591e-01 -2.520e+00 -4.195e+00 -1.180e+01 -2.956e+00 -6.116e+00 -1.509e+01 -2.017e+00 -5.304e+00 -4.663e+00 -1.631e+01 -1.751e+01 -1.010e+01 -2.806e+00
+10.277 +9.277 13.115  2.817 0.250 0.000 1.000 -2.334e+01 -1.496e-01 -5.591e-01 -2.521e+00 -4.159e+00 -1.180e+01 -2.956e+00 -6.269e+00 -1.509e+01 -2.017e+00 -5.304e+00 -4.663e+00 -1.631e+01 -1.751e+01 -1.002e+01 -2.806e+00
+10.319 +9.319 13.154  2.816 0.250 0.000 1.000   nan -1.496e-01 -5.591e-01 -2.522e+00 -4.139e+00 -1.180e+01 -2.956e+00 -6.355e+00 -1.509e+01 -2.017e+00 -5.304e+00 -4.663e+00 -1.631e+01 -1.751e+01 -9.977e+00 -2.806e+00
+10.360 +9.360 13.194  2.816 0.250 0.000 1.000 -2.334e+01 -1.496e-01 -5.591e-01 -2.522e+00 -4.119e+00 -1.181e+01 -2.956e+00 -6.446e+00 -1.509e+01 -2.017e+00 -5.304e+00 -4.664e+00 -1.631e+01 -1.751e+01 -9.936e+00 -2.806e+00
+10.443 +9.443 13.274  2.817 0.250 0.000 1.000 -2.334e+01 -1.496e-01 -5.591e-01 -2.523e+00 -4.075e+00 -1.181e+01 -2.956e+00 -6.643e+00 -1.509e+01 -2.017e+00 -5.303e+00 -4.664e+00 -1.631e+01 -1.751e+01 -9.853e+00 -2.806e+00
+10.484 +9.484 13.314  2.818 0.250 0.000 1.000   nan -1.496e-01 -5.591e-01 -2.524e+00 -4.052e+00 -1.181e+01 -2.956e+00 -6.744e+00 -1.509e+01 -2.017e+00 -5.303e+00 -4.664e+00 -1.631e+01 -1.751e+01 -9.812e+00 -2.806e+00
+10.526 +9.526 13.355  2.820 0.250 0.000 1.000 -2.334e+01 -1.496e-01 -5.591e-01 -2.525e+00 -4.029e+00 -1.181e+01 -2.955e+00 -6.842e+00 -1.509e+01 -2.017e+00 -5.303e+00 -4.664e+00 -1.631e+01 -1.751e+01 -9.771e+00 -2.806e+00
+10.608 +9.608 13.436  2.824 0.250 0.000 1.000 -2.334e+01 -1.496e-01 -5.591e-01 -2.526e+00 -3.979e+00 -1.181e+01 -2.955e+00 -7.012e+00 -1.509e+01 -2.017e+00 -5.303e+00 -4.665e+00 -1.631e+01 -1.751e+01 -9.688e+00 -2.806e+00
+10.650 +9.650 13.478  2.827 0.250 0.000 1.000   nan -1.496e-01 -5.591e-01 -2.527e+00 -3.953e+00 -1.181e+01 -2.954e+00 -7.075e+00 -1.509e+01 -2.017e+00 -5.303e+00 -4.665e+00 -1.631e+01 -1.751e+01 -9.647e+00 -2.806e+00
+10.691 +9.691 13.519  2.831 0.250 0.000 1.000 -2.334e+01 -1.496e-01 -5.591e-01 -2.528e+00 -3.926e+00 -1.181e+01 -2.954e+00 -7.121e+00 -1.509e+01 -2.017e+00 -5.302e+00 -4.665e+00 -1.631e+01 -1.751e+01 -9.606e+00 -2.806e+00
+10.774 +9.774 13.604  2.839 0.250 0.000 1.000 -2.334e+01 -1.496e-01 -5.591e-01 -2.531e+00 -3.871e+00 -1.181e+01 -2.953e+00 -7.169e+00 -1.508e+01 -2.017e+00 -5.302e+00 -4.666e+00 -1.631e+01 -1.751e+01 -9.523e+00 -2.806e+00
+10.815 +9.815 13.646  2.843 0.250 0.000 1.000   nan -1.496e-01 -5.591e-01 -2.532e+00 -3.843e+00 -1.181e+01 -2.952e+00 -7.179e+00 -1.508e+01 -2.017e+00 -5.302e+00 -4.666e+00 -1.631e+01 -1.750e+01 -9.482e+00 -2.806e+00
+10.857 +9.857 13.689  2.848 0.250 0.000 1.000 -2.334e+01 -1.496e-01 -5.591e-01 -2.534e+00 -3.814e+00 -1.182e+01 -2.952e+00 -7.183e+00 -1.508e+01 -2.017e+00 -5.301e+00 -4.667e+00 -1.631e+01 -1.750e+01 -9.441e+00 -2.806e+00
+10.940 +9.940 13.776  2.859 0.250 0.000 1.000 -2.334e+01 -1.496e-01 -5.591e-01 -2.537e+00 -3.756e+00 -1.182e+01 -2.950e+00 -7.185e+00 -1.508e+01 -2.017e+00 -5.301e+00 -4.668e+00 -1.631e+01 -1.750e+01 -9.358e+00 -2.806e+00
+10.981 +9.981 13.820  2.865 0.250 0.000 1.000   nan -1.496e-01 -5.591e-01 -2.540e+00 -3.727e+00 -1.182e+01 -2.948e+00 -7.185e+00 -1.508e+01 -2.017e+00 -5.300e+00 -4.668e+00 -1.631e+01 -1.750e+01 -9.317e+00 -2.806e+00
+11.022 +10.022 13.865  2.871 0.250 0.000 1.000 -2.334e+01 -1.496e-01 -5.591e-01 -2.542e+00 -3.697e+00 -1.182e+01 -2.947e+00 -7.185e+00 -1.508e+01 -2.017e+00 -5.300e+00 -4.669e+00 -1.631e+01 -1.750e+01 -9.276e+00 -2.806e+00
+11.105 +10.105 13.955  2.885 0.250 0.000 1.000 -2.334e+01 -1.496e-01 -5.591e-01 -2.547e+00 -3.638e+00 -1.183e+01 -2.943e+00 -7.183e+00 -1.508e+01 -2.017e+00 -5.299e+00 -4.670e+00 -1.631e+01 -1.750e+01 -9.194e+00 -2.806e+00
+11.147 +10.147 14.000  2.892 0.250 0.000 1.000   nan -1.496e-01 -5.591e-01 -2.550e+00 -3.609e+00 -1.183e+01 -2.941e+00 -7.182e+00 -1.507e+01 -2.017e+00 -5.298e+00 -4.671e+00 -1.631e+01 -1.750e+01 -9.153e+00 -2.806e+00
+11.188 +10.188 14.046  2.900 0.250 0.000 1.000 -2.335e+01 -1.496e-01 -5.591e-01 -2.554e+00 -3.579e+00 -1.184e+01 -2.938e+00 -7.181e+00 -1.507e+01 -2.017e+00 -5.298e+00 -4.672e+00 -1.631e+01 -1.750e+01 -9.112e+00 -2.806e+00
+11.271 +10.271 14.138  2.915 0.250 0.000 1.000 -2.335e+01 -1.496e-01 -5.591e-01 -2.562e+00 -3.522e+00 -1.184e+01 -2.931e+00 -7.178e+00 -1.506e+01 -2.017e+00 -5.296e+00 -4.674e+00 -1.631e+01 -1.750e+01 -9.030e+00 -2.806e+00
+11.312 +10.312 14.185  2.923 0.312 0.000 1.000   nan -1.496e-01 -5.591e-01 -2.566e+00 -3.494e+00 -1.185e+01 -2.927e+00 -7.176e+00 -1.506e+01 -2.017e+00 -5.295e+00 -4.675e+00 -1.631e+01 -1.750e+01 -8.990e+00 -2.806e+00
+11.354 +10.354 14.232  2.932 0.312 0.000 1.000 -2.335e+01 -1.496e-01 -5.591e-01 -2.571e+00 -3.467e+00 -1.185e+01 -2.922e+00 -7.174e+00 -1.506e+01 -2.017e+00 -5.294e+00 -4.677e+00 -1.631e+01 -1.750e+01 -8.949e+00 -2.806e+00
+11.436 +10.436 14.327  2.948 0.312 0.000 1.000 -2.336e+01 -1.496e-01 -5.591e-01 -2.582e+00 -3.414e+00 -1.186e+01 -2.910e+00 -7.168e+00 -1.504e+01 -2.017e+00 -5.292e+00 -4.680e+00 -1.631e+01 -1.750e+01 -8.868e+00 -2.806e+00
+11.478 +10.478 14.375  2.957 0.312 0.000 1.000   nan -1.496e-01 -5.591e-01 -2.589e+00 -3.389e+00 -1.187e+01 -2.902e+00 -7.164e+00 -1.504e+01 -2.017e+00 -5.291e+00 -4.682e+00 -1.631e+01 -1.749e+01 -8.827e+00 -2.806e+00
+11.519 +10.519 14.423  2.965 0.312 0.000 1.000 -2.336e+01 -1.496e-01 -5.591e-01 -2.596e+00 -3.365e+00 -1.188e+01 -2.893e+00 -7.160e+00 -1.503e+01 -2.017e+00 -5.290e+00 -4.684e+00 -1.631e+01 -1.749e+01 -8.787e+00 -2.806e+00
+11.602 +10.602 14.519  2.979 0.312 0.000 1.000 -2.336e+01 -1.496e-01 -5.591e-01 -2.613e+00 -3.321e+00 -1.189e+01 -2.872e+00 -7.149e+00 -1.501e+01 -2.017e+00 -5.287e+00 -4.688e+00 -1.631e+01 -1.749e+01 -8.706e+00 -2.806e+00
+11.643 +10.643 14.567  2.986 0.312 0.000 1.000   nan -1.497e-01 -5.591e-01 -2.623e+00 -3.302e+00 -1.190e+01 -2.859e+00 -7.142e+00 -1.500e+01 -2.017e+00 -5.285e+00 -4.691e+00 -1.631e+01 -1.749e+01 -8.666e+00 -2.806e+00
+11.685 +10.685 14.615  2.992 0.312 0.000 1.000 -2.337e+01 -1.497e-01 -5.591e-01 -2.634e+00 -3.284e+00 -1.191e+01 -2.845e+00 -7.134e+00 -1.498e+01 -2.017e+00 -5.283e+00 -4.694e+00 -1.631e+01 -1.749e+01 -8.626e+00 -2.806e+00
+11.767 +10.767 14.711  3.000 0.312 0.000 1.000 -2.337e+01 -1.497e-01 -5.591e-01 -2.658e+00 -3.254e+00 -1.194e+01 -2.812e+00 -7.115e+00 -1.495e+01 -2.017e+00 -5.279e+00 -4.700e+00 -1.631e+01 -1.748e+01 -8.546e+00 -2.806e+00
+11.809 +10.809 14.758  3.003 0.312 0.000 1.000   nan -1.497e-01 -5.591e-01 -2.672e+00 -3.242e+00 -1.195e+01 -2.794e+00 -7.104e+00 -1.493e+01 -2.017e+00 -5.276e+00 -4.704e+00 -1.631e+01 -1.748e+01 -8.507e+00 -2.806e+00
+11.850 +10.850 14.805  3.004 0.312 0.000 1.000 -2.338e+01 -1.497e-01 -5.591e-01 -2.688e+00 -3.233e+00 -1.196e+01 -2.774e+00 -7.091e+00 -1.491e+01 -2.017e+00 -5.273e+00 -4.708e+00 -1.631e+01 -1.748e+01 -8.468e+00 -2.806e+00
+11.933 +10.933 14.896  3.000 0.312 0.000 1.000 -2.339e+01 -1.497e-01 -5.591e-01 -2.724e+00 -3.223e+00 -1.200e+01 -2.729e+00 -7.063e+00 -1.487e+01 -2.017e+00 -5.267e+00 -4.718e+00 -1.631e+01 -1.747e+01 -8.389e+00 -2.806e+00
+11.974 +10.974 14.940  2.995 0.312 0.000 1.000   nan -1.497e-01 -5.591e-01 -2.745e+00 -3.223e+00 -1.202e+01 -2.705e+00 -7.047e+00 -1.485e+01 -2.017e+00 -5.264e+00 -4.724e+00 -1.631e+01 -1.747e+01 -8.351e+00 -2.806e+00
+12.016 +11.016 14.984  2.987 0.312 0.000 1.000 -2.340e+01 -1.497e-01 -5.591e-01 -2.768e+00 -3.226e+00 -1.204e+01 -2.681e+00 -7.030e+00 -1.482e+01 -2.017e+00 -5.260e+00 -4.730e+00 -1.631e+01 -1.746e+01 -8.312e+00 -2.806e+00
+12.099 +11.099 15.067  2.963 0.312 0.000 1.000 -2.341e+01 -1.497e-01 -5.591e-01 -2.821e+00 -3.244e+00 -1.209e+01 -2.629e+00 -6.992e+00 -1.477e+01 -2.017e+00 -5.251e+00 -4.744e+00 -1.631e+01 -1.746e+01 -8.236e+00 -2.806e+00
+12.140 +11.140 15.106  2.946 0.312 0.000 1.000   nan -1.498e-01 -5.591e-01 -2.852e+00 -3.260e+00 -1.212e+01 -2.603e+00 -6.973e+00 -1.475e+01 -2.017e+00 -5.246e+00 -4.753e+00 -1.631e+01 -1.745e+01 -8.199e+00 -2.806e+00
+12.181 +11.181 15.144  2.925 0.312 0.000 1.000 -2.342e+01 -1.498e-01 -5.591e-01 -2.885e+00 -3.280e+00 -1.215e+01 -2.577e+00 -6.953e+00 -1.472e+01 -2.017e+00 -5.240e+00 -4.762e+00 -1.631e+01 -1.745e+01 -8.162e+00 -2.806e+00
+12.264 +11.264 15.214  2.871 0.312 0.000 1.000 -2.342e+01 -1.498e-01 -5.591e-01 -2.963e+00 -3.335e+00 -1.223e+01 -2.526e+00 -6.913e+00 -1.467e+01 -2.017e+00 -5.228e+00 -4.783e+00 -1.631e+01 -1.743e+01 -8.089e+00 -2.806e+00
+12.306 +11.306 15.246  2.837 0.312 0.000 1.000   nan -1.498e-01 -5.591e-01 -3.008e+00 -3.370e+00 -1.227e+01 -2.502e+00 -6.893e+00 -1.464e+01 -2.017e+00 -5.221e+00 -4.795e+00 -1.631e+01 -1.743e+01 -8.053e+00 -2.806e+00
+12.376 +11.376 15.297  2.768 0.312 0.000 1.000   nan -1.498e-01 -5.591e-01 -3.095e+00 -3.446e+00 -1.235e+01 -2.464e+00 -6.860e+00 -1.461e+01 -2.017e+00 -5.208e+00 -4.818e+00 -1.631e+01 -1.741e+01 -7.993e+00 -2.806e+00
+12.406 +11.406 15.316  2.724 0.312 0.000 1.000 -2.344e+01 -1.498e-01 -5.591e-01 -3.135e+00 -3.482e+00 -1.240e+01 -2.449e+00 -6.843e+00 -1.459e+01 -2.017e+00 -5.202e+00 -4.829e+00 -1.631e+01 -1.741e+01 -7.969e+00 -2.806e+00
+12.477 +11.477 15.357  2.630 0.312 0.000 1.000 -2.345e+01 -1.499e-01 -5.591e-01 -3.243e+00 -3.583e+00 -1.250e+01 -2.417e+00 -6.815e+00 -1.455e+01 -2.017e+00 -5.186e+00 -4.859e+00 -1.631e+01 -1.739e+01 -7.912e+00 -2.806e+00
+12.518 +11.518 15.378  2.580 0.312 0.000 1.000   nan -1.499e-01 -5.591e-01 -3.315e+00 -3.652e+00 -1.256e+01 -2.400e+00 -6.804e+00 -1.454e+01 -2.017e+00 -5.176e+00 -4.879e+00 -1.631e+01 -1.738e+01 -7.880e+00 -2.806e+00
+12.589 +11.589 15.409  2.461 0.312 0.000 1.000   nan -1.499e-01 -5.591e-01 -3.453e+00 -3.786e+00 -1.270e+01 -2.375e+00 -6.783e+00 -1.451e+01 -2.017e+00 -5.156e+00 -4.917e+00 -1.631e+01 -1.737e+01 -7.826e+00 -2.806e+00
+12.618 +11.618 15.420  2.391 0.312 0.000 1.000 -2.346e+01 -1.499e-01 -5.591e-01 -3.516e+00 -3.848e+00 -1.277e+01 -2.367e+00 -6.772e+00 -1.450e+01 -2.017e+00 -5.148e+00 -4.935e+00 -1.631e+01 -1.736e+01 -7.805e+00 -2.806e+00
+12.689 +11.689 15.444  2.246 0.312 0.000 1.000 -2.347e+01 -1.499e-01 -5.590e-01 -3.683e+00 -4.015e+00 -1.293e+01 -2.349e+00 -6.757e+00 -1.448e+01 -2.017e+00 -5.125e+00 -4.984e+00 -1.631e+01 -1.733e+01 -7.755e+00 -2.806e+00
+12.730 +11.730 15.455  2.173 0.312 0.000 1.000   nan -1.499e-01 -5.590e-01 -3.790e+00 -4.122e+00 -1.302e+01 -2.341e+00 -6.752e+00 -1.448e+01 -2.017e+00 -5.110e+00 -5.017e+00 -1.631e+01 -1.732e+01 -7.728e+00 -2.806e+00
+12.789 +11.789 15.468  2.022 0.312 0.000 1.000   nan -1.499e-01 -5.590e-01 -3.946e+00 -4.292e+00 -1.319e+01 -2.333e+00 -6.744e+00 -1.447e+01 -2.017e+00 -5.088e+00 -5.068e+00 -1.631e+01 -1.730e+01 -7.691e+00 -2.806e+00
+12.848 +11.848 15.479  1.889 0.312 0.000 1.000   nan -1.499e-01 -5.590e-01 -4.104e+00 -4.467e+00 -1.335e+01 -2.327e+00 -6.740e+00 -1.446e+01 -2.017e+00 -5.064e+00 -5.128e+00 -1.631e+01 -1.727e+01 -7.657e+00 -2.806e+00
+12.907 +11.907 15.488  1.772 0.312 0.000 1.000   nan -1.499e-01 -5.590e-01 -4.250e+00 -4.630e+00 -1.350e+01 -2.323e+00 -6.738e+00 -1.445e+01 -2.017e+00 -5.038e+00 -5.196e+00 -1.631e+01 -1.725e+01 -7.626e+00 -2.806e+00
+12.977 +11.977 15.498  1.678 0.312 0.000 1.000   nan -1.499e-01 -5.590e-01 -4.391e+00 -4.802e+00 -1.364e+01 -2.320e+00 -6.738e+00 -1.445e+01 -2.017e+00 -5.004e+00 -5.292e+00 -1.631e+01 -1.722e+01 -7.592e+00 -2.806e+00
+13.019 +12.019 15.504  1.631 0.312 0.000 1.000 -2.348e+01 -1.500e-01 -5.590e-01 -4.448e+00 -4.887e+00 -1.371e+01 -2.319e+00 -6.738e+00 -1.445e+01 -2.017e+00 -4.983e+00 -5.356e+00 -1.631e+01 -1.720e+01 -7.574e+00 -2.806e+00
+13.060 +12.060 15.509  1.595 0.312 0.000 1.000   nan -1.500e-01 -5.590e-01 -4.485e+00 -4.950e+00 -1.375e+01 -2.318e+00 -6.739e+00 -1.445e+01 -2.017e+00 -4.961e+00 -5.427e+00 -1.631e+01 -1.718e+01 -7.558e+00 -2.806e+00
+13.143 +12.143 15.521  1.561 0.438 0.000 1.000 -2.400e+01 -1.500e-01 -5.590e-01 -4.519e+00 -5.000e+00 -1.380e+01 -2.317e+00 -6.741e+00 -1.445e+01 -2.017e+00 -4.914e+00 -5.592e+00 -1.631e+01 -1.713e+01 -7.531e+00 -2.806e+00
+13.184 +12.184 15.527  1.553 0.438 0.000 1.000 -2.400e+01 -1.500e-01 -5.590e-01 -4.526e+00 -5.017e+00 -1.381e+01 -2.317e+00 -6.742e+00 -1.445e+01 -2.017e+00 -4.889e+00 -5.688e+00 -1.631e+01 -1.710e+01 -7.520e+00 -2.806e+00
+13.226 +12.226 15.534  1.548 0.438 0.000 1.000 -2.400e+01 -1.500e-01 -5.589e-01 -4.529e+00 -5.026e+00 -1.381e+01 -2.317e+00 -6.743e+00 -1.445e+01 -2.017e+00 -4.863e+00 -5.794e+00 -1.631e+01 -1.708e+01 -7.511e+00 -2.806e+00
+13.308 +12.308 15.550  1.544 0.438 0.000 1.000 -2.400e+01 -1.500e-01 -5.589e-01 -4.532e+00 -5.033e+00 -1.382e+01 -2.317e+00 -6.745e+00 -1.445e+01 -2.017e+00 -4.809e+00 -6.040e+00 -1.631e+01 -1.703e+01 -7.498e+00 -2.806e+00
+13.350 +12.350 15.558  1.543 0.438 0.000 1.000 -2.400e+01 -1.500e-01 -5.589e-01 -4.533e+00 -5.034e+00 -1.382e+01 -2.317e+00 -6.746e+00 -1.445e+01 -2.017e+00 -4.780e+00 -6.183e+00 -1.631e+01 -1.700e+01 -7.493e+00 -2.806e+00
+13.391 +12.391 15.568  1.543 0.438 0.000 1.000 -2.400e+01 -1.500e-01 -5.589e-01 -4.534e+00 -5.035e+00 -1.382e+01 -2.317e+00 -6.746e+00 -1.445e+01 -2.017e+00 -4.751e+00 -6.342e+00 -1.631e+01 -1.697e+01 -7.490e+00 -2.806e+00
+13.474 +12.474 15.588  1.542 0.438 0.000 1.000 -2.400e+01 -1.500e-01 -5.588e-01 -4.535e+00 -5.037e+00 -1.382e+01 -2.317e+00 -6.747e+00 -1.445e+01 -2.017e+00 -4.690e+00 -6.707e+00 -1.631e+01 -1.691e+01 -7.486e+00 -2.806e+00
+13.515 +12.515 15.600  1.541 0.438 0.000 1.000 -2.400e+01 -1.500e-01 -5.588e-01 -4.535e+00 -5.037e+00 -1.382e+01 -2.317e+00 -6.747e+00 -1.445e+01 -2.017e+00 -4.658e+00 -6.915e+00 -1.631e+01 -1.688e+01 -7.486e+00 -2.806e+00
+13.557 +12.557 15.612  1.541 0.438 0.000 1.000 -2.400e+01 -1.500e-01 -5.588e-01 -4.536e+00 -5.038e+00 -1.382e+01 -2.317e+00 -6.747e+00 -1.445e+01 -2.017e+00 -4.626e+00 -7.136e+00 -1.631e+01 -1.684e+01 -7.486e+00 -2.806e+00
+13.640 +12.640 15.639  1.541 0.500 0.000 1.000 -2.400e+01 -1.501e-01 -5.587e-01 -4.536e+00 -5.038e+00 -1.382e+01 -2.317e+00 -6.748e+00 -1.445e+01 -2.017e+00 -4.559e+00 -7.568e+00 -1.631e+01 -1.678e+01 -7.488e+00 -2.806e+00
+13.681 +12.681 15.654  1.541 0.500 0.000 1.000 -2.400e+01 -1.501e-01 -5.587e-01 -4.536e+00 -5.038e+00 -1.382e+01 -2.317e+00 -6.748e+00 -1.445e+01 -2.018e+00 -4.525e+00 -7.727e+00 -1.631e+01 -1.675e+01 -7.489e+00 -2.806e+00
+13.764 +12.764 15.686  1.541 0.500 0.000 1.000 -2.400e+01 -1.501e-01 -5.586e-01 -4.536e+00 -5.038e+00 -1.382e+01 -2.317e+00 -6.748e+00 -1.445e+01 -2.018e+00 -4.455e+00 -7.841e+00 -1.631e+01 -1.668e+01 -7.493e+00 -2.806e+00
+13.805 +12.805 15.704  1.541 0.500 0.000 1.000 -2.400e+01 -1.501e-01 -5.585e-01 -4.536e+00 -5.038e+00 -1.382e+01 -2.317e+00 -6.748e+00 -1.445e+01 -2.018e+00 -4.419e+00 -7.826e+00 -1.631e+01 -1.664e+01 -7.495e+00 -2.806e+00
+13.847 +12.847 15.723  1.541 0.500 0.000 1.000 -2.400e+01 -1.502e-01 -5.585e-01 -4.536e+00 -5.038e+00 -1.382e+01 -2.317e+00 -6.748e+00 -1.445e+01 -2.018e+00 -4.383e+00 -7.795e+00 -1.631e+01 -1.660e+01 -7.497e+00 -2.806e+00
+13.929 +12.929 15.763  1.541 0.500 0.000 1.000 -2.400e+01 -1.502e-01 -5.584e-01 -4.536e+00 -5.038e+00 -1.382e+01 -2.317e+00 -6.748e+00 -1.445e+01 -2.018e+00 -4.310e+00 -7.722e+00 -1.631e+01 -1.653e+01 -7.502e+00 -2.806e+00
+13.971 +12.971 15.784  1.541 0.500 0.000 1.000 -2.400e+01 -1.502e-01 -5.583e-01 -4.536e+00 -5.038e+00 -1.382e+01 -2.317e+00 -6.748e+00 -1.445e+01 -2.019e+00 -4.273e+00 -7.683e+00 -1.631e+01 -1.649e+01 -7.505e+00 -2.806e+00
+14.012 +13.012 15.807  1.540 0.500 0.000 1.000 -2.400e+01 -1.503e-01 -5.582e-01 -4.536e+00 -5.038e+00 -1.382e+01 -2.317e+00 -6.748e+00 -1.445e+01 -2.019e+00 -4.236e+00 -7.642e+00 -1.631e+01 -1.646e+01 -7.508e+00 -2.806e+00
+14.095 +13.095 15.855  1.540 0.500 0.000 1.000 -2.400e+01 -1.503e-01 -5.580e-01 -4.536e+00 -5.038e+00 -1.382e+01 -2.317e+00 -6.748e+00 -1.445e+01 -2.019e+00 -4.160e+00 -7.561e+00 -1.632e+01 -1.638e+01 -7.515e+00 -2.806e+00
+14.136 +13.136 15.880  1.540 0.500 0.000 1.000 -2.400e+01 -1.504e-01 -5.579e-01 -4.536e+00 -5.038e+00 -1.382e+01 -2.317e+00 -6.748e+00 -1.445e+01 -2.019e+00 -4.122e+00 -7.520e+00 -1.632e+01 -1.634e+01 -7.519e+00 -2.806e+00
+14.178 +13.178 15.907  1.540 0.562 0.000 1.000 -2.400e+01 -1.504e-01 -5.578e-01 -4.536e+00 -5.038e+00 -1.382e+01 -2.317e+00 -6.748e+00 -1.445e+01 -2.020e+00 -4.083e+00 -7.494e+00 -1.632e+01 -1.631e+01 -7.523e+00 -2.806e+00
+14.261 +13.261 15.962  1.540 0.562 0.000 1.000 -2.400e+01 -1.505e-01 -5.575e-01 -4.536e+00 -5.038e+00 -1.382e+01 -2.317e+00 -6.748e+00 -1.445e+01 -2.020e+00 -4.006e+00 -7.418e+00 -1.632e+01 -1.623e+01 -7.533e+00 -2.806e+00
+14.302 +13.302 15.991  1.540 0.562 0.000 1.000 -2.400e+01 -1.506e-01 -5.574e-01 -4.536e+00 -5.038e+00 -1.382e+01 -2.317e+00 -6.748e+00 -1.445e+01 -2.021e+00 -3.967e+00 -7.378e+00 -1.632e+01 -1.619e+01 -7.537e+00 -2.806e+00
+14.343 +13.343 16.021  1.540 0.562 0.000 1.000 -2.400e+01 -1.507e-01 -5.572e-01 -4.536e+00 -5.038e+00 -1.382e+01 -2.317e+00 -6.748e+00 -1.445e+01 -2.021e+00 -3.928e+00 -7.338e+00 -1.632e+01 -1.615e+01 -7.543e+00 -2.806e+00
+14.426 +13.426 16.083  1.540 0.562 0.000 1.000 -2.400e+01 -1.508e-01 -5.568e-01 -4.536e+00 -5.038e+00 -1.382e+01 -2.317e+00 -6.748e+00 -1.445e+01 -2.022e+00 -3.850e+00 -7.258e+00 -1.632e+01 -1.607e+01 -7.553e+00 -2.806e+00
+14.467 +13.467 16.115  1.540 0.562 0.000 1.000 -2.400e+01 -1.509e-01 -5.566e-01 -4.536e+00 -5.038e+00 -1.382e+01 -2.317e+00 -6.748e+00 -1.445e+01 -2.023e+00 -3.810e+00 -7.218e+00 -1.632e+01 -1.603e+01 -7.558e+00 -2.806e+00
+14.509 +13.509 16.147  1.540 0.562 0.000 1.000 -2.400e+01 -1.510e-01 -5.563e-01 -4.536e+00 -5.038e+00 -1.382e+01 -2.317e+00 -6.748e+00 -1.445e+01 -2.023e+00 -3.771e+00 -7.177e+00 -1.632e+01 -1.599e+01 -7.564e+00 -2.806e+00
+14.592 +13.592 16.215  1.540 0.562 0.000 1.000 -2.400e+01 -1.512e-01 -5.558e-01 -4.536e+00 -5.038e+00 -1.382e+01 -2.317e+00 -6.748e+00 -1.445e+01 -2.025e+00 -3.692e+00 -7.097e+00 -1.632e+01 -1.592e+01 -7.573e+00 -2.806e+00
+14.633 +13.633 16.249  1.540 0.562 0.000 1.000 -2.400e+01 -1.514e-01 -5.554e-01 -4.536e+00 -5.038e+00 -1.382e+01 -2.317e+00 -6.748e+00 -1.445e+01 -2.026e+00 -3.653e+00 -7.057e+00 -1.632e+01 -1.588e+01 -7.577e+00 -2.806e+00
+14.674 +13.674 16.284  1.539 0.562 0.000 1.000 -2.400e+01 -1.515e-01 -5.551e-01 -4.536e+00 -5.038e+00 -1.382e+01 -2.317e+00 -6.747e+00 -1.445e+01 -2.027e+00 -3.614e+00 -7.017e+00 -1.632e+01 -1.584e+01 -7.579e+00 -2.806e+00
+14.757 +13.757 16.355  1.539 0.562 0.000 1.000 -2.400e+01 -1.518e-01 -5.542e-01 -4.536e+00 -5.038e+00 -1.382e+01 -2.317e+00 -6.747e+00 -1.445e+01 -2.029e+00 -3.535e+00 -6.938e+00 -1.633e+01 -1.576e+01 -7.580e+00 -2.806e+00
+14.799 +13.799 16.392  1.539 0.562 0.000 1.000 -2.400e+01 -1.520e-01 -5.538e-01 -4.536e+00 -5.038e+00 -1.382e+01 -2.317e+00 -6.747e+00 -1.445e+01 -2.030e+00 -3.496e+00 -6.898e+00 -1.633e+01 -1.572e+01 -7.577e+00 -2.806e+00
+14.840 +13.840 16.428  1.539 0.562 0.000 1.000 -2.400e+01 -1.522e-01 -5.532e-01 -4.536e+00 -5.038e+00 -1.382e+01 -2.317e+00 -6.747e+00 -1.445e+01 -2.031e+00 -3.457e+00 -6.859e+00 -1.633e+01 -1.568e+01 -7.571e+00 -2.806e+00
+14.923 +13.923 16.503  1.539 0.562 0.000 1.000 -2.400e+01 -1.527e-01 -5.520e-01 -4.535e+00 -5.038e+00 -1.382e+01 -2.317e+00 -6.747e+00 -1.445e+01 -2.034e+00 -3.379e+00 -6.780e+00 -1.633e+01 -1.560e+01 -7.550e+00 -2.806e+00
+14.964 +13.964 16.541  1.538 0.562 0.000 1.000 -2.400e+01 -1.530e-01 -5.513e-01 -4.535e+00 -5.038e+00 -1.382e+01 -2.316e+00 -6.747e+00 -1.445e+01 -2.036e+00 -3.341e+00 -6.741e+00 -1.633e+01 -1.557e+01 -7.534e+00 -2.806e+00
+15.006 +14.006 16.579  1.538 0.562 0.000 1.000 -2.400e+01 -1.533e-01 -5.506e-01 -4.535e+00 -5.038e+00 -1.382e+01 -2.316e+00 -6.747e+00 -1.445e+01 -2.038e+00 -3.302e+00 -6.702e+00 -1.634e+01 -1.553e+01 -7.513e+00 -2.806e+00
+15.088 +14.088 16.656  1.538 0.562 0.000 1.000 -2.400e+01 -1.540e-01 -5.488e-01 -4.535e+00 -5.037e+00 -1.382e+01 -2.316e+00 -6.746e+00 -1.445e+01 -2.043e+00 -3.226e+00 -6.625e+00 -1.634e+01 -1.545e+01 -7.458e+00 -2.806e+00
+15.130 +14.130 16.694  1.538 0.562 0.000 1.000 -2.400e+01 -1.544e-01 -5.478e-01 -4.535e+00 -5.037e+00 -1.382e+01 -2.316e+00 -6.746e+00 -1.445e+01 -2.045e+00 -3.189e+00 -6.587e+00 -1.634e+01 -1.541e+01 -7.424e+00 -2.806e+00
+15.171 +14.171 16.733  1.538 0.562 0.000 1.000 -2.400e+01 -1.549e-01 -5.467e-01 -4.534e+00 -5.037e+00 -1.382e+01 -2.316e+00 -6.746e+00 -1.445e+01 -2.048e+00 -3.151e+00 -6.549e+00 -1.635e+01 -1.538e+01 -7.386e+00 -2.806e+00
+15.254 +14.254 16.812  1.537 0.562 0.000 1.000 -2.400e+01 -1.559e-01 -5.441e-01 -4.534e+00 -5.036e+00 -1.382e+01 -2.315e+00 -6.745e+00 -1.445e+01 -2.055e+00 -3.078e+00 -6.474e+00 -1.635e+01 -1.530e+01 -7.300e+00 -2.806e+00
+15.295 +14.295 16.852  1.537 0.562 0.000 1.000 -2.400e+01 -1.565e-01 -5.427e-01 -4.533e+00 -5.036e+00 -1.382e+01 -2.315e+00 -6.745e+00 -1.445e+01 -2.058e+00 -3.042e+00 -6.438e+00 -1.636e+01 -1.527e+01 -7.254e+00 -2.806e+00
+15.337 +14.337 16.891  1.537 0.562 0.000 1.000 -2.400e+01 -1.572e-01 -5.411e-01 -4.533e+00 -5.035e+00 -1.382e+01 -2.314e+00 -6.744e+00 -1.445e+01 -2.063e+00 -3.006e+00 -6.401e+00 -1.636e+01 -1.523e+01 -7.206e+00 -2.806e+00
+15.407 +14.407 16.959  1.536 0.562 0.000 1.000 -2.400e+01 -1.585e-01 -5.379e-01 -4.532e+00 -5.034e+00 -1.382e+01 -2.313e+00 -6.743e+00 -1.445e+01 -2.071e+00 -2.947e+00 -6.331e+00 -1.637e+01 -1.517e+01 -7.122e+00 -2.806e+00
+15.437 +14.437 16.988  1.536 0.562 0.000 1.000 -2.400e+01 -1.591e-01 -5.365e-01 -4.531e+00 -5.034e+00 -1.382e+01 -2.313e+00 -6.743e+00 -1.445e+01 -2.074e+00 -2.922e+00 -6.306e+00 -1.638e+01 -1.515e+01 -7.084e+00 -2.806e+00
+15.506 +14.449 17.055  1.536 0.562 0.000 1.000 -2.400e+01 -1.607e-01 -5.327e-01 -4.530e+00 -5.032e+00 -1.382e+01 -2.312e+00 -6.741e+00 -1.445e+01 -2.084e+00 -2.867e+00 -6.241e+00 -1.639e+01 -1.509e+01 -6.998e+00 -2.806e+00
+15.561 +14.358 17.108  1.536 0.562 0.000 1.000 -2.400e+01 -1.621e-01 -5.293e-01 -4.528e+00 -5.031e+00 -1.382e+01 -2.310e+00 -6.740e+00 -1.445e+01 -2.093e+00 -2.825e+00 -6.195e+00 -1.640e+01 -1.505e+01 -6.932e+00 -2.806e+00
+15.608 +14.403 17.154  1.537 0.562 0.000 1.000 -2.400e+01 -1.636e-01 -5.260e-01 -4.526e+00 -5.029e+00 -1.382e+01 -2.308e+00 -6.738e+00 -1.445e+01 -2.102e+00 -2.790e+00 -6.159e+00 -1.641e+01 -1.501e+01 -6.878e+00 -2.806e+00
+15.667 +14.359 17.212  1.537 0.562 0.000 1.000 -2.400e+01 -1.656e-01 -5.214e-01 -4.524e+00 -5.026e+00 -1.382e+01 -2.306e+00 -6.735e+00 -1.445e+01 -2.114e+00 -2.748e+00 -6.114e+00 -1.642e+01 -1.497e+01 -6.813e+00 -2.806e+00
+15.715 +14.316 17.259  1.538 0.562 0.000 1.000 -2.400e+01 -1.674e-01 -5.172e-01 -4.521e+00 -5.024e+00 -1.382e+01 -2.303e+00 -6.732e+00 -1.445e+01 -2.125e+00 -2.716e+00 -6.080e+00 -1.644e+01 -1.494e+01 -6.765e+00 -2.806e+00
+15.770 +14.254 17.314  1.540 0.562 0.000 1.000 -2.400e+01 -1.699e-01 -5.117e-01 -4.517e+00 -5.020e+00 -1.382e+01 -2.299e+00 -6.728e+00 -1.445e+01 -2.139e+00 -2.681e+00 -6.044e+00 -1.645e+01 -1.491e+01 -6.713e+00 -2.806e+00
+15.825 +14.339 17.369  1.542 0.562 0.000 1.000 -2.400e+01 -1.727e-01 -5.057e-01 -4.512e+00 -5.015e+00 -1.382e+01 -2.294e+00 -6.723e+00 -1.445e+01 -2.155e+00 -2.648e+00 -6.011e+00 -1.647e+01 -1.488e+01 -6.667e+00 -2.806e+00
+15.880 +14.260 17.423  1.544 0.562 0.000 1.000 -2.400e+01 -1.758e-01 -4.989e-01 -4.506e+00 -5.009e+00 -1.382e+01 -2.289e+00 -6.718e+00 -1.445e+01 -2.173e+00 -2.619e+00 -5.981e+00 -1.649e+01 -1.485e+01 -6.626e+00 -2.806e+00
+15.938 +14.309 17.482  1.548 0.562 0.000 1.000 -2.400e+01 -1.798e-01 -4.908e-01 -4.499e+00 -5.001e+00 -1.381e+01 -2.281e+00 -6.710e+00 -1.444e+01 -2.194e+00 -2.591e+00 -5.952e+00 -1.652e+01 -1.483e+01 -6.588e+00 -2.806e+00
+15.992 +14.195 17.537  1.552 0.562 0.000 1.000 -2.400e+01 -1.840e-01 -4.822e-01 -4.490e+00 -4.993e+00 -1.381e+01 -2.273e+00 -6.701e+00 -1.444e+01 -2.216e+00 -2.569e+00 -5.929e+00 -1.655e+01 -1.481e+01 -6.557e+00 -2.806e+00
+16.048 +14.219 17.593  1.557 0.562 0.000 1.000 -2.400e+01 -1.890e-01 -4.723e-01 -4.480e+00 -4.983e+00 -1.380e+01 -2.263e+00 -6.691e+00 -1.443e+01 -2.242e+00 -2.550e+00 -5.910e+00 -1.658e+01 -1.479e+01 -6.530e+00 -2.806e+00
+16.102 +14.224 17.650  1.563 0.562 0.000 1.000 -2.400e+01 -1.948e-01 -4.615e-01 -4.469e+00 -4.972e+00 -1.380e+01 -2.252e+00 -6.680e+00 -1.443e+01 -2.270e+00 -2.536e+00 -5.895e+00 -1.661e+01 -1.478e+01 -6.510e+00 -2.806e+00
+16.158 +14.204 17.707  1.569 0.562 0.000 1.000 -2.400e+01 -2.016e-01 -4.492e-01 -4.456e+00 -4.959e+00 -1.379e+01 -2.239e+00 -6.667e+00 -1.442e+01 -2.301e+00 -2.526e+00 -5.885e+00 -1.665e+01 -1.478e+01 -6.494e+00 -2.806e+00
+16.213 +14.321 17.765  1.575 0.562 0.000 0.999 -2.400e+01 -2.095e-01 -4.354e-01 -4.442e+00 -4.944e+00 -1.378e+01 -2.224e+00 -6.653e+00 -1.442e+01 -2.336e+00 -2.521e+00 -5.880e+00 -1.669e+01 -1.478e+01 -6.485e+00 -2.806e+00
+16.267 +14.265 17.823  1.581 0.562 0.000 0.999 -2.400e+01 -2.187e-01 -4.203e-01 -4.426e+00 -4.929e+00 -1.378e+01 -2.209e+00 -6.638e+00 -1.441e+01 -2.374e+00 -2.522e+00 -5.880e+00 -1.674e+01 -1.479e+01 -6.482e+00 -2.806e+00
+16.321 +14.347 17.880  1.586 0.562 0.000 0.999 -2.400e+01 -2.294e-01 -4.038e-01 -4.410e+00 -4.913e+00 -1.377e+01 -2.193e+00 -6.622e+00 -1.440e+01 -2.415e+00 -2.529e+00 -5.887e+00 -1.679e+01 -1.481e+01 -6.485e+00 -2.806e+00
+16.377 +14.247 17.940  1.591 0.562 0.000 0.999 -2.400e+01 -2.425e-01 -3.848e-01 -4.393e+00 -4.896e+00 -1.377e+01 -2.175e+00 -6.604e+00 -1.440e+01 -2.461e+00 -2.542e+00 -5.900e+00 -1.685e+01 -1.484e+01 -6.495e+00 -2.806e+00
+16.432 +14.302 17.999  1.593 0.562 0.000 0.999 -2.400e+01 -2.578e-01 -3.644e-01 -4.376e+00 -4.878e+00 -1.377e+01 -2.158e+00 -6.587e+00 -1.440e+01 -2.509e+00 -2.561e+00 -5.919e+00 -1.691e+01 -1.487e+01 -6.512e+00 -2.806e+00
+16.487 +14.380 18.057  1.592 0.562 0.000 0.999 -2.400e+01 -2.757e-01 -3.424e-01 -4.358e+00 -4.861e+00 -1.377e+01 -2.141e+00 -6.570e+00 -1.440e+01 -2.561e+00 -2.587e+00 -5.944e+00 -1.698e+01 -1.492e+01 -6.536e+00 -2.806e+00
+16.543 +14.580 18.115  1.587 0.562 0.000 0.999 -2.400e+01 -2.973e-01 -3.185e-01 -4.342e+00 -4.844e+00 -1.377e+01 -2.124e+00 -6.553e+00 -1.440e+01 -2.616e+00 -2.620e+00 -5.976e+00 -1.706e+01 -1.497e+01 -6.567e+00 -2.806e+00
+16.600 +14.467 18.174  1.578 0.562 0.000 0.998 -2.400e+01 -3.233e-01 -2.927e-01 -4.326e+00 -4.827e+00 -1.378e+01 -2.107e+00 -6.537e+00 -1.441e+01 -2.673e+00 -2.660e+00 -6.015e+00 -1.714e+01 -1.503e+01 -6.605e+00 -2.806e+00
+16.654 +14.581 18.227  1.564 0.562 0.000 0.998 -2.400e+01 -3.523e-01 -2.672e-01 -4.309e+00 -4.811e+00 -1.380e+01 -2.091e+00 -6.521e+00 -1.442e+01 -2.728e+00 -2.702e+00 -6.059e+00 -1.722e+01 -1.511e+01 -6.646e+00 -2.806e+00
+16.708 +14.728 18.279  1.546 0.562 0.000 0.998 -2.400e+01 -3.864e-01 -2.410e-01 -4.294e+00 -4.796e+00 -1.381e+01 -2.076e+00 -6.505e+00 -1.444e+01 -2.782e+00 -2.749e+00 -6.104e+00 -1.731e+01 -1.519e+01 -6.692e+00 -2.806e+00
+16.765 +14.714 18.331  1.521 0.562 0.000 0.998 -2.400e+01 -4.283e-01 -2.133e-01 -4.277e+00 -4.779e+00 -1.384e+01 -2.059e+00 -6.489e+00 -1.447e+01 -2.836e+00 -2.801e+00 -6.155e+00 -1.741e+01 -1.528e+01 -6.742e+00 -2.806e+00
+16.819 +14.352 18.379  1.490 0.562 0.000 0.998 -2.400e+01 -4.763e-01 -1.864e-01 -4.260e+00 -4.763e+00 -1.387e+01 -2.042e+00 -6.472e+00 -1.450e+01 -2.884e+00 -2.852e+00 -6.208e+00 -1.750e+01 -1.538e+01 -6.794e+00 -2.806e+00
+16.877 +14.809 18.426  1.449 0.562 0.000 0.999 -2.400e+01 -5.361e-01 -1.586e-01 -4.244e+00 -4.745e+00 -1.391e+01 -2.025e+00 -6.454e+00 -1.454e+01 -2.929e+00 -2.906e+00 -6.257e+00 -1.761e+01 -1.549e+01 -6.849e+00 -2.806e+00
+16.930 +14.506 18.466  1.397 0.562 0.000 0.999 -2.400e+01 -6.008e-01 -1.340e-01 -4.228e+00 -4.730e+00 -1.396e+01 -2.010e+00 -6.440e+00 -1.459e+01 -2.963e+00 -2.952e+00 -6.309e+00 -1.771e+01 -1.561e+01 -6.897e+00 -2.806e+00
+16.984 +14.682 18.504  1.335 0.562 0.000 0.999 -2.400e+01 -6.795e-01 -1.101e-01 -4.212e+00 -4.714e+00 -1.402e+01 -1.994e+00 -6.424e+00 -1.465e+01 -2.992e+00 -2.995e+00 -6.352e+00 -1.782e+01 -1.573e+01 -6.942e+00 -2.806e+00
+17.040 +14.528 18.538  1.256 0.562 0.000 0.999 -2.400e+01 -7.736e-01 -8.791e-02 -4.196e+00 -4.699e+00 -1.410e+01 -1.978e+00 -6.408e+00 -1.473e+01 -3.015e+00 -3.034e+00 -6.391e+00 -1.793e+01 -1.586e+01 -6.981e+00 -2.806e+00
+17.095 +14.584 18.567  1.162 0.562 0.000 1.000 -2.400e+01 -8.836e-01 -6.831e-02 -4.181e+00 -4.683e+00 -1.420e+01 -1.963e+00 -6.393e+00 -1.483e+01 -3.030e+00 -3.065e+00 -6.422e+00 -1.806e+01 -1.600e+01 -7.013e+00 -2.806e+00
+17.151 +14.892 18.592  1.047 0.562 0.000 1.000 -2.400e+01 -1.015e+00 -5.127e-02 -4.166e+00 -4.666e+00 -1.431e+01 -1.947e+00 -6.377e+00 -1.494e+01 -3.041e+00 -3.090e+00 -6.446e+00 -1.820e+01 -1.616e+01 -7.039e+00 -2.806e+00
+17.206 +14.887 18.612  0.910 0.562 0.000 1.000 -2.400e+01 -1.166e+00 -3.760e-02 -4.151e+00 -4.651e+00 -1.445e+01 -1.933e+00 -6.362e+00 -1.508e+01 -3.047e+00 -3.108e+00 -6.465e+00 -1.836e+01 -1.633e+01 -7.058e+00 -2.806e+00
+17.261 +14.592 18.627  0.746 0.562 0.000 1.001 -2.400e+01 -1.344e+00 -2.691e-02 -4.137e+00 -4.639e+00 -1.461e+01 -1.919e+00 -6.349e+00 -1.524e+01 -3.051e+00 -3.121e+00 -6.478e+00 -1.854e+01 -1.652e+01 -7.072e+00 -2.806e+00
+17.317 +14.945 18.639  0.549 0.562 0.000 1.001 -2.400e+01 -1.555e+00 -1.891e-02 -4.125e+00 -4.624e+00 -1.481e+01 -1.907e+00 -6.336e+00 -1.544e+01 -3.052e+00 -3.130e+00 -6.487e+00 -1.875e+01 -1.674e+01 -7.081e+00 -2.806e+00
+17.372 +14.882 18.646  0.315 0.500 0.000 1.001 -2.400e+01 -1.800e+00 -1.350e-02 -4.112e+00 -4.614e+00 -1.504e+01 -1.896e+00 -6.325e+00 -1.567e+01 -3.053e+00 -3.136e+00 -6.492e+00 -1.900e+01 -1.699e+01 -7.087e+00 -2.806e+00
+17.428 +15.108 18.651  0.039 0.500 0.000 1.002 -2.400e+01 -2.088e+00 -1.007e-02 -4.102e+00 -4.602e+00 -1.532e+01 -1.886e+00 -6.314e+00 -1.595e+01 -3.053e+00 -3.139e+00 -6.495e+00 -1.928e+01 -1.728e+01 -7.090e+00 -2.806e+00
+17.483 +15.315 18.654 -0.283 0.500 0.000 1.002 -2.400e+01 -2.421e+00 -8.130e-03 -4.094e+00 -4.591e+00 -1.564e+01 -1.878e+00 -6.305e+00 -1.628e+01 -3.053e+00 -3.141e+00 -6.495e+00 -1.961e+01 -1.761e+01 -7.092e+00 -2.806e+00
+17.539 +15.464 18.655 -0.663 0.438 0.000 1.002 -2.400e+01 -2.812e+00 -7.135e-03 -4.085e+00 -4.581e+00 -1.602e+01 -1.873e+00 -6.297e+00 -1.666e+01 -3.053e+00 -3.142e+00 -6.493e+00 -2.000e+01 -1.800e+01 -7.092e+00 -2.806e+00
+17.593 +15.546 18.656 -1.094 0.438 0.000 1.002 -2.400e+01 -3.253e+00 -6.701e-03 -4.077e+00 -4.570e+00 -1.646e+01 -1.869e+00 -6.291e+00 -1.709e+01 -3.053e+00 -3.142e+00 -6.490e+00 -2.044e+01 -1.844e+01 -7.092e+00 -2.806e+00
+17.650 +15.806 18.656 -1.610 0.375 0.000 1.002 -2.400e+01 -3.792e+00 -6.525e-03 -4.065e+00 -4.552e+00 -1.698e+01 -1.866e+00 -6.280e+00 -1.762e+01 -3.053e+00 -3.142e+00 -6.484e+00 -2.097e+01 -1.897e+01 -7.092e+00 -2.806e+00
+17.703 +16.065 18.656 -2.149 0.375 0.000 1.002 -2.400e+01 -4.381e+00 -6.472e-03 -4.062e+00 -4.586e+00 -1.753e+01 -1.865e+00 -6.296e+00 -1.817e+01 -3.053e+00 -3.142e+00 -6.472e+00 -2.152e+01 -1.952e+01 -7.092e+00 -2.806e+00
+17.762 +16.263 18.656 -2.743 0.375 0.000 1.002 -2.400e+01 -5.213e+00 -6.456e-03 -4.053e+00 -4.586e+00 -1.820e+01 -1.865e+00 -6.296e+00 -1.885e+01 -3.053e+00 -3.142e+00 -6.455e+00 -2.220e+01 -2.020e+01 -7.092e+00 -2.806e+00
+17.831 +16.831 18.656 -3.857 0.375 0.000 1.002 -2.400e+01 -6.569e+00 -6.453e-03 -4.045e+00 -4.586e+00 -1.938e+01 -1.865e+00 -6.296e+00 -2.004e+01 -3.053e+00 -3.142e+00 -6.447e+00 -2.330e+01 -2.139e+01 -7.092e+00 -2.806e+00
+17.872 +16.872 18.656 -4.642 0.375 0.000 1.002 -2.400e+01 -7.829e+00 -6.453e-03 -4.044e+00 -4.586e+00 -1.999e+01 -1.865e+00 -6.296e+00 -2.066e+01 -3.053e+00 -3.142e+00 -6.445e+00 -2.370e+01 -2.200e+01 -7.092e+00 -2.806e+00
+17.955 +16.955 18.656 -8.633 0.312 0.000 1.002 -2.400e+01 -1.187e+01 -6.453e-03 -4.044e+00 -4.586e+00 -2.367e+01 -1.865e+00 -6.296e+00 -2.391e+01 -3.053e+00 -3.142e+00 -6.445e+00 -2.400e+01 -2.400e+01 -7.092e+00 -2.806e+00
+17.996 +16.996 18.656 -10.038 0.312 0.000 1.002 -2.400e+01 -1.505e+01 -6.453e-03 -4.044e+00 -4.586e+00 -2.398e+01 -1.865e+00 -6.296e+00 -2.400e+01 -3.053e+00 -3.142e+00 -6.445e+00 -2.400e+01 -2.400e+01 -7.092e+00 -2.806e+00
+18.038 +17.038 18.656 -13.229 0.312 0.000 1.002 -2.400e+01   nan -6.453e-03 -4.044e+00 -4.586e+00 -2.400e+01 -1.865e+00 -6.296e+00 -2.400e+01 -3.053e+00 -3.142e+00 -6.445e+00 -2.400e+01 -2.400e+01 -7.092e+00 -2.806e+00
+18.090 +16.509 18.656   -inf 0.312 0.000 1.002 -2.400e+01 -1.774e+01 -6.453e-03 -4.044e+00 -4.586e+00 -2.400e+01 -1.865e+00 -6.296e+00 -2.400e+01 -3.053e+00 -3.142e+00 -6.445e+00 -2.400e+01 -2.400e+01 -7.092e+00 -2.806e+00
+18.164 +17.164 18.656   -inf 0.312 0.000 1.002 -2.400e+01   nan -6.453e-03 -4.044e+00 -4.586e+00 -2.400e+01 -1.865e+00 -6.296e+00 -2.400e+01 -3.053e+00 -3.142e+00 -6.445e+00 -2.400e+01 -2.400e+01 -7.092e+00 -2.806e+00
+18.205 +17.205 18.656   -inf 0.062 0.000 1.002 -2.400e+01 -2.028e+01 -6.453e-03 -4.044e+00 -4.586e+00 -1.912e+01 -1.865e+00 -6.296e+00 -1.909e+01 -3.053e+00 -3.142e+00 -6.445e+00 -2.217e+01 -2.217e+01 -7.092e+00 -2.806e+00
+18.276 +17.276 18.656   -inf 0.312 0.000 1.002 -2.400e+01   nan -6.453e-03 -4.044e+00 -4.586e+00 -2.400e+01 -1.865e+00 -6.296e+00 -2.400e+01 -3.053e+00 -3.142e+00 -6.445e+00 -2.400e+01 -2.400e+01 -7.092e+00 -2.806e+00
+18.318 +17.318 18.656   -inf 0.062 0.000 1.002 -2.400e+01 -2.310e+01 -6.453e-03 -4.044e+00 -4.586e+00 -2.201e+01 -1.865e+00 -6.296e+00 -2.199e+01 -3.053e+00 -3.142e+00 -6.445e+00 -2.396e+01 -2.396e+01 -7.092e+00 -2.806e+00
+18.401 +17.401 18.656   -inf 0.062 0.000 1.002 -2.400e+01 -2.365e+01 -6.453e-03 -4.044e+00 -4.586e+00 -2.272e+01 -1.865e+00 -6.296e+00 -2.270e+01 -3.053e+00 -3.142e+00 -6.445e+00 -2.399e+01 -2.399e+01 -7.092e+00 -2.806e+00
+18.442 +17.442 18.656 -11.407 0.312 0.000 1.002 -2.400e+01 -2.439e+01 -6.453e-03 -4.044e+00 -4.586e+00 -2.400e+01 -1.865e+00 -6.296e+00 -2.400e+01 -3.053e+00 -3.142e+00 -6.445e+00 -2.400e+01 -2.400e+01 -7.092e+00 -2.806e+00
+18.483 +17.483 18.656   -inf 0.062 0.000 1.002 -2.400e+01 -2.389e+01 -6.453e-03 -4.044e+00 -4.586e+00 -2.324e+01 -1.865e+00 -6.296e+00 -2.322e+01 -3.053e+00 -3.142e+00 -6.445e+00 -2.400e+01 -2.400e+01 -7.092e+00 -2.806e+00