# ASY method (with partition functions). 
# All quantities except Asy, RG_PE, and sumX are 
# log10(x). Log of absolute values for E and dE/dt, as
# they can be negative. UNITS: t and dt in s; E in erg; 
# dE/dt in erg/g/s; all others dimensionless 
#
#    t     dt     |E|  |dE/dt| Asy  Equil sumX    X(0)      X(1)      X(2)      X(3)      X(4)      X(5)      X(6)      X(7)      X(8)      X(9)      X(10)      X(11)      X(12)      X(13)      X(14)      X(15)    

+7.504 +6.504 10.387  2.883 0.250 0.000 1.000   nan -1.496e-01 -5.591e-01 -2.517e+00 -4.435e+00 -1.180e+01 -2.957e+00 -5.361e+00 -1.509e+01 -2.017e+00 -5.305e+00 -4.662e+00 -1.631e+01 -1.751e+01 -1.279e+01 -2.806e+00
+7.545 +6.545 10.429  2.883 0.250 0.000 1.000 -2.333e+01 -1.496e-01 -5.591e-01 -2.517e+00 -4.435e+00 -1.180e+01 -2.957e+00 -5.361e+00 -1.509e+01 -2.017e+00 -5.305e+00 -4.662e+00 -1.631e+01 -1.751e+01 -1.275e+01 -2.806e+00
+7.587 +6.587 10.470  2.883 0.250 0.000 1.000   nan -1.496e-01 -5.591e-01 -2.517e+00 -4.435e+00 -1.180e+01 -2.957e+00 -5.361e+00 -1.509e+01 -2.017e+00 -5.305e+00 -4.662e+00 -1.631e+01 -1.751e+01 -1.271e+01 -2.806e+00
+7.670 +6.670 10.553  2.883 0.250 0.000 1.000   nan -1.496e-01 -5.591e-01 -2.517e+00 -4.435e+00 -1.180e+01 -2.957e+00 -5.361e+00 -1.509e+01 -2.017e+00 -5.305e+00 -4.662e+00 -1.631e+01 -1.751e+01 -1.263e+01 -2.806e+00
+7.711 +6.711 10.594  2.883 0.250 0.000 1.000 -2.333e+01 -1.496e-01 -5.591e-01 -2.517e+00 -4.435e+00 -1.180e+01 -2.957e+00 -5.361e+00 -1.509e+01 -2.017e+00 -5.305e+00 -4.662e+00 -1.631e+01 -1.751e+01 -1.258e+01 -2.806e+00
+7.752 +6.752 10.635  2.883 0.250 0.000 1.000   nan -1.496e-01 -5.591e-01 -2.517e+00 -4.435e+00 -1.180e+01 -2.957e+00 -5.362e+00 -1.509e+01 -2.017e+00 -5.305e+00 -4.662e+00 -1.631e+01 -1.751e+01 -1.254e+01 -2.806e+00
+7.835 +6.835 10.718  2.883 0.250 0.000 1.000   nan -1.496e-01 -5.591e-01 -2.517e+00 -4.435e+00 -1.180e+01 -2.957e+00 -5.362e+00 -1.509e+01 -2.017e+00 -5.305e+00 -4.662e+00 -1.631e+01 -1.751e+01 -1.246e+01 -2.806e+00
+7.877 +6.877 10.760  2.883 0.250 0.000 1.000 -2.333e+01 -1.496e-01 -5.591e-01 -2.517e+00 -4.435e+00 -1.180e+01 -2.957e+00 -5.363e+00 -1.509e+01 -2.017e+00 -5.305e+00 -4.662e+00 -1.631e+01 -1.751e+01 -1.242e+01 -2.806e+00
+7.918 +6.918 10.801  2.883 0.250 0.000 1.000   nan -1.496e-01 -5.591e-01 -2.517e+00 -4.434e+00 -1.180e+01 -2.957e+00 -5.363e+00 -1.509e+01 -2.017e+00 -5.305e+00 -4.662e+00 -1.631e+01 -1.751e+01 -1.238e+01 -2.806e+00
+8.001 +7.001 10.884  2.882 0.250 0.000 1.000   nan -1.496e-01 -5.591e-01 -2.517e+00 -4.434e+00 -1.180e+01 -2.957e+00 -5.364e+00 -1.509e+01 -2.017e+00 -5.305e+00 -4.662e+00 -1.631e+01 -1.751e+01 -1.229e+01 -2.806e+00
+8.042 +7.042 10.925  2.882 0.250 0.000 1.000 -2.333e+01 -1.496e-01 -5.591e-01 -2.517e+00 -4.434e+00 -1.180e+01 -2.957e+00 -5.364e+00 -1.509e+01 -2.017e+00 -5.305e+00 -4.662e+00 -1.631e+01 -1.751e+01 -1.225e+01 -2.806e+00
+8.084 +7.084 10.966  2.882 0.250 0.000 1.000   nan -1.496e-01 -5.591e-01 -2.517e+00 -4.434e+00 -1.180e+01 -2.957e+00 -5.365e+00 -1.509e+01 -2.017e+00 -5.305e+00 -4.662e+00 -1.631e+01 -1.751e+01 -1.221e+01 -2.806e+00
+8.166 +7.166 11.049  2.882 0.250 0.000 1.000   nan -1.496e-01 -5.591e-01 -2.517e+00 -4.433e+00 -1.180e+01 -2.957e+00 -5.366e+00 -1.509e+01 -2.017e+00 -5.305e+00 -4.662e+00 -1.631e+01 -1.751e+01 -1.213e+01 -2.806e+00
+8.208 +7.208 11.090  2.882 0.250 0.000 1.000 -2.333e+01 -1.496e-01 -5.591e-01 -2.517e+00 -4.433e+00 -1.180e+01 -2.957e+00 -5.367e+00 -1.509e+01 -2.017e+00 -5.305e+00 -4.662e+00 -1.631e+01 -1.751e+01 -1.209e+01 -2.806e+00
+8.291 +7.291 11.173  2.882 0.250 0.000 1.000 -2.333e+01 -1.496e-01 -5.591e-01 -2.517e+00 -4.432e+00 -1.180e+01 -2.957e+00 -5.368e+00 -1.509e+01 -2.017e+00 -5.305e+00 -4.662e+00 -1.631e+01 -1.751e+01 -1.200e+01 -2.806e+00
+8.332 +7.332 11.214  2.881 0.250 0.000 1.000   nan -1.496e-01 -5.591e-01 -2.517e+00 -4.432e+00 -1.180e+01 -2.957e+00 -5.369e+00 -1.509e+01 -2.017e+00 -5.305e+00 -4.662e+00 -1.631e+01 -1.751e+01 -1.196e+01 -2.806e+00
+8.373 +7.373 11.256  2.881 0.250 0.000 1.000 -2.333e+01 -1.496e-01 -5.591e-01 -2.517e+00 -4.431e+00 -1.180e+01 -2.957e+00 -5.370e+00 -1.509e+01 -2.017e+00 -5.305e+00 -4.662e+00 -1.631e+01 -1.751e+01 -1.192e+01 -2.806e+00
+8.456 +7.456 11.338  2.881 0.250 0.000 1.000 -2.333e+01 -1.496e-01 -5.591e-01 -2.517e+00 -4.430e+00 -1.180e+01 -2.957e+00 -5.373e+00 -1.509e+01 -2.017e+00 -5.305e+00 -4.662e+00 -1.631e+01 -1.751e+01 -1.184e+01 -2.806e+00
+8.497 +7.497 11.379  2.881 0.250 0.000 1.000   nan -1.496e-01 -5.591e-01 -2.517e+00 -4.430e+00 -1.180e+01 -2.957e+00 -5.374e+00 -1.509e+01 -2.017e+00 -5.305e+00 -4.662e+00 -1.631e+01 -1.751e+01 -1.180e+01 -2.806e+00
+8.539 +7.539 11.421  2.880 0.250 0.000 1.000 -2.333e+01 -1.496e-01 -5.591e-01 -2.517e+00 -4.429e+00 -1.180e+01 -2.957e+00 -5.376e+00 -1.509e+01 -2.017e+00 -5.305e+00 -4.662e+00 -1.631e+01 -1.751e+01 -1.176e+01 -2.806e+00
+8.622 +7.622 11.503  2.880 0.250 0.000 1.000 -2.333e+01 -1.496e-01 -5.591e-01 -2.517e+00 -4.427e+00 -1.180e+01 -2.957e+00 -5.379e+00 -1.509e+01 -2.017e+00 -5.305e+00 -4.662e+00 -1.631e+01 -1.751e+01 -1.167e+01 -2.806e+00
+8.663 +7.663 11.544  2.879 0.250 0.000 1.000   nan -1.496e-01 -5.591e-01 -2.517e+00 -4.427e+00 -1.180e+01 -2.957e+00 -5.381e+00 -1.509e+01 -2.017e+00 -5.305e+00 -4.662e+00 -1.631e+01 -1.751e+01 -1.163e+01 -2.806e+00
+8.704 +7.704 11.585  2.879 0.250 0.000 1.000 -2.333e+01 -1.496e-01 -5.591e-01 -2.517e+00 -4.426e+00 -1.180e+01 -2.957e+00 -5.384e+00 -1.509e+01 -2.017e+00 -5.305e+00 -4.662e+00 -1.631e+01 -1.751e+01 -1.159e+01 -2.806e+00
+8.787 +7.787 11.668  2.878 0.250 0.000 1.000 -2.333e+01 -1.496e-01 -5.591e-01 -2.517e+00 -4.423e+00 -1.180e+01 -2.957e+00 -5.389e+00 -1.509e+01 -2.017e+00 -5.305e+00 -4.662e+00 -1.631e+01 -1.751e+01 -1.151e+01 -2.806e+00
+8.829 +7.829 11.709  2.878 0.250 0.000 1.000   nan -1.496e-01 -5.591e-01 -2.517e+00 -4.422e+00 -1.180e+01 -2.957e+00 -5.392e+00 -1.509e+01 -2.017e+00 -5.305e+00 -4.662e+00 -1.631e+01 -1.751e+01 -1.147e+01 -2.806e+00
+8.870 +7.870 11.750  2.877 0.250 0.000 1.000 -2.333e+01 -1.496e-01 -5.591e-01 -2.517e+00 -4.421e+00 -1.180e+01 -2.957e+00 -5.395e+00 -1.509e+01 -2.017e+00 -5.305e+00 -4.662e+00 -1.631e+01 -1.751e+01 -1.143e+01 -2.806e+00
+8.953 +7.953 11.832  2.876 0.250 0.000 1.000 -2.333e+01 -1.496e-01 -5.591e-01 -2.517e+00 -4.418e+00 -1.180e+01 -2.957e+00 -5.403e+00 -1.509e+01 -2.017e+00 -5.305e+00 -4.662e+00 -1.631e+01 -1.751e+01 -1.134e+01 -2.806e+00
+8.994 +7.994 11.873  2.875 0.250 0.000 1.000   nan -1.496e-01 -5.591e-01 -2.517e+00 -4.416e+00 -1.180e+01 -2.957e+00 -5.407e+00 -1.509e+01 -2.017e+00 -5.305e+00 -4.662e+00 -1.631e+01 -1.751e+01 -1.130e+01 -2.806e+00
+9.036 +8.036 11.914  2.875 0.250 0.000 1.000 -2.333e+01 -1.496e-01 -5.591e-01 -2.517e+00 -4.414e+00 -1.180e+01 -2.957e+00 -5.412e+00 -1.509e+01 -2.017e+00 -5.305e+00 -4.662e+00 -1.631e+01 -1.751e+01 -1.126e+01 -2.806e+00
+9.118 +8.118 11.996  2.873 0.250 0.000 1.000 -2.333e+01 -1.496e-01 -5.591e-01 -2.517e+00 -4.409e+00 -1.180e+01 -2.957e+00 -5.423e+00 -1.509e+01 -2.017e+00 -5.305e+00 -4.662e+00 -1.631e+01 -1.751e+01 -1.118e+01 -2.806e+00
+9.160 +8.160 12.037  2.872 0.250 0.000 1.000   nan -1.496e-01 -5.591e-01 -2.517e+00 -4.407e+00 -1.180e+01 -2.957e+00 -5.429e+00 -1.509e+01 -2.017e+00 -5.305e+00 -4.662e+00 -1.631e+01 -1.751e+01 -1.114e+01 -2.806e+00
+9.201 +8.201 12.078  2.871 0.250 0.000 1.000 -2.333e+01 -1.496e-01 -5.591e-01 -2.517e+00 -4.404e+00 -1.180e+01 -2.957e+00 -5.436e+00 -1.509e+01 -2.017e+00 -5.305e+00 -4.662e+00 -1.631e+01 -1.751e+01 -1.109e+01 -2.806e+00
+9.284 +8.284 12.159  2.868 0.250 0.000 1.000 -2.333e+01 -1.496e-01 -5.591e-01 -2.517e+00 -4.398e+00 -1.180e+01 -2.957e+00 -5.453e+00 -1.509e+01 -2.017e+00 -5.305e+00 -4.662e+00 -1.631e+01 -1.751e+01 -1.101e+01 -2.806e+00
+9.325 +8.325 12.200  2.867 0.250 0.000 1.000   nan -1.496e-01 -5.591e-01 -2.517e+00 -4.394e+00 -1.180e+01 -2.957e+00 -5.462e+00 -1.509e+01 -2.017e+00 -5.305e+00 -4.662e+00 -1.631e+01 -1.751e+01 -1.097e+01 -2.806e+00
+9.367 +8.367 12.240  2.866 0.250 0.000 1.000 -2.333e+01 -1.496e-01 -5.591e-01 -2.517e+00 -4.390e+00 -1.180e+01 -2.957e+00 -5.472e+00 -1.509e+01 -2.017e+00 -5.305e+00 -4.662e+00 -1.631e+01 -1.751e+01 -1.093e+01 -2.806e+00
+9.450 +8.450 12.321  2.862 0.250 0.000 1.000 -2.333e+01 -1.496e-01 -5.591e-01 -2.518e+00 -4.381e+00 -1.180e+01 -2.957e+00 -5.496e+00 -1.509e+01 -2.017e+00 -5.305e+00 -4.662e+00 -1.631e+01 -1.751e+01 -1.085e+01 -2.806e+00
+9.491 +8.491 12.362  2.861 0.250 0.000 1.000   nan -1.496e-01 -5.591e-01 -2.518e+00 -4.376e+00 -1.180e+01 -2.957e+00 -5.510e+00 -1.509e+01 -2.017e+00 -5.304e+00 -4.662e+00 -1.631e+01 -1.751e+01 -1.080e+01 -2.806e+00
+9.532 +8.532 12.402  2.859 0.250 0.000 1.000 -2.333e+01 -1.496e-01 -5.591e-01 -2.518e+00 -4.370e+00 -1.180e+01 -2.957e+00 -5.525e+00 -1.509e+01 -2.017e+00 -5.304e+00 -4.662e+00 -1.631e+01 -1.751e+01 -1.076e+01 -2.806e+00
+9.615 +8.615 12.482  2.855 0.250 0.000 1.000 -2.333e+01 -1.496e-01 -5.591e-01 -2.518e+00 -4.358e+00 -1.180e+01 -2.957e+00 -5.560e+00 -1.509e+01 -2.017e+00 -5.304e+00 -4.662e+00 -1.631e+01 -1.751e+01 -1.068e+01 -2.806e+00
+9.656 +8.656 12.522  2.852 0.250 0.000 1.000   nan -1.496e-01 -5.591e-01 -2.518e+00 -4.351e+00 -1.180e+01 -2.957e+00 -5.580e+00 -1.509e+01 -2.017e+00 -5.304e+00 -4.662e+00 -1.631e+01 -1.751e+01 -1.064e+01 -2.806e+00
+9.698 +8.698 12.562  2.850 0.250 0.000 1.000 -2.333e+01 -1.496e-01 -5.591e-01 -2.518e+00 -4.343e+00 -1.180e+01 -2.957e+00 -5.602e+00 -1.509e+01 -2.017e+00 -5.304e+00 -4.662e+00 -1.631e+01 -1.751e+01 -1.060e+01 -2.806e+00
+9.781 +8.781 12.642  2.845 0.250 0.000 1.000 -2.333e+01 -1.496e-01 -5.591e-01 -2.518e+00 -4.326e+00 -1.180e+01 -2.957e+00 -5.653e+00 -1.509e+01 -2.017e+00 -5.304e+00 -4.662e+00 -1.631e+01 -1.751e+01 -1.051e+01 -2.806e+00
+9.822 +8.822 12.682  2.842 0.250 0.000 1.000   nan -1.496e-01 -5.591e-01 -2.518e+00 -4.316e+00 -1.180e+01 -2.957e+00 -5.682e+00 -1.509e+01 -2.017e+00 -5.304e+00 -4.662e+00 -1.631e+01 -1.751e+01 -1.047e+01 -2.806e+00
+9.863 +8.863 12.721  2.840 0.250 0.000 1.000 -2.333e+01 -1.496e-01 -5.591e-01 -2.518e+00 -4.306e+00 -1.180e+01 -2.957e+00 -5.715e+00 -1.509e+01 -2.017e+00 -5.304e+00 -4.662e+00 -1.631e+01 -1.751e+01 -1.043e+01 -2.806e+00
+9.946 +8.946 12.800  2.834 0.250 0.000 1.000 -2.334e+01 -1.496e-01 -5.591e-01 -2.519e+00 -4.283e+00 -1.180e+01 -2.957e+00 -5.789e+00 -1.509e+01 -2.017e+00 -5.304e+00 -4.663e+00 -1.631e+01 -1.751e+01 -1.035e+01 -2.806e+00
+9.988 +8.988 12.840  2.831 0.250 0.000 1.000   nan -1.496e-01 -5.591e-01 -2.519e+00 -4.271e+00 -1.180e+01 -2.957e+00 -5.832e+00 -1.509e+01 -2.017e+00 -5.304e+00 -4.663e+00 -1.631e+01 -1.751e+01 -1.031e+01 -2.806e+00
+10.029 +9.029 12.879  2.829 0.250 0.000 1.000 -2.334e+01 -1.496e-01 -5.591e-01 -2.519e+00 -4.257e+00 -1.180e+01 -2.957e+00 -5.879e+00 -1.509e+01 -2.017e+00 -5.304e+00 -4.663e+00 -1.631e+01 -1.751e+01 -1.027e+01 -2.806e+00
+10.112 +9.112 12.958  2.824 0.250 0.000 1.000 -2.334e+01 -1.496e-01 -5.591e-01 -2.520e+00 -4.228e+00 -1.180e+01 -2.957e+00 -5.987e+00 -1.509e+01 -2.017e+00 -5.304e+00 -4.663e+00 -1.631e+01 -1.751e+01 -1.018e+01 -2.806e+00
+10.141 +9.141 12.985  2.822 0.250 0.000 1.000   nan -1.496e-01 -5.591e-01 -2.520e+00 -4.217e+00 -1.180e+01 -2.956e+00 -6.030e+00 -1.509e+01 -2.017e+00 -5.304e+00 -4.663e+00 -1.631e+01 -1.751e+01 -1.015e+01 -2.806e+00
+10.203 +9.174 13.044  2.819 0.250 0.000 1.000   nan -1.496e-01 -5.591e-01 -2.520e+00 -4.192e+00 -1.180e+01 -2.956e+00 -6.130e+00 -1.509e+01 -2.017e+00 -5.304e+00 -4.663e+00 -1.631e+01 -1.751e+01 -1.009e+01 -2.806e+00
+10.242 +9.242 13.081  2.818 0.250 0.000 1.000 -2.334e+01 -1.496e-01 -5.591e-01 -2.521e+00 -4.175e+00 -1.180e+01 -2.956e+00 -6.200e+00 -1.509e+01 -2.017e+00 -5.304e+00 -4.663e+00 -1.631e+01 -1.751e+01 -1.005e+01 -2.806e+00
+10.311 +9.225 13.147  2.816 0.250 0.000 1.000   nan -1.496e-01 -5.591e-01 -2.521e+00 -4.143e+00 -1.180e+01 -2.956e+00 -6.334e+00 -1.509e+01 -2.017e+00 -5.304e+00 -4.663e+00 -1.631e+01 -1.751e+01 -9.985e+00 -2.806e+00
+10.354 +9.241 13.188  2.816 0.250 0.000 1.000   nan -1.496e-01 -5.591e-01 -2.522e+00 -4.122e+00 -1.181e+01 -2.956e+00 -6.426e+00 -1.509e+01 -2.017e+00 -5.304e+00 -4.663e+00 -1.631e+01 -1.751e+01 -9.942e+00 -2.806e+00
+10.419 +9.419 13.251  2.817 0.250 0.000 1.000 -2.334e+01 -1.496e-01 -5.591e-01 -2.523e+00 -4.088e+00 -1.181e+01 -2.956e+00 -6.575e+00 -1.509e+01 -2.017e+00 -5.303e+00 -4.664e+00 -1.631e+01 -1.751e+01 -9.877e+00 -2.806e+00
+10.463 +9.238 13.293  2.818 0.250 0.000 1.000   nan -1.496e-01 -5.591e-01 -2.524e+00 -4.065e+00 -1.181e+01 -2.956e+00 -6.676e+00 -1.509e+01 -2.017e+00 -5.303e+00 -4.664e+00 -1.631e+01 -1.751e+01 -9.833e+00 -2.806e+00
+10.525 +9.163 13.354  2.821 0.250 0.000 1.000   nan -1.496e-01 -5.591e-01 -2.525e+00 -4.029e+00 -1.181e+01 -2.955e+00 -6.820e+00 -1.509e+01 -2.017e+00 -5.303e+00 -4.664e+00 -1.631e+01 -1.751e+01 -9.772e+00 -2.806e+00
+10.579 +9.283 13.408  2.824 0.250 0.000 1.000   nan -1.496e-01 -5.591e-01 -2.526e+00 -3.997e+00 -1.181e+01 -2.955e+00 -6.936e+00 -1.509e+01 -2.017e+00 -5.303e+00 -4.664e+00 -1.631e+01 -1.751e+01 -9.717e+00 -2.806e+00
+10.628 +9.248 13.456  2.828 0.250 0.000 1.000   nan -1.496e-01 -5.591e-01 -2.527e+00 -3.967e+00 -1.181e+01 -2.955e+00 -7.021e+00 -1.509e+01 -2.017e+00 -5.303e+00 -4.665e+00 -1.631e+01 -1.751e+01 -9.669e+00 -2.806e+00
+10.691 +9.350 13.520  2.833 0.250 0.000 1.000   nan -1.496e-01 -5.591e-01 -2.528e+00 -3.927e+00 -1.181e+01 -2.954e+00 -7.104e+00 -1.508e+01 -2.017e+00 -5.302e+00 -4.665e+00 -1.631e+01 -1.751e+01 -9.606e+00 -2.806e+00
+10.743 +9.298 13.573  2.838 0.250 0.000 1.000   nan -1.496e-01 -5.591e-01 -2.530e+00 -3.892e+00 -1.181e+01 -2.953e+00 -7.145e+00 -1.508e+01 -2.017e+00 -5.302e+00 -4.666e+00 -1.631e+01 -1.751e+01 -9.554e+00 -2.806e+00
+10.793 +9.245 13.624  2.844 0.250 0.000 1.000   nan -1.496e-01 -5.591e-01 -2.531e+00 -3.859e+00 -1.181e+01 -2.953e+00 -7.167e+00 -1.508e+01 -2.017e+00 -5.302e+00 -4.666e+00 -1.631e+01 -1.750e+01 -9.504e+00 -2.806e+00
+10.851 +9.330 13.684  2.851 0.250 0.000 1.000   nan -1.496e-01 -5.591e-01 -2.534e+00 -3.819e+00 -1.182e+01 -2.952e+00 -7.179e+00 -1.508e+01 -2.017e+00 -5.301e+00 -4.667e+00 -1.631e+01 -1.750e+01 -9.447e+00 -2.806e+00
+10.903 +9.414 13.738  2.858 0.250 0.000 1.000   nan -1.496e-01 -5.591e-01 -2.536e+00 -3.783e+00 -1.182e+01 -2.951e+00 -7.183e+00 -1.508e+01 -2.017e+00 -5.301e+00 -4.667e+00 -1.631e+01 -1.750e+01 -9.395e+00 -2.806e+00
+10.958 +9.327 13.797  2.866 0.250 0.000 1.000   nan -1.496e-01 -5.591e-01 -2.538e+00 -3.744e+00 -1.182e+01 -2.949e+00 -7.184e+00 -1.508e+01 -2.017e+00 -5.301e+00 -4.668e+00 -1.631e+01 -1.750e+01 -9.340e+00 -2.806e+00
+11.019 +9.489 13.862  2.875 0.250 0.000 1.000   nan -1.496e-01 -5.591e-01 -2.542e+00 -3.701e+00 -1.182e+01 -2.947e+00 -7.184e+00 -1.508e+01 -2.017e+00 -5.300e+00 -4.669e+00 -1.631e+01 -1.750e+01 -9.279e+00 -2.806e+00
+11.071 +9.384 13.918  2.884 0.250 0.000 1.000   nan -1.496e-01 -5.591e-01 -2.545e+00 -3.664e+00 -1.183e+01 -2.945e+00 -7.183e+00 -1.508e+01 -2.017e+00 -5.299e+00 -4.670e+00 -1.631e+01 -1.750e+01 -9.228e+00 -2.806e+00
+11.126 +9.416 13.978  2.893 0.250 0.000 1.000   nan -1.496e-01 -5.591e-01 -2.549e+00 -3.625e+00 -1.183e+01 -2.942e+00 -7.182e+00 -1.507e+01 -2.017e+00 -5.299e+00 -4.671e+00 -1.631e+01 -1.750e+01 -9.174e+00 -2.806e+00
+11.180 +9.388 14.039  2.903 0.250 0.000 1.000   nan -1.496e-01 -5.591e-01 -2.553e+00 -3.587e+00 -1.184e+01 -2.939e+00 -7.180e+00 -1.507e+01 -2.017e+00 -5.298e+00 -4.672e+00 -1.631e+01 -1.750e+01 -9.120e+00 -2.806e+00
+11.236 +9.497 14.101  2.914 0.250 0.000 1.000   nan -1.496e-01 -5.591e-01 -2.558e+00 -3.548e+00 -1.184e+01 -2.934e+00 -7.178e+00 -1.507e+01 -2.017e+00 -5.297e+00 -4.673e+00 -1.631e+01 -1.750e+01 -9.065e+00 -2.806e+00
+11.292 +9.313 14.163  2.925 0.250 0.000 1.000 -2.335e+01 -1.496e-01 -5.591e-01 -2.564e+00 -3.510e+00 -1.185e+01 -2.929e+00 -7.175e+00 -1.506e+01 -2.017e+00 -5.296e+00 -4.675e+00 -1.631e+01 -1.750e+01 -9.010e+00 -2.806e+00
+11.348 +9.379 14.227  2.936 0.250 0.000 1.000   nan -1.496e-01 -5.591e-01 -2.570e+00 -3.473e+00 -1.185e+01 -2.922e+00 -7.172e+00 -1.505e+01 -2.017e+00 -5.295e+00 -4.677e+00 -1.631e+01 -1.750e+01 -8.955e+00 -2.806e+00
+11.401 +9.272 14.288  2.947 0.250 0.000 1.000 -2.335e+01 -1.496e-01 -5.591e-01 -2.577e+00 -3.440e+00 -1.186e+01 -2.915e+00 -7.167e+00 -1.505e+01 -2.017e+00 -5.293e+00 -4.678e+00 -1.631e+01 -1.750e+01 -8.903e+00 -2.806e+00
+11.456 +9.440 14.351  2.958 0.250 0.000 1.000   nan -1.496e-01 -5.591e-01 -2.585e+00 -3.406e+00 -1.187e+01 -2.906e+00 -7.162e+00 -1.504e+01 -2.017e+00 -5.292e+00 -4.681e+00 -1.631e+01 -1.749e+01 -8.849e+00 -2.806e+00
+11.511 +9.263 14.415  2.968 0.250 0.000 1.000 -2.336e+01 -1.496e-01 -5.591e-01 -2.595e+00 -3.374e+00 -1.188e+01 -2.894e+00 -7.156e+00 -1.503e+01 -2.017e+00 -5.290e+00 -4.683e+00 -1.631e+01 -1.749e+01 -8.795e+00 -2.806e+00
+11.567 +9.361 14.480  2.978 0.250 0.000 1.000   nan -1.496e-01 -5.591e-01 -2.605e+00 -3.344e+00 -1.189e+01 -2.881e+00 -7.147e+00 -1.501e+01 -2.017e+00 -5.288e+00 -4.686e+00 -1.631e+01 -1.749e+01 -8.740e+00 -2.806e+00
+11.623 +9.528 14.546  2.986 0.250 0.000 1.000   nan -1.496e-01 -5.591e-01 -2.618e+00 -3.317e+00 -1.190e+01 -2.865e+00 -7.138e+00 -1.500e+01 -2.017e+00 -5.286e+00 -4.689e+00 -1.631e+01 -1.749e+01 -8.686e+00 -2.806e+00
+11.677 +9.401 14.608  2.993 0.250 0.000 1.000 -2.337e+01 -1.497e-01 -5.591e-01 -2.631e+00 -3.293e+00 -1.191e+01 -2.847e+00 -7.127e+00 -1.498e+01 -2.017e+00 -5.283e+00 -4.693e+00 -1.631e+01 -1.749e+01 -8.634e+00 -2.806e+00
+11.733 +9.326 14.672  2.998 0.250 0.000 1.000 -2.337e+01 -1.497e-01 -5.591e-01 -2.647e+00 -3.272e+00 -1.193e+01 -2.826e+00 -7.113e+00 -1.496e+01 -2.017e+00 -5.281e+00 -4.697e+00 -1.631e+01 -1.748e+01 -8.580e+00 -2.806e+00
+11.788 +9.516 14.735  3.001 0.250 0.000 1.000   nan -1.497e-01 -5.591e-01 -2.664e+00 -3.256e+00 -1.195e+01 -2.803e+00 -7.098e+00 -1.493e+01 -2.017e+00 -5.278e+00 -4.702e+00 -1.631e+01 -1.748e+01 -8.527e+00 -2.806e+00
+11.844 +9.491 14.797  3.001 0.250 0.000 1.000   nan -1.497e-01 -5.591e-01 -2.685e+00 -3.243e+00 -1.197e+01 -2.777e+00 -7.080e+00 -1.491e+01 -2.017e+00 -5.274e+00 -4.708e+00 -1.631e+01 -1.748e+01 -8.474e+00 -2.806e+00
+11.898 +9.413 14.858  2.997 0.250 0.000 1.000   nan -1.497e-01 -5.591e-01 -2.707e+00 -3.235e+00 -1.199e+01 -2.749e+00 -7.061e+00 -1.488e+01 -2.017e+00 -5.270e+00 -4.714e+00 -1.631e+01 -1.747e+01 -8.423e+00 -2.806e+00
+11.954 +9.534 14.917  2.990 0.250 0.000 1.000   nan -1.497e-01 -5.591e-01 -2.733e+00 -3.233e+00 -1.202e+01 -2.719e+00 -7.039e+00 -1.485e+01 -2.017e+00 -5.265e+00 -4.721e+00 -1.631e+01 -1.747e+01 -8.371e+00 -2.806e+00
+12.009 +9.585 14.975  2.978 0.250 0.000 1.000   nan -1.497e-01 -5.591e-01 -2.763e+00 -3.236e+00 -1.205e+01 -2.687e+00 -7.015e+00 -1.482e+01 -2.017e+00 -5.260e+00 -4.729e+00 -1.631e+01 -1.746e+01 -8.319e+00 -2.806e+00
+12.064 +9.420 15.030  2.960 0.250 0.000 1.000 -2.340e+01 -1.497e-01 -5.591e-01 -2.795e+00 -3.247e+00 -1.208e+01 -2.654e+00 -6.991e+00 -1.478e+01 -2.017e+00 -5.255e+00 -4.738e+00 -1.631e+01 -1.746e+01 -8.269e+00 -2.806e+00
+12.119 +9.487 15.084  2.937 0.250 0.000 1.000 -2.341e+01 -1.497e-01 -5.591e-01 -2.833e+00 -3.264e+00 -1.212e+01 -2.620e+00 -6.965e+00 -1.475e+01 -2.017e+00 -5.248e+00 -4.748e+00 -1.631e+01 -1.745e+01 -8.219e+00 -2.806e+00
+12.175 +9.589 15.134  2.907 0.250 0.000 1.000   nan -1.498e-01 -5.591e-01 -2.876e+00 -3.289e+00 -1.216e+01 -2.586e+00 -6.939e+00 -1.472e+01 -2.017e+00 -5.241e+00 -4.760e+00 -1.631e+01 -1.744e+01 -8.169e+00 -2.806e+00
+12.230 +9.468 15.182  2.870 0.250 0.000 1.000 -2.342e+01 -1.498e-01 -5.591e-01 -2.924e+00 -3.323e+00 -1.221e+01 -2.553e+00 -6.913e+00 -1.468e+01 -2.017e+00 -5.233e+00 -4.773e+00 -1.631e+01 -1.744e+01 -8.120e+00 -2.806e+00
+12.285 +9.589 15.226  2.825 0.250 0.000 1.000   nan -1.498e-01 -5.591e-01 -2.979e+00 -3.366e+00 -1.226e+01 -2.521e+00 -6.888e+00 -1.465e+01 -2.017e+00 -5.225e+00 -4.788e+00 -1.631e+01 -1.743e+01 -8.072e+00 -2.806e+00
+12.341 +9.485 15.266  2.771 0.250 0.000 1.000 -2.343e+01 -1.498e-01 -5.591e-01 -3.041e+00 -3.419e+00 -1.232e+01 -2.491e+00 -6.864e+00 -1.462e+01 -2.017e+00 -5.215e+00 -4.805e+00 -1.631e+01 -1.742e+01 -8.025e+00 -2.806e+00
+12.396 +9.603 15.303  2.708 0.250 0.000 1.000   nan -1.498e-01 -5.591e-01 -3.111e+00 -3.482e+00 -1.239e+01 -2.463e+00 -6.842e+00 -1.459e+01 -2.017e+00 -5.204e+00 -4.825e+00 -1.631e+01 -1.741e+01 -7.979e+00 -2.806e+00
+12.451 +9.671 15.336  2.635 0.250 0.000 1.000 -2.345e+01 -1.498e-01 -5.591e-01 -3.190e+00 -3.557e+00 -1.247e+01 -2.438e+00 -6.821e+00 -1.457e+01 -2.017e+00 -5.192e+00 -4.847e+00 -1.631e+01 -1.740e+01 -7.934e+00 -2.806e+00
+12.506 +9.718 15.365  2.553 0.250 0.000 1.000 -2.345e+01 -1.499e-01 -5.591e-01 -3.279e+00 -3.643e+00 -1.256e+01 -2.415e+00 -6.804e+00 -1.455e+01 -2.017e+00 -5.179e+00 -4.872e+00 -1.631e+01 -1.738e+01 -7.890e+00 -2.806e+00
+12.562 +9.588 15.391  2.460 0.250 0.000 1.000   nan -1.499e-01 -5.591e-01 -3.379e+00 -3.742e+00 -1.266e+01 -2.396e+00 -6.788e+00 -1.453e+01 -2.017e+00 -5.164e+00 -4.900e+00 -1.631e+01 -1.737e+01 -7.848e+00 -2.806e+00
+12.617 +9.781 15.413  2.356 0.250 0.000 1.000   nan -1.499e-01 -5.590e-01 -3.490e+00 -3.855e+00 -1.277e+01 -2.379e+00 -6.776e+00 -1.451e+01 -2.017e+00 -5.148e+00 -4.933e+00 -1.631e+01 -1.735e+01 -7.808e+00 -2.806e+00
+12.672 +9.976 15.431  2.244 0.250 0.000 1.000 -2.347e+01 -1.499e-01 -5.590e-01 -3.612e+00 -3.980e+00 -1.290e+01 -2.366e+00 -6.766e+00 -1.450e+01 -2.017e+00 -5.130e+00 -4.969e+00 -1.631e+01 -1.733e+01 -7.769e+00 -2.806e+00
+12.728 +10.073 15.447  2.124 0.250 0.000 1.000 -2.347e+01 -1.499e-01 -5.590e-01 -3.746e+00 -4.120e+00 -1.303e+01 -2.355e+00 -6.759e+00 -1.449e+01 -2.017e+00 -5.111e+00 -5.011e+00 -1.631e+01 -1.731e+01 -7.732e+00 -2.806e+00
+12.783 +9.998 15.459  2.001 0.250 0.000 1.000   nan -1.499e-01 -5.590e-01 -3.889e+00 -4.271e+00 -1.317e+01 -2.347e+00 -6.754e+00 -1.448e+01 -2.017e+00 -5.091e+00 -5.059e+00 -1.631e+01 -1.729e+01 -7.697e+00 -2.806e+00
+12.838 +10.238 15.470  1.880 0.250 0.000 1.000   nan -1.499e-01 -5.590e-01 -4.036e+00 -4.430e+00 -1.332e+01 -2.341e+00 -6.751e+00 -1.447e+01 -2.017e+00 -5.068e+00 -5.113e+00 -1.631e+01 -1.727e+01 -7.665e+00 -2.806e+00
+12.893 +10.232 15.479  1.772 0.250 0.000 1.000 -2.348e+01 -1.499e-01 -5.590e-01 -4.177e+00 -4.588e+00 -1.346e+01 -2.337e+00 -6.750e+00 -1.447e+01 -2.017e+00 -5.044e+00 -5.174e+00 -1.631e+01 -1.725e+01 -7.635e+00 -2.806e+00
+12.949 +10.502 15.487  1.682 0.250 0.000 1.000   nan -1.499e-01 -5.590e-01 -4.303e+00 -4.736e+00 -1.359e+01 -2.334e+00 -6.750e+00 -1.447e+01 -2.017e+00 -5.019e+00 -5.243e+00 -1.631e+01 -1.722e+01 -7.608e+00 -2.806e+00
+13.004 +10.657 15.495  1.617 0.312 0.000 1.000   nan -1.499e-01 -5.590e-01 -4.403e+00 -4.859e+00 -1.369e+01 -2.333e+00 -6.751e+00 -1.446e+01 -2.017e+00 -4.991e+00 -5.322e+00 -1.631e+01 -1.719e+01 -7.583e+00 -2.806e+00
+13.060 +10.767 15.502  1.574 0.312 0.000 1.000   nan -1.499e-01 -5.590e-01 -4.472e+00 -4.948e+00 -1.375e+01 -2.332e+00 -6.752e+00 -1.446e+01 -2.017e+00 -4.961e+00 -5.413e+00 -1.631e+01 -1.716e+01 -7.561e+00 -2.806e+00
+13.116 +10.944 15.510  1.551 0.312 0.000 1.000   nan -1.500e-01 -5.590e-01 -4.511e+00 -5.001e+00 -1.379e+01 -2.331e+00 -6.754e+00 -1.446e+01 -2.017e+00 -4.930e+00 -5.515e+00 -1.631e+01 -1.713e+01 -7.542e+00 -2.806e+00
+13.172 +11.082 15.518  1.539 0.312 0.000 1.000   nan -1.500e-01 -5.590e-01 -4.531e+00 -5.028e+00 -1.381e+01 -2.331e+00 -6.755e+00 -1.446e+01 -2.017e+00 -4.897e+00 -5.633e+00 -1.631e+01 -1.710e+01 -7.526e+00 -2.806e+00
+13.227 +11.204 15.527  1.533 0.312 0.000 1.000   nan -1.500e-01 -5.589e-01 -4.540e+00 -5.041e+00 -1.382e+01 -2.331e+00 -6.757e+00 -1.446e+01 -2.017e+00 -4.863e+00 -5.764e+00 -1.631e+01 -1.707e+01 -7.514e+00 -2.806e+00
+13.281 +11.465 15.537  1.531 0.375 0.000 1.000 -2.400e+01 -1.500e-01 -5.589e-01 -4.544e+00 -5.046e+00 -1.383e+01 -2.331e+00 -6.758e+00 -1.446e+01 -2.017e+00 -4.827e+00 -5.910e+00 -1.631e+01 -1.703e+01 -7.504e+00 -2.806e+00
+13.338 +11.462 15.548  1.529 0.375 0.000 1.000 -2.400e+01 -1.500e-01 -5.589e-01 -4.547e+00 -5.049e+00 -1.383e+01 -2.331e+00 -6.759e+00 -1.446e+01 -2.017e+00 -4.789e+00 -6.085e+00 -1.631e+01 -1.699e+01 -7.496e+00 -2.806e+00
+13.392 +11.649 15.560  1.528 0.375 0.000 1.000 -2.400e+01 -1.500e-01 -5.589e-01 -4.548e+00 -5.050e+00 -1.383e+01 -2.331e+00 -6.760e+00 -1.446e+01 -2.017e+00 -4.750e+00 -6.275e+00 -1.631e+01 -1.695e+01 -7.491e+00 -2.806e+00
+13.448 +11.690 15.573  1.528 0.375 0.000 1.000 -2.400e+01 -1.500e-01 -5.588e-01 -4.549e+00 -5.051e+00 -1.383e+01 -2.331e+00 -6.761e+00 -1.446e+01 -2.017e+00 -4.709e+00 -6.492e+00 -1.631e+01 -1.691e+01 -7.488e+00 -2.806e+00
+13.503 +11.903 15.588  1.527 0.375 0.000 1.000 -2.400e+01 -1.500e-01 -5.588e-01 -4.549e+00 -5.051e+00 -1.383e+01 -2.331e+00 -6.761e+00 -1.446e+01 -2.017e+00 -4.668e+00 -6.733e+00 -1.631e+01 -1.687e+01 -7.487e+00 -2.806e+00
+13.558 +11.970 15.604  1.527 0.375 0.000 1.000 -2.400e+01 -1.500e-01 -5.588e-01 -4.549e+00 -5.052e+00 -1.383e+01 -2.331e+00 -6.761e+00 -1.446e+01 -2.017e+00 -4.625e+00 -6.999e+00 -1.631e+01 -1.683e+01 -7.487e+00 -2.806e+00
+13.613 +12.142 15.621  1.527 0.375 0.000 1.000 -2.400e+01 -1.500e-01 -5.587e-01 -4.550e+00 -5.052e+00 -1.383e+01 -2.331e+00 -6.761e+00 -1.446e+01 -2.017e+00 -4.581e+00 -7.275e+00 -1.631e+01 -1.679e+01 -7.487e+00 -2.806e+00
+13.667 +12.170 15.640  1.527 0.375 0.000 1.000 -2.400e+01 -1.501e-01 -5.587e-01 -4.550e+00 -5.052e+00 -1.383e+01 -2.331e+00 -6.761e+00 -1.446e+01 -2.018e+00 -4.536e+00 -7.528e+00 -1.631e+01 -1.674e+01 -7.489e+00 -2.806e+00
+13.728 +12.273 15.663  1.527 0.375 0.000 1.000 -2.400e+01 -1.501e-01 -5.586e-01 -4.550e+00 -5.052e+00 -1.383e+01 -2.331e+00 -6.762e+00 -1.446e+01 -2.018e+00 -4.485e+00 -7.724e+00 -1.631e+01 -1.669e+01 -7.491e+00 -2.806e+00
+13.779 +12.281 15.683  1.527 0.438 0.000 1.000 -2.400e+01 -1.501e-01 -5.586e-01 -4.550e+00 -5.052e+00 -1.383e+01 -2.331e+00 -6.762e+00 -1.446e+01 -2.018e+00 -4.442e+00 -7.787e+00 -1.631e+01 -1.665e+01 -7.494e+00 -2.806e+00
+13.838 +12.453 15.709  1.527 0.438 0.000 1.000 -2.400e+01 -1.501e-01 -5.585e-01 -4.550e+00 -5.052e+00 -1.383e+01 -2.331e+00 -6.762e+00 -1.446e+01 -2.018e+00 -4.391e+00 -7.778e+00 -1.631e+01 -1.660e+01 -7.497e+00 -2.806e+00
+13.898 +12.555 15.737  1.527 0.438 0.000 1.000 -2.400e+01 -1.502e-01 -5.584e-01 -4.550e+00 -5.052e+00 -1.383e+01 -2.331e+00 -6.762e+00 -1.446e+01 -2.018e+00 -4.338e+00 -7.732e+00 -1.631e+01 -1.655e+01 -7.500e+00 -2.806e+00
+13.950 +12.502 15.763  1.527 0.438 0.000 1.000 -2.400e+01 -1.502e-01 -5.583e-01 -4.550e+00 -5.052e+00 -1.383e+01 -2.331e+00 -6.762e+00 -1.446e+01 -2.018e+00 -4.292e+00 -7.684e+00 -1.631e+01 -1.650e+01 -7.504e+00 -2.806e+00
+14.000 +12.449 15.790  1.527 0.438 0.000 1.000 -2.400e+01 -1.502e-01 -5.583e-01 -4.550e+00 -5.052e+00 -1.383e+01 -2.331e+00 -6.762e+00 -1.446e+01 -2.019e+00 -4.247e+00 -7.636e+00 -1.631e+01 -1.645e+01 -7.507e+00 -2.806e+00
+14.059 +12.534 15.823  1.527 0.438 0.000 1.000 -2.400e+01 -1.503e-01 -5.581e-01 -4.550e+00 -5.052e+00 -1.383e+01 -2.331e+00 -6.762e+00 -1.446e+01 -2.019e+00 -4.192e+00 -7.578e+00 -1.632e+01 -1.640e+01 -7.512e+00 -2.806e+00
+14.111 +12.464 15.854  1.526 0.438 0.000 1.000 -2.400e+01 -1.503e-01 -5.580e-01 -4.550e+00 -5.052e+00 -1.383e+01 -2.331e+00 -6.762e+00 -1.446e+01 -2.019e+00 -4.145e+00 -7.528e+00 -1.632e+01 -1.635e+01 -7.517e+00 -2.806e+00
+14.168 +12.531 15.889  1.526 0.438 0.000 1.000 -2.400e+01 -1.504e-01 -5.579e-01 -4.550e+00 -5.052e+00 -1.383e+01 -2.331e+00 -6.762e+00 -1.446e+01 -2.020e+00 -4.092e+00 -7.472e+00 -1.632e+01 -1.630e+01 -7.522e+00 -2.806e+00
+14.221 +12.598 15.924  1.526 0.438 0.000 1.000 -2.400e+01 -1.504e-01 -5.577e-01 -4.550e+00 -5.052e+00 -1.383e+01 -2.331e+00 -6.762e+00 -1.446e+01 -2.020e+00 -4.043e+00 -7.421e+00 -1.632e+01 -1.625e+01 -7.527e+00 -2.806e+00
+14.277 +12.648 15.962  1.526 0.438 0.000 1.000 -2.400e+01 -1.505e-01 -5.575e-01 -4.550e+00 -5.052e+00 -1.383e+01 -2.331e+00 -6.762e+00 -1.446e+01 -2.021e+00 -3.990e+00 -7.366e+00 -1.632e+01 -1.620e+01 -7.533e+00 -2.806e+00
+14.331 +12.534 16.001  1.526 0.438 0.000 1.000 -2.400e+01 -1.506e-01 -5.573e-01 -4.550e+00 -5.052e+00 -1.383e+01 -2.331e+00 -6.762e+00 -1.446e+01 -2.021e+00 -3.939e+00 -7.313e+00 -1.632e+01 -1.614e+01 -7.540e+00 -2.806e+00
+14.386 +12.721 16.041  1.526 0.438 0.000 1.000 -2.400e+01 -1.507e-01 -5.571e-01 -4.550e+00 -5.052e+00 -1.383e+01 -2.331e+00 -6.762e+00 -1.446e+01 -2.022e+00 -3.887e+00 -7.259e+00 -1.632e+01 -1.609e+01 -7.546e+00 -2.806e+00
+14.442 +12.735 16.083  1.526 0.438 0.000 1.000 -2.400e+01 -1.508e-01 -5.568e-01 -4.550e+00 -5.052e+00 -1.383e+01 -2.331e+00 -6.762e+00 -1.446e+01 -2.022e+00 -3.834e+00 -7.205e+00 -1.632e+01 -1.604e+01 -7.552e+00 -2.806e+00
+14.500 +12.732 16.128  1.526 0.438 0.000 1.000 -2.400e+01 -1.509e-01 -5.565e-01 -4.550e+00 -5.052e+00 -1.383e+01 -2.331e+00 -6.762e+00 -1.446e+01 -2.023e+00 -3.780e+00 -7.149e+00 -1.632e+01 -1.599e+01 -7.559e+00 -2.806e+00
+14.553 +12.714 16.171  1.526 0.438 0.000 1.000 -2.400e+01 -1.511e-01 -5.561e-01 -4.550e+00 -5.052e+00 -1.383e+01 -2.331e+00 -6.762e+00 -1.446e+01 -2.024e+00 -3.729e+00 -7.097e+00 -1.632e+01 -1.594e+01 -7.564e+00 -2.806e+00
+14.607 +12.611 16.215  1.526 0.438 0.000 1.000 -2.400e+01 -1.512e-01 -5.558e-01 -4.550e+00 -5.052e+00 -1.383e+01 -2.331e+00 -6.762e+00 -1.446e+01 -2.025e+00 -3.678e+00 -7.045e+00 -1.632e+01 -1.588e+01 -7.568e+00 -2.806e+00
+14.666 +12.863 16.264  1.525 0.500 0.000 1.000 -2.400e+01 -1.514e-01 -5.553e-01 -4.550e+00 -5.052e+00 -1.383e+01 -2.331e+00 -6.761e+00 -1.446e+01 -2.026e+00 -3.622e+00 -6.988e+00 -1.632e+01 -1.583e+01 -7.571e+00 -2.806e+00
+14.724 +12.901 16.313  1.525 0.500 0.000 1.000 -2.400e+01 -1.516e-01 -5.547e-01 -4.550e+00 -5.052e+00 -1.383e+01 -2.331e+00 -6.761e+00 -1.446e+01 -2.028e+00 -3.568e+00 -6.934e+00 -1.633e+01 -1.578e+01 -7.570e+00 -2.806e+00
+14.775 +12.879 16.358  1.525 0.500 0.000 1.000 -2.400e+01 -1.518e-01 -5.542e-01 -4.550e+00 -5.052e+00 -1.384e+01 -2.331e+00 -6.761e+00 -1.446e+01 -2.029e+00 -3.519e+00 -6.884e+00 -1.633e+01 -1.573e+01 -7.566e+00 -2.806e+00
+14.829 +12.910 16.406  1.525 0.500 0.000 1.000 -2.400e+01 -1.521e-01 -5.536e-01 -4.550e+00 -5.052e+00 -1.384e+01 -2.331e+00 -6.761e+00 -1.446e+01 -2.031e+00 -3.468e+00 -6.832e+00 -1.633e+01 -1.567e+01 -7.558e+00 -2.806e+00
+14.886 +12.792 16.456  1.525 0.500 0.000 1.000 -2.400e+01 -1.524e-01 -5.528e-01 -4.549e+00 -5.052e+00 -1.384e+01 -2.331e+00 -6.761e+00 -1.446e+01 -2.033e+00 -3.415e+00 -6.779e+00 -1.633e+01 -1.562e+01 -7.543e+00 -2.806e+00
+14.939 +13.090 16.505  1.525 0.500 0.000 1.000 -2.400e+01 -1.527e-01 -5.520e-01 -4.549e+00 -5.052e+00 -1.384e+01 -2.330e+00 -6.761e+00 -1.446e+01 -2.035e+00 -3.365e+00 -6.728e+00 -1.633e+01 -1.557e+01 -7.523e+00 -2.806e+00
+14.995 +12.755 16.555  1.525 0.438 0.000 1.000 -2.400e+01 -1.531e-01 -5.510e-01 -4.549e+00 -5.051e+00 -1.384e+01 -2.330e+00 -6.761e+00 -1.446e+01 -2.038e+00 -3.314e+00 -6.676e+00 -1.634e+01 -1.552e+01 -7.494e+00 -2.806e+00
+15.049 +12.719 16.606  1.524 0.438 0.000 1.000 -2.400e+01 -1.535e-01 -5.500e-01 -4.549e+00 -5.051e+00 -1.384e+01 -2.330e+00 -6.760e+00 -1.446e+01 -2.040e+00 -3.263e+00 -6.625e+00 -1.634e+01 -1.547e+01 -7.458e+00 -2.806e+00
+15.105 +12.634 16.658  1.524 0.438 0.000 1.000 -2.400e+01 -1.540e-01 -5.487e-01 -4.548e+00 -5.051e+00 -1.384e+01 -2.330e+00 -6.760e+00 -1.446e+01 -2.044e+00 -3.213e+00 -6.574e+00 -1.634e+01 -1.542e+01 -7.414e+00 -2.806e+00
+15.160 +12.598 16.710  1.524 0.438 0.000 1.000 -2.400e+01 -1.546e-01 -5.474e-01 -4.548e+00 -5.050e+00 -1.384e+01 -2.329e+00 -6.759e+00 -1.447e+01 -2.047e+00 -3.163e+00 -6.524e+00 -1.635e+01 -1.537e+01 -7.363e+00 -2.806e+00
+15.215 +12.466 16.762  1.524 0.438 0.000 1.000 -2.400e+01 -1.552e-01 -5.458e-01 -4.547e+00 -5.049e+00 -1.384e+01 -2.329e+00 -6.759e+00 -1.447e+01 -2.051e+00 -3.114e+00 -6.474e+00 -1.635e+01 -1.532e+01 -7.307e+00 -2.806e+00
+15.271 +12.423 16.815  1.524 0.438 0.000 1.000 -2.400e+01 -1.560e-01 -5.440e-01 -4.546e+00 -5.049e+00 -1.384e+01 -2.328e+00 -6.758e+00 -1.447e+01 -2.056e+00 -3.065e+00 -6.425e+00 -1.636e+01 -1.527e+01 -7.247e+00 -2.806e+00
+15.326 +12.384 16.868  1.525 0.438 0.000 1.000 -2.400e+01 -1.568e-01 -5.420e-01 -4.545e+00 -5.047e+00 -1.384e+01 -2.327e+00 -6.757e+00 -1.446e+01 -2.061e+00 -3.018e+00 -6.378e+00 -1.636e+01 -1.523e+01 -7.183e+00 -2.806e+00
+15.381 +12.492 16.921  1.525 0.438 0.000 1.000 -2.400e+01 -1.577e-01 -5.397e-01 -4.544e+00 -5.046e+00 -1.383e+01 -2.326e+00 -6.755e+00 -1.446e+01 -2.067e+00 -2.971e+00 -6.331e+00 -1.637e+01 -1.518e+01 -7.119e+00 -2.806e+00
+15.437 +12.340 16.975  1.526 0.438 0.000 1.000 -2.400e+01 -1.588e-01 -5.372e-01 -4.542e+00 -5.044e+00 -1.383e+01 -2.324e+00 -6.753e+00 -1.446e+01 -2.074e+00 -2.926e+00 -6.285e+00 -1.638e+01 -1.514e+01 -7.054e+00 -2.806e+00
+15.492 +12.310 17.029  1.527 0.375 0.000 1.000 -2.400e+01 -1.600e-01 -5.343e-01 -4.539e+00 -5.042e+00 -1.383e+01 -2.322e+00 -6.751e+00 -1.446e+01 -2.082e+00 -2.881e+00 -6.241e+00 -1.639e+01 -1.509e+01 -6.990e+00 -2.806e+00
+15.547 +12.295 17.083  1.529 0.375 0.000 1.000 -2.400e+01 -1.614e-01 -5.310e-01 -4.536e+00 -5.039e+00 -1.383e+01 -2.319e+00 -6.748e+00 -1.446e+01 -2.091e+00 -2.838e+00 -6.198e+00 -1.640e+01 -1.505e+01 -6.928e+00 -2.806e+00
+15.602 +12.444 17.137  1.531 0.438 0.000 1.000 -2.400e+01 -1.630e-01 -5.272e-01 -4.533e+00 -5.035e+00 -1.383e+01 -2.315e+00 -6.744e+00 -1.446e+01 -2.101e+00 -2.797e+00 -6.156e+00 -1.641e+01 -1.501e+01 -6.869e+00 -2.806e+00
+15.658 +12.343 17.192  1.534 0.438 0.000 1.000 -2.400e+01 -1.649e-01 -5.230e-01 -4.528e+00 -5.030e+00 -1.383e+01 -2.311e+00 -6.740e+00 -1.446e+01 -2.112e+00 -2.758e+00 -6.117e+00 -1.642e+01 -1.498e+01 -6.812e+00 -2.806e+00
+15.713 +12.262 17.248  1.537 0.375 0.000 1.000 -2.400e+01 -1.670e-01 -5.182e-01 -4.522e+00 -5.025e+00 -1.382e+01 -2.305e+00 -6.734e+00 -1.445e+01 -2.124e+00 -2.720e+00 -6.079e+00 -1.644e+01 -1.494e+01 -6.760e+00 -2.806e+00
+15.768 +12.201 17.303  1.541 0.375 0.000 1.000 -2.400e+01 -1.694e-01 -5.128e-01 -4.515e+00 -5.018e+00 -1.382e+01 -2.298e+00 -6.727e+00 -1.445e+01 -2.138e+00 -2.685e+00 -6.044e+00 -1.645e+01 -1.491e+01 -6.711e+00 -2.806e+00
+15.823 +12.228 17.360  1.547 0.375 0.000 1.000 -2.400e+01 -1.722e-01 -5.067e-01 -4.507e+00 -5.010e+00 -1.381e+01 -2.290e+00 -6.719e+00 -1.444e+01 -2.154e+00 -2.652e+00 -6.011e+00 -1.647e+01 -1.488e+01 -6.666e+00 -2.806e+00
+15.879 +12.211 17.417  1.553 0.375 0.000 1.000 -2.400e+01 -1.755e-01 -4.997e-01 -4.497e+00 -5.000e+00 -1.381e+01 -2.281e+00 -6.709e+00 -1.444e+01 -2.172e+00 -2.622e+00 -5.981e+00 -1.649e+01 -1.485e+01 -6.626e+00 -2.806e+00
+15.934 +12.190 17.474  1.561 0.375 0.000 1.000 -2.400e+01 -1.793e-01 -4.918e-01 -4.486e+00 -4.988e+00 -1.380e+01 -2.269e+00 -6.698e+00 -1.443e+01 -2.192e+00 -2.596e+00 -5.954e+00 -1.652e+01 -1.483e+01 -6.590e+00 -2.806e+00
+15.989 +12.204 17.533  1.570 0.375 0.000 1.000 -2.400e+01 -1.837e-01 -4.828e-01 -4.472e+00 -4.975e+00 -1.379e+01 -2.256e+00 -6.684e+00 -1.442e+01 -2.215e+00 -2.572e+00 -5.931e+00 -1.654e+01 -1.481e+01 -6.559e+00 -2.806e+00
+16.045 +12.161 17.592  1.580 0.375 0.000 1.000 -2.400e+01 -1.889e-01 -4.726e-01 -4.457e+00 -4.960e+00 -1.378e+01 -2.241e+00 -6.669e+00 -1.441e+01 -2.240e+00 -2.553e+00 -5.912e+00 -1.657e+01 -1.480e+01 -6.533e+00 -2.806e+00
+16.100 +12.200 17.652  1.591 0.375 0.000 1.000 -2.400e+01 -1.950e-01 -4.610e-01 -4.440e+00 -4.943e+00 -1.377e+01 -2.224e+00 -6.652e+00 -1.440e+01 -2.268e+00 -2.538e+00 -5.897e+00 -1.661e+01 -1.479e+01 -6.512e+00 -2.806e+00
+16.155 +12.145 17.713  1.602 0.375 0.000 1.000 -2.400e+01 -2.023e-01 -4.479e-01 -4.421e+00 -4.924e+00 -1.376e+01 -2.205e+00 -6.633e+00 -1.439e+01 -2.299e+00 -2.528e+00 -5.887e+00 -1.665e+01 -1.478e+01 -6.497e+00 -2.806e+00
+16.210 +12.185 17.774  1.614 0.375 0.000 1.000 -2.400e+01 -2.109e-01 -4.331e-01 -4.401e+00 -4.903e+00 -1.375e+01 -2.184e+00 -6.613e+00 -1.438e+01 -2.333e+00 -2.523e+00 -5.882e+00 -1.669e+01 -1.479e+01 -6.487e+00 -2.806e+00
+16.266 +12.348 17.837  1.625 0.375 0.000 1.000 -2.400e+01 -2.212e-01 -4.164e-01 -4.380e+00 -4.882e+00 -1.373e+01 -2.163e+00 -6.591e+00 -1.437e+01 -2.371e+00 -2.523e+00 -5.882e+00 -1.674e+01 -1.480e+01 -6.484e+00 -2.806e+00
+16.321 +12.293 17.900  1.635 0.375 0.000 1.000 -2.400e+01 -2.334e-01 -3.978e-01 -4.357e+00 -4.860e+00 -1.372e+01 -2.140e+00 -6.569e+00 -1.435e+01 -2.412e+00 -2.530e+00 -5.888e+00 -1.679e+01 -1.482e+01 -6.487e+00 -2.806e+00
+16.376 +12.227 17.963  1.643 0.375 0.000 1.000 -2.400e+01 -2.481e-01 -3.772e-01 -4.335e+00 -4.837e+00 -1.372e+01 -2.118e+00 -6.546e+00 -1.435e+01 -2.456e+00 -2.542e+00 -5.900e+00 -1.685e+01 -1.484e+01 -6.496e+00 -2.806e+00
+16.432 +12.361 18.025  1.648 0.375 0.000 1.000 -2.400e+01 -2.656e-01 -3.546e-01 -4.312e+00 -4.815e+00 -1.371e+01 -2.095e+00 -6.524e+00 -1.434e+01 -2.502e+00 -2.560e+00 -5.919e+00 -1.691e+01 -1.488e+01 -6.513e+00 -2.806e+00
+16.487 +12.452 18.088  1.648 0.438 0.000 1.000 -2.400e+01 -2.866e-01 -3.301e-01 -4.291e+00 -4.793e+00 -1.371e+01 -2.073e+00 -6.502e+00 -1.434e+01 -2.551e+00 -2.585e+00 -5.943e+00 -1.698e+01 -1.492e+01 -6.535e+00 -2.806e+00
+16.542 +12.607 18.149  1.644 0.438 0.000 1.000 -2.400e+01 -3.115e-01 -3.041e-01 -4.270e+00 -4.773e+00 -1.372e+01 -2.053e+00 -6.482e+00 -1.435e+01 -2.602e+00 -2.615e+00 -5.974e+00 -1.706e+01 -1.498e+01 -6.564e+00 -2.806e+00
+16.597 +12.649 18.208  1.633 0.438 0.000 1.000 -2.400e+01 -3.412e-01 -2.767e-01 -4.252e+00 -4.754e+00 -1.373e+01 -2.034e+00 -6.463e+00 -1.436e+01 -2.653e+00 -2.651e+00 -6.009e+00 -1.714e+01 -1.505e+01 -6.598e+00 -2.806e+00
+16.653 +12.736 18.265  1.615 0.438 0.000 1.000 -2.400e+01 -3.763e-01 -2.485e-01 -4.235e+00 -4.737e+00 -1.374e+01 -2.017e+00 -6.446e+00 -1.437e+01 -2.704e+00 -2.690e+00 -6.049e+00 -1.723e+01 -1.512e+01 -6.638e+00 -2.806e+00
+16.708 +12.635 18.319  1.588 0.438 0.000 1.000 -2.400e+01 -4.176e-01 -2.201e-01 -4.220e+00 -4.722e+00 -1.377e+01 -2.001e+00 -6.431e+00 -1.440e+01 -2.753e+00 -2.733e+00 -6.092e+00 -1.732e+01 -1.520e+01 -6.680e+00 -2.806e+00
+16.763 +12.715 18.370  1.553 0.438 0.000 1.000 -2.400e+01 -4.660e-01 -1.919e-01 -4.207e+00 -4.709e+00 -1.381e+01 -1.988e+00 -6.419e+00 -1.444e+01 -2.799e+00 -2.778e+00 -6.137e+00 -1.741e+01 -1.530e+01 -6.724e+00 -2.806e+00
+16.819 +12.561 18.417  1.507 0.375 0.000 1.000 -2.400e+01 -5.225e-01 -1.645e-01 -4.196e+00 -4.698e+00 -1.385e+01 -1.977e+00 -6.408e+00 -1.448e+01 -2.840e+00 -2.823e+00 -6.181e+00 -1.751e+01 -1.540e+01 -6.769e+00 -2.806e+00
+16.874 +12.636 18.459  1.450 0.375 0.000 1.000 -2.400e+01 -5.882e-01 -1.386e-01 -4.187e+00 -4.689e+00 -1.391e+01 -1.968e+00 -6.399e+00 -1.454e+01 -2.877e+00 -2.866e+00 -6.225e+00 -1.761e+01 -1.551e+01 -6.813e+00 -2.806e+00
+16.929 +12.530 18.497  1.382 0.375 0.000 1.000 -2.400e+01 -6.642e-01 -1.145e-01 -4.180e+00 -4.682e+00 -1.398e+01 -1.961e+00 -6.391e+00 -1.461e+01 -2.909e+00 -2.906e+00 -6.265e+00 -1.772e+01 -1.562e+01 -6.854e+00 -2.806e+00
+16.984 +12.466 18.531  1.300 0.375 0.000 1.000 -2.400e+01 -7.518e-01 -9.267e-02 -4.174e+00 -4.676e+00 -1.406e+01 -1.955e+00 -6.386e+00 -1.469e+01 -2.935e+00 -2.943e+00 -6.301e+00 -1.783e+01 -1.575e+01 -6.891e+00 -2.806e+00
+17.040 +12.590 18.560  1.204 0.375 0.000 1.000 -2.400e+01 -8.524e-01 -7.339e-02 -4.169e+00 -4.672e+00 -1.416e+01 -1.951e+00 -6.381e+00 -1.478e+01 -2.956e+00 -2.974e+00 -6.333e+00 -1.795e+01 -1.588e+01 -6.923e+00 -2.806e+00
+17.095 +12.747 18.584  1.092 0.375 0.000 1.000 -2.400e+01 -9.677e-01 -5.686e-02 -4.166e+00 -4.668e+00 -1.427e+01 -1.947e+00 -6.378e+00 -1.490e+01 -2.973e+00 -3.001e+00 -6.359e+00 -1.809e+01 -1.602e+01 -6.950e+00 -2.806e+00
+17.150 +12.844 18.604  0.962 0.375 0.000 1.000 -2.400e+01 -1.100e+00 -4.310e-02 -4.163e+00 -4.666e+00 -1.440e+01 -1.944e+00 -6.375e+00 -1.503e+01 -2.986e+00 -3.022e+00 -6.381e+00 -1.823e+01 -1.618e+01 -6.972e+00 -2.806e+00
+17.206 +12.790 18.620  0.814 0.375 0.000 1.000 -2.400e+01 -1.250e+00 -3.206e-02 -4.161e+00 -4.664e+00 -1.455e+01 -1.942e+00 -6.373e+00 -1.517e+01 -2.995e+00 -3.039e+00 -6.398e+00 -1.839e+01 -1.634e+01 -6.989e+00 -2.806e+00
+17.261 +12.842 18.632  0.644 0.375 0.000 1.000 -2.400e+01 -1.422e+00 -2.356e-02 -4.160e+00 -4.662e+00 -1.472e+01 -1.941e+00 -6.372e+00 -1.534e+01 -3.002e+00 -3.052e+00 -6.410e+00 -1.857e+01 -1.653e+01 -7.002e+00 -2.806e+00
+17.316 +12.850 18.641  0.449 0.375 0.000 1.000 -2.400e+01 -1.618e+00 -1.731e-02 -4.159e+00 -4.661e+00 -1.491e+01 -1.940e+00 -6.370e+00 -1.554e+01 -3.007e+00 -3.061e+00 -6.419e+00 -1.877e+01 -1.673e+01 -7.012e+00 -2.806e+00
+17.371 +13.084 18.647  0.227 0.375 0.000 1.000 -2.400e+01 -1.840e+00 -1.296e-02 -4.158e+00 -4.660e+00 -1.513e+01 -1.939e+00 -6.370e+00 -1.576e+01 -3.010e+00 -3.067e+00 -6.426e+00 -1.900e+01 -1.696e+01 -7.018e+00 -2.806e+00
+17.427 +13.302 18.651 -0.026 0.375 0.000 1.000 -2.400e+01 -2.094e+00 -1.012e-02 -4.158e+00 -4.660e+00 -1.538e+01 -1.939e+00 -6.369e+00 -1.601e+01 -3.012e+00 -3.071e+00 -6.430e+00 -1.925e+01 -1.722e+01 -7.022e+00 -2.806e+00
+17.482 +13.364 18.654 -0.313 0.375 0.000 1.000 -2.400e+01 -2.382e+00 -8.381e-03 -4.157e+00 -4.660e+00 -1.567e+01 -1.938e+00 -6.369e+00 -1.630e+01 -3.014e+00 -3.074e+00 -6.432e+00 -1.954e+01 -1.751e+01 -7.025e+00 -2.806e+00
+17.537 +13.510 18.655 -0.640 0.375 0.000 1.000 -2.400e+01 -2.709e+00 -7.409e-03 -4.157e+00 -4.659e+00 -1.600e+01 -1.938e+00 -6.369e+00 -1.663e+01 -3.014e+00 -3.075e+00 -6.434e+00 -1.987e+01 -1.784e+01 -7.026e+00 -2.806e+00
+17.593 +13.793 18.656 -1.012 0.375 0.000 1.000 -2.400e+01 -3.081e+00 -6.912e-03 -4.157e+00 -4.659e+00 -1.637e+01 -1.938e+00 -6.369e+00 -1.700e+01 -3.015e+00 -3.076e+00 -6.434e+00 -2.024e+01 -1.821e+01 -7.027e+00 -2.806e+00
+17.648 +13.962 18.656 -1.434 0.375 0.000 1.000 -2.400e+01 -3.503e+00 -6.684e-03 -4.157e+00 -4.659e+00 -1.679e+01 -1.938e+00 -6.368e+00 -1.742e+01 -3.015e+00 -3.076e+00 -6.434e+00 -2.066e+01 -1.863e+01 -7.027e+00 -2.806e+00
+17.703 +14.155 18.656 -1.914 0.312 0.000 1.000 -2.400e+01 -3.983e+00 -6.591e-03 -4.157e+00 -4.659e+00 -1.727e+01 -1.938e+00 -6.368e+00 -1.790e+01 -3.015e+00 -3.076e+00 -6.435e+00 -2.114e+01 -1.911e+01 -7.027e+00 -2.806e+00
+17.759 +14.429 18.656 -2.459 0.312 0.000 1.000 -2.400e+01 -4.529e+00 -6.559e-03 -4.157e+00 -4.659e+00 -1.782e+01 -1.938e+00 -6.369e+00 -1.845e+01 -3.015e+00 -3.076e+00 -6.434e+00 -2.169e+01 -1.966e+01 -7.027e+00 -2.806e+00
+17.814 +14.872 18.656 -3.077 0.312 0.000 1.000 -2.400e+01 -5.148e+00 -6.549e-03 -4.157e+00 -4.659e+00 -1.844e+01 -1.938e+00 -6.369e+00 -1.907e+01 -3.015e+00 -3.076e+00 -6.434e+00 -2.230e+01 -2.028e+01 -7.027e+00 -2.806e+00
+17.869 +15.141 18.656 -3.780 0.312 0.000 1.000 -2.400e+01 -5.853e+00 -6.546e-03 -4.157e+00 -4.659e+00 -1.914e+01 -1.938e+00 -6.369e+00 -1.977e+01 -3.015e+00 -3.076e+00 -6.434e+00 -2.297e+01 -2.098e+01 -7.027e+00 -2.806e+00
+17.925 +15.379 18.656 -4.582 0.312 0.000 1.000 -2.400e+01 -6.657e+00 -6.546e-03 -4.157e+00 -4.659e+00 -1.994e+01 -1.938e+00 -6.369e+00 -2.057e+01 -3.015e+00 -3.076e+00 -6.434e+00 -2.360e+01 -2.178e+01 -7.027e+00 -2.806e+00
+17.980 +15.896 18.656 -5.488 0.312 0.000 1.000 -2.400e+01 -7.581e+00 -6.546e-03 -4.157e+00 -4.659e+00 -2.085e+01 -1.938e+00 -6.369e+00 -2.148e+01 -3.015e+00 -3.076e+00 -6.434e+00 -2.393e+01 -2.267e+01 -7.027e+00 -2.806e+00
+18.039 +16.357 18.656 -6.588 0.312 0.000 1.000 -2.400e+01 -8.729e+00 -6.546e-03 -4.157e+00 -4.659e+00 -2.197e+01 -1.938e+00 -6.369e+00 -2.258e+01 -3.015e+00 -3.076e+00 -6.434e+00 -2.399e+01 -2.359e+01 -7.027e+00 -2.806e+00
+18.092 +16.933 18.656 -7.671 0.312 0.000 1.000 -2.400e+01 -1.008e+01 -6.546e-03 -4.157e+00 -4.659e+00 -2.309e+01 -1.938e+00 -6.369e+00 -2.358e+01 -3.015e+00 -3.076e+00 -6.434e+00 -2.400e+01 -2.396e+01 -7.027e+00 -2.806e+00
+18.163 +17.163 18.656 -9.296 0.312 0.000 1.000 -2.400e+01   nan -6.546e-03 -4.157e+00 -4.659e+00 -2.391e+01 -1.938e+00 -6.369e+00 -2.398e+01 -3.015e+00 -3.076e+00 -6.434e+00 -2.400e+01 -2.400e+01 -7.027e+00 -2.806e+00
+18.204 +17.204 18.656 -10.258 0.062 0.000 1.000 -2.400e+01 -1.287e+01 -6.546e-03 -4.157e+00 -4.659e+00 -1.163e+01 -1.938e+00 -6.369e+00 -1.156e+01 -3.015e+00 -3.076e+00 -6.434e+00 -1.453e+01 -1.451e+01 -7.027e+00 -2.806e+00
+18.262 +17.262 18.656 -12.120 0.312 0.024 1.000 -2.400e+01   nan -6.546e-03 -4.157e+00 -4.659e+00 -2.400e+01 -1.938e+00 -6.369e+00 -2.400e+01 -3.015e+00 -3.076e+00 -6.434e+00 -2.400e+01 -2.400e+01 -7.027e+00 -2.806e+00
+18.311 +11.830 18.656 -2.893 0.375 6.429 0.988 -2.400e+01 -6.589e+00 -6.546e-03 -1.354e+01 -1.427e+01 -2.400e+01 -1.155e+01 -1.598e+01 -2.400e+01 -3.077e+00 -3.148e+00 -3.554e+00 -2.359e+01 -2.179e+01 -7.026e+00 -2.806e+00
+18.367 +12.327 18.656 -3.357 0.375 6.429 0.989 -2.400e+01 -6.287e+00 -6.542e-03 -1.173e+01 -1.448e+01 -2.400e+01 -1.176e+01 -1.619e+01 -2.400e+01 -3.562e+00 -3.669e+00 -2.852e+00 -2.370e+01 -2.200e+01 -6.837e+00 -2.806e+00
+18.422 +12.842 18.656 -3.796 0.375 6.429 0.989 -2.400e+01 -6.427e+00 -6.538e-03 -1.141e+01 -1.519e+01 -2.400e+01 -1.247e+01 -1.690e+01 -2.400e+01 -4.112e+00 -4.229e+00 -2.758e+00 -2.392e+01 -2.269e+01 -6.666e+00 -2.806e+00
+18.477 +13.623 18.656 -4.527 0.312 6.429 0.988 -2.400e+01 -6.451e+00 -6.533e-03 -1.095e+01 -1.585e+01 -2.400e+01 -1.313e+01 -1.756e+01 -2.400e+01 -4.738e+00 -4.856e+00 -2.742e+00 -2.398e+01 -2.327e+01 -6.535e+00 -2.806e+00