# ASY+PE method (with partition functions): 527 integration steps in 4.0490e-03 seconds
# All quantities except Asy, RG_PE, and sumX are log10(x)
# Log of absolute values for E and dE/dt as they can be negative
# Units: t and dt in s; E in erg; dE/dt in erg/g/s; others dimensionless 
#
#    t     dt     |E|  |dE/dt| Asy  Equil  sumX  X(4He)     X(12C)     X(16O)     

-10.929 -11.893 11.795 22.725 0.000 0.000 1.000 -6.126e+00 -3.010e-01 -3.010e-01
-10.879 -11.843 11.845 22.725 0.000 0.000 1.000 -6.076e+00 -3.010e-01 -3.010e-01
-10.829 -11.793 11.895 22.725 0.000 0.000 1.000 -6.026e+00 -3.010e-01 -3.010e-01
-10.779 -11.743 11.945 22.725 0.000 0.000 1.000 -5.976e+00 -3.010e-01 -3.010e-01
-10.729 -11.693 11.995 22.725 0.000 0.000 1.000 -5.926e+00 -3.010e-01 -3.010e-01
-10.679 -11.643 12.045 22.725 0.000 0.000 1.000 -5.876e+00 -3.010e-01 -3.010e-01
-10.629 -11.593 12.095 22.725 0.000 0.000 1.000 -5.826e+00 -3.010e-01 -3.010e-01
-10.579 -11.543 12.145 22.724 0.000 0.000 1.000 -5.776e+00 -3.010e-01 -3.010e-01
-10.529 -11.493 12.195 22.724 0.000 0.000 1.000 -5.726e+00 -3.010e-01 -3.010e-01
-10.479 -11.443 12.245 22.724 0.000 0.000 1.000 -5.677e+00 -3.010e-01 -3.010e-01
-10.429 -11.393 12.295 22.724 0.000 0.000 1.000 -5.627e+00 -3.010e-01 -3.010e-01
-10.379 -11.343 12.345 22.724 0.000 0.000 1.000 -5.577e+00 -3.010e-01 -3.010e-01
-10.329 -11.293 12.395 22.724 0.000 0.000 1.000 -5.527e+00 -3.010e-01 -3.010e-01
-10.279 -11.243 12.445 22.724 0.000 0.000 1.000 -5.477e+00 -3.010e-01 -3.010e-01
-10.229 -11.193 12.495 22.724 0.000 0.000 1.000 -5.427e+00 -3.010e-01 -3.010e-01
-10.179 -11.143 12.545 22.724 0.000 0.000 1.000 -5.377e+00 -3.010e-01 -3.010e-01
-10.129 -11.093 12.595 22.724 0.000 0.000 1.000 -5.327e+00 -3.010e-01 -3.010e-01
-10.079 -11.043 12.645 22.724 0.000 0.000 1.000 -5.277e+00 -3.010e-01 -3.010e-01
-10.029 -10.993 12.695 22.724 0.000 0.000 1.000 -5.227e+00 -3.010e-01 -3.010e-01
-9.979 -10.943 12.745 22.724 0.000 0.000 1.000 -5.177e+00 -3.010e-01 -3.010e-01
-9.929 -10.893 12.795 22.724 0.000 0.000 1.000 -5.127e+00 -3.010e-01 -3.010e-01
-9.879 -10.843 12.845 22.724 0.000 0.000 1.000 -5.077e+00 -3.010e-01 -3.010e-01
-9.829 -10.793 12.895 22.723 0.000 0.000 1.000 -5.027e+00 -3.010e-01 -3.010e-01
-9.779 -10.743 12.945 22.723 0.000 0.000 1.000 -4.977e+00 -3.010e-01 -3.010e-01
-9.729 -10.693 12.995 22.723 0.000 0.000 1.000 -4.927e+00 -3.010e-01 -3.010e-01
-9.679 -10.643 13.044 22.723 0.000 0.000 1.000 -4.877e+00 -3.010e-01 -3.010e-01
-9.629 -10.593 13.094 22.723 0.000 0.000 1.000 -4.827e+00 -3.010e-01 -3.010e-01
-9.579 -10.543 13.144 22.722 0.000 0.000 1.000 -4.777e+00 -3.010e-01 -3.010e-01
-9.529 -10.493 13.194 22.722 0.000 0.000 1.000 -4.727e+00 -3.010e-01 -3.010e-01
-9.479 -10.443 13.244 22.722 0.000 0.000 1.000 -4.677e+00 -3.010e-01 -3.010e-01
-9.429 -10.393 13.294 22.722 0.000 0.000 1.000 -4.627e+00 -3.010e-01 -3.010e-01
-9.379 -10.343 13.343 22.721 0.000 0.000 1.000 -4.577e+00 -3.010e-01 -3.010e-01
-9.329 -10.293 13.393 22.721 0.000 0.000 1.000 -4.528e+00 -3.010e-01 -3.010e-01
-9.279 -10.243 13.443 22.720 0.000 0.000 1.000 -4.478e+00 -3.010e-01 -3.010e-01
-9.229 -10.193 13.493 22.720 0.000 0.000 1.000 -4.428e+00 -3.010e-01 -3.011e-01
-9.179 -10.143 13.542 22.719 0.000 0.000 1.000 -4.378e+00 -3.010e-01 -3.011e-01
-9.129 -10.093 13.592 22.718 0.000 0.000 1.000 -4.328e+00 -3.010e-01 -3.011e-01
-9.079 -10.043 13.642 22.718 0.000 0.000 1.000 -4.278e+00 -3.010e-01 -3.011e-01
-9.029 -9.993 13.691 22.717 0.000 0.000 1.000 -4.228e+00 -3.010e-01 -3.011e-01
-8.979 -9.943 13.741 22.716 0.000 0.000 1.000 -4.179e+00 -3.011e-01 -3.011e-01
-8.929 -9.893 13.790 22.715 0.000 0.000 1.000 -4.129e+00 -3.011e-01 -3.011e-01
-8.880 -9.843 13.839 22.713 0.000 0.000 1.000 -4.079e+00 -3.011e-01 -3.011e-01
-8.830 -9.793 13.889 22.712 0.000 0.000 1.000 -4.030e+00 -3.011e-01 -3.011e-01
-8.780 -9.743 13.938 22.711 0.000 0.000 1.000 -3.980e+00 -3.011e-01 -3.011e-01
-8.730 -9.693 13.987 22.709 0.000 0.000 1.000 -3.930e+00 -3.011e-01 -3.011e-01
-8.680 -9.643 14.036 22.707 0.000 0.000 1.000 -3.881e+00 -3.011e-01 -3.011e-01
-8.630 -9.593 14.085 22.705 0.000 0.000 1.000 -3.831e+00 -3.011e-01 -3.011e-01
-8.580 -9.543 14.133 22.702 0.000 0.000 1.000 -3.782e+00 -3.011e-01 -3.011e-01
-8.530 -9.493 14.182 22.699 0.000 0.000 1.000 -3.733e+00 -3.011e-01 -3.011e-01
-8.480 -9.443 14.230 22.696 0.000 0.000 1.000 -3.683e+00 -3.011e-01 -3.011e-01
-8.430 -9.393 14.278 22.693 0.000 0.000 1.000 -3.634e+00 -3.011e-01 -3.011e-01
-8.380 -9.343 14.326 22.689 0.000 0.000 1.000 -3.585e+00 -3.011e-01 -3.012e-01
-8.330 -9.293 14.374 22.684 0.000 0.000 1.000 -3.536e+00 -3.011e-01 -3.012e-01
-8.280 -9.243 14.421 22.679 0.000 0.000 1.000 -3.487e+00 -3.012e-01 -3.012e-01
-8.230 -9.193 14.468 22.673 0.000 0.000 1.000 -3.438e+00 -3.012e-01 -3.012e-01
-8.180 -9.143 14.515 22.667 0.000 0.000 1.000 -3.390e+00 -3.012e-01 -3.012e-01
-8.130 -9.093 14.561 22.659 0.000 0.000 1.000 -3.341e+00 -3.012e-01 -3.012e-01
-8.080 -9.043 14.607 22.651 0.000 0.000 1.000 -3.293e+00 -3.013e-01 -3.013e-01
-8.030 -8.993 14.652 22.641 0.000 0.000 1.000 -3.245e+00 -3.013e-01 -3.013e-01
-7.980 -8.943 14.697 22.630 0.000 0.000 1.000 -3.197e+00 -3.013e-01 -3.013e-01
-7.930 -8.893 14.741 22.618 0.000 0.000 1.000 -3.150e+00 -3.014e-01 -3.013e-01
-7.880 -8.843 14.784 22.604 0.000 0.000 1.000 -3.103e+00 -3.014e-01 -3.013e-01
-7.830 -8.793 14.827 22.587 0.000 0.000 1.000 -3.056e+00 -3.015e-01 -3.013e-01
-7.780 -8.743 14.868 22.569 0.000 0.000 1.000 -3.009e+00 -3.016e-01 -3.013e-01
-7.730 -8.693 14.908 22.547 0.000 0.000 1.000 -2.963e+00 -3.017e-01 -3.013e-01
-7.680 -8.643 14.947 22.522 0.000 0.000 1.000 -2.918e+00 -3.018e-01 -3.013e-01
-7.630 -8.593 14.984 22.492 0.000 0.000 1.000 -2.873e+00 -3.019e-01 -3.013e-01
-7.580 -8.543 15.020 22.457 0.000 0.000 1.000 -2.828e+00 -3.020e-01 -3.013e-01
-7.530 -8.493 15.053 22.416 0.000 0.000 1.000 -2.784e+00 -3.022e-01 -3.013e-01
-7.480 -8.443 15.084 22.365 0.000 0.000 1.000 -2.741e+00 -3.025e-01 -3.012e-01
-7.430 -8.393 15.112 22.303 0.000 0.000 1.000 -2.699e+00 -3.027e-01 -3.011e-01
-7.380 -8.343 15.137 22.223 0.000 0.000 1.000 -2.658e+00 -3.030e-01 -3.009e-01
-7.330 -8.293 15.157 22.117 0.000 0.000 1.000 -2.617e+00 -3.034e-01 -3.007e-01
-7.280 -8.243 15.173 21.966 0.000 0.000 1.000 -2.578e+00 -3.039e-01 -3.005e-01
-7.230 -8.193 15.183 21.710 0.000 0.000 1.000 -2.540e+00 -3.044e-01 -3.001e-01
-7.180 -8.143 15.184 20.897 0.000 0.000 1.000 -2.503e+00 -3.051e-01 -2.997e-01
-7.130 -8.093 15.175 21.575 0.000 0.000 1.000 -2.468e+00 -3.059e-01 -2.991e-01
-7.080 -8.043 15.153 21.929 0.000 0.000 1.000 -2.434e+00 -3.069e-01 -2.984e-01
-7.030 -7.993 15.109 22.125 0.000 0.000 1.000 -2.402e+00 -3.080e-01 -2.976e-01
-6.980 -7.943 15.032 22.262 0.000 0.000 1.000 -2.371e+00 -3.094e-01 -2.965e-01
-6.930 -7.893 14.892 22.366 0.000 0.000 1.000 -2.343e+00 -3.110e-01 -2.952e-01
-6.880 -7.843 14.577 22.448 0.000 0.000 1.000 -2.317e+00 -3.129e-01 -2.936e-01
-6.830 -7.793 14.176 22.516 0.000 0.000 1.000 -2.293e+00 -3.152e-01 -2.917e-01
-6.780 -7.743 14.915 22.571 0.000 0.000 1.000 -2.271e+00 -3.178e-01 -2.894e-01
-6.730 -7.693 15.220 22.617 0.000 0.000 1.000 -2.252e+00 -3.209e-01 -2.867e-01
-6.680 -7.643 15.429 22.654 0.000 0.000 1.000 -2.235e+00 -3.246e-01 -2.835e-01
-6.630 -7.593 15.593 22.684 0.000 0.000 1.000 -2.220e+00 -3.288e-01 -2.799e-01
-6.580 -7.543 15.730 22.707 0.000 0.000 1.000 -2.207e+00 -3.336e-01 -2.758e-01
-6.530 -7.493 15.850 22.724 0.000 0.000 1.000 -2.197e+00 -3.392e-01 -2.711e-01
-6.480 -7.443 15.956 22.735 0.000 0.000 1.000 -2.188e+00 -3.456e-01 -2.658e-01
-6.430 -7.393 16.051 22.741 0.000 0.000 1.000 -2.181e+00 -3.528e-01 -2.599e-01
-6.380 -7.343 16.139 22.743 0.000 0.000 1.000 -2.174e+00 -3.610e-01 -2.535e-01
-6.330 -7.293 16.219 22.741 0.000 0.000 1.000 -2.169e+00 -3.704e-01 -2.464e-01
-6.280 -7.244 16.294 22.736 0.000 0.000 1.000 -2.164e+00 -3.809e-01 -2.387e-01
-6.230 -7.194 16.363 22.727 0.000 0.000 1.000 -2.160e+00 -3.927e-01 -2.305e-01
-6.180 -7.144 16.429 22.716 0.000 0.000 1.000 -2.155e+00 -4.060e-01 -2.216e-01
-6.130 -7.094 16.490 22.703 0.000 0.000 1.000 -2.150e+00 -4.210e-01 -2.121e-01
-6.080 -7.044 16.548 22.687 0.000 0.000 1.000 -2.144e+00 -4.378e-01 -2.021e-01
-6.030 -6.994 16.602 22.669 0.000 0.000 1.000 -2.137e+00 -4.566e-01 -1.916e-01
-5.980 -6.944 16.654 22.648 0.000 0.000 1.000 -2.129e+00 -4.778e-01 -1.806e-01
-5.930 -6.894 16.703 22.625 0.000 0.000 1.000 -2.120e+00 -5.016e-01 -1.692e-01
-5.880 -6.844 16.749 22.598 0.000 0.000 1.000 -2.110e+00 -5.283e-01 -1.574e-01
-5.830 -6.794 16.793 22.569 0.000 0.000 1.000 -2.098e+00 -5.583e-01 -1.454e-01
-5.780 -6.744 16.834 22.534 0.000 0.000 1.000 -2.085e+00 -5.919e-01 -1.332e-01
-5.730 -6.694 16.873 22.495 0.000 0.000 1.000 -2.069e+00 -6.295e-01 -1.210e-01
-5.686 -6.703 16.904 22.451 0.000 0.000 1.000 -2.051e+00 -6.699e-01 -1.094e-01
-5.641 -6.653 16.934 22.401 0.000 0.000 1.000 -2.032e+00 -7.107e-01 -9.906e-02
-5.596 -6.603 16.961 22.350 0.000 0.000 1.000 -2.010e+00 -7.562e-01 -8.887e-02
-5.551 -6.553 16.986 22.290 0.000 0.000 1.000 -1.985e+00 -8.068e-01 -7.902e-02
-5.505 -6.503 17.009 22.219 0.000 0.000 1.000 -1.956e+00 -8.628e-01 -6.968e-02
-5.458 -6.453 17.029 22.134 0.000 0.000 1.000 -1.923e+00 -9.241e-01 -6.100e-02
-5.412 -6.403 17.046 22.031 0.000 0.000 1.000 -1.885e+00 -9.907e-01 -5.315e-02
-5.365 -6.353 17.059 21.901 0.000 0.000 1.000 -1.843e+00 -1.062e+00 -4.630e-02
-5.317 -6.303 17.070 21.732 0.000 0.000 1.000 -1.796e+00 -1.136e+00 -4.055e-02
-5.269 -6.253 17.076 21.494 0.000 0.000 1.000 -1.746e+00 -1.211e+00 -3.599e-02
-5.222 -6.203 17.079 21.085 0.000 0.000 1.000 -1.693e+00 -1.284e+00 -3.260e-02
-5.173 -6.153 17.078 20.364 0.000 0.000 1.000 -1.639e+00 -1.353e+00 -3.028e-02
-5.135 -6.205 17.075 21.083 0.000 0.000 1.000 -1.592e+00 -1.407e+00 -2.905e-02
-5.103 -6.249 17.072 21.215 0.000 0.000 1.000 -1.556e+00 -1.449e+00 -2.842e-02
-5.074 -6.276 17.068 21.276 0.000 0.000 1.000 -1.525e+00 -1.484e+00 -2.811e-02
-5.050 -6.311 17.065 21.307 0.000 0.500 1.000 -1.499e+00 -1.512e+00 -2.800e-02
-5.024 -6.261 17.060 21.322 0.000 0.500 1.000 -1.475e+00 -1.537e+00 -2.807e-02
-4.997 -6.211 17.056 21.298 0.000 0.500 1.000 -1.449e+00 -1.562e+00 -2.823e-02
-4.968 -6.161 17.051 21.272 0.000 0.500 1.000 -1.424e+00 -1.588e+00 -2.850e-02
-4.938 -6.111 17.045 21.246 0.000 0.500 1.000 -1.398e+00 -1.615e+00 -2.887e-02
-4.906 -6.061 17.040 21.220 0.000 0.500 1.000 -1.371e+00 -1.642e+00 -2.937e-02
-4.873 -6.011 17.034 21.193 0.000 0.500 1.000 -1.344e+00 -1.669e+00 -2.997e-02
-4.839 -5.961 17.027 21.165 0.000 0.500 1.000 -1.317e+00 -1.697e+00 -3.071e-02
-4.804 -5.911 17.020 21.137 0.000 0.500 1.000 -1.290e+00 -1.724e+00 -3.157e-02
-4.768 -5.861 17.013 21.109 0.000 0.500 1.000 -1.263e+00 -1.753e+00 -3.256e-02
-4.730 -5.811 17.005 21.081 0.000 0.500 1.000 -1.236e+00 -1.781e+00 -3.368e-02
-4.691 -5.761 16.996 21.052 0.000 0.500 1.000 -1.209e+00 -1.809e+00 -3.495e-02
-4.652 -5.711 16.987 21.024 0.000 0.500 1.000 -1.182e+00 -1.838e+00 -3.635e-02
-4.611 -5.661 16.978 20.995 0.000 0.500 1.000 -1.155e+00 -1.866e+00 -3.790e-02
-4.570 -5.611 16.967 20.966 0.000 0.500 1.000 -1.129e+00 -1.894e+00 -3.960e-02
-4.528 -5.561 16.956 20.937 0.000 0.500 1.000 -1.102e+00 -1.923e+00 -4.144e-02
-4.485 -5.511 16.944 20.907 0.000 0.500 1.000 -1.076e+00 -1.951e+00 -4.345e-02
-4.441 -5.461 16.931 20.877 0.000 0.500 1.000 -1.050e+00 -1.979e+00 -4.561e-02
-4.397 -5.411 16.917 20.847 0.000 0.500 1.000 -1.024e+00 -2.007e+00 -4.794e-02
-4.352 -5.361 16.901 20.817 0.000 0.500 1.000 -9.981e-01 -2.036e+00 -5.044e-02
-4.307 -5.311 16.885 20.786 0.000 0.500 1.000 -9.727e-01 -2.064e+00 -5.311e-02
-4.261 -5.261 16.867 20.754 0.000 0.000  -nan  -nan  -nan  -nan
-4.219 -5.253    nan    nan 0.000 1.000  -nan  -nan  -nan  -nan
-4.180 -5.244    nan   -inf 0.000 1.000  -nan   nan   nan  -nan
-4.143 -5.236    nan   -inf 0.000 1.000  -nan  -nan  -nan  -nan
-4.109 -5.227    nan   -inf 0.000 1.000  -nan   nan   nan  -nan
-4.076 -5.218    nan   -inf 0.000 1.000  -nan  -nan  -nan  -nan
-4.046 -5.210    nan   -inf 0.000 1.000  -nan   nan   nan  -nan
-4.016 -5.201    nan   -inf 0.000 1.000  -nan  -nan  -nan  -nan
-3.988 -5.193    nan   -inf 0.000 1.000  -nan   nan   nan  -nan
-3.961 -5.184    nan   -inf 0.000 1.000  -nan  -nan  -nan  -nan
-3.936 -5.175    nan   -inf 0.000 1.000  -nan   nan   nan  -nan
-3.911 -5.167    nan   -inf 0.000 1.000  -nan  -nan  -nan  -nan
-3.887 -5.158    nan   -inf 0.000 1.000  -nan   nan   nan  -nan
-3.864 -5.150    nan   -inf 0.000 1.000  -nan  -nan  -nan  -nan
-3.841 -5.141    nan   -inf 0.000 1.000  -nan   nan   nan  -nan
-3.820 -5.132    nan   -inf 0.000 1.000  -nan  -nan  -nan  -nan
-3.799 -5.124    nan   -inf 0.000 1.000  -nan   nan   nan  -nan
-3.778 -5.115    nan   -inf 0.000 1.000  -nan  -nan  -nan  -nan
-3.758 -5.107    nan   -inf 0.000 1.000  -nan   nan   nan  -nan
-3.739 -5.098    nan   -inf 0.000 1.000  -nan  -nan  -nan  -nan
-3.720 -5.089    nan   -inf 0.000 1.000  -nan   nan   nan  -nan
-3.701 -5.081    nan   -inf 0.000 1.000  -nan  -nan  -nan  -nan
-3.683 -5.072    nan   -inf 0.000 1.000  -nan   nan   nan  -nan
-3.666 -5.064    nan   -inf 0.000 1.000  -nan  -nan  -nan  -nan
-3.648 -5.055    nan   -inf 0.000 1.000  -nan   nan   nan  -nan
-3.631 -5.046    nan   -inf 0.000 1.000  -nan  -nan  -nan  -nan
-3.615 -5.038    nan   -inf 0.000 1.000  -nan   nan   nan  -nan
-3.598 -5.029    nan   -inf 0.000 1.000  -nan  -nan  -nan  -nan
-3.582 -5.021    nan   -inf 0.000 1.000  -nan   nan   nan  -nan
-3.566 -5.012    nan   -inf 0.000 1.000  -nan  -nan  -nan  -nan
-3.551 -5.003    nan   -inf 0.000 1.000  -nan   nan   nan  -nan
-3.535 -4.995    nan   -inf 0.000 1.000  -nan  -nan  -nan  -nan
-3.520 -4.986    nan   -inf 0.000 1.000  -nan   nan   nan  -nan
-3.505 -4.978    nan   -inf 0.000 1.000  -nan  -nan  -nan  -nan
-3.491 -4.969    nan   -inf 0.000 1.000  -nan   nan   nan  -nan
-3.476 -4.960    nan   -inf 0.000 1.000  -nan  -nan  -nan  -nan
-3.462 -4.952    nan   -inf 0.000 1.000  -nan   nan   nan  -nan
-3.448 -4.943    nan   -inf 0.000 1.000  -nan  -nan  -nan  -nan
-3.434 -4.935    nan   -inf 0.000 1.000  -nan   nan   nan  -nan
-3.420 -4.926    nan   -inf 0.000 1.000  -nan  -nan  -nan  -nan
-3.406 -4.917    nan   -inf 0.000 1.000  -nan   nan   nan  -nan
-3.393 -4.909    nan   -inf 0.000 1.000  -nan  -nan  -nan  -nan
-3.380 -4.900    nan   -inf 0.000 1.000  -nan   nan   nan  -nan
-3.366 -4.892    nan   -inf 0.000 1.000  -nan  -nan  -nan  -nan
-3.353 -4.883    nan   -inf 0.000 1.000  -nan   nan   nan  -nan
-3.341 -4.874    nan   -inf 0.000 1.000  -nan  -nan  -nan  -nan
-3.328 -4.866    nan   -inf 0.000 1.000  -nan   nan   nan  -nan
-3.315 -4.857    nan   -inf 0.000 1.000  -nan  -nan  -nan  -nan
-3.303 -4.849    nan   -inf 0.000 1.000  -nan   nan   nan  -nan
-3.290 -4.840    nan   -inf 0.000 1.000  -nan  -nan  -nan  -nan
-3.278 -4.831    nan   -inf 0.000 1.000  -nan   nan   nan  -nan
-3.266 -4.823    nan   -inf 0.000 1.000  -nan  -nan  -nan  -nan
-3.254 -4.814    nan   -inf 0.000 1.000  -nan   nan   nan  -nan
-3.242 -4.806    nan   -inf 0.000 1.000  -nan  -nan  -nan  -nan
-3.230 -4.797    nan   -inf 0.000 1.000  -nan   nan   nan  -nan
-3.218 -4.788    nan   -inf 0.000 1.000  -nan  -nan  -nan  -nan
-3.206 -4.780    nan   -inf 0.000 1.000  -nan   nan   nan  -nan
-3.194 -4.771    nan   -inf 0.000 1.000  -nan  -nan  -nan  -nan
-3.183 -4.763    nan   -inf 0.000 1.000  -nan   nan   nan  -nan
-3.171 -4.754    nan   -inf 0.000 1.000  -nan  -nan  -nan  -nan
-3.160 -4.745    nan   -inf 0.000 1.000  -nan   nan   nan  -nan
-3.149 -4.737    nan   -inf 0.000 1.000  -nan  -nan  -nan  -nan
-3.137 -4.728    nan   -inf 0.000 1.000  -nan   nan   nan  -nan
-3.126 -4.720    nan   -inf 0.000 1.000  -nan  -nan  -nan  -nan
-3.115 -4.711    nan   -inf 0.000 1.000  -nan   nan   nan  -nan
-3.104 -4.702    nan   -inf 0.000 1.000  -nan  -nan  -nan  -nan
-3.093 -4.694    nan   -inf 0.000 1.000  -nan   nan   nan  -nan
-3.082 -4.685    nan   -inf 0.000 1.000  -nan  -nan  -nan  -nan
-3.071 -4.677    nan   -inf 0.000 1.000  -nan   nan   nan  -nan
-3.060 -4.668    nan   -inf 0.000 1.000  -nan  -nan  -nan  -nan
-3.049 -4.659    nan   -inf 0.000 1.000  -nan   nan   nan  -nan
-3.039 -4.651    nan   -inf 0.000 1.000  -nan  -nan  -nan  -nan
-3.028 -4.642    nan   -inf 0.000 1.000  -nan   nan   nan  -nan
-3.017 -4.634    nan   -inf 0.000 1.000  -nan  -nan  -nan  -nan
-3.007 -4.625    nan   -inf 0.000 1.000  -nan   nan   nan  -nan
-2.996 -4.616    nan   -inf 0.000 1.000  -nan  -nan  -nan  -nan
-2.986 -4.608    nan   -inf 0.000 1.000  -nan   nan   nan  -nan
-2.975 -4.599    nan   -inf 0.000 1.000  -nan  -nan  -nan  -nan
-2.965 -4.591    nan   -inf 0.000 1.000  -nan   nan   nan  -nan
-2.954 -4.582    nan   -inf 0.000 1.000  -nan  -nan  -nan  -nan
-2.944 -4.573    nan   -inf 0.000 1.000  -nan   nan   nan  -nan
-2.934 -4.565    nan   -inf 0.000 1.000  -nan  -nan  -nan  -nan
-2.924 -4.556    nan   -inf 0.000 1.000  -nan   nan   nan  -nan
-2.913 -4.548    nan   -inf 0.000 1.000  -nan  -nan  -nan  -nan
-2.903 -4.539    nan   -inf 0.000 1.000  -nan   nan   nan  -nan
-2.893 -4.530    nan   -inf 0.000 1.000  -nan  -nan  -nan  -nan
-2.883 -4.522    nan   -inf 0.000 1.000  -nan   nan   nan  -nan
-2.873 -4.513    nan   -inf 0.000 1.000  -nan  -nan  -nan  -nan
-2.863 -4.505    nan   -inf 0.000 1.000  -nan   nan   nan  -nan
-2.853 -4.496    nan   -inf 0.000 1.000  -nan  -nan  -nan  -nan
-2.843 -4.487    nan   -inf 0.000 1.000  -nan   nan   nan  -nan
-2.833 -4.479    nan   -inf 0.000 1.000  -nan  -nan  -nan  -nan
-2.823 -4.470    nan   -inf 0.000 1.000  -nan   nan   nan  -nan
-2.813 -4.462    nan   -inf 0.000 1.000  -nan  -nan  -nan  -nan
-2.803 -4.453    nan   -inf 0.000 1.000  -nan   nan   nan  -nan
-2.794 -4.444    nan   -inf 0.000 1.000  -nan  -nan  -nan  -nan
-2.784 -4.436    nan   -inf 0.000 1.000  -nan   nan   nan  -nan
-2.774 -4.427    nan   -inf 0.000 1.000  -nan  -nan  -nan  -nan
-2.764 -4.419    nan   -inf 0.000 1.000  -nan   nan   nan  -nan
-2.755 -4.410    nan   -inf 0.000 1.000  -nan  -nan  -nan  -nan
-2.745 -4.401    nan   -inf 0.000 1.000  -nan   nan   nan  -nan
-2.735 -4.393    nan   -inf 0.000 1.000  -nan  -nan  -nan  -nan
-2.726 -4.384    nan   -inf 0.000 1.000  -nan   nan   nan  -nan
-2.716 -4.376    nan   -inf 0.000 1.000  -nan  -nan  -nan  -nan
-2.706 -4.367    nan   -inf 0.000 1.000  -nan   nan   nan  -nan
-2.697 -4.358    nan   -inf 0.000 1.000  -nan  -nan  -nan  -nan
-2.687 -4.350    nan   -inf 0.000 1.000  -nan   nan   nan  -nan
-2.678 -4.341    nan   -inf 0.000 1.000  -nan  -nan  -nan  -nan
-2.668 -4.333    nan   -inf 0.000 1.000  -nan   nan   nan  -nan
-2.659 -4.324    nan   -inf 0.000 1.000  -nan  -nan  -nan  -nan
-2.649 -4.315    nan   -inf 0.000 1.000  -nan   nan   nan  -nan
-2.640 -4.307    nan   -inf 0.000 1.000  -nan  -nan  -nan  -nan
-2.630 -4.298    nan   -inf 0.000 1.000  -nan   nan   nan  -nan
-2.621 -4.290    nan   -inf 0.000 1.000  -nan  -nan  -nan  -nan
-2.612 -4.281    nan   -inf 0.000 1.000  -nan   nan   nan  -nan
-2.602 -4.272    nan   -inf 0.000 1.000  -nan  -nan  -nan  -nan
-2.593 -4.264    nan   -inf 0.000 1.000  -nan   nan   nan  -nan
-2.583 -4.255    nan   -inf 0.000 1.000  -nan  -nan  -nan  -nan
-2.574 -4.247    nan   -inf 0.000 1.000  -nan   nan   nan  -nan
-2.565 -4.238    nan   -inf 0.000 1.000  -nan  -nan  -nan  -nan
-2.556 -4.229    nan   -inf 0.000 1.000  -nan   nan   nan  -nan
-2.546 -4.221    nan   -inf 0.000 1.000  -nan  -nan  -nan  -nan
-2.537 -4.212    nan   -inf 0.000 1.000  -nan   nan   nan  -nan
-2.528 -4.204    nan   -inf 0.000 1.000  -nan  -nan  -nan  -nan
-2.518 -4.195    nan   -inf 0.000 1.000  -nan   nan   nan  -nan
-2.509 -4.186    nan   -inf 0.000 1.000  -nan  -nan  -nan  -nan
-2.500 -4.178    nan   -inf 0.000 1.000  -nan   nan   nan  -nan
-2.491 -4.169    nan   -inf 0.000 1.000  -nan  -nan  -nan  -nan
-2.482 -4.161    nan   -inf 0.000 1.000  -nan   nan   nan  -nan
-2.472 -4.152    nan   -inf 0.000 1.000  -nan  -nan  -nan  -nan
-2.463 -4.143    nan   -inf 0.000 1.000  -nan   nan   nan  -nan
-2.454 -4.135    nan   -inf 0.000 1.000  -nan  -nan  -nan  -nan
-2.445 -4.126    nan   -inf 0.000 1.000  -nan   nan   nan  -nan
-2.436 -4.118    nan   -inf 0.000 1.000  -nan  -nan  -nan  -nan
-2.427 -4.109    nan   -inf 0.000 1.000  -nan   nan   nan  -nan
-2.418 -4.100    nan   -inf 0.000 1.000  -nan  -nan  -nan  -nan
-2.408 -4.092    nan   -inf 0.000 1.000  -nan   nan   nan  -nan
-2.399 -4.083    nan   -inf 0.000 1.000  -nan  -nan  -nan  -nan
-2.390 -4.075    nan   -inf 0.000 1.000  -nan   nan   nan  -nan
-2.381 -4.066    nan   -inf 0.000 1.000  -nan  -nan  -nan  -nan
-2.372 -4.057    nan   -inf 0.000 1.000  -nan   nan   nan  -nan
-2.363 -4.049    nan   -inf 0.000 1.000  -nan  -nan  -nan  -nan
-2.354 -4.040    nan   -inf 0.000 1.000  -nan   nan   nan  -nan
-2.345 -4.032    nan   -inf 0.000 1.000  -nan  -nan  -nan  -nan
-2.336 -4.023    nan   -inf 0.000 1.000  -nan   nan   nan  -nan
-2.327 -4.014    nan   -inf 0.000 1.000  -nan  -nan  -nan  -nan
-2.318 -4.006    nan   -inf 0.000 1.000  -nan   nan   nan  -nan
-2.309 -3.997    nan   -inf 0.000 1.000  -nan  -nan  -nan  -nan
-2.291 -3.980    nan   -inf 0.000 1.000  -nan  -nan  -nan  -nan
-2.264 -3.954    nan   -inf 0.000 1.000  -nan   nan   nan  -nan
-2.237 -3.928    nan   -inf 0.000 1.000  -nan  -nan  -nan  -nan
-2.202 -3.894    nan   -inf 0.000 1.000  -nan  -nan  -nan  -nan
-2.175 -3.868    nan   -inf 0.000 1.000  -nan   nan   nan  -nan
-2.148 -3.842    nan   -inf 0.000 1.000  -nan  -nan  -nan  -nan
-2.113 -3.808    nan   -inf 0.000 1.000  -nan  -nan  -nan  -nan
-2.086 -3.782    nan   -inf 0.000 1.000  -nan   nan   nan  -nan
-2.060 -3.756    nan   -inf 0.000 1.000  -nan  -nan  -nan  -nan
-2.025 -3.722    nan   -inf 0.000 1.000  -nan  -nan  -nan  -nan
-1.998 -3.696    nan   -inf 0.000 1.000  -nan   nan   nan  -nan
