
#    t     dt   F+(4He)   F+(12C)   F+(16O)   F-(4He)   F-(12C)   F-(16O)   
-10.929 -11.893 4.242e+00 3.440e+00 2.468e-01 2.468e-01 3.691e+00 3.440e+00 4.242e+00 3.333e+00 3.440e+00
-10.879 -11.843 4.242e+00 3.440e+00 2.968e-01 2.968e-01 3.691e+00 3.440e+00 4.242e+00 3.333e+00 3.440e+00
-10.829 -11.793 4.242e+00 3.440e+00 3.468e-01 3.468e-01 3.691e+00 3.440e+00 4.242e+00 3.333e+00 3.440e+00
-10.779 -11.743 4.242e+00 3.440e+00 3.968e-01 3.968e-01 3.691e+00 3.440e+00 4.242e+00 3.333e+00 3.440e+00
-10.729 -11.693 4.242e+00 3.440e+00 4.468e-01 4.468e-01 3.691e+00 3.440e+00 4.242e+00 3.333e+00 3.440e+00
-10.679 -11.643 4.242e+00 3.440e+00 4.968e-01 4.968e-01 3.691e+00 3.440e+00 4.242e+00 3.333e+00 3.439e+00
-10.629 -11.593 4.242e+00 3.440e+00 5.468e-01 5.468e-01 3.691e+00 3.440e+00 4.242e+00 3.333e+00 3.439e+00
-10.579 -11.543 4.242e+00 3.440e+00 5.967e-01 5.967e-01 3.691e+00 3.440e+00 4.242e+00 3.333e+00 3.439e+00
-10.529 -11.493 4.242e+00 3.440e+00 6.467e-01 6.467e-01 3.691e+00 3.440e+00 4.242e+00 3.333e+00 3.439e+00
-10.479 -11.443 4.242e+00 3.440e+00 6.967e-01 6.967e-01 3.691e+00 3.440e+00 4.242e+00 3.333e+00 3.439e+00
-10.429 -11.393 4.242e+00 3.440e+00 7.467e-01 7.467e-01 3.691e+00 3.440e+00 4.242e+00 3.333e+00 3.439e+00
-10.379 -11.343 4.242e+00 3.440e+00 7.967e-01 7.967e-01 3.691e+00 3.440e+00 4.242e+00 3.334e+00 3.439e+00
-10.329 -11.293 4.242e+00 3.440e+00 8.467e-01 8.467e-01 3.691e+00 3.440e+00 4.242e+00 3.334e+00 3.439e+00
-10.279 -11.243 4.242e+00 3.440e+00 8.967e-01 8.967e-01 3.691e+00 3.440e+00 4.242e+00 3.334e+00 3.439e+00
-10.229 -11.193 4.242e+00 3.440e+00 9.466e-01 9.466e-01 3.691e+00 3.440e+00 4.242e+00 3.334e+00 3.439e+00
-10.179 -11.143 4.242e+00 3.440e+00 9.966e-01 9.966e-01 3.691e+00 3.440e+00 4.242e+00 3.334e+00 3.438e+00
-10.129 -11.093 4.242e+00 3.440e+00 1.047e+00 1.047e+00 3.692e+00 3.440e+00 4.242e+00 3.335e+00 3.438e+00
-10.079 -11.043 4.242e+00 3.440e+00 1.097e+00 1.097e+00 3.692e+00 3.440e+00 4.242e+00 3.335e+00 3.438e+00
-10.029 -10.993 4.242e+00 3.440e+00 1.147e+00 1.147e+00 3.692e+00 3.440e+00 4.242e+00 3.335e+00 3.438e+00
-9.979 -10.943 4.242e+00 3.440e+00 1.197e+00 1.197e+00 3.692e+00 3.440e+00 4.242e+00 3.336e+00 3.437e+00
-9.929 -10.893 4.242e+00 3.440e+00 1.246e+00 1.246e+00 3.692e+00 3.440e+00 4.242e+00 3.336e+00 3.437e+00
-9.879 -10.843 4.242e+00 3.440e+00 1.296e+00 1.296e+00 3.692e+00 3.440e+00 4.242e+00 3.336e+00 3.437e+00
-9.829 -10.793 4.242e+00 3.440e+00 1.346e+00 1.346e+00 3.692e+00 3.440e+00 4.242e+00 3.337e+00 3.436e+00
-9.779 -10.743 4.242e+00 3.440e+00 1.396e+00 1.396e+00 3.693e+00 3.440e+00 4.242e+00 3.337e+00 3.436e+00
-9.729 -10.693 4.242e+00 3.440e+00 1.446e+00 1.446e+00 3.693e+00 3.440e+00 4.241e+00 3.338e+00 3.436e+00
-9.679 -10.643 4.242e+00 3.440e+00 1.496e+00 1.496e+00 3.693e+00 3.440e+00 4.241e+00 3.339e+00 3.435e+00
-9.629 -10.593 4.242e+00 3.440e+00 1.546e+00 1.546e+00 3.694e+00 3.440e+00 4.241e+00 3.339e+00 3.434e+00
-9.579 -10.543 4.242e+00 3.440e+00 1.596e+00 1.596e+00 3.694e+00 3.440e+00 4.241e+00 3.340e+00 3.434e+00
-9.529 -10.493 4.242e+00 3.440e+00 1.646e+00 1.646e+00 3.694e+00 3.440e+00 4.241e+00 3.341e+00 3.433e+00
-9.479 -10.443 4.242e+00 3.440e+00 1.696e+00 1.696e+00 3.695e+00 3.440e+00 4.241e+00 3.342e+00 3.432e+00
-9.429 -10.393 4.242e+00 3.440e+00 1.746e+00 1.746e+00 3.695e+00 3.440e+00 4.241e+00 3.343e+00 3.431e+00
-9.379 -10.343 4.242e+00 3.440e+00 1.796e+00 1.796e+00 3.696e+00 3.440e+00 4.241e+00 3.345e+00 3.430e+00
-9.329 -10.293 4.242e+00 3.440e+00 1.846e+00 1.846e+00 3.697e+00 3.440e+00 4.240e+00 3.346e+00 3.429e+00
-9.279 -10.243 4.242e+00 3.440e+00 1.896e+00 1.896e+00 3.697e+00 3.440e+00 4.240e+00 3.348e+00 3.427e+00
-9.229 -10.193 4.242e+00 3.440e+00 1.946e+00 1.946e+00 3.698e+00 3.440e+00 4.240e+00 3.350e+00 3.426e+00
-9.179 -10.143 4.242e+00 3.440e+00 1.995e+00 1.995e+00 3.699e+00 3.440e+00 4.240e+00 3.352e+00 3.424e+00
-9.129 -10.093 4.242e+00 3.440e+00 2.045e+00 2.045e+00 3.700e+00 3.440e+00 4.239e+00 3.354e+00 3.422e+00
-9.079 -10.043 4.242e+00 3.440e+00 2.095e+00 2.095e+00 3.701e+00 3.440e+00 4.239e+00 3.357e+00 3.420e+00
-9.029 -9.993 4.242e+00 3.440e+00 2.145e+00 2.145e+00 3.703e+00 3.440e+00 4.239e+00 3.360e+00 3.417e+00
-8.979 -9.943 4.242e+00 3.440e+00 2.195e+00 2.195e+00 3.704e+00 3.440e+00 4.238e+00 3.363e+00 3.415e+00
-8.929 -9.893 4.242e+00 3.440e+00 2.244e+00 2.244e+00 3.706e+00 3.440e+00 4.238e+00 3.366e+00 3.411e+00
-8.880 -9.843 4.242e+00 3.440e+00 2.294e+00 2.294e+00 3.708e+00 3.440e+00 4.237e+00 3.370e+00 3.408e+00
-8.830 -9.793 4.242e+00 3.440e+00 2.344e+00 2.344e+00 3.710e+00 3.440e+00 4.237e+00 3.375e+00 3.404e+00
-8.780 -9.743 4.242e+00 3.440e+00 2.394e+00 2.394e+00 3.712e+00 3.440e+00 4.236e+00 3.380e+00 3.399e+00
-8.730 -9.693 4.242e+00 3.440e+00 2.443e+00 2.443e+00 3.714e+00 3.440e+00 4.235e+00 3.385e+00 3.394e+00
-8.680 -9.643 4.242e+00 3.440e+00 2.493e+00 2.493e+00 3.717e+00 3.440e+00 4.234e+00 3.391e+00 3.388e+00
-8.630 -9.593 4.242e+00 3.440e+00 2.542e+00 2.542e+00 3.720e+00 3.440e+00 4.233e+00 3.398e+00 3.381e+00
-8.580 -9.543 4.242e+00 3.440e+00 2.592e+00 2.592e+00 3.724e+00 3.440e+00 4.232e+00 3.405e+00 3.373e+00
-8.530 -9.493 4.242e+00 3.440e+00 2.641e+00 2.641e+00 3.728e+00 3.440e+00 4.231e+00 3.413e+00 3.365e+00
-8.480 -9.443 4.242e+00 3.440e+00 2.691e+00 2.691e+00 3.732e+00 3.440e+00 4.230e+00 3.422e+00 3.355e+00
-8.430 -9.393 4.242e+00 3.440e+00 2.740e+00 2.740e+00 3.737e+00 3.440e+00 4.228e+00 3.431e+00 3.343e+00
-8.380 -9.343 4.242e+00 3.440e+00 2.789e+00 2.789e+00 3.742e+00 3.440e+00 4.227e+00 3.442e+00 3.330e+00
-8.330 -9.293 4.242e+00 3.440e+00 2.838e+00 2.838e+00 3.748e+00 3.440e+00 4.225e+00 3.453e+00 3.315e+00
-8.280 -9.243 4.242e+00 3.440e+00 2.887e+00 2.887e+00 3.754e+00 3.440e+00 4.222e+00 3.465e+00 3.297e+00
-8.230 -9.193 4.242e+00 3.440e+00 2.936e+00 2.936e+00 3.761e+00 3.440e+00 4.220e+00 3.479e+00 3.277e+00
-8.180 -9.143 4.242e+00 3.440e+00 2.985e+00 2.985e+00 3.768e+00 3.440e+00 4.217e+00 3.493e+00 3.252e+00
-8.130 -9.093 4.242e+00 3.440e+00 3.033e+00 3.033e+00 3.777e+00 3.440e+00 4.214e+00 3.509e+00 3.224e+00
-8.080 -9.043 4.242e+00 3.440e+00 3.082e+00 3.082e+00 3.786e+00 3.440e+00 4.211e+00 3.526e+00 3.189e+00
-8.030 -8.993 4.242e+00 3.440e+00 3.130e+00 3.130e+00 3.796e+00 3.440e+00 4.207e+00 3.544e+00 3.147e+00
-7.980 -8.943 4.242e+00 3.440e+00 3.178e+00 3.178e+00 3.807e+00 3.440e+00 4.203e+00 3.563e+00 3.096e+00
-7.930 -8.893 4.242e+00 3.440e+00 3.225e+00 3.225e+00 3.818e+00 3.440e+00 4.198e+00 3.583e+00 3.030e+00
-7.880 -8.843 4.242e+00 3.440e+00 3.273e+00 3.273e+00 3.831e+00 3.440e+00 4.192e+00 3.604e+00 2.943e+00
-7.830 -8.793 4.242e+00 3.440e+00 3.320e+00 3.320e+00 3.844e+00 3.440e+00 4.186e+00 3.627e+00 2.821e+00
-7.780 -8.743 4.242e+00 3.440e+00 3.367e+00 3.367e+00 3.859e+00 3.440e+00 4.180e+00 3.651e+00 2.628e+00
-7.730 -8.693 4.242e+00 3.440e+00 3.413e+00 3.413e+00 3.874e+00 3.440e+00 4.172e+00 3.675e+00 2.211e+00
-7.680 -8.643 4.242e+00 3.440e+00 3.459e+00 3.459e+00 3.891e+00 3.440e+00 4.163e+00 3.701e+00 2.102e+00
-7.630 -8.593 4.242e+00 3.440e+00 3.505e+00 3.505e+00 3.908e+00 3.440e+00 4.154e+00 3.728e+00 2.648e+00
-7.580 -8.543 4.241e+00 3.440e+00 3.550e+00 3.550e+00 3.926e+00 3.440e+00 4.143e+00 3.755e+00 2.899e+00
-7.530 -8.493 4.241e+00 3.440e+00 3.594e+00 3.594e+00 3.945e+00 3.440e+00 4.130e+00 3.783e+00 3.069e+00
-7.480 -8.443 4.241e+00 3.440e+00 3.638e+00 3.638e+00 3.965e+00 3.440e+00 4.117e+00 3.811e+00 3.201e+00
-7.430 -8.393 4.241e+00 3.440e+00 3.680e+00 3.680e+00 3.986e+00 3.440e+00 4.101e+00 3.840e+00 3.309e+00
-7.380 -8.343 4.241e+00 3.440e+00 3.722e+00 3.722e+00 4.007e+00 3.440e+00 4.084e+00 3.870e+00 3.402e+00
-7.330 -8.293 4.240e+00 3.440e+00 3.764e+00 3.764e+00 4.029e+00 3.440e+00 4.064e+00 3.899e+00 3.484e+00
-7.280 -8.243 4.240e+00 3.440e+00 3.804e+00 3.804e+00 4.051e+00 3.440e+00 4.042e+00 3.929e+00 3.557e+00
-7.230 -8.193 4.240e+00 3.441e+00 3.842e+00 3.842e+00 4.073e+00 3.441e+00 4.018e+00 3.958e+00 3.623e+00
-7.180 -8.143 4.239e+00 3.441e+00 3.880e+00 3.880e+00 4.095e+00 3.441e+00 3.990e+00 3.986e+00 3.684e+00
-7.130 -8.093 4.239e+00 3.441e+00 3.916e+00 3.916e+00 4.117e+00 3.441e+00 3.959e+00 4.015e+00 3.739e+00
-7.080 -8.043 4.238e+00 3.442e+00 3.951e+00 3.951e+00 4.139e+00 3.442e+00 3.923e+00 4.042e+00 3.790e+00
-7.030 -7.993 4.238e+00 3.443e+00 3.984e+00 3.984e+00 4.160e+00 3.443e+00 3.884e+00 4.068e+00 3.836e+00
-6.980 -7.943 4.237e+00 3.443e+00 4.015e+00 4.015e+00 4.181e+00 3.443e+00 3.840e+00 4.093e+00 3.879e+00
-6.930 -7.893 4.236e+00 3.445e+00 4.044e+00 4.044e+00 4.200e+00 3.445e+00 3.790e+00 4.117e+00 3.918e+00
-6.880 -7.843 4.235e+00 3.446e+00 4.070e+00 4.070e+00 4.219e+00 3.446e+00 3.734e+00 4.138e+00 3.952e+00
-6.830 -7.793 4.233e+00 3.447e+00 4.094e+00 4.094e+00 4.236e+00 3.447e+00 3.671e+00 4.158e+00 3.984e+00
-6.780 -7.743 4.232e+00 3.449e+00 4.116e+00 4.116e+00 4.251e+00 3.449e+00 3.600e+00 4.176e+00 4.011e+00
-6.730 -7.693 4.230e+00 3.452e+00 4.135e+00 4.135e+00 4.264e+00 3.452e+00 3.522e+00 4.192e+00 4.035e+00
-6.680 -7.643 4.228e+00 3.454e+00 4.152e+00 4.152e+00 4.276e+00 3.454e+00 3.435e+00 4.205e+00 4.054e+00
-6.630 -7.593 4.225e+00 3.457e+00 4.165e+00 4.165e+00 4.285e+00 3.457e+00 3.338e+00 4.215e+00 4.070e+00
-6.580 -7.543 4.223e+00 3.461e+00 4.176e+00 4.176e+00 4.292e+00 3.461e+00 3.232e+00 4.223e+00 4.083e+00
-6.530 -7.493 4.219e+00 3.465e+00 4.183e+00 4.183e+00 4.297e+00 3.465e+00 3.117e+00 4.228e+00 4.091e+00
-6.480 -7.443 4.215e+00 3.470e+00 4.188e+00 4.188e+00 4.299e+00 3.470e+00 2.996e+00 4.230e+00 4.096e+00
-6.430 -7.393 4.211e+00 3.475e+00 4.191e+00 4.191e+00 4.300e+00 3.475e+00 2.872e+00 4.229e+00 4.098e+00
-6.380 -7.343 4.206e+00 3.481e+00 4.191e+00 4.191e+00 4.298e+00 3.481e+00 2.752e+00 4.226e+00 4.097e+00
-6.330 -7.293 4.201e+00 3.488e+00 4.189e+00 4.189e+00 4.295e+00 3.488e+00 2.645e+00 4.221e+00 4.092e+00
-6.280 -7.244 4.195e+00 3.495e+00 4.185e+00 4.185e+00 4.290e+00 3.495e+00 2.560e+00 4.214e+00 4.086e+00
-6.230 -7.194 4.188e+00 3.502e+00 4.179e+00 4.179e+00 4.283e+00 3.502e+00 2.503e+00 4.204e+00 4.076e+00
-6.180 -7.144 4.180e+00 3.511e+00 4.172e+00 4.172e+00 4.275e+00 3.511e+00 2.474e+00 4.193e+00 4.065e+00
-6.130 -7.094 4.172e+00 3.519e+00 4.163e+00 4.163e+00 4.265e+00 3.519e+00 2.464e+00 4.179e+00 4.052e+00
-6.080 -7.044 4.163e+00 3.529e+00 4.154e+00 4.154e+00 4.254e+00 3.529e+00 2.469e+00 4.164e+00 4.036e+00
-6.030 -6.994 4.152e+00 3.539e+00 4.143e+00 4.143e+00 4.242e+00 3.539e+00 2.481e+00 4.147e+00 4.018e+00
-5.980 -6.944 4.141e+00 3.549e+00 4.131e+00 4.131e+00 4.229e+00 3.549e+00 2.498e+00 4.127e+00 3.999e+00
-5.930 -6.894 4.128e+00 3.560e+00 4.117e+00 4.117e+00 4.214e+00 3.560e+00 2.518e+00 4.105e+00 3.976e+00
-5.880 -6.844 4.114e+00 3.572e+00 4.102e+00 4.102e+00 4.197e+00 3.572e+00 2.540e+00 4.080e+00 3.951e+00
-5.830 -6.794 4.099e+00 3.584e+00 4.086e+00 4.086e+00 4.179e+00 3.584e+00 2.565e+00 4.051e+00 3.922e+00
-5.780 -6.744 4.082e+00 3.596e+00 4.068e+00 4.068e+00 4.158e+00 3.596e+00 2.592e+00 4.019e+00 3.889e+00
-5.730 -6.694 4.064e+00 3.608e+00 4.048e+00 4.048e+00 4.136e+00 3.608e+00 2.622e+00 3.983e+00 3.852e+00
-5.686 -6.703 4.044e+00 3.620e+00 4.026e+00 4.026e+00 4.111e+00 3.620e+00 2.656e+00 3.942e+00 3.810e+00
-5.641 -6.653 4.024e+00 3.632e+00 4.004e+00 4.004e+00 4.086e+00 3.632e+00 2.689e+00 3.898e+00 3.764e+00
-5.596 -6.603 4.005e+00 3.642e+00 3.982e+00 3.982e+00 4.061e+00 3.642e+00 2.720e+00 3.852e+00 3.716e+00
-5.551 -6.553 3.984e+00 3.652e+00 3.958e+00 3.958e+00 4.033e+00 3.652e+00 2.756e+00 3.800e+00 3.662e+00
-5.505 -6.503 3.963e+00 3.662e+00 3.932e+00 3.932e+00 4.004e+00 3.662e+00 2.795e+00 3.740e+00 3.598e+00
-5.458 -6.453 3.941e+00 3.671e+00 3.905e+00 3.905e+00 3.973e+00 3.671e+00 2.836e+00 3.672e+00 3.525e+00
-5.412 -6.403 3.919e+00 3.680e+00 3.877e+00 3.877e+00 3.940e+00 3.680e+00 2.877e+00 3.593e+00 3.439e+00
-5.365 -6.353 3.897e+00 3.688e+00 3.848e+00 3.848e+00 3.906e+00 3.688e+00 2.917e+00 3.503e+00 3.338e+00
-5.317 -6.303 3.875e+00 3.695e+00 3.820e+00 3.820e+00 3.872e+00 3.695e+00 2.955e+00 3.398e+00 3.218e+00
-5.269 -6.253 3.855e+00 3.700e+00 3.792e+00 3.792e+00 3.840e+00 3.700e+00 2.986e+00 3.279e+00 3.073e+00
-5.222 -6.203 3.838e+00 3.705e+00 3.768e+00 3.768e+00 3.811e+00 3.705e+00 3.009e+00 3.144e+00 2.898e+00
-5.173 -6.153 3.822e+00 3.708e+00 3.748e+00 3.748e+00 3.786e+00 3.708e+00 3.020e+00 2.998e+00 2.685e+00
-5.135 -6.205 3.809e+00 3.711e+00 3.733e+00 3.733e+00 3.766e+00 3.711e+00 3.017e+00 2.846e+00 2.425e+00
-5.103 -6.249 3.800e+00 3.712e+00 3.724e+00 3.725e+00 3.755e+00 3.712e+00 3.000e+00 2.728e+00 2.179e+00
-5.074 -6.276 3.793e+00 3.713e+00 3.719e+00 3.719e+00 3.747e+00 3.713e+00 2.985e+00 2.630e+00 1.894e+00
-5.050 -6.311 3.787e+00 3.713e+00 3.716e+00 3.716e+00 3.742e+00 3.713e+00 2.970e+00 2.548e+00 1.494e+00
-5.024 -6.261 2.957e+00 -1.076e+00 -2.400e+01 -5.991e-01 2.479e+00 -2.400e+01 2.956e+00 2.479e+00 -2.400e+01
-4.997 -6.211 2.932e+00 -1.003e+00 -2.400e+01 -5.256e-01 2.455e+00 -2.400e+01 2.932e+00 2.455e+00 -2.400e+01
-4.968 -6.161 2.907e+00 -9.273e-01 -2.400e+01 -4.501e-01 2.430e+00 -2.400e+01 2.906e+00 2.429e+00 -2.400e+01
-4.938 -6.111 2.881e+00 -8.501e-01 -2.400e+01 -3.730e-01 2.404e+00 -2.400e+01 2.880e+00 2.403e+00 -2.400e+01
-4.906 -6.061 2.854e+00 -7.717e-01 -2.400e+01 -2.946e-01 2.377e+00 -2.400e+01 2.854e+00 2.377e+00 -2.400e+01
-4.873 -6.011 2.827e+00 -6.922e-01 -2.400e+01 -2.150e-01 2.350e+00 -2.400e+01 2.827e+00 2.350e+00 -2.400e+01
-4.839 -5.961 2.800e+00 -6.119e-01 -2.400e+01 -1.347e-01 2.323e+00 -2.400e+01 2.799e+00 2.322e+00 -2.400e+01
-4.804 -5.911 2.772e+00 -5.310e-01 -2.400e+01 -5.387e-02 2.295e+00 -2.400e+01 2.771e+00 2.294e+00 -2.400e+01
-4.768 -5.861 2.744e+00 -4.498e-01 -2.400e+01 2.732e-02 2.267e+00 -2.400e+01 2.743e+00 2.266e+00 -2.400e+01
-4.730 -5.811 2.716e+00 -3.685e-01 -2.400e+01 1.087e-01 2.239e+00 -2.400e+01 2.715e+00 2.238e+00 -2.400e+01
-4.691 -5.761 2.688e+00 -2.872e-01 -2.400e+01 1.900e-01 2.211e+00 -2.400e+01 2.686e+00 2.209e+00 -2.400e+01
-4.652 -5.711 2.660e+00 -2.060e-01 -2.400e+01 2.711e-01 2.182e+00 -2.400e+01 2.658e+00 2.181e+00 -2.400e+01
-4.611 -5.661 2.631e+00 -1.251e-01 -2.400e+01 3.520e-01 2.154e+00 -2.400e+01 2.629e+00 2.152e+00 -2.400e+01
-4.570 -5.611 2.603e+00 -4.456e-02 -2.400e+01 4.326e-01 2.126e+00 -2.400e+01 2.600e+00 2.123e+00 -2.400e+01
-4.528 -5.561 2.574e+00 3.553e-02 -2.400e+01 5.126e-01 2.097e+00 -2.400e+01 2.571e+00 2.093e+00 -2.400e+01
-4.485 -5.511 2.546e+00 1.151e-01 -2.400e+01 5.922e-01 2.069e+00 -2.400e+01 2.541e+00 2.064e+00 -2.400e+01
-4.441 -5.461 2.518e+00 1.941e-01 -2.400e+01 6.712e-01 2.041e+00 -2.400e+01 2.511e+00 2.034e+00 -2.400e+01
-4.397 -5.411 2.489e+00 2.724e-01 -2.400e+01 7.495e-01 2.012e+00 -2.400e+01 2.481e+00 2.004e+00 -2.400e+01
-4.352 -5.361 2.461e+00 3.500e-01 -2.400e+01 8.272e-01 1.984e+00 -2.400e+01 2.451e+00 1.974e+00 -2.400e+01
-4.307 -5.311 2.433e+00 4.269e-01 -2.400e+01 9.040e-01 1.956e+00 -2.400e+01 2.420e+00 1.943e+00 -2.400e+01
-4.261 -5.261 2.405e+00 5.029e-01 -2.400e+01 9.800e-01 1.928e+00 -2.400e+01 2.388e+00 1.911e+00 -2.400e+01
-4.219 -5.253   nan   nan   nan   nan   nan   nan   nan   nan   nan
-4.180 -5.244 -2.400e+01 -2.400e+01 -2.400e+01 -2.400e+01 -2.400e+01 -2.400e+01 -2.400e+01 -2.400e+01 -2.400e+01
-4.143 -5.236 -2.400e+01 -2.400e+01 -2.400e+01 -2.400e+01 -2.400e+01 -2.400e+01 -2.400e+01 -2.400e+01 -2.400e+01
-4.109 -5.227 -2.400e+01 -2.400e+01 -2.400e+01 -2.400e+01 -2.400e+01 -2.400e+01 -2.400e+01 -2.400e+01 -2.400e+01
-4.076 -5.218 -2.400e+01 -2.400e+01 -2.400e+01 -2.400e+01 -2.400e+01 -2.400e+01 -2.400e+01 -2.400e+01 -2.400e+01
-4.046 -5.210 -2.400e+01 -2.400e+01 -2.400e+01 -2.400e+01 -2.400e+01 -2.400e+01 -2.400e+01 -2.400e+01 -2.400e+01
-4.016 -5.201 -2.400e+01 -2.400e+01 -2.400e+01 -2.400e+01 -2.400e+01 -2.400e+01 -2.400e+01 -2.400e+01 -2.400e+01
-3.988 -5.193 -2.400e+01 -2.400e+01 -2.400e+01 -2.400e+01 -2.400e+01 -2.400e+01 -2.400e+01 -2.400e+01 -2.400e+01
-3.961 -5.184 -2.400e+01 -2.400e+01 -2.400e+01 -2.400e+01 -2.400e+01 -2.400e+01 -2.400e+01 -2.400e+01 -2.400e+01
-3.936 -5.175 -2.400e+01 -2.400e+01 -2.400e+01 -2.400e+01 -2.400e+01 -2.400e+01 -2.400e+01 -2.400e+01 -2.400e+01
-3.911 -5.167 -2.400e+01 -2.400e+01 -2.400e+01 -2.400e+01 -2.400e+01 -2.400e+01 -2.400e+01 -2.400e+01 -2.400e+01
-3.887 -5.158 -2.400e+01 -2.400e+01 -2.400e+01 -2.400e+01 -2.400e+01 -2.400e+01 -2.400e+01 -2.400e+01 -2.400e+01
-3.864 -5.150 -2.400e+01 -2.400e+01 -2.400e+01 -2.400e+01 -2.400e+01 -2.400e+01 -2.400e+01 -2.400e+01 -2.400e+01
-3.841 -5.141 -2.400e+01 -2.400e+01 -2.400e+01 -2.400e+01 -2.400e+01 -2.400e+01 -2.400e+01 -2.400e+01 -2.400e+01
-3.820 -5.132 -2.400e+01 -2.400e+01 -2.400e+01 -2.400e+01 -2.400e+01 -2.400e+01 -2.400e+01 -2.400e+01 -2.400e+01
-3.799 -5.124 -2.400e+01 -2.400e+01 -2.400e+01 -2.400e+01 -2.400e+01 -2.400e+01 -2.400e+01 -2.400e+01 -2.400e+01
-3.778 -5.115 -2.400e+01 -2.400e+01 -2.400e+01 -2.400e+01 -2.400e+01 -2.400e+01 -2.400e+01 -2.400e+01 -2.400e+01
-3.758 -5.107 -2.400e+01 -2.400e+01 -2.400e+01 -2.400e+01 -2.400e+01 -2.400e+01 -2.400e+01 -2.400e+01 -2.400e+01
-3.739 -5.098 -2.400e+01 -2.400e+01 -2.400e+01 -2.400e+01 -2.400e+01 -2.400e+01 -2.400e+01 -2.400e+01 -2.400e+01
-3.720 -5.089 -2.400e+01 -2.400e+01 -2.400e+01 -2.400e+01 -2.400e+01 -2.400e+01 -2.400e+01 -2.400e+01 -2.400e+01
-3.701 -5.081 -2.400e+01 -2.400e+01 -2.400e+01 -2.400e+01 -2.400e+01 -2.400e+01 -2.400e+01 -2.400e+01 -2.400e+01
-3.683 -5.072 -2.400e+01 -2.400e+01 -2.400e+01 -2.400e+01 -2.400e+01 -2.400e+01 -2.400e+01 -2.400e+01 -2.400e+01
-3.666 -5.064 -2.400e+01 -2.400e+01 -2.400e+01 -2.400e+01 -2.400e+01 -2.400e+01 -2.400e+01 -2.400e+01 -2.400e+01
-3.648 -5.055 -2.400e+01 -2.400e+01 -2.400e+01 -2.400e+01 -2.400e+01 -2.400e+01 -2.400e+01 -2.400e+01 -2.400e+01
-3.631 -5.046 -2.400e+01 -2.400e+01 -2.400e+01 -2.400e+01 -2.400e+01 -2.400e+01 -2.400e+01 -2.400e+01 -2.400e+01
-3.615 -5.038 -2.400e+01 -2.400e+01 -2.400e+01 -2.400e+01 -2.400e+01 -2.400e+01 -2.400e+01 -2.400e+01 -2.400e+01
-3.598 -5.029 -2.400e+01 -2.400e+01 -2.400e+01 -2.400e+01 -2.400e+01 -2.400e+01 -2.400e+01 -2.400e+01 -2.400e+01
-3.582 -5.021 -2.400e+01 -2.400e+01 -2.400e+01 -2.400e+01 -2.400e+01 -2.400e+01 -2.400e+01 -2.400e+01 -2.400e+01
-3.566 -5.012 -2.400e+01 -2.400e+01 -2.400e+01 -2.400e+01 -2.400e+01 -2.400e+01 -2.400e+01 -2.400e+01 -2.400e+01
-3.551 -5.003 -2.400e+01 -2.400e+01 -2.400e+01 -2.400e+01 -2.400e+01 -2.400e+01 -2.400e+01 -2.400e+01 -2.400e+01
-3.535 -4.995 -2.400e+01 -2.400e+01 -2.400e+01 -2.400e+01 -2.400e+01 -2.400e+01 -2.400e+01 -2.400e+01 -2.400e+01
-3.520 -4.986 -2.400e+01 -2.400e+01 -2.400e+01 -2.400e+01 -2.400e+01 -2.400e+01 -2.400e+01 -2.400e+01 -2.400e+01
-3.505 -4.978 -2.400e+01 -2.400e+01 -2.400e+01 -2.400e+01 -2.400e+01 -2.400e+01 -2.400e+01 -2.400e+01 -2.400e+01
-3.491 -4.969 -2.400e+01 -2.400e+01 -2.400e+01 -2.400e+01 -2.400e+01 -2.400e+01 -2.400e+01 -2.400e+01 -2.400e+01
-3.476 -4.960 -2.400e+01 -2.400e+01 -2.400e+01 -2.400e+01 -2.400e+01 -2.400e+01 -2.400e+01 -2.400e+01 -2.400e+01
-3.462 -4.952 -2.400e+01 -2.400e+01 -2.400e+01 -2.400e+01 -2.400e+01 -2.400e+01 -2.400e+01 -2.400e+01 -2.400e+01
-3.448 -4.943 -2.400e+01 -2.400e+01 -2.400e+01 -2.400e+01 -2.400e+01 -2.400e+01 -2.400e+01 -2.400e+01 -2.400e+01
-3.434 -4.935 -2.400e+01 -2.400e+01 -2.400e+01 -2.400e+01 -2.400e+01 -2.400e+01 -2.400e+01 -2.400e+01 -2.400e+01
-3.420 -4.926 -2.400e+01 -2.400e+01 -2.400e+01 -2.400e+01 -2.400e+01 -2.400e+01 -2.400e+01 -2.400e+01 -2.400e+01
-3.406 -4.917 -2.400e+01 -2.400e+01 -2.400e+01 -2.400e+01 -2.400e+01 -2.400e+01 -2.400e+01 -2.400e+01 -2.400e+01
-3.393 -4.909 -2.400e+01 -2.400e+01 -2.400e+01 -2.400e+01 -2.400e+01 -2.400e+01 -2.400e+01 -2.400e+01 -2.400e+01
-3.380 -4.900 -2.400e+01 -2.400e+01 -2.400e+01 -2.400e+01 -2.400e+01 -2.400e+01 -2.400e+01 -2.400e+01 -2.400e+01
-3.366 -4.892 -2.400e+01 -2.400e+01 -2.400e+01 -2.400e+01 -2.400e+01 -2.400e+01 -2.400e+01 -2.400e+01 -2.400e+01
-3.353 -4.883 -2.400e+01 -2.400e+01 -2.400e+01 -2.400e+01 -2.400e+01 -2.400e+01 -2.400e+01 -2.400e+01 -2.400e+01
-3.341 -4.874 -2.400e+01 -2.400e+01 -2.400e+01 -2.400e+01 -2.400e+01 -2.400e+01 -2.400e+01 -2.400e+01 -2.400e+01
-3.328 -4.866 -2.400e+01 -2.400e+01 -2.400e+01 -2.400e+01 -2.400e+01 -2.400e+01 -2.400e+01 -2.400e+01 -2.400e+01
-3.315 -4.857 -2.400e+01 -2.400e+01 -2.400e+01 -2.400e+01 -2.400e+01 -2.400e+01 -2.400e+01 -2.400e+01 -2.400e+01
-3.303 -4.849 -2.400e+01 -2.400e+01 -2.400e+01 -2.400e+01 -2.400e+01 -2.400e+01 -2.400e+01 -2.400e+01 -2.400e+01
-3.290 -4.840 -2.400e+01 -2.400e+01 -2.400e+01 -2.400e+01 -2.400e+01 -2.400e+01 -2.400e+01 -2.400e+01 -2.400e+01
-3.278 -4.831 -2.400e+01 -2.400e+01 -2.400e+01 -2.400e+01 -2.400e+01 -2.400e+01 -2.400e+01 -2.400e+01 -2.400e+01
-3.266 -4.823 -2.400e+01 -2.400e+01 -2.400e+01 -2.400e+01 -2.400e+01 -2.400e+01 -2.400e+01 -2.400e+01 -2.400e+01
-3.254 -4.814 -2.400e+01 -2.400e+01 -2.400e+01 -2.400e+01 -2.400e+01 -2.400e+01 -2.400e+01 -2.400e+01 -2.400e+01
-3.242 -4.806 -2.400e+01 -2.400e+01 -2.400e+01 -2.400e+01 -2.400e+01 -2.400e+01 -2.400e+01 -2.400e+01 -2.400e+01
-3.230 -4.797 -2.400e+01 -2.400e+01 -2.400e+01 -2.400e+01 -2.400e+01 -2.400e+01 -2.400e+01 -2.400e+01 -2.400e+01
-3.218 -4.788 -2.400e+01 -2.400e+01 -2.400e+01 -2.400e+01 -2.400e+01 -2.400e+01 -2.400e+01 -2.400e+01 -2.400e+01
-3.206 -4.780 -2.400e+01 -2.400e+01 -2.400e+01 -2.400e+01 -2.400e+01 -2.400e+01 -2.400e+01 -2.400e+01 -2.400e+01
-3.194 -4.771 -2.400e+01 -2.400e+01 -2.400e+01 -2.400e+01 -2.400e+01 -2.400e+01 -2.400e+01 -2.400e+01 -2.400e+01
-3.183 -4.763 -2.400e+01 -2.400e+01 -2.400e+01 -2.400e+01 -2.400e+01 -2.400e+01 -2.400e+01 -2.400e+01 -2.400e+01
-3.171 -4.754 -2.400e+01 -2.400e+01 -2.400e+01 -2.400e+01 -2.400e+01 -2.400e+01 -2.400e+01 -2.400e+01 -2.400e+01
-3.160 -4.745 -2.400e+01 -2.400e+01 -2.400e+01 -2.400e+01 -2.400e+01 -2.400e+01 -2.400e+01 -2.400e+01 -2.400e+01
-3.149 -4.737 -2.400e+01 -2.400e+01 -2.400e+01 -2.400e+01 -2.400e+01 -2.400e+01 -2.400e+01 -2.400e+01 -2.400e+01
-3.137 -4.728 -2.400e+01 -2.400e+01 -2.400e+01 -2.400e+01 -2.400e+01 -2.400e+01 -2.400e+01 -2.400e+01 -2.400e+01
-3.126 -4.720 -2.400e+01 -2.400e+01 -2.400e+01 -2.400e+01 -2.400e+01 -2.400e+01 -2.400e+01 -2.400e+01 -2.400e+01
-3.115 -4.711 -2.400e+01 -2.400e+01 -2.400e+01 -2.400e+01 -2.400e+01 -2.400e+01 -2.400e+01 -2.400e+01 -2.400e+01
-3.104 -4.702 -2.400e+01 -2.400e+01 -2.400e+01 -2.400e+01 -2.400e+01 -2.400e+01 -2.400e+01 -2.400e+01 -2.400e+01
-3.093 -4.694 -2.400e+01 -2.400e+01 -2.400e+01 -2.400e+01 -2.400e+01 -2.400e+01 -2.400e+01 -2.400e+01 -2.400e+01
-3.082 -4.685 -2.400e+01 -2.400e+01 -2.400e+01 -2.400e+01 -2.400e+01 -2.400e+01 -2.400e+01 -2.400e+01 -2.400e+01
-3.071 -4.677 -2.400e+01 -2.400e+01 -2.400e+01 -2.400e+01 -2.400e+01 -2.400e+01 -2.400e+01 -2.400e+01 -2.400e+01
-3.060 -4.668 -2.400e+01 -2.400e+01 -2.400e+01 -2.400e+01 -2.400e+01 -2.400e+01 -2.400e+01 -2.400e+01 -2.400e+01
-3.049 -4.659 -2.400e+01 -2.400e+01 -2.400e+01 -2.400e+01 -2.400e+01 -2.400e+01 -2.400e+01 -2.400e+01 -2.400e+01
-3.039 -4.651 -2.400e+01 -2.400e+01 -2.400e+01 -2.400e+01 -2.400e+01 -2.400e+01 -2.400e+01 -2.400e+01 -2.400e+01
-3.028 -4.642 -2.400e+01 -2.400e+01 -2.400e+01 -2.400e+01 -2.400e+01 -2.400e+01 -2.400e+01 -2.400e+01 -2.400e+01
-3.017 -4.634 -2.400e+01 -2.400e+01 -2.400e+01 -2.400e+01 -2.400e+01 -2.400e+01 -2.400e+01 -2.400e+01 -2.400e+01
-3.007 -4.625 -2.400e+01 -2.400e+01 -2.400e+01 -2.400e+01 -2.400e+01 -2.400e+01 -2.400e+01 -2.400e+01 -2.400e+01
-2.996 -4.616 -2.400e+01 -2.400e+01 -2.400e+01 -2.400e+01 -2.400e+01 -2.400e+01 -2.400e+01 -2.400e+01 -2.400e+01
-2.986 -4.608 -2.400e+01 -2.400e+01 -2.400e+01 -2.400e+01 -2.400e+01 -2.400e+01 -2.400e+01 -2.400e+01 -2.400e+01
-2.975 -4.599 -2.400e+01 -2.400e+01 -2.400e+01 -2.400e+01 -2.400e+01 -2.400e+01 -2.400e+01 -2.400e+01 -2.400e+01
-2.965 -4.591 -2.400e+01 -2.400e+01 -2.400e+01 -2.400e+01 -2.400e+01 -2.400e+01 -2.400e+01 -2.400e+01 -2.400e+01
-2.954 -4.582 -2.400e+01 -2.400e+01 -2.400e+01 -2.400e+01 -2.400e+01 -2.400e+01 -2.400e+01 -2.400e+01 -2.400e+01
-2.944 -4.573 -2.400e+01 -2.400e+01 -2.400e+01 -2.400e+01 -2.400e+01 -2.400e+01 -2.400e+01 -2.400e+01 -2.400e+01
-2.934 -4.565 -2.400e+01 -2.400e+01 -2.400e+01 -2.400e+01 -2.400e+01 -2.400e+01 -2.400e+01 -2.400e+01 -2.400e+01
-2.924 -4.556 -2.400e+01 -2.400e+01 -2.400e+01 -2.400e+01 -2.400e+01 -2.400e+01 -2.400e+01 -2.400e+01 -2.400e+01
-2.913 -4.548 -2.400e+01 -2.400e+01 -2.400e+01 -2.400e+01 -2.400e+01 -2.400e+01 -2.400e+01 -2.400e+01 -2.400e+01
-2.903 -4.539 -2.400e+01 -2.400e+01 -2.400e+01 -2.400e+01 -2.400e+01 -2.400e+01 -2.400e+01 -2.400e+01 -2.400e+01
-2.893 -4.530 -2.400e+01 -2.400e+01 -2.400e+01 -2.400e+01 -2.400e+01 -2.400e+01 -2.400e+01 -2.400e+01 -2.400e+01
-2.883 -4.522 -2.400e+01 -2.400e+01 -2.400e+01 -2.400e+01 -2.400e+01 -2.400e+01 -2.400e+01 -2.400e+01 -2.400e+01
-2.873 -4.513 -2.400e+01 -2.400e+01 -2.400e+01 -2.400e+01 -2.400e+01 -2.400e+01 -2.400e+01 -2.400e+01 -2.400e+01
-2.863 -4.505 -2.400e+01 -2.400e+01 -2.400e+01 -2.400e+01 -2.400e+01 -2.400e+01 -2.400e+01 -2.400e+01 -2.400e+01
-2.853 -4.496 -2.400e+01 -2.400e+01 -2.400e+01 -2.400e+01 -2.400e+01 -2.400e+01 -2.400e+01 -2.400e+01 -2.400e+01
-2.843 -4.487 -2.400e+01 -2.400e+01 -2.400e+01 -2.400e+01 -2.400e+01 -2.400e+01 -2.400e+01 -2.400e+01 -2.400e+01
-2.833 -4.479 -2.400e+01 -2.400e+01 -2.400e+01 -2.400e+01 -2.400e+01 -2.400e+01 -2.400e+01 -2.400e+01 -2.400e+01
-2.823 -4.470 -2.400e+01 -2.400e+01 -2.400e+01 -2.400e+01 -2.400e+01 -2.400e+01 -2.400e+01 -2.400e+01 -2.400e+01
-2.813 -4.462 -2.400e+01 -2.400e+01 -2.400e+01 -2.400e+01 -2.400e+01 -2.400e+01 -2.400e+01 -2.400e+01 -2.400e+01
-2.803 -4.453 -2.400e+01 -2.400e+01 -2.400e+01 -2.400e+01 -2.400e+01 -2.400e+01 -2.400e+01 -2.400e+01 -2.400e+01
-2.794 -4.444 -2.400e+01 -2.400e+01 -2.400e+01 -2.400e+01 -2.400e+01 -2.400e+01 -2.400e+01 -2.400e+01 -2.400e+01
-2.784 -4.436 -2.400e+01 -2.400e+01 -2.400e+01 -2.400e+01 -2.400e+01 -2.400e+01 -2.400e+01 -2.400e+01 -2.400e+01
-2.774 -4.427 -2.400e+01 -2.400e+01 -2.400e+01 -2.400e+01 -2.400e+01 -2.400e+01 -2.400e+01 -2.400e+01 -2.400e+01
-2.764 -4.419 -2.400e+01 -2.400e+01 -2.400e+01 -2.400e+01 -2.400e+01 -2.400e+01 -2.400e+01 -2.400e+01 -2.400e+01
-2.755 -4.410 -2.400e+01 -2.400e+01 -2.400e+01 -2.400e+01 -2.400e+01 -2.400e+01 -2.400e+01 -2.400e+01 -2.400e+01
-2.745 -4.401 -2.400e+01 -2.400e+01 -2.400e+01 -2.400e+01 -2.400e+01 -2.400e+01 -2.400e+01 -2.400e+01 -2.400e+01
-2.735 -4.393 -2.400e+01 -2.400e+01 -2.400e+01 -2.400e+01 -2.400e+01 -2.400e+01 -2.400e+01 -2.400e+01 -2.400e+01
-2.726 -4.384 -2.400e+01 -2.400e+01 -2.400e+01 -2.400e+01 -2.400e+01 -2.400e+01 -2.400e+01 -2.400e+01 -2.400e+01
-2.716 -4.376 -2.400e+01 -2.400e+01 -2.400e+01 -2.400e+01 -2.400e+01 -2.400e+01 -2.400e+01 -2.400e+01 -2.400e+01
-2.706 -4.367 -2.400e+01 -2.400e+01 -2.400e+01 -2.400e+01 -2.400e+01 -2.400e+01 -2.400e+01 -2.400e+01 -2.400e+01
-2.697 -4.358 -2.400e+01 -2.400e+01 -2.400e+01 -2.400e+01 -2.400e+01 -2.400e+01 -2.400e+01 -2.400e+01 -2.400e+01
-2.687 -4.350 -2.400e+01 -2.400e+01 -2.400e+01 -2.400e+01 -2.400e+01 -2.400e+01 -2.400e+01 -2.400e+01 -2.400e+01
-2.678 -4.341 -2.400e+01 -2.400e+01 -2.400e+01 -2.400e+01 -2.400e+01 -2.400e+01 -2.400e+01 -2.400e+01 -2.400e+01
-2.668 -4.333 -2.400e+01 -2.400e+01 -2.400e+01 -2.400e+01 -2.400e+01 -2.400e+01 -2.400e+01 -2.400e+01 -2.400e+01
-2.659 -4.324 -2.400e+01 -2.400e+01 -2.400e+01 -2.400e+01 -2.400e+01 -2.400e+01 -2.400e+01 -2.400e+01 -2.400e+01
-2.649 -4.315 -2.400e+01 -2.400e+01 -2.400e+01 -2.400e+01 -2.400e+01 -2.400e+01 -2.400e+01 -2.400e+01 -2.400e+01
-2.640 -4.307 -2.400e+01 -2.400e+01 -2.400e+01 -2.400e+01 -2.400e+01 -2.400e+01 -2.400e+01 -2.400e+01 -2.400e+01
-2.630 -4.298 -2.400e+01 -2.400e+01 -2.400e+01 -2.400e+01 -2.400e+01 -2.400e+01 -2.400e+01 -2.400e+01 -2.400e+01
-2.621 -4.290 -2.400e+01 -2.400e+01 -2.400e+01 -2.400e+01 -2.400e+01 -2.400e+01 -2.400e+01 -2.400e+01 -2.400e+01
-2.612 -4.281 -2.400e+01 -2.400e+01 -2.400e+01 -2.400e+01 -2.400e+01 -2.400e+01 -2.400e+01 -2.400e+01 -2.400e+01
-2.602 -4.272 -2.400e+01 -2.400e+01 -2.400e+01 -2.400e+01 -2.400e+01 -2.400e+01 -2.400e+01 -2.400e+01 -2.400e+01
-2.593 -4.264 -2.400e+01 -2.400e+01 -2.400e+01 -2.400e+01 -2.400e+01 -2.400e+01 -2.400e+01 -2.400e+01 -2.400e+01
-2.583 -4.255 -2.400e+01 -2.400e+01 -2.400e+01 -2.400e+01 -2.400e+01 -2.400e+01 -2.400e+01 -2.400e+01 -2.400e+01
-2.574 -4.247 -2.400e+01 -2.400e+01 -2.400e+01 -2.400e+01 -2.400e+01 -2.400e+01 -2.400e+01 -2.400e+01 -2.400e+01
-2.565 -4.238 -2.400e+01 -2.400e+01 -2.400e+01 -2.400e+01 -2.400e+01 -2.400e+01 -2.400e+01 -2.400e+01 -2.400e+01
-2.556 -4.229 -2.400e+01 -2.400e+01 -2.400e+01 -2.400e+01 -2.400e+01 -2.400e+01 -2.400e+01 -2.400e+01 -2.400e+01
-2.546 -4.221 -2.400e+01 -2.400e+01 -2.400e+01 -2.400e+01 -2.400e+01 -2.400e+01 -2.400e+01 -2.400e+01 -2.400e+01
-2.537 -4.212 -2.400e+01 -2.400e+01 -2.400e+01 -2.400e+01 -2.400e+01 -2.400e+01 -2.400e+01 -2.400e+01 -2.400e+01
-2.528 -4.204 -2.400e+01 -2.400e+01 -2.400e+01 -2.400e+01 -2.400e+01 -2.400e+01 -2.400e+01 -2.400e+01 -2.400e+01
-2.518 -4.195 -2.400e+01 -2.400e+01 -2.400e+01 -2.400e+01 -2.400e+01 -2.400e+01 -2.400e+01 -2.400e+01 -2.400e+01
-2.509 -4.186 -2.400e+01 -2.400e+01 -2.400e+01 -2.400e+01 -2.400e+01 -2.400e+01 -2.400e+01 -2.400e+01 -2.400e+01
-2.500 -4.178 -2.400e+01 -2.400e+01 -2.400e+01 -2.400e+01 -2.400e+01 -2.400e+01 -2.400e+01 -2.400e+01 -2.400e+01
-2.491 -4.169 -2.400e+01 -2.400e+01 -2.400e+01 -2.400e+01 -2.400e+01 -2.400e+01 -2.400e+01 -2.400e+01 -2.400e+01
-2.482 -4.161 -2.400e+01 -2.400e+01 -2.400e+01 -2.400e+01 -2.400e+01 -2.400e+01 -2.400e+01 -2.400e+01 -2.400e+01
-2.472 -4.152 -2.400e+01 -2.400e+01 -2.400e+01 -2.400e+01 -2.400e+01 -2.400e+01 -2.400e+01 -2.400e+01 -2.400e+01
-2.463 -4.143 -2.400e+01 -2.400e+01 -2.400e+01 -2.400e+01 -2.400e+01 -2.400e+01 -2.400e+01 -2.400e+01 -2.400e+01
-2.454 -4.135 -2.400e+01 -2.400e+01 -2.400e+01 -2.400e+01 -2.400e+01 -2.400e+01 -2.400e+01 -2.400e+01 -2.400e+01
-2.445 -4.126 -2.400e+01 -2.400e+01 -2.400e+01 -2.400e+01 -2.400e+01 -2.400e+01 -2.400e+01 -2.400e+01 -2.400e+01
-2.436 -4.118 -2.400e+01 -2.400e+01 -2.400e+01 -2.400e+01 -2.400e+01 -2.400e+01 -2.400e+01 -2.400e+01 -2.400e+01
-2.427 -4.109 -2.400e+01 -2.400e+01 -2.400e+01 -2.400e+01 -2.400e+01 -2.400e+01 -2.400e+01 -2.400e+01 -2.400e+01
-2.418 -4.100 -2.400e+01 -2.400e+01 -2.400e+01 -2.400e+01 -2.400e+01 -2.400e+01 -2.400e+01 -2.400e+01 -2.400e+01
-2.408 -4.092 -2.400e+01 -2.400e+01 -2.400e+01 -2.400e+01 -2.400e+01 -2.400e+01 -2.400e+01 -2.400e+01 -2.400e+01
-2.399 -4.083 -2.400e+01 -2.400e+01 -2.400e+01 -2.400e+01 -2.400e+01 -2.400e+01 -2.400e+01 -2.400e+01 -2.400e+01
-2.390 -4.075 -2.400e+01 -2.400e+01 -2.400e+01 -2.400e+01 -2.400e+01 -2.400e+01 -2.400e+01 -2.400e+01 -2.400e+01
-2.381 -4.066 -2.400e+01 -2.400e+01 -2.400e+01 -2.400e+01 -2.400e+01 -2.400e+01 -2.400e+01 -2.400e+01 -2.400e+01
-2.372 -4.057 -2.400e+01 -2.400e+01 -2.400e+01 -2.400e+01 -2.400e+01 -2.400e+01 -2.400e+01 -2.400e+01 -2.400e+01
-2.363 -4.049 -2.400e+01 -2.400e+01 -2.400e+01 -2.400e+01 -2.400e+01 -2.400e+01 -2.400e+01 -2.400e+01 -2.400e+01
-2.354 -4.040 -2.400e+01 -2.400e+01 -2.400e+01 -2.400e+01 -2.400e+01 -2.400e+01 -2.400e+01 -2.400e+01 -2.400e+01
-2.345 -4.032 -2.400e+01 -2.400e+01 -2.400e+01 -2.400e+01 -2.400e+01 -2.400e+01 -2.400e+01 -2.400e+01 -2.400e+01
-2.336 -4.023 -2.400e+01 -2.400e+01 -2.400e+01 -2.400e+01 -2.400e+01 -2.400e+01 -2.400e+01 -2.400e+01 -2.400e+01
-2.327 -4.014 -2.400e+01 -2.400e+01 -2.400e+01 -2.400e+01 -2.400e+01 -2.400e+01 -2.400e+01 -2.400e+01 -2.400e+01
-2.318 -4.006 -2.400e+01 -2.400e+01 -2.400e+01 -2.400e+01 -2.400e+01 -2.400e+01 -2.400e+01 -2.400e+01 -2.400e+01
-2.309 -3.997 -2.400e+01 -2.400e+01 -2.400e+01 -2.400e+01 -2.400e+01 -2.400e+01 -2.400e+01 -2.400e+01 -2.400e+01
-2.291 -3.980 -2.400e+01 -2.400e+01 -2.400e+01 -2.400e+01 -2.400e+01 -2.400e+01 -2.400e+01 -2.400e+01 -2.400e+01
-2.264 -3.954 -2.400e+01 -2.400e+01 -2.400e+01 -2.400e+01 -2.400e+01 -2.400e+01 -2.400e+01 -2.400e+01 -2.400e+01
-2.237 -3.928 -2.400e+01 -2.400e+01 -2.400e+01 -2.400e+01 -2.400e+01 -2.400e+01 -2.400e+01 -2.400e+01 -2.400e+01
-2.202 -3.894 -2.400e+01 -2.400e+01 -2.400e+01 -2.400e+01 -2.400e+01 -2.400e+01 -2.400e+01 -2.400e+01 -2.400e+01
-2.175 -3.868 -2.400e+01 -2.400e+01 -2.400e+01 -2.400e+01 -2.400e+01 -2.400e+01 -2.400e+01 -2.400e+01 -2.400e+01
-2.148 -3.842 -2.400e+01 -2.400e+01 -2.400e+01 -2.400e+01 -2.400e+01 -2.400e+01 -2.400e+01 -2.400e+01 -2.400e+01
-2.113 -3.808 -2.400e+01 -2.400e+01 -2.400e+01 -2.400e+01 -2.400e+01 -2.400e+01 -2.400e+01 -2.400e+01 -2.400e+01
-2.086 -3.782 -2.400e+01 -2.400e+01 -2.400e+01 -2.400e+01 -2.400e+01 -2.400e+01 -2.400e+01 -2.400e+01 -2.400e+01
-2.060 -3.756 -2.400e+01 -2.400e+01 -2.400e+01 -2.400e+01 -2.400e+01 -2.400e+01 -2.400e+01 -2.400e+01 -2.400e+01
-2.025 -3.722 -2.400e+01 -2.400e+01 -2.400e+01 -2.400e+01 -2.400e+01 -2.400e+01 -2.400e+01 -2.400e+01 -2.400e+01
-1.998 -3.696 -2.400e+01 -2.400e+01 -2.400e+01 -2.400e+01 -2.400e+01 -2.400e+01 -2.400e+01 -2.400e+01 -2.400e+01