# ASY+PE method (with partition functions): 1834 integration steps in 2.1211e-02 seconds
# All quantities except Asy, RG_PE, and sumX are log10(x)
# Log of absolute values for E and dE/dt as they can be negative
# Units: t and dt in s; E in erg; dE/dt in erg/g/s; others dimensionless 
#
#    t     dt     |E|  |dE/dt| Asy  Equil  sumX  X(4He)     X(12C)     X(16O)     X(20Ne)     X(24Mg)     X(28Si)     X(32S)     X(36Ar)     X(40Ca)     X(44Ti)     X(48Cr)     X(52Fe)     X(56Ni)     X(60Zn)     X(64Ge)     X(68Se)     

-17.930 -18.972 10.285 28.219 0.000 0.000 1.000 -7.763e+00 -3.010e-01 -3.010e-01 -7.083e+00 -8.395e+00 -1.009e+01 -2.400e+01 -2.400e+01 -2.400e+01 -2.400e+01 -2.400e+01 -2.400e+01 -2.400e+01 -2.400e+01 -2.400e+01 -2.400e+01
-17.889 -18.930 10.326 28.219 0.000 0.000 1.000 -7.721e+00 -3.010e-01 -3.010e-01 -7.041e+00 -8.353e+00 -1.004e+01 -2.400e+01 -2.400e+01 -2.400e+01 -2.400e+01 -2.400e+01 -2.400e+01 -2.400e+01 -2.400e+01 -2.400e+01 -2.400e+01
-17.806 -18.848 10.410 28.219 0.000 0.000 1.000 -7.638e+00 -3.010e-01 -3.010e-01 -6.958e+00 -8.270e+00 -9.960e+00 -2.400e+01 -2.400e+01 -2.400e+01 -2.400e+01 -2.400e+01 -2.400e+01 -2.400e+01 -2.400e+01 -2.400e+01 -2.400e+01
-17.765 -18.806 10.451 28.219 0.000 0.000 1.000 -7.596e+00 -3.010e-01 -3.010e-01 -6.916e+00 -8.228e+00 -9.919e+00 -2.400e+01 -2.400e+01 -2.400e+01 -2.400e+01 -2.400e+01 -2.400e+01 -2.400e+01 -2.400e+01 -2.400e+01 -2.400e+01
-17.723 -18.765 10.493 28.219 0.000 0.000 1.000 -7.555e+00 -3.010e-01 -3.010e-01 -6.874e+00 -8.187e+00 -9.877e+00 -2.400e+01 -2.400e+01 -2.400e+01 -2.400e+01 -2.400e+01 -2.400e+01 -2.400e+01 -2.400e+01 -2.400e+01 -2.400e+01
-17.641 -18.682 10.576 28.219 0.000 0.000 1.000 -7.471e+00 -3.010e-01 -3.010e-01 -6.791e+00 -8.103e+00 -9.794e+00 -2.399e+01 -2.400e+01 -2.400e+01 -2.400e+01 -2.400e+01 -2.400e+01 -2.400e+01 -2.400e+01 -2.400e+01 -2.400e+01
-17.599 -18.641 10.618 28.219 0.000 0.000 1.000 -7.430e+00 -3.010e-01 -3.010e-01 -6.750e+00 -8.062e+00 -9.752e+00 -2.399e+01 -2.400e+01 -2.400e+01 -2.400e+01 -2.400e+01 -2.400e+01 -2.400e+01 -2.400e+01 -2.400e+01 -2.400e+01
-17.558 -18.599 10.659 28.219 0.000 0.000 1.000 -7.388e+00 -3.010e-01 -3.010e-01 -6.708e+00 -8.020e+00 -9.711e+00 -2.398e+01 -2.400e+01 -2.400e+01 -2.400e+01 -2.400e+01 -2.400e+01 -2.400e+01 -2.400e+01 -2.400e+01 -2.400e+01
-17.516 -18.558 10.701 28.219 0.000 0.000 1.000 -7.347e+00 -3.010e-01 -3.010e-01 -6.667e+00 -7.979e+00 -9.669e+00 -2.398e+01 -2.400e+01 -2.400e+01 -2.400e+01 -2.400e+01 -2.400e+01 -2.400e+01 -2.400e+01 -2.400e+01 -2.400e+01
-17.434 -18.475 10.784 28.219 0.000 0.000 1.000 -7.264e+00 -3.010e-01 -3.010e-01 -6.584e+00 -7.896e+00 -9.586e+00 -2.396e+01 -2.400e+01 -2.400e+01 -2.400e+01 -2.400e+01 -2.400e+01 -2.400e+01 -2.400e+01 -2.400e+01 -2.400e+01
-17.392 -18.434 10.825 28.219 0.000 0.000 1.000 -7.222e+00 -3.010e-01 -3.010e-01 -6.542e+00 -7.854e+00 -9.545e+00 -2.395e+01 -2.400e+01 -2.400e+01 -2.400e+01 -2.400e+01 -2.400e+01 -2.400e+01 -2.400e+01 -2.400e+01 -2.400e+01
-17.351 -18.392 10.867 28.219 0.000 0.000 1.000 -7.181e+00 -3.010e-01 -3.010e-01 -6.501e+00 -7.813e+00 -9.503e+00 -2.394e+01 -2.400e+01 -2.400e+01 -2.400e+01 -2.400e+01 -2.400e+01 -2.400e+01 -2.400e+01 -2.400e+01 -2.400e+01
-17.268 -18.309 10.950 28.219 0.000 0.000 1.000 -7.098e+00 -3.010e-01 -3.010e-01 -6.418e+00 -7.730e+00 -9.420e+00 -2.390e+01 -2.400e+01 -2.400e+01 -2.400e+01 -2.400e+01 -2.400e+01 -2.400e+01 -2.400e+01 -2.400e+01 -2.400e+01
-17.227 -18.268 10.991 28.219 0.000 0.000 1.000 -7.056e+00 -3.010e-01 -3.010e-01 -6.376e+00 -7.688e+00 -9.379e+00 -2.387e+01 -2.400e+01 -2.400e+01 -2.400e+01 -2.400e+01 -2.400e+01 -2.400e+01 -2.400e+01 -2.400e+01 -2.400e+01
-17.185 -18.227 11.033 28.219 0.000 0.000 1.000 -7.015e+00 -3.010e-01 -3.010e-01 -6.335e+00 -7.647e+00 -9.337e+00 -2.383e+01 -2.400e+01 -2.400e+01 -2.400e+01 -2.400e+01 -2.400e+01 -2.400e+01 -2.400e+01 -2.400e+01 -2.400e+01
-17.144 -18.185 11.074 28.219 0.000 0.000 1.000 -6.973e+00 -3.010e-01 -3.010e-01 -6.293e+00 -7.605e+00 -9.296e+00 -2.379e+01 -2.400e+01 -2.400e+01 -2.400e+01 -2.400e+01 -2.400e+01 -2.400e+01 -2.400e+01 -2.400e+01 -2.400e+01
-17.061 -18.103 11.157 28.219 0.000 0.000 1.000 -6.891e+00 -3.010e-01 -3.010e-01 -6.210e+00 -7.522e+00 -9.213e+00 -2.367e+01 -2.400e+01 -2.400e+01 -2.400e+01 -2.400e+01 -2.400e+01 -2.400e+01 -2.400e+01 -2.400e+01 -2.400e+01
-17.020 -18.061 11.199 28.219 0.000 0.000 1.000 -6.849e+00 -3.010e-01 -3.010e-01 -6.169e+00 -7.481e+00 -9.172e+00 -2.360e+01 -2.400e+01 -2.400e+01 -2.400e+01 -2.400e+01 -2.400e+01 -2.400e+01 -2.400e+01 -2.400e+01 -2.400e+01
-16.978 -18.020 11.240 28.219 0.000 0.000 1.000 -6.808e+00 -3.010e-01 -3.010e-01 -6.128e+00 -7.440e+00 -9.130e+00 -2.353e+01 -2.400e+01 -2.400e+01 -2.400e+01 -2.400e+01 -2.400e+01 -2.400e+01 -2.400e+01 -2.400e+01 -2.400e+01
-16.896 -17.937 11.323 28.219 0.000 0.000 1.000 -6.725e+00 -3.010e-01 -3.010e-01 -6.045e+00 -7.357e+00 -9.047e+00 -2.335e+01 -2.400e+01 -2.400e+01 -2.400e+01 -2.400e+01 -2.400e+01 -2.400e+01 -2.400e+01 -2.400e+01 -2.400e+01
-16.854 -17.896 11.364 28.219 0.000 0.000 1.000 -6.683e+00 -3.010e-01 -3.010e-01 -6.003e+00 -7.315e+00 -9.006e+00 -2.325e+01 -2.400e+01 -2.400e+01 -2.400e+01 -2.400e+01 -2.400e+01 -2.400e+01 -2.400e+01 -2.400e+01 -2.400e+01
-16.813 -17.854 11.406 28.219 0.000 0.000 1.000 -6.642e+00 -3.010e-01 -3.010e-01 -5.962e+00 -7.274e+00 -8.964e+00 -2.314e+01 -2.400e+01 -2.400e+01 -2.400e+01 -2.400e+01 -2.400e+01 -2.400e+01 -2.400e+01 -2.400e+01 -2.400e+01
-16.771 -17.813 11.447 28.219 0.000 0.000 1.000 -6.601e+00 -3.010e-01 -3.010e-01 -5.920e+00 -7.233e+00 -8.923e+00 -2.303e+01 -2.400e+01 -2.400e+01 -2.400e+01 -2.400e+01 -2.400e+01 -2.400e+01 -2.400e+01 -2.400e+01 -2.400e+01
-16.689 -17.730 11.530 28.219 0.000 0.000 1.000 -6.518e+00 -3.010e-01 -3.010e-01 -5.838e+00 -7.150e+00 -8.840e+00 -2.281e+01 -2.400e+01 -2.400e+01 -2.400e+01 -2.400e+01 -2.400e+01 -2.400e+01 -2.400e+01 -2.400e+01 -2.400e+01
-16.647 -17.689 11.571 28.219 0.000 0.000 1.000 -6.476e+00 -3.010e-01 -3.010e-01 -5.796e+00 -7.108e+00 -8.799e+00 -2.269e+01 -2.400e+01 -2.400e+01 -2.400e+01 -2.400e+01 -2.400e+01 -2.400e+01 -2.400e+01 -2.400e+01 -2.400e+01
-16.606 -17.647 11.613 28.219 0.000 0.000 1.000 -6.435e+00 -3.010e-01 -3.010e-01 -5.755e+00 -7.067e+00 -8.757e+00 -2.257e+01 -2.400e+01 -2.400e+01 -2.400e+01 -2.400e+01 -2.400e+01 -2.400e+01 -2.400e+01 -2.400e+01 -2.400e+01
-16.523 -17.564 11.696 28.219 0.000 0.000 1.000 -6.352e+00 -3.010e-01 -3.010e-01 -5.672e+00 -6.984e+00 -8.675e+00 -2.233e+01 -2.400e+01 -2.400e+01 -2.400e+01 -2.400e+01 -2.400e+01 -2.400e+01 -2.400e+01 -2.400e+01 -2.400e+01
-16.482 -17.523 11.737 28.219 0.000 0.000 1.000 -6.311e+00 -3.010e-01 -3.010e-01 -5.631e+00 -6.943e+00 -8.633e+00 -2.221e+01 -2.400e+01 -2.400e+01 -2.400e+01 -2.400e+01 -2.400e+01 -2.400e+01 -2.400e+01 -2.400e+01 -2.400e+01
-16.440 -17.482 11.778 28.219 0.000 0.000 1.000 -6.269e+00 -3.010e-01 -3.010e-01 -5.589e+00 -6.901e+00 -8.592e+00 -2.208e+01 -2.400e+01 -2.400e+01 -2.400e+01 -2.400e+01 -2.400e+01 -2.400e+01 -2.400e+01 -2.400e+01 -2.400e+01
-16.399 -17.440 11.820 28.219 0.000 0.000 1.000 -6.228e+00 -3.010e-01 -3.010e-01 -5.548e+00 -6.860e+00 -8.550e+00 -2.196e+01 -2.400e+01 -2.400e+01 -2.400e+01 -2.400e+01 -2.400e+01 -2.400e+01 -2.400e+01 -2.400e+01 -2.400e+01
-16.316 -17.357 11.903 28.219 0.000 0.000 1.000 -6.145e+00 -3.010e-01 -3.010e-01 -5.465e+00 -6.777e+00 -8.468e+00 -2.171e+01 -2.400e+01 -2.400e+01 -2.400e+01 -2.400e+01 -2.400e+01 -2.400e+01 -2.400e+01 -2.400e+01 -2.400e+01
-16.275 -17.316 11.944 28.219 0.000 0.000 1.000 -6.104e+00 -3.010e-01 -3.010e-01 -5.424e+00 -6.736e+00 -8.426e+00 -2.159e+01 -2.400e+01 -2.400e+01 -2.400e+01 -2.400e+01 -2.400e+01 -2.400e+01 -2.400e+01 -2.400e+01 -2.400e+01
-16.233 -17.275 11.985 28.219 0.000 0.000 1.000 -6.062e+00 -3.010e-01 -3.010e-01 -5.382e+00 -6.694e+00 -8.385e+00 -2.147e+01 -2.400e+01 -2.400e+01 -2.400e+01 -2.400e+01 -2.400e+01 -2.400e+01 -2.400e+01 -2.400e+01 -2.400e+01
-16.150 -17.192 12.068 28.219 0.000 0.000 1.000 -5.980e+00 -3.010e-01 -3.010e-01 -5.299e+00 -6.611e+00 -8.302e+00 -2.122e+01 -2.400e+01 -2.400e+01 -2.400e+01 -2.400e+01 -2.400e+01 -2.400e+01 -2.400e+01 -2.400e+01 -2.400e+01
-16.109 -17.150 12.110 28.219 0.000 0.000 1.000 -5.938e+00 -3.010e-01 -3.010e-01 -5.258e+00 -6.570e+00 -8.261e+00 -2.109e+01 -2.400e+01 -2.400e+01 -2.400e+01 -2.400e+01 -2.400e+01 -2.400e+01 -2.400e+01 -2.400e+01 -2.400e+01
-16.068 -17.109 12.151 28.219 0.000 0.000 1.000 -5.897e+00 -3.010e-01 -3.010e-01 -5.217e+00 -6.529e+00 -8.219e+00 -2.097e+01 -2.400e+01 -2.400e+01 -2.400e+01 -2.400e+01 -2.400e+01 -2.400e+01 -2.400e+01 -2.400e+01 -2.400e+01
-16.026 -17.068 12.192 28.219 0.000 0.000 1.000 -5.855e+00 -3.010e-01 -3.010e-01 -5.175e+00 -6.487e+00 -8.178e+00 -2.085e+01 -2.400e+01 -2.400e+01 -2.400e+01 -2.400e+01 -2.400e+01 -2.400e+01 -2.400e+01 -2.400e+01 -2.400e+01
-15.944 -16.985 12.275 28.219 0.000 0.000 1.000 -5.773e+00 -3.010e-01 -3.010e-01 -5.092e+00 -6.404e+00 -8.095e+00 -2.060e+01 -2.400e+01 -2.400e+01 -2.400e+01 -2.400e+01 -2.400e+01 -2.400e+01 -2.400e+01 -2.400e+01 -2.400e+01
-15.902 -16.944 12.317 28.219 0.000 0.000 1.000 -5.731e+00 -3.010e-01 -3.010e-01 -5.051e+00 -6.363e+00 -8.054e+00 -2.047e+01 -2.400e+01 -2.400e+01 -2.400e+01 -2.400e+01 -2.400e+01 -2.400e+01 -2.400e+01 -2.400e+01 -2.400e+01
-15.861 -16.902 12.358 28.219 0.000 0.000 1.000 -5.690e+00 -3.010e-01 -3.010e-01 -5.010e+00 -6.322e+00 -8.012e+00 -2.035e+01 -2.400e+01 -2.400e+01 -2.400e+01 -2.400e+01 -2.400e+01 -2.400e+01 -2.400e+01 -2.400e+01 -2.400e+01
-15.778 -16.819 12.441 28.219 0.000 0.000 1.000 -5.607e+00 -3.010e-01 -3.010e-01 -4.927e+00 -6.239e+00 -7.929e+00 -2.010e+01 -2.400e+01 -2.400e+01 -2.400e+01 -2.400e+01 -2.400e+01 -2.400e+01 -2.400e+01 -2.400e+01 -2.400e+01
-15.737 -16.778 12.482 28.219 0.000 0.000 1.000 -5.566e+00 -3.010e-01 -3.010e-01 -4.885e+00 -6.197e+00 -7.888e+00 -1.998e+01 -2.400e+01 -2.400e+01 -2.400e+01 -2.400e+01 -2.400e+01 -2.400e+01 -2.400e+01 -2.400e+01 -2.400e+01
-15.695 -16.737 12.524 28.219 0.000 0.000 1.000 -5.524e+00 -3.010e-01 -3.010e-01 -4.844e+00 -6.156e+00 -7.847e+00 -1.985e+01 -2.400e+01 -2.400e+01 -2.400e+01 -2.400e+01 -2.400e+01 -2.400e+01 -2.400e+01 -2.400e+01 -2.400e+01
-15.612 -16.654 12.606 28.219 0.000 0.000 1.000 -5.441e+00 -3.010e-01 -3.010e-01 -4.761e+00 -6.073e+00 -7.764e+00 -1.960e+01 -2.400e+01 -2.400e+01 -2.400e+01 -2.400e+01 -2.400e+01 -2.400e+01 -2.400e+01 -2.400e+01 -2.400e+01
-15.571 -16.612 12.648 28.219 0.000 0.000 1.000 -5.400e+00 -3.011e-01 -3.010e-01 -4.720e+00 -6.032e+00 -7.722e+00 -1.948e+01 -2.400e+01 -2.400e+01 -2.400e+01 -2.400e+01 -2.400e+01 -2.400e+01 -2.400e+01 -2.400e+01 -2.400e+01
-15.530 -16.571 12.689 28.219 0.000 0.000 1.000 -5.359e+00 -3.011e-01 -3.010e-01 -4.678e+00 -5.990e+00 -7.681e+00 -1.936e+01 -2.400e+01 -2.400e+01 -2.400e+01 -2.400e+01 -2.400e+01 -2.400e+01 -2.400e+01 -2.400e+01 -2.400e+01
-15.488 -16.530 12.731 28.219 0.000 0.000 1.000 -5.317e+00 -3.011e-01 -3.010e-01 -4.637e+00 -5.949e+00 -7.640e+00 -1.923e+01 -2.400e+01 -2.400e+01 -2.400e+01 -2.400e+01 -2.400e+01 -2.400e+01 -2.400e+01 -2.400e+01 -2.400e+01
-15.405 -16.447 12.813 28.219 0.000 0.000 1.000 -5.234e+00 -3.011e-01 -3.010e-01 -4.554e+00 -5.866e+00 -7.557e+00 -1.898e+01 -2.400e+01 -2.400e+01 -2.400e+01 -2.400e+01 -2.400e+01 -2.400e+01 -2.400e+01 -2.400e+01 -2.400e+01
-15.364 -16.405 12.855 28.219 0.000 0.000 1.000 -5.193e+00 -3.011e-01 -3.010e-01 -4.513e+00 -5.825e+00 -7.515e+00 -1.886e+01 -2.400e+01 -2.400e+01 -2.400e+01 -2.400e+01 -2.400e+01 -2.400e+01 -2.400e+01 -2.400e+01 -2.400e+01
-15.323 -16.364 12.896 28.219 0.000 0.000 1.000 -5.152e+00 -3.011e-01 -3.010e-01 -4.471e+00 -5.784e+00 -7.474e+00 -1.874e+01 -2.400e+01 -2.400e+01 -2.400e+01 -2.400e+01 -2.400e+01 -2.400e+01 -2.400e+01 -2.400e+01 -2.400e+01
-15.240 -16.281 12.979 28.219 0.000 0.000 1.000 -5.069e+00 -3.011e-01 -3.010e-01 -4.389e+00 -5.701e+00 -7.391e+00 -1.849e+01 -2.400e+01 -2.400e+01 -2.400e+01 -2.400e+01 -2.400e+01 -2.400e+01 -2.400e+01 -2.400e+01 -2.400e+01
-15.198 -16.240 13.020 28.219 0.000 0.000 1.000 -5.027e+00 -3.011e-01 -3.010e-01 -4.347e+00 -5.659e+00 -7.350e+00 -1.836e+01 -2.400e+01 -2.400e+01 -2.400e+01 -2.400e+01 -2.400e+01 -2.400e+01 -2.400e+01 -2.400e+01 -2.400e+01
-15.157 -16.198 13.062 28.219 0.000 0.000 1.000 -4.986e+00 -3.011e-01 -3.010e-01 -4.306e+00 -5.618e+00 -7.308e+00 -1.824e+01 -2.400e+01 -2.400e+01 -2.400e+01 -2.400e+01 -2.400e+01 -2.400e+01 -2.400e+01 -2.400e+01 -2.400e+01
-15.116 -16.157 13.103 28.219 0.000 0.000 1.000 -4.945e+00 -3.011e-01 -3.010e-01 -4.265e+00 -5.577e+00 -7.267e+00 -1.811e+01 -2.400e+01 -2.400e+01 -2.400e+01 -2.400e+01 -2.400e+01 -2.400e+01 -2.400e+01 -2.400e+01 -2.400e+01
-15.033 -16.074 13.186 28.219 0.000 0.000 1.000 -4.862e+00 -3.011e-01 -3.010e-01 -4.182e+00 -5.494e+00 -7.184e+00 -1.787e+01 -2.400e+01 -2.400e+01 -2.400e+01 -2.400e+01 -2.400e+01 -2.400e+01 -2.400e+01 -2.400e+01 -2.400e+01
-14.991 -16.033 13.227 28.219 0.000 0.000 1.000 -4.821e+00 -3.011e-01 -3.010e-01 -4.140e+00 -5.452e+00 -7.143e+00 -1.774e+01 -2.400e+01 -2.400e+01 -2.400e+01 -2.400e+01 -2.400e+01 -2.400e+01 -2.400e+01 -2.400e+01 -2.400e+01
-14.950 -15.991 13.269 28.219 0.000 0.000 1.000 -4.779e+00 -3.011e-01 -3.010e-01 -4.099e+00 -5.411e+00 -7.102e+00 -1.762e+01 -2.400e+01 -2.400e+01 -2.400e+01 -2.400e+01 -2.400e+01 -2.400e+01 -2.400e+01 -2.400e+01 -2.400e+01
-14.867 -15.909 13.351 28.219 0.000 0.000 1.000 -4.696e+00 -3.011e-01 -3.010e-01 -4.016e+00 -5.328e+00 -7.019e+00 -1.737e+01 -2.400e+01 -2.400e+01 -2.400e+01 -2.400e+01 -2.400e+01 -2.400e+01 -2.400e+01 -2.400e+01 -2.400e+01
-14.826 -15.867 13.393 28.219 0.000 0.000 1.000 -4.655e+00 -3.011e-01 -3.010e-01 -3.975e+00 -5.287e+00 -6.977e+00 -1.725e+01 -2.400e+01 -2.400e+01 -2.400e+01 -2.400e+01 -2.400e+01 -2.400e+01 -2.400e+01 -2.400e+01 -2.400e+01
-14.785 -15.826 13.434 28.219 0.000 0.000 1.000 -4.614e+00 -3.012e-01 -3.010e-01 -3.933e+00 -5.245e+00 -6.936e+00 -1.712e+01 -2.400e+01 -2.400e+01 -2.400e+01 -2.400e+01 -2.400e+01 -2.400e+01 -2.400e+01 -2.400e+01 -2.400e+01
-14.743 -15.785 13.475 28.219 0.000 0.000 1.000 -4.572e+00 -3.012e-01 -3.010e-01 -3.892e+00 -5.204e+00 -6.895e+00 -1.700e+01 -2.400e+01 -2.400e+01 -2.400e+01 -2.400e+01 -2.400e+01 -2.400e+01 -2.400e+01 -2.400e+01 -2.400e+01
-14.660 -15.702 13.558 28.218 0.000 0.000 1.000 -4.489e+00 -3.012e-01 -3.010e-01 -3.809e+00 -5.121e+00 -6.812e+00 -1.675e+01 -2.400e+01 -2.400e+01 -2.400e+01 -2.400e+01 -2.400e+01 -2.400e+01 -2.400e+01 -2.400e+01 -2.400e+01
-14.619 -15.660 13.600 28.218 0.000 0.000 1.000 -4.448e+00 -3.012e-01 -3.010e-01 -3.768e+00 -5.080e+00 -6.770e+00 -1.662e+01 -2.400e+01 -2.400e+01 -2.400e+01 -2.400e+01 -2.400e+01 -2.400e+01 -2.400e+01 -2.400e+01 -2.400e+01
-14.578 -15.619 13.641 28.218 0.000 0.000 1.000 -4.407e+00 -3.012e-01 -3.010e-01 -3.727e+00 -5.039e+00 -6.729e+00 -1.650e+01 -2.400e+01 -2.400e+01 -2.400e+01 -2.400e+01 -2.400e+01 -2.400e+01 -2.400e+01 -2.400e+01 -2.400e+01
-14.495 -15.536 13.724 28.218 0.000 0.000 1.000 -4.324e+00 -3.013e-01 -3.010e-01 -3.644e+00 -4.956e+00 -6.646e+00 -1.625e+01 -2.400e+01 -2.400e+01 -2.400e+01 -2.400e+01 -2.400e+01 -2.400e+01 -2.400e+01 -2.400e+01 -2.400e+01
-14.453 -15.495 13.765 28.218 0.000 0.000 1.000 -4.283e+00 -3.013e-01 -3.010e-01 -3.602e+00 -4.914e+00 -6.605e+00 -1.613e+01 -2.400e+01 -2.400e+01 -2.400e+01 -2.400e+01 -2.400e+01 -2.400e+01 -2.400e+01 -2.400e+01 -2.400e+01
-14.412 -15.453 13.806 28.218 0.000 0.000 1.000 -4.241e+00 -3.013e-01 -3.010e-01 -3.561e+00 -4.873e+00 -6.563e+00 -1.600e+01 -2.400e+01 -2.400e+01 -2.400e+01 -2.400e+01 -2.400e+01 -2.400e+01 -2.400e+01 -2.400e+01 -2.400e+01
-14.371 -15.412 13.848 28.218 0.000 0.000 1.000 -4.200e+00 -3.014e-01 -3.010e-01 -3.520e+00 -4.832e+00 -6.522e+00 -1.588e+01 -2.400e+01 -2.400e+01 -2.400e+01 -2.400e+01 -2.400e+01 -2.400e+01 -2.400e+01 -2.400e+01 -2.400e+01
-14.288 -15.329 13.931 28.218 0.000 0.000 1.000 -4.117e+00 -3.014e-01 -3.010e-01 -3.437e+00 -4.749e+00 -6.439e+00 -1.563e+01 -2.399e+01 -2.400e+01 -2.400e+01 -2.400e+01 -2.400e+01 -2.400e+01 -2.400e+01 -2.400e+01 -2.400e+01
-14.246 -15.288 13.972 28.218 0.000 0.000 1.000 -4.076e+00 -3.015e-01 -3.010e-01 -3.396e+00 -4.708e+00 -6.398e+00 -1.551e+01 -2.399e+01 -2.400e+01 -2.400e+01 -2.400e+01 -2.400e+01 -2.400e+01 -2.400e+01 -2.400e+01 -2.400e+01
-14.205 -15.246 14.013 28.218 0.000 0.000 1.000 -4.034e+00 -3.015e-01 -3.010e-01 -3.354e+00 -4.666e+00 -6.356e+00 -1.538e+01 -2.398e+01 -2.400e+01 -2.400e+01 -2.400e+01 -2.400e+01 -2.400e+01 -2.400e+01 -2.400e+01 -2.400e+01
-14.122 -15.164 14.096 28.218 0.000 0.000 1.000 -3.952e+00 -3.016e-01 -3.010e-01 -3.272e+00 -4.583e+00 -6.273e+00 -1.513e+01 -2.395e+01 -2.400e+01 -2.400e+01 -2.400e+01 -2.400e+01 -2.400e+01 -2.400e+01 -2.400e+01 -2.400e+01
-14.081 -15.122 14.137 28.218 0.000 0.000 1.000 -3.910e+00 -3.017e-01 -3.010e-01 -3.230e+00 -4.542e+00 -6.232e+00 -1.501e+01 -2.393e+01 -2.400e+01 -2.400e+01 -2.400e+01 -2.400e+01 -2.400e+01 -2.400e+01 -2.400e+01 -2.400e+01
-14.039 -15.081 14.179 28.217 0.000 0.000 1.000 -3.869e+00 -3.017e-01 -3.010e-01 -3.189e+00 -4.501e+00 -6.191e+00 -1.489e+01 -2.389e+01 -2.400e+01 -2.400e+01 -2.400e+01 -2.400e+01 -2.400e+01 -2.400e+01 -2.400e+01 -2.400e+01
-13.998 -15.039 14.220 28.217 0.000 0.000 1.000 -3.828e+00 -3.018e-01 -3.011e-01 -3.148e+00 -4.459e+00 -6.149e+00 -1.476e+01 -2.383e+01 -2.400e+01 -2.400e+01 -2.400e+01 -2.400e+01 -2.400e+01 -2.400e+01 -2.400e+01 -2.400e+01
-13.915 -14.957 14.303 28.217 0.000 0.000 1.000 -3.745e+00 -3.019e-01 -3.011e-01 -3.065e+00 -4.377e+00 -6.066e+00 -1.451e+01 -2.365e+01 -2.400e+01 -2.400e+01 -2.400e+01 -2.400e+01 -2.400e+01 -2.400e+01 -2.400e+01 -2.400e+01
-13.874 -14.915 14.344 28.217 0.000 0.000 1.000 -3.704e+00 -3.020e-01 -3.011e-01 -3.024e+00 -4.335e+00 -6.025e+00 -1.439e+01 -2.353e+01 -2.400e+01 -2.400e+01 -2.400e+01 -2.400e+01 -2.400e+01 -2.400e+01 -2.400e+01 -2.400e+01
-13.832 -14.874 14.385 28.217 0.000 0.000 1.000 -3.662e+00 -3.021e-01 -3.011e-01 -2.982e+00 -4.294e+00 -5.984e+00 -1.427e+01 -2.338e+01 -2.400e+01 -2.400e+01 -2.400e+01 -2.400e+01 -2.400e+01 -2.400e+01 -2.400e+01 -2.400e+01
-13.750 -14.791 14.468 28.216 0.000 0.000 1.000 -3.580e+00 -3.024e-01 -3.011e-01 -2.900e+00 -4.211e+00 -5.901e+00 -1.402e+01 -2.304e+01 -2.400e+01 -2.400e+01 -2.400e+01 -2.400e+01 -2.400e+01 -2.400e+01 -2.400e+01 -2.400e+01
-13.708 -14.750 14.509 28.216 0.000 0.000 1.000 -3.539e+00 -3.025e-01 -3.011e-01 -2.859e+00 -4.170e+00 -5.859e+00 -1.389e+01 -2.285e+01 -2.400e+01 -2.400e+01 -2.400e+01 -2.400e+01 -2.400e+01 -2.400e+01 -2.400e+01 -2.400e+01
-13.667 -14.708 14.550 28.216 0.000 0.000 1.000 -3.497e+00 -3.027e-01 -3.011e-01 -2.817e+00 -4.129e+00 -5.818e+00 -1.377e+01 -2.265e+01 -2.400e+01 -2.400e+01 -2.400e+01 -2.400e+01 -2.400e+01 -2.400e+01 -2.400e+01 -2.400e+01
-13.626 -14.667 14.592 28.215 0.000 0.000 1.000 -3.456e+00 -3.028e-01 -3.011e-01 -2.776e+00 -4.087e+00 -5.776e+00 -1.364e+01 -2.245e+01 -2.400e+01 -2.400e+01 -2.400e+01 -2.400e+01 -2.400e+01 -2.400e+01 -2.400e+01 -2.400e+01
-13.543 -14.584 14.674 28.215 0.000 0.000 1.000 -3.374e+00 -3.032e-01 -3.011e-01 -2.694e+00 -4.005e+00 -5.693e+00 -1.340e+01 -2.205e+01 -2.400e+01 -2.400e+01 -2.400e+01 -2.400e+01 -2.400e+01 -2.400e+01 -2.400e+01 -2.400e+01
-13.501 -14.543 14.715 28.214 0.000 0.000 1.000 -3.332e+00 -3.034e-01 -3.011e-01 -2.653e+00 -3.963e+00 -5.652e+00 -1.327e+01 -2.184e+01 -2.400e+01 -2.400e+01 -2.400e+01 -2.400e+01 -2.400e+01 -2.400e+01 -2.400e+01 -2.400e+01
-13.460 -14.501 14.756 28.214 0.000 0.000 1.000 -3.291e+00 -3.036e-01 -3.011e-01 -2.611e+00 -3.922e+00 -5.610e+00 -1.315e+01 -2.164e+01 -2.400e+01 -2.400e+01 -2.400e+01 -2.400e+01 -2.400e+01 -2.400e+01 -2.400e+01 -2.400e+01
-13.377 -14.419 14.839 28.213 0.000 0.000 1.000 -3.209e+00 -3.042e-01 -3.011e-01 -2.529e+00 -3.840e+00 -5.527e+00 -1.290e+01 -2.122e+01 -2.400e+01 -2.400e+01 -2.400e+01 -2.400e+01 -2.400e+01 -2.400e+01 -2.400e+01 -2.400e+01
-13.336 -14.377 14.880 28.212 0.000 0.000 1.000 -3.168e+00 -3.045e-01 -3.011e-01 -2.488e+00 -3.798e+00 -5.486e+00 -1.278e+01 -2.102e+01 -2.400e+01 -2.400e+01 -2.400e+01 -2.400e+01 -2.400e+01 -2.400e+01 -2.400e+01 -2.400e+01
-13.294 -14.336 14.921 28.212 0.000 0.000 1.000 -3.127e+00 -3.048e-01 -3.011e-01 -2.447e+00 -3.757e+00 -5.444e+00 -1.265e+01 -2.081e+01 -2.400e+01 -2.400e+01 -2.400e+01 -2.400e+01 -2.400e+01 -2.400e+01 -2.400e+01 -2.400e+01
-13.253 -14.294 14.962 28.211 0.000 0.000 1.000 -3.086e+00 -3.052e-01 -3.011e-01 -2.406e+00 -3.716e+00 -5.403e+00 -1.253e+01 -2.060e+01 -2.400e+01 -2.400e+01 -2.400e+01 -2.400e+01 -2.400e+01 -2.400e+01 -2.400e+01 -2.400e+01
-13.170 -14.212 15.044 28.209 0.000 0.000 1.000 -3.004e+00 -3.061e-01 -3.012e-01 -2.324e+00 -3.634e+00 -5.320e+00 -1.228e+01 -2.019e+01 -2.400e+01 -2.400e+01 -2.400e+01 -2.400e+01 -2.400e+01 -2.400e+01 -2.400e+01 -2.400e+01
-13.129 -14.170 15.085 28.208 0.000 0.000 1.000 -2.963e+00 -3.066e-01 -3.012e-01 -2.283e+00 -3.592e+00 -5.278e+00 -1.216e+01 -1.999e+01 -2.400e+01 -2.400e+01 -2.400e+01 -2.400e+01 -2.400e+01 -2.400e+01 -2.400e+01 -2.400e+01
-13.087 -14.129 15.125 28.207 0.000 0.000 1.000 -2.922e+00 -3.072e-01 -3.012e-01 -2.242e+00 -3.551e+00 -5.237e+00 -1.203e+01 -1.978e+01 -2.400e+01 -2.400e+01 -2.400e+01 -2.400e+01 -2.400e+01 -2.400e+01 -2.400e+01 -2.400e+01
-13.005 -14.046 15.207 28.205 0.000 0.000 1.000 -2.840e+00 -3.084e-01 -3.012e-01 -2.161e+00 -3.469e+00 -5.153e+00 -1.178e+01 -1.937e+01 -2.400e+01 -2.400e+01 -2.400e+01 -2.400e+01 -2.400e+01 -2.400e+01 -2.400e+01 -2.400e+01
-12.963 -14.005 15.248 28.204 0.000 0.000 1.000 -2.799e+00 -3.092e-01 -3.013e-01 -2.120e+00 -3.428e+00 -5.112e+00 -1.166e+01 -1.916e+01 -2.400e+01 -2.400e+01 -2.400e+01 -2.400e+01 -2.400e+01 -2.400e+01 -2.400e+01 -2.400e+01
-12.922 -13.963 15.288 28.202 0.000 0.000 1.000 -2.759e+00 -3.100e-01 -3.013e-01 -2.080e+00 -3.387e+00 -5.070e+00 -1.154e+01 -1.895e+01 -2.400e+01 -2.400e+01 -2.400e+01 -2.400e+01 -2.400e+01 -2.400e+01 -2.400e+01 -2.400e+01
-12.839 -13.880 15.369 28.199 0.000 0.000 1.000 -2.678e+00 -3.118e-01 -3.013e-01 -1.999e+00 -3.305e+00 -4.987e+00 -1.129e+01 -1.854e+01 -2.400e+01 -2.400e+01 -2.400e+01 -2.400e+01 -2.400e+01 -2.400e+01 -2.400e+01 -2.400e+01
-12.798 -13.839 15.410 28.197 0.000 0.000 1.000 -2.637e+00 -3.129e-01 -3.014e-01 -1.958e+00 -3.264e+00 -4.945e+00 -1.117e+01 -1.834e+01 -2.400e+01 -2.400e+01 -2.400e+01 -2.400e+01 -2.400e+01 -2.400e+01 -2.400e+01 -2.400e+01
-12.756 -13.798 15.450 28.195 0.000 0.000 1.000 -2.597e+00 -3.141e-01 -3.014e-01 -1.918e+00 -3.224e+00 -4.903e+00 -1.104e+01 -1.813e+01 -2.400e+01 -2.400e+01 -2.400e+01 -2.400e+01 -2.400e+01 -2.400e+01 -2.400e+01 -2.400e+01
-12.715 -13.756 15.490 28.192 0.000 0.000 1.000 -2.557e+00 -3.154e-01 -3.014e-01 -1.878e+00 -3.183e+00 -4.861e+00 -1.092e+01 -1.792e+01 -2.399e+01 -2.400e+01 -2.400e+01 -2.400e+01 -2.400e+01 -2.400e+01 -2.400e+01 -2.400e+01
-12.632 -13.673 15.570 28.187 0.000 0.000 1.000 -2.476e+00 -3.183e-01 -3.015e-01 -1.798e+00 -3.101e+00 -4.777e+00 -1.067e+01 -1.751e+01 -2.397e+01 -2.400e+01 -2.400e+01 -2.400e+01 -2.400e+01 -2.400e+01 -2.400e+01 -2.400e+01
-12.591 -13.632 15.610 28.184 0.000 0.000 1.000 -2.437e+00 -3.200e-01 -3.016e-01 -1.758e+00 -3.061e+00 -4.735e+00 -1.055e+01 -1.731e+01 -2.394e+01 -2.400e+01 -2.400e+01 -2.400e+01 -2.400e+01 -2.400e+01 -2.400e+01 -2.400e+01
-12.549 -13.591 15.649 28.180 0.000 0.000 1.000 -2.397e+00 -3.219e-01 -3.016e-01 -1.719e+00 -3.020e+00 -4.693e+00 -1.042e+01 -1.710e+01 -2.388e+01 -2.400e+01 -2.400e+01 -2.400e+01 -2.400e+01 -2.400e+01 -2.400e+01 -2.400e+01
-12.467 -13.508 15.728 28.172 0.000 0.000 1.000 -2.318e+00 -3.261e-01 -3.017e-01 -1.640e+00 -2.940e+00 -4.609e+00 -1.018e+01 -1.669e+01 -2.366e+01 -2.400e+01 -2.400e+01 -2.400e+01 -2.400e+01 -2.400e+01 -2.400e+01 -2.400e+01
-12.425 -13.467 15.767 28.168 0.000 0.000 1.000 -2.279e+00 -3.286e-01 -3.018e-01 -1.601e+00 -2.899e+00 -4.567e+00 -1.005e+01 -1.649e+01 -2.349e+01 -2.400e+01 -2.400e+01 -2.400e+01 -2.400e+01 -2.400e+01 -2.400e+01 -2.400e+01
-12.384 -13.425 15.806 28.163 0.000 0.000 1.000 -2.240e+00 -3.313e-01 -3.018e-01 -1.563e+00 -2.859e+00 -4.524e+00 -9.930e+00 -1.628e+01 -2.327e+01 -2.400e+01 -2.400e+01 -2.400e+01 -2.400e+01 -2.400e+01 -2.400e+01 -2.400e+01
-12.342 -13.384 15.844 28.157 0.000 0.000 1.000 -2.201e+00 -3.342e-01 -3.019e-01 -1.524e+00 -2.819e+00 -4.482e+00 -9.807e+00 -1.608e+01 -2.303e+01 -2.400e+01 -2.400e+01 -2.400e+01 -2.400e+01 -2.400e+01 -2.400e+01 -2.400e+01
-12.260 -13.301 15.921 28.145 0.000 0.000 1.000 -2.124e+00 -3.409e-01 -3.021e-01 -1.448e+00 -2.740e+00 -4.397e+00 -9.562e+00 -1.567e+01 -2.249e+01 -2.400e+01 -2.400e+01 -2.400e+01 -2.400e+01 -2.400e+01 -2.400e+01 -2.400e+01
-12.218 -13.260 15.958 28.138 0.000 0.000 1.000 -2.086e+00 -3.447e-01 -3.022e-01 -1.411e+00 -2.700e+00 -4.355e+00 -9.439e+00 -1.547e+01 -2.222e+01 -2.400e+01 -2.400e+01 -2.400e+01 -2.400e+01 -2.400e+01 -2.400e+01 -2.400e+01
-12.177 -13.218 15.996 28.130 0.000 0.000 1.000 -2.048e+00 -3.488e-01 -3.023e-01 -1.373e+00 -2.661e+00 -4.312e+00 -9.317e+00 -1.527e+01 -2.194e+01 -2.400e+01 -2.400e+01 -2.400e+01 -2.400e+01 -2.400e+01 -2.400e+01 -2.400e+01
-12.094 -13.135 16.069 28.112 0.000 0.000 1.000 -1.974e+00 -3.583e-01 -3.025e-01 -1.300e+00 -2.583e+00 -4.226e+00 -9.072e+00 -1.486e+01 -2.138e+01 -2.400e+01 -2.400e+01 -2.400e+01 -2.400e+01 -2.400e+01 -2.400e+01 -2.400e+01
-12.053 -13.094 16.105 28.102 0.000 0.000 1.000 -1.937e+00 -3.637e-01 -3.026e-01 -1.264e+00 -2.544e+00 -4.183e+00 -8.950e+00 -1.466e+01 -2.110e+01 -2.400e+01 -2.400e+01 -2.400e+01 -2.400e+01 -2.400e+01 -2.400e+01 -2.400e+01
-12.011 -13.053 16.141 28.091 0.000 0.000 1.000 -1.901e+00 -3.695e-01 -3.027e-01 -1.229e+00 -2.505e+00 -4.140e+00 -8.829e+00 -1.446e+01 -2.082e+01 -2.400e+01 -2.400e+01 -2.400e+01 -2.400e+01 -2.400e+01 -2.400e+01 -2.400e+01
-11.970 -13.011 16.176 28.079 0.000 0.000 1.000 -1.865e+00 -3.758e-01 -3.028e-01 -1.194e+00 -2.467e+00 -4.097e+00 -8.707e+00 -1.426e+01 -2.054e+01 -2.400e+01 -2.400e+01 -2.400e+01 -2.400e+01 -2.400e+01 -2.400e+01 -2.400e+01
-11.887 -12.928 16.245 28.051 0.000 0.000 1.000 -1.795e+00 -3.902e-01 -3.031e-01 -1.125e+00 -2.391e+00 -4.010e+00 -8.465e+00 -1.386e+01 -1.998e+01 -2.399e+01 -2.400e+01 -2.400e+01 -2.400e+01 -2.400e+01 -2.400e+01 -2.400e+01
-11.846 -12.887 16.278 28.036 0.000 0.000 1.000 -1.761e+00 -3.983e-01 -3.032e-01 -1.092e+00 -2.354e+00 -3.966e+00 -8.344e+00 -1.366e+01 -1.970e+01 -2.398e+01 -2.400e+01 -2.400e+01 -2.400e+01 -2.400e+01 -2.400e+01 -2.400e+01
-11.804 -12.846 16.311 28.019 0.000 0.000 1.000 -1.727e+00 -4.070e-01 -3.033e-01 -1.060e+00 -2.316e+00 -3.923e+00 -8.224e+00 -1.347e+01 -1.943e+01 -2.395e+01 -2.400e+01 -2.400e+01 -2.400e+01 -2.400e+01 -2.400e+01 -2.400e+01
-11.721 -12.763 16.375 27.981 0.000 0.000 1.000 -1.661e+00 -4.266e-01 -3.036e-01 -9.967e-01 -2.243e+00 -3.835e+00 -7.985e+00 -1.307e+01 -1.888e+01 -2.380e+01 -2.400e+01 -2.400e+01 -2.400e+01 -2.400e+01 -2.400e+01 -2.400e+01
-11.680 -12.721 16.405 27.960 0.000 0.000 1.000 -1.629e+00 -4.375e-01 -3.037e-01 -9.665e-01 -2.207e+00 -3.791e+00 -7.866e+00 -1.288e+01 -1.861e+01 -2.364e+01 -2.400e+01 -2.400e+01 -2.400e+01 -2.400e+01 -2.400e+01 -2.400e+01
-11.639 -12.680 16.435 27.937 0.000 0.000 1.000 -1.598e+00 -4.492e-01 -3.038e-01 -9.372e-01 -2.171e+00 -3.747e+00 -7.747e+00 -1.269e+01 -1.834e+01 -2.341e+01 -2.400e+01 -2.400e+01 -2.400e+01 -2.400e+01 -2.400e+01 -2.400e+01
-11.597 -12.639 16.464 27.912 0.000 0.000 1.000 -1.568e+00 -4.618e-01 -3.039e-01 -9.087e-01 -2.135e+00 -3.703e+00 -7.629e+00 -1.249e+01 -1.807e+01 -2.313e+01 -2.400e+01 -2.400e+01 -2.400e+01 -2.400e+01 -2.400e+01 -2.400e+01
-11.514 -12.556 16.519 27.856 0.000 0.000 1.000 -1.509e+00 -4.897e-01 -3.039e-01 -8.547e-01 -2.066e+00 -3.614e+00 -7.394e+00 -1.211e+01 -1.754e+01 -2.250e+01 -2.400e+01 -2.400e+01 -2.400e+01 -2.400e+01 -2.400e+01 -2.400e+01
-11.473 -12.514 16.545 27.825 0.000 0.000 1.000 -1.481e+00 -5.051e-01 -3.039e-01 -8.293e-01 -2.031e+00 -3.570e+00 -7.278e+00 -1.192e+01 -1.728e+01 -2.217e+01 -2.400e+01 -2.400e+01 -2.400e+01 -2.400e+01 -2.400e+01 -2.400e+01
-11.432 -12.473 16.570 27.792 0.000 0.000 1.000 -1.454e+00 -5.214e-01 -3.039e-01 -8.050e-01 -1.998e+00 -3.525e+00 -7.162e+00 -1.173e+01 -1.702e+01 -2.184e+01 -2.400e+01 -2.400e+01 -2.400e+01 -2.400e+01 -2.400e+01 -2.400e+01
-11.349 -12.390 16.617 27.718 0.000 0.000 1.000 -1.401e+00 -5.571e-01 -3.036e-01 -7.598e-01 -1.931e+00 -3.436e+00 -6.932e+00 -1.136e+01 -1.650e+01 -2.118e+01 -2.400e+01 -2.400e+01 -2.400e+01 -2.400e+01 -2.400e+01 -2.400e+01
-11.308 -12.349 16.639 27.677 0.000 0.000 1.000 -1.376e+00 -5.765e-01 -3.033e-01 -7.390e-01 -1.899e+00 -3.391e+00 -6.818e+00 -1.117e+01 -1.624e+01 -2.085e+01 -2.400e+01 -2.400e+01 -2.400e+01 -2.400e+01 -2.400e+01 -2.400e+01
-11.266 -12.308 16.660 27.633 0.000 0.000 1.000 -1.352e+00 -5.970e-01 -3.029e-01 -7.195e-01 -1.866e+00 -3.346e+00 -6.705e+00 -1.099e+01 -1.599e+01 -2.053e+01 -2.400e+01 -2.400e+01 -2.400e+01 -2.400e+01 -2.400e+01 -2.400e+01
-11.225 -12.266 16.679 27.586 0.000 0.000 1.000 -1.329e+00 -6.186e-01 -3.025e-01 -7.013e-01 -1.835e+00 -3.302e+00 -6.592e+00 -1.081e+01 -1.574e+01 -2.021e+01 -2.400e+01 -2.400e+01 -2.400e+01 -2.400e+01 -2.400e+01 -2.400e+01
-11.142 -12.183 16.714 27.482 0.000 0.000 1.000 -1.285e+00 -6.649e-01 -3.011e-01 -6.689e-01 -1.772e+00 -3.212e+00 -6.369e+00 -1.045e+01 -1.524e+01 -1.957e+01 -2.399e+01 -2.400e+01 -2.400e+01 -2.400e+01 -2.400e+01 -2.400e+01
-11.101 -12.142 16.730 27.424 0.000 0.000 1.000 -1.264e+00 -6.897e-01 -3.002e-01 -6.548e-01 -1.742e+00 -3.166e+00 -6.259e+00 -1.027e+01 -1.500e+01 -1.926e+01 -2.399e+01 -2.400e+01 -2.400e+01 -2.400e+01 -2.400e+01 -2.400e+01
-11.059 -12.101 16.744 27.361 0.000 0.000 1.000 -1.243e+00 -7.155e-01 -2.991e-01 -6.421e-01 -1.712e+00 -3.121e+00 -6.149e+00 -1.010e+01 -1.476e+01 -1.895e+01 -2.397e+01 -2.400e+01 -2.400e+01 -2.400e+01 -2.400e+01 -2.400e+01
-10.976 -12.018 16.770 27.222 0.000 0.000 1.000 -1.205e+00 -7.702e-01 -2.963e-01 -6.213e-01 -1.652e+00 -3.030e+00 -5.932e+00 -9.752e+00 -1.428e+01 -1.834e+01 -2.386e+01 -2.400e+01 -2.400e+01 -2.400e+01 -2.400e+01 -2.400e+01
-10.935 -11.976 16.780 27.142 0.000 0.000 1.000 -1.186e+00 -7.990e-01 -2.945e-01 -6.132e-01 -1.623e+00 -2.984e+00 -5.824e+00 -9.581e+00 -1.404e+01 -1.804e+01 -2.373e+01 -2.400e+01 -2.400e+01 -2.400e+01 -2.400e+01 -2.400e+01
-10.894 -11.935 16.790 27.055 0.000 0.000 1.000 -1.168e+00 -8.288e-01 -2.925e-01 -6.068e-01 -1.594e+00 -2.938e+00 -5.717e+00 -9.410e+00 -1.381e+01 -1.774e+01 -2.352e+01 -2.400e+01 -2.400e+01 -2.400e+01 -2.400e+01 -2.400e+01
-10.852 -11.894 16.798 26.959 0.000 0.000 1.000 -1.151e+00 -8.596e-01 -2.902e-01 -6.019e-01 -1.566e+00 -2.891e+00 -5.610e+00 -9.241e+00 -1.358e+01 -1.745e+01 -2.325e+01 -2.400e+01 -2.400e+01 -2.400e+01 -2.400e+01 -2.400e+01
-10.769 -11.811 16.810 26.723 0.000 0.000 1.000 -1.118e+00 -9.238e-01 -2.846e-01 -5.974e-01 -1.509e+00 -2.797e+00 -5.398e+00 -8.907e+00 -1.312e+01 -1.686e+01 -2.261e+01 -2.400e+01 -2.400e+01 -2.400e+01 -2.400e+01 -2.400e+01
-10.728 -11.769 16.814 26.570 0.000 0.000 1.000 -1.102e+00 -9.571e-01 -2.813e-01 -5.979e-01 -1.481e+00 -2.748e+00 -5.292e+00 -8.741e+00 -1.289e+01 -1.658e+01 -2.227e+01 -2.400e+01 -2.400e+01 -2.400e+01 -2.400e+01 -2.400e+01
-10.687 -11.728 16.817 26.374 0.000 0.000 1.000 -1.086e+00 -9.912e-01 -2.776e-01 -6.003e-01 -1.454e+00 -2.700e+00 -5.186e+00 -8.576e+00 -1.266e+01 -1.629e+01 -2.192e+01 -2.400e+01 -2.400e+01 -2.400e+01 -2.400e+01 -2.400e+01
-10.604 -11.645 16.819 25.399 0.000 0.000 1.000 -1.055e+00 -1.062e+00 -2.693e-01 -6.112e-01 -1.399e+00 -2.601e+00 -4.975e+00 -8.248e+00 -1.222e+01 -1.572e+01 -2.124e+01 -2.400e+01 -2.400e+01 -2.400e+01 -2.400e+01 -2.400e+01
-10.562 -11.604 16.819 25.736 0.000 0.000 1.000 -1.040e+00 -1.098e+00 -2.646e-01 -6.200e-01 -1.372e+00 -2.550e+00 -4.870e+00 -8.085e+00 -1.200e+01 -1.544e+01 -2.090e+01 -2.400e+01 -2.400e+01 -2.400e+01 -2.400e+01 -2.400e+01
-10.521 -11.562 16.816 26.073 0.000 0.000 1.000 -1.025e+00 -1.135e+00 -2.596e-01 -6.311e-01 -1.345e+00 -2.498e+00 -4.764e+00 -7.922e+00 -1.177e+01 -1.517e+01 -2.056e+01 -2.400e+01 -2.400e+01 -2.400e+01 -2.400e+01 -2.400e+01
-10.480 -11.521 16.813 26.225 0.000 0.000 1.000 -1.010e+00 -1.172e+00 -2.542e-01 -6.448e-01 -1.318e+00 -2.446e+00 -4.658e+00 -7.760e+00 -1.155e+01 -1.489e+01 -2.022e+01 -2.400e+01 -2.400e+01 -2.400e+01 -2.400e+01 -2.400e+01
-10.397 -11.438 16.803 26.360 0.000 0.000 1.000 -9.817e-01 -1.249e+00 -2.428e-01 -6.805e-01 -1.266e+00 -2.339e+00 -4.445e+00 -7.436e+00 -1.112e+01 -1.434e+01 -1.956e+01 -2.399e+01 -2.400e+01 -2.400e+01 -2.400e+01 -2.400e+01
-10.356 -11.397 16.796 26.386 0.000 0.000 1.000 -9.677e-01 -1.287e+00 -2.367e-01 -7.030e-01 -1.241e+00 -2.284e+00 -4.338e+00 -7.274e+00 -1.090e+01 -1.407e+01 -1.923e+01 -2.397e+01 -2.400e+01 -2.400e+01 -2.400e+01 -2.400e+01
-10.314 -11.356 16.788 26.395 0.000 0.000 1.000 -9.540e-01 -1.326e+00 -2.305e-01 -7.288e-01 -1.216e+00 -2.228e+00 -4.231e+00 -7.112e+00 -1.068e+01 -1.379e+01 -1.890e+01 -2.392e+01 -2.400e+01 -2.400e+01 -2.400e+01 -2.400e+01
-10.231 -11.273 16.771 26.372 0.000 0.000 1.000 -9.274e-01 -1.405e+00 -2.181e-01 -7.919e-01 -1.168e+00 -2.113e+00 -4.015e+00 -6.787e+00 -1.025e+01 -1.325e+01 -1.824e+01 -2.367e+01 -2.400e+01 -2.400e+01 -2.400e+01 -2.400e+01
-10.190 -11.231 16.761 26.343 0.000 0.000 1.000 -9.147e-01 -1.444e+00 -2.120e-01 -8.297e-01 -1.145e+00 -2.055e+00 -3.906e+00 -6.625e+00 -1.003e+01 -1.298e+01 -1.791e+01 -2.342e+01 -2.400e+01 -2.400e+01 -2.400e+01 -2.400e+01
-10.149 -11.190 16.751 26.301 0.000 0.000 1.000 -9.023e-01 -1.483e+00 -2.061e-01 -8.722e-01 -1.123e+00 -1.997e+00 -3.797e+00 -6.463e+00 -9.811e+00 -1.271e+01 -1.759e+01 -2.311e+01 -2.400e+01 -2.400e+01 -2.400e+01 -2.400e+01
-10.066 -11.107 16.732 26.177 0.000 0.000 1.000 -8.792e-01 -1.560e+00 -1.953e-01 -9.725e-01 -1.083e+00 -1.878e+00 -3.578e+00 -6.138e+00 -9.379e+00 -1.218e+01 -1.694e+01 -2.240e+01 -2.400e+01 -2.400e+01 -2.400e+01 -2.400e+01
-10.024 -11.066 16.724 26.090 0.000 0.000 1.000 -8.685e-01 -1.597e+00 -1.906e-01 -1.031e+00 -1.065e+00 -1.819e+00 -3.468e+00 -5.976e+00 -9.163e+00 -1.191e+01 -1.662e+01 -2.203e+01 -2.400e+01 -2.400e+01 -2.400e+01 -2.400e+01
-9.983 -11.024 16.716 25.978 0.000 0.000 1.000 -8.585e-01 -1.634e+00 -1.865e-01 -1.096e+00 -1.049e+00 -1.760e+00 -3.359e+00 -5.815e+00 -8.948e+00 -1.165e+01 -1.630e+01 -2.166e+01 -2.400e+01 -2.400e+01 -2.400e+01 -2.400e+01
-9.942 -10.983 16.710 25.829 0.000 0.000 1.000 -8.491e-01 -1.668e+00 -1.832e-01 -1.167e+00 -1.034e+00 -1.701e+00 -3.250e+00 -5.654e+00 -8.734e+00 -1.139e+01 -1.598e+01 -2.129e+01 -2.400e+01 -2.400e+01 -2.400e+01 -2.400e+01
-9.859 -10.900 16.704 25.220 0.000 0.000 1.000 -8.324e-01 -1.732e+00 -1.789e-01 -1.326e+00 -1.009e+00 -1.585e+00 -3.035e+00 -5.334e+00 -8.309e+00 -1.087e+01 -1.536e+01 -2.056e+01 -2.400e+01 -2.400e+01 -2.400e+01 -2.400e+01
-9.817 -10.859 16.705 24.740 0.000 0.000 1.000 -8.251e-01 -1.760e+00 -1.781e-01 -1.414e+00 -9.994e-01 -1.528e+00 -2.929e+00 -5.176e+00 -8.098e+00 -1.061e+01 -1.505e+01 -2.019e+01 -2.399e+01 -2.400e+01 -2.400e+01 -2.400e+01
-9.776 -10.817 16.708 25.395 0.000 0.000 1.000 -8.184e-01 -1.786e+00 -1.783e-01 -1.505e+00 -9.915e-01 -1.472e+00 -2.824e+00 -5.019e+00 -7.889e+00 -1.036e+01 -1.474e+01 -1.983e+01 -2.398e+01 -2.400e+01 -2.400e+01 -2.400e+01
-9.693 -10.735 16.723 25.736 0.000 0.000 1.000 -8.067e-01 -1.829e+00 -1.815e-01 -1.687e+00 -9.811e-01 -1.364e+00 -2.619e+00 -4.710e+00 -7.476e+00 -9.858e+00 -1.413e+01 -1.912e+01 -2.390e+01 -2.400e+01 -2.400e+01 -2.400e+01
-9.652 -10.693 16.733 25.813 0.000 0.000 1.000 -8.015e-01 -1.846e+00 -1.845e-01 -1.770e+00 -9.783e-01 -1.312e+00 -2.519e+00 -4.559e+00 -7.273e+00 -9.613e+00 -1.383e+01 -1.877e+01 -2.378e+01 -2.400e+01 -2.400e+01 -2.400e+01
-9.610 -10.652 16.746 25.862 0.000 0.000 1.000 -7.966e-01 -1.860e+00 -1.883e-01 -1.842e+00 -9.770e-01 -1.262e+00 -2.421e+00 -4.409e+00 -7.072e+00 -9.371e+00 -1.354e+01 -1.842e+01 -2.357e+01 -2.400e+01 -2.400e+01 -2.400e+01
-9.569 -10.610 16.761 25.895 0.000 0.000 1.000 -7.920e-01 -1.872e+00 -1.931e-01 -1.899e+00 -9.771e-01 -1.213e+00 -2.325e+00 -4.262e+00 -6.873e+00 -9.133e+00 -1.325e+01 -1.807e+01 -2.328e+01 -2.400e+01 -2.400e+01 -2.400e+01
-9.486 -10.528 16.795 25.928 0.000 0.000 1.000 -7.831e-01 -1.888e+00 -2.049e-01 -1.971e+00 -9.810e-01 -1.120e+00 -2.141e+00 -3.975e+00 -6.481e+00 -8.667e+00 -1.268e+01 -1.740e+01 -2.258e+01 -2.400e+01 -2.400e+01 -2.400e+01
-9.445 -10.486 16.814 25.935 0.000 0.000 1.000 -7.786e-01 -1.894e+00 -2.119e-01 -1.989e+00 -9.846e-01 -1.076e+00 -2.052e+00 -3.835e+00 -6.289e+00 -8.440e+00 -1.239e+01 -1.706e+01 -2.220e+01 -2.400e+01 -2.400e+01 -2.400e+01
-9.403 -10.445 16.835 25.939 0.000 0.000 1.000 -7.741e-01 -1.899e+00 -2.197e-01 -2.002e+00 -9.893e-01 -1.033e+00 -1.966e+00 -3.697e+00 -6.100e+00 -8.216e+00 -1.212e+01 -1.673e+01 -2.182e+01 -2.400e+01 -2.400e+01 -2.400e+01
-9.321 -10.362 16.878 25.940 0.000 0.000 1.000 -7.647e-01 -1.907e+00 -2.376e-01 -2.018e+00 -1.002e+00 -9.519e-01 -1.801e+00 -3.430e+00 -5.728e+00 -7.779e+00 -1.157e+01 -1.608e+01 -2.107e+01 -2.399e+01 -2.400e+01 -2.400e+01
-9.279 -10.321 16.901 25.939 0.000 0.000 1.000 -7.599e-01 -1.911e+00 -2.478e-01 -2.025e+00 -1.010e+00 -9.133e-01 -1.722e+00 -3.300e+00 -5.545e+00 -7.566e+00 -1.131e+01 -1.576e+01 -2.070e+01 -2.398e+01 -2.400e+01 -2.400e+01
-9.238 -10.279 16.925 25.936 0.000 0.000 1.000 -7.550e-01 -1.915e+00 -2.589e-01 -2.033e+00 -1.020e+00 -8.762e-01 -1.646e+00 -3.173e+00 -5.366e+00 -7.357e+00 -1.104e+01 -1.545e+01 -2.033e+01 -2.395e+01 -2.400e+01 -2.400e+01
-9.199 -10.262 16.949 25.932 0.062 0.000 1.000 -7.503e-01 -1.919e+00 -2.703e-01 -2.037e+00 -1.030e+00 -8.423e-01 -1.577e+00 -3.055e+00 -5.197e+00 -7.162e+00 -1.080e+01 -1.515e+01 -1.998e+01 -2.389e+01 -2.400e+01 -2.400e+01
-9.129 -10.265 16.991 25.919 0.062 0.000 1.000 -7.419e-01 -1.927e+00 -2.926e-01 -2.050e+00 -1.052e+00 -7.857e-01 -1.460e+00 -2.852e+00 -4.901e+00 -6.821e+00 -1.036e+01 -1.462e+01 -1.935e+01 -2.361e+01 -2.400e+01 -2.400e+01
-9.070 -10.268 17.029 25.904 0.062 0.000 1.001 -7.347e-01 -1.934e+00 -3.141e-01 -2.065e+00 -1.075e+00 -7.403e-01 -1.366e+00 -2.685e+00 -4.652e+00 -6.535e+00 -9.985e+00 -1.416e+01 -1.881e+01 -2.315e+01 -2.400e+01 -2.400e+01
-9.018 -10.262 17.062 25.887 0.062 0.000 1.001 -7.284e-01 -1.942e+00 -3.353e-01 -2.081e+00 -1.099e+00 -7.026e-01 -1.288e+00 -2.543e+00 -4.437e+00 -6.291e+00 -9.664e+00 -1.376e+01 -1.834e+01 -2.265e+01 -2.400e+01 -2.400e+01
-8.971 -10.265 17.091 25.868 0.062 0.000 1.001 -7.229e-01 -1.949e+00 -3.559e-01 -2.098e+00 -1.124e+00 -6.710e-01 -1.224e+00 -2.422e+00 -4.251e+00 -6.081e+00 -9.384e+00 -1.341e+01 -1.792e+01 -2.218e+01 -2.400e+01 -2.400e+01
-8.929 -10.268 17.118 25.848 0.062 0.000 1.002 -7.179e-01 -1.957e+00 -3.761e-01 -2.114e+00 -1.149e+00 -6.439e-01 -1.169e+00 -2.316e+00 -4.086e+00 -5.896e+00 -9.136e+00 -1.310e+01 -1.754e+01 -2.176e+01 -2.400e+01 -2.400e+01
-8.873 -10.268 17.152 25.815 0.062 0.000 1.002 -7.114e-01 -1.967e+00 -4.055e-01 -2.139e+00 -1.187e+00 -6.101e-01 -1.100e+00 -2.183e+00 -3.873e+00 -5.659e+00 -8.815e+00 -1.270e+01 -1.705e+01 -2.120e+01 -2.400e+01 -2.400e+01
-8.824 -10.268 17.182 25.782 0.062 0.000 1.002 -7.057e-01 -1.978e+00 -4.341e-01 -2.164e+00 -1.224e+00 -5.824e-01 -1.045e+00 -2.072e+00 -3.691e+00 -5.457e+00 -8.539e+00 -1.235e+01 -1.663e+01 -2.071e+01 -2.399e+01 -2.400e+01
-8.766 -10.273 17.215 25.736 0.062 0.000 1.003 -6.993e-01 -1.992e+00 -4.708e-01 -2.196e+00 -1.273e+00 -5.526e-01 -9.859e-01 -1.950e+00 -3.487e+00 -5.232e+00 -8.228e+00 -1.195e+01 -1.615e+01 -2.016e+01 -2.398e+01 -2.400e+01
-8.714 -10.270 17.243 25.689 0.062 0.000 1.003 -6.937e-01 -2.006e+00 -5.065e-01 -2.228e+00 -1.320e+00 -5.287e-01 -9.388e-01 -1.850e+00 -3.314e+00 -5.043e+00 -7.963e+00 -1.161e+01 -1.574e+01 -1.969e+01 -2.392e+01 -2.400e+01
-8.658 -10.276 17.273 25.632 0.062 0.000 1.004 -6.877e-01 -2.022e+00 -5.494e-01 -2.266e+00 -1.377e+00 -5.048e-01 -8.922e-01 -1.749e+00 -3.132e+00 -4.845e+00 -7.681e+00 -1.125e+01 -1.529e+01 -1.919e+01 -2.376e+01 -2.400e+01
-8.606 -10.233 17.298 25.576 0.062 0.000 1.004 -6.824e-01 -2.039e+00 -5.920e-01 -2.305e+00 -1.431e+00 -4.854e-01 -8.543e-01 -1.665e+00 -2.975e+00 -4.674e+00 -7.435e+00 -1.093e+01 -1.490e+01 -1.875e+01 -2.347e+01 -2.400e+01
-8.557 -10.221 17.319 25.517 0.062 0.000 1.005 -6.776e-01 -2.057e+00 -6.351e-01 -2.344e+00 -1.485e+00 -4.691e-01 -8.226e-01 -1.593e+00 -2.835e+00 -4.523e+00 -7.214e+00 -1.064e+01 -1.454e+01 -1.835e+01 -2.309e+01 -2.400e+01
-8.501 -10.201 17.343 25.445 0.062 0.000 1.005 -6.721e-01 -2.079e+00 -6.891e-01 -2.393e+00 -1.550e+00 -4.524e-01 -7.900e-01 -1.518e+00 -2.682e+00 -4.358e+00 -6.968e+00 -1.031e+01 -1.414e+01 -1.790e+01 -2.261e+01 -2.400e+01
-8.449 -10.150 17.362 25.372 0.062 0.000 1.006 -6.673e-01 -2.101e+00 -7.439e-01 -2.443e+00 -1.613e+00 -4.387e-01 -7.632e-01 -1.456e+00 -2.547e+00 -4.213e+00 -6.748e+00 -1.002e+01 -1.378e+01 -1.750e+01 -2.215e+01 -2.400e+01
-8.398 -10.130 17.380 25.296 0.062 0.000 1.007 -6.628e-01 -2.125e+00 -8.011e-01 -2.496e+00 -1.676e+00 -4.271e-01 -7.404e-01 -1.402e+00 -2.424e+00 -4.081e+00 -6.543e+00 -9.747e+00 -1.344e+01 -1.712e+01 -2.171e+01 -2.399e+01
-8.341 -10.069 17.397 25.206 0.125 0.000 1.007 -6.579e-01 -2.155e+00 -8.709e-01 -2.560e+00 -1.747e+00 -4.159e-01 -7.180e-01 -1.349e+00 -2.294e+00 -3.957e+00 -6.322e+00 -9.448e+00 -1.306e+01 -1.670e+01 -2.123e+01 -2.396e+01
-8.292 -10.018 17.411 25.123 0.125 0.000 1.008 -6.540e-01 -2.184e+00 -9.359e-01 -2.620e+00 -1.809e+00 -4.077e-01 -7.013e-01 -1.310e+00 -2.191e+00 -3.850e+00 -6.145e+00 -9.199e+00 -1.275e+01 -1.636e+01 -2.082e+01 -2.390e+01
-8.236 -9.989 17.424 25.022 0.125 0.000 1.008 -6.499e-01 -2.219e+00 -1.016e+00 -2.695e+00 -1.879e+00 -3.998e-01 -6.850e-01 -1.271e+00 -2.081e+00 -3.731e+00 -5.949e+00 -8.926e+00 -1.240e+01 -1.598e+01 -2.037e+01 -2.374e+01
-8.181 -9.929 17.436 24.919 0.125 0.000 1.009 -6.462e-01 -2.257e+00 -1.099e+00 -2.773e+00 -1.946e+00 -3.936e-01 -6.717e-01 -1.240e+00 -1.983e+00 -3.626e+00 -5.768e+00 -8.671e+00 -1.207e+01 -1.562e+01 -1.995e+01 -2.346e+01
-8.126 -9.869 17.446 24.809 0.125 0.000 1.010 -6.429e-01 -2.298e+00 -1.190e+00 -2.858e+00 -2.011e+00 -3.886e-01 -6.606e-01 -1.214e+00 -1.892e+00 -3.529e+00 -5.592e+00 -8.421e+00 -1.175e+01 -1.528e+01 -1.954e+01 -2.310e+01
-8.078 -9.817 17.453 24.710 0.125 0.000 1.010 -6.404e-01 -2.338e+00 -1.273e+00 -2.937e+00 -2.064e+00 -3.852e-01 -6.528e-01 -1.195e+00 -1.820e+00 -3.451e+00 -5.446e+00 -8.212e+00 -1.148e+01 -1.499e+01 -1.919e+01 -2.275e+01
-8.022 -9.757 17.461 24.588 0.125 0.000 1.011 -6.377e-01 -2.388e+00 -1.378e+00 -3.036e+00 -2.121e+00 -3.822e-01 -6.453e-01 -1.177e+00 -1.742e+00 -3.368e+00 -5.282e+00 -7.973e+00 -1.117e+01 -1.466e+01 -1.880e+01 -2.233e+01
-7.973 -9.705 17.467 24.477 0.125 0.000 1.011 -6.358e-01 -2.434e+00 -1.474e+00 -3.127e+00 -2.166e+00 -3.804e-01 -6.404e-01 -1.165e+00 -1.681e+00 -3.304e+00 -5.147e+00 -7.774e+00 -1.091e+01 -1.438e+01 -1.847e+01 -2.197e+01
-7.916 -9.645 17.472 24.340 0.125 0.000 1.012 -6.339e-01 -2.493e+00 -1.593e+00 -3.239e+00 -2.211e+00 -3.791e-01 -6.361e-01 -1.153e+00 -1.617e+00 -3.236e+00 -4.996e+00 -7.548e+00 -1.061e+01 -1.407e+01 -1.810e+01 -2.156e+01
-7.859 -9.585 17.477 24.191 0.125 0.000 1.012 -6.323e-01 -2.557e+00 -1.719e+00 -3.358e+00 -2.249e+00 -3.786e-01 -6.331e-01 -1.143e+00 -1.561e+00 -3.176e+00 -4.853e+00 -7.328e+00 -1.032e+01 -1.376e+01 -1.774e+01 -2.117e+01
-7.809 -9.533 17.480 24.051 0.125 0.000 1.012 -6.312e-01 -2.615e+00 -1.831e+00 -3.462e+00 -2.276e+00 -3.787e-01 -6.315e-01 -1.137e+00 -1.518e+00 -3.131e+00 -4.736e+00 -7.146e+00 -1.007e+01 -1.351e+01 -1.744e+01 -2.084e+01
-7.759 -9.482 17.482 23.893 0.125 0.000 1.013 -6.302e-01 -2.675e+00 -1.945e+00 -3.568e+00 -2.297e+00 -3.792e-01 -6.305e-01 -1.132e+00 -1.481e+00 -3.091e+00 -4.624e+00 -6.968e+00 -9.832e+00 -1.326e+01 -1.714e+01 -2.052e+01
-7.701 -9.422 17.484 23.670 0.125 0.000 1.013 -6.291e-01 -2.748e+00 -2.078e+00 -3.690e+00 -2.317e+00 -3.802e-01 -6.300e-01 -1.128e+00 -1.444e+00 -3.051e+00 -4.500e+00 -6.768e+00 -9.559e+00 -1.298e+01 -1.681e+01 -2.017e+01
-7.651 -9.370 17.486 23.415 0.188 0.000 1.013 -6.281e-01 -2.811e+00 -2.188e+00 -3.788e+00 -2.330e+00 -3.813e-01 -6.299e-01 -1.125e+00 -1.417e+00 -3.023e+00 -4.400e+00 -6.602e+00 -9.331e+00 -1.274e+01 -1.653e+01 -1.987e+01
-7.592 -9.310 17.486 22.917 0.250 0.053 1.013 -6.266e-01 -2.881e+00 -2.307e+00 -3.891e+00 -2.340e+00 -3.816e-01 -6.324e-01 -1.123e+00 -1.391e+00 -2.994e+00 -4.288e+00 -6.414e+00 -9.070e+00 -1.251e+01 -1.624e+01 -1.955e+01
-7.544 -9.290 17.485 23.452 0.250 0.105 1.000 -6.305e-01 -2.936e+00 -2.397e+00 -3.970e+00 -2.348e+00 -3.880e-01 -6.386e-01 -1.129e+00 -1.381e+00 -2.987e+00 -4.210e+00 -6.273e+00 -8.871e+00 -1.231e+01 -1.602e+01 -1.932e+01
-7.489 -9.230 17.483 23.495 0.250 0.105 1.000 -6.285e-01 -2.987e+00 -2.476e+00 -4.035e+00 -2.355e+00 -3.900e-01 -6.386e-01 -1.127e+00 -1.368e+00 -2.971e+00 -4.117e+00 -6.109e+00 -8.638e+00 -1.207e+01 -1.575e+01 -1.904e+01
-7.433 -9.169 17.481 23.523 0.250 0.105 1.000 -6.264e-01 -3.028e+00 -2.537e+00 -4.084e+00 -2.362e+00 -3.922e-01 -6.387e-01 -1.125e+00 -1.357e+00 -2.957e+00 -4.028e+00 -5.948e+00 -8.409e+00 -1.183e+01 -1.548e+01 -1.876e+01
-7.384 -9.118 17.479 23.536 0.250 0.105 1.000 -6.243e-01 -3.055e+00 -2.575e+00 -4.115e+00 -2.367e+00 -3.943e-01 -6.387e-01 -1.123e+00 -1.348e+00 -2.947e+00 -3.955e+00 -5.813e+00 -8.215e+00 -1.163e+01 -1.525e+01 -1.852e+01
-7.327 -9.058 17.476 23.541 0.250 0.105 1.000 -6.216e-01 -3.077e+00 -2.606e+00 -4.139e+00 -2.373e+00 -3.971e-01 -6.388e-01 -1.120e+00 -1.340e+00 -2.936e+00 -3.872e+00 -5.659e+00 -7.991e+00 -1.140e+01 -1.500e+01 -1.825e+01
-7.278 -9.006 17.473 23.539 0.250 0.105 1.000 -6.191e-01 -3.090e+00 -2.625e+00 -4.154e+00 -2.379e+00 -3.997e-01 -6.388e-01 -1.118e+00 -1.333e+00 -2.927e+00 -3.803e+00 -5.529e+00 -7.802e+00 -1.121e+01 -1.478e+01 -1.803e+01
-7.221 -8.946 17.469 23.531 0.250 0.105 1.000 -6.157e-01 -3.102e+00 -2.639e+00 -4.167e+00 -2.385e+00 -4.030e-01 -6.389e-01 -1.114e+00 -1.326e+00 -2.916e+00 -3.725e+00 -5.380e+00 -7.585e+00 -1.099e+01 -1.453e+01 -1.777e+01
-7.171 -8.894 17.466 23.521 0.312 0.105 1.000 -6.126e-01 -3.109e+00 -2.649e+00 -4.175e+00 -2.392e+00 -4.062e-01 -6.390e-01 -1.111e+00 -1.319e+00 -2.906e+00 -3.659e+00 -5.255e+00 -7.400e+00 -1.080e+01 -1.432e+01 -1.757e+01
-7.113 -8.834 17.461 23.505 0.312 0.105 1.000 -6.086e-01 -3.117e+00 -2.659e+00 -4.184e+00 -2.399e+00 -4.103e-01 -6.391e-01 -1.108e+00 -1.311e+00 -2.894e+00 -3.585e+00 -5.111e+00 -7.187e+00 -1.058e+01 -1.408e+01 -1.734e+01
-7.063 -8.782 17.457 23.490 0.312 0.105 1.000 -6.049e-01 -3.123e+00 -2.668e+00 -4.191e+00 -2.407e+00 -4.142e-01 -6.393e-01 -1.104e+00 -1.304e+00 -2.883e+00 -3.522e+00 -4.989e+00 -7.006e+00 -1.039e+01 -1.388e+01 -1.713e+01
-7.012 -8.731 17.452 23.472 0.312 0.105 1.000 -6.009e-01 -3.130e+00 -2.676e+00 -4.199e+00 -2.415e+00 -4.184e-01 -6.396e-01 -1.100e+00 -1.296e+00 -2.872e+00 -3.460e+00 -4.868e+00 -6.827e+00 -1.021e+01 -1.368e+01 -1.692e+01
-6.954 -8.671 17.446 23.449 0.375 0.105 1.000 -5.958e-01 -3.137e+00 -2.687e+00 -4.208e+00 -2.425e+00 -4.237e-01 -6.399e-01 -1.096e+00 -1.287e+00 -2.857e+00 -3.388e+00 -4.729e+00 -6.619e+00 -9.994e+00 -1.345e+01 -1.668e+01
-6.903 -8.619 17.440 23.427 0.500 0.105 1.000 -5.911e-01 -3.143e+00 -2.694e+00 -4.216e+00 -2.434e+00 -4.287e-01 -6.403e-01 -1.092e+00 -1.279e+00 -2.844e+00 -3.328e+00 -4.610e+00 -6.442e+00 -9.812e+00 -1.325e+01 -1.648e+01
-6.852 -8.567 17.433 23.391 0.500 0.105 1.000 -5.860e-01 -3.150e+00 -2.703e+00 -4.224e+00 -2.444e+00 -4.340e-01 -6.407e-01 -1.087e+00 -1.271e+00 -2.832e+00 -3.267e+00 -4.493e+00 -6.266e+00 -9.630e+00 -1.306e+01 -1.627e+01
-6.793 -8.507 17.426 23.350 0.500 0.105 1.000 -5.798e-01 -3.160e+00 -2.715e+00 -4.235e+00 -2.456e+00 -4.408e-01 -6.415e-01 -1.082e+00 -1.261e+00 -2.816e+00 -3.198e+00 -4.356e+00 -6.061e+00 -9.418e+00 -1.283e+01 -1.604e+01
-6.742 -8.456 17.419 23.314 0.500 0.105 0.999 -5.741e-01 -3.169e+00 -2.726e+00 -4.245e+00 -2.468e+00 -4.470e-01 -6.422e-01 -1.077e+00 -1.251e+00 -2.800e+00 -3.139e+00 -4.240e+00 -5.887e+00 -9.237e+00 -1.264e+01 -1.584e+01
-6.691 -8.404 17.411 23.275 0.500 0.105 0.999 -5.681e-01 -3.179e+00 -2.738e+00 -4.256e+00 -2.480e+00 -4.537e-01 -6.432e-01 -1.072e+00 -1.241e+00 -2.784e+00 -3.081e+00 -4.125e+00 -5.712e+00 -9.056e+00 -1.245e+01 -1.564e+01
-6.632 -8.344 17.402 23.227 0.500 0.105 0.999 -5.609e-01 -3.191e+00 -2.754e+00 -4.270e+00 -2.495e+00 -4.621e-01 -6.446e-01 -1.067e+00 -1.228e+00 -2.764e+00 -3.014e+00 -3.991e+00 -5.510e+00 -8.846e+00 -1.222e+01 -1.541e+01
-6.581 -8.292 17.394 23.181 0.500 0.105 0.999 -5.544e-01 -3.203e+00 -2.768e+00 -4.283e+00 -2.509e+00 -4.697e-01 -6.460e-01 -1.062e+00 -1.217e+00 -2.746e+00 -2.956e+00 -3.877e+00 -5.337e+00 -8.666e+00 -1.203e+01 -1.521e+01
-6.529 -8.240 17.386 23.130 0.562 0.105 0.999 -5.476e-01 -3.215e+00 -2.783e+00 -4.296e+00 -2.523e+00 -4.778e-01 -6.476e-01 -1.057e+00 -1.205e+00 -2.728e+00 -2.899e+00 -3.763e+00 -5.164e+00 -8.486e+00 -1.186e+01 -1.501e+01
-6.478 -8.189 17.378 23.074 0.562 0.105 0.999 -5.407e-01 -3.227e+00 -2.798e+00 -4.310e+00 -2.538e+00 -4.863e-01 -6.494e-01 -1.052e+00 -1.193e+00 -2.709e+00 -2.843e+00 -3.650e+00 -4.991e+00 -8.306e+00 -1.168e+01 -1.484e+01
-6.418 -8.129 17.368 23.001 0.562 0.105 0.998 -5.324e-01 -3.243e+00 -2.817e+00 -4.327e+00 -2.556e+00 -4.967e-01 -6.519e-01 -1.047e+00 -1.179e+00 -2.687e+00 -2.779e+00 -3.519e+00 -4.791e+00 -8.097e+00 -1.146e+01 -1.461e+01
-6.367 -8.077 17.360 22.932 0.562 0.105 0.998 -5.251e-01 -3.257e+00 -2.834e+00 -4.343e+00 -2.572e+00 -5.060e-01 -6.543e-01 -1.042e+00 -1.167e+00 -2.667e+00 -2.725e+00 -3.409e+00 -4.620e+00 -7.918e+00 -1.127e+01 -1.442e+01
-6.316 -8.025 17.352 22.854 0.562 0.105 0.998 -5.177e-01 -3.272e+00 -2.851e+00 -4.358e+00 -2.589e+00 -5.157e-01 -6.570e-01 -1.038e+00 -1.155e+00 -2.648e+00 -2.672e+00 -3.299e+00 -4.449e+00 -7.740e+00 -1.108e+01 -1.422e+01
-6.264 -7.974 17.344 22.767 0.562 0.105 0.998 -5.102e-01 -3.288e+00 -2.869e+00 -4.375e+00 -2.606e+00 -5.257e-01 -6.600e-01 -1.034e+00 -1.143e+00 -2.628e+00 -2.621e+00 -3.191e+00 -4.279e+00 -7.562e+00 -1.090e+01 -1.402e+01
-6.208 -7.977 17.337 22.678 0.562 0.105 0.998 -5.019e-01 -3.306e+00 -2.891e+00 -4.394e+00 -2.625e+00 -5.375e-01 -6.635e-01 -1.029e+00 -1.129e+00 -2.606e+00 -2.566e+00 -3.074e+00 -4.095e+00 -7.365e+00 -1.069e+01 -1.380e+01
-6.159 -7.980 17.330 22.623 0.562 0.105 0.998 -4.945e-01 -3.325e+00 -2.912e+00 -4.414e+00 -2.644e+00 -5.487e-01 -6.670e-01 -1.025e+00 -1.116e+00 -2.585e+00 -2.520e+00 -2.973e+00 -3.933e+00 -7.193e+00 -1.050e+01 -1.361e+01
-6.104 -7.997 17.322 22.577 0.562 0.105 0.998 -4.860e-01 -3.348e+00 -2.938e+00 -4.437e+00 -2.666e+00 -5.620e-01 -6.713e-01 -1.020e+00 -1.101e+00 -2.562e+00 -2.470e+00 -2.864e+00 -3.755e+00 -7.003e+00 -1.030e+01 -1.339e+01
-6.051 -8.005 17.315 22.543 0.562 0.105 0.998 -4.776e-01 -3.371e+00 -2.964e+00 -4.461e+00 -2.688e+00 -5.754e-01 -6.760e-01 -1.016e+00 -1.087e+00 -2.539e+00 -2.423e+00 -2.761e+00 -3.585e+00 -6.822e+00 -1.010e+01 -1.318e+01
-5.996 -7.997 17.306 22.509 0.562 0.105 0.999 -4.688e-01 -3.397e+00 -2.993e+00 -4.487e+00 -2.711e+00 -5.901e-01 -6.813e-01 -1.012e+00 -1.073e+00 -2.516e+00 -2.377e+00 -2.658e+00 -3.412e+00 -6.638e+00 -9.906e+00 -1.298e+01
-5.944 -8.011 17.297 22.481 0.562 0.105 0.999 -4.604e-01 -3.422e+00 -3.020e+00 -4.512e+00 -2.734e+00 -6.043e-01 -6.868e-01 -1.009e+00 -1.061e+00 -2.495e+00 -2.335e+00 -2.565e+00 -3.253e+00 -6.468e+00 -9.725e+00 -1.278e+01
-5.892 -8.008 17.288 22.446 0.562 0.105 0.999 -4.520e-01 -3.447e+00 -3.049e+00 -4.538e+00 -2.757e+00 -6.191e-01 -6.929e-01 -1.006e+00 -1.048e+00 -2.474e+00 -2.295e+00 -2.475e+00 -3.096e+00 -6.302e+00 -9.547e+00 -1.260e+01
-5.839 -8.042 17.278 22.408 0.562 0.105 0.999 -4.433e-01 -3.475e+00 -3.079e+00 -4.565e+00 -2.782e+00 -6.349e-01 -6.996e-01 -1.004e+00 -1.036e+00 -2.453e+00 -2.256e+00 -2.385e+00 -2.937e+00 -6.131e+00 -9.366e+00 -1.240e+01
-5.786 -8.028 17.268 22.369 0.562 0.105 0.999 -4.350e-01 -3.503e+00 -3.108e+00 -4.591e+00 -2.805e+00 -6.506e-01 -7.067e-01 -1.003e+00 -1.026e+00 -2.434e+00 -2.220e+00 -2.303e+00 -2.786e+00 -5.972e+00 -9.196e+00 -1.222e+01
-5.732 -8.042 17.256 22.333 0.562 0.105 0.999 -4.266e-01 -3.531e+00 -3.138e+00 -4.618e+00 -2.830e+00 -6.671e-01 -7.145e-01 -1.002e+00 -1.016e+00 -2.415e+00 -2.185e+00 -2.222e+00 -2.635e+00 -5.810e+00 -9.024e+00 -1.204e+01
-5.679 -8.062 17.244 22.293 0.562 0.105 1.000 -4.186e-01 -3.560e+00 -3.168e+00 -4.645e+00 -2.855e+00 -6.834e-01 -7.226e-01 -1.001e+00 -1.007e+00 -2.398e+00 -2.153e+00 -2.148e+00 -2.492e+00 -5.659e+00 -8.863e+00 -1.187e+01
-5.626 -8.047 17.229 22.483 0.500 0.158 1.000 -4.111e-01 -3.588e+00 -3.198e+00 -4.672e+00 -2.879e+00 -7.000e-01 -7.311e-01 -1.002e+00 -9.980e-01 -2.381e+00 -2.124e+00 -2.080e+00 -2.356e+00 -5.514e+00 -8.709e+00 -1.171e+01
-5.573 -8.085 17.206 22.424 0.500 0.158 1.000 -4.041e-01 -3.616e+00 -3.226e+00 -4.697e+00 -2.901e+00 -7.156e-01 -7.396e-01 -1.003e+00 -9.922e-01 -2.369e+00 -2.098e+00 -2.019e+00 -2.226e+00 -5.376e+00 -8.564e+00 -1.156e+01
-5.518 -7.892 17.182 22.337 0.562 0.158 1.000 -3.977e-01 -3.640e+00 -3.251e+00 -4.720e+00 -2.923e+00 -7.307e-01 -7.482e-01 -1.005e+00 -9.880e-01 -2.358e+00 -2.075e+00 -1.962e+00 -2.100e+00 -5.245e+00 -8.426e+00 -1.141e+01
-5.465 -7.686 17.160 22.217 0.562 0.158 1.000 -3.926e-01 -3.660e+00 -3.271e+00 -4.738e+00 -2.940e+00 -7.437e-01 -7.561e-01 -1.008e+00 -9.860e-01 -2.351e+00 -2.056e+00 -1.910e+00 -1.983e+00 -5.125e+00 -8.302e+00 -1.128e+01
-5.411 -7.531 17.140 22.084 0.562 0.158 1.000 -3.883e-01 -3.677e+00 -3.289e+00 -4.754e+00 -2.957e+00 -7.557e-01 -7.638e-01 -1.012e+00 -9.854e-01 -2.346e+00 -2.041e+00 -1.864e+00 -1.874e+00 -5.012e+00 -8.185e+00 -1.116e+01
-5.358 -7.465 17.124 21.954 0.500 0.211 1.000 -3.847e-01 -3.693e+00 -3.305e+00 -4.769e+00 -2.971e+00 -7.670e-01 -7.715e-01 -1.016e+00 -9.860e-01 -2.343e+00 -2.028e+00 -1.823e+00 -1.771e+00 -4.905e+00 -8.075e+00 -1.103e+01
-5.305 -7.454 17.108 21.904 0.500 0.211 1.000 -3.813e-01 -3.710e+00 -3.322e+00 -4.785e+00 -2.986e+00 -7.786e-01 -7.796e-01 -1.020e+00 -9.872e-01 -2.341e+00 -2.018e+00 -1.787e+00 -1.674e+00 -4.804e+00 -7.969e+00 -1.094e+01
-5.253 -7.457 17.092 21.832 0.500 0.211 1.000 -3.780e-01 -3.727e+00 -3.340e+00 -4.801e+00 -3.002e+00 -7.907e-01 -7.884e-01 -1.026e+00 -9.892e-01 -2.339e+00 -2.010e+00 -1.755e+00 -1.583e+00 -4.709e+00 -7.870e+00 -1.084e+01
-5.198 -7.465 17.076 21.736 0.500 0.211 1.000 -3.747e-01 -3.745e+00 -3.359e+00 -4.819e+00 -3.018e+00 -8.037e-01 -7.982e-01 -1.032e+00 -9.923e-01 -2.339e+00 -2.002e+00 -1.724e+00 -1.495e+00 -4.616e+00 -7.773e+00 -1.074e+01
-5.146 -7.456 17.061 21.667 0.500 0.211 1.000 -3.716e-01 -3.763e+00 -3.377e+00 -4.836e+00 -3.034e+00 -8.170e-01 -8.083e-01 -1.039e+00 -9.963e-01 -2.340e+00 -1.996e+00 -1.696e+00 -1.414e+00 -4.532e+00 -7.685e+00 -1.064e+01
-5.093 -7.453 17.047 21.574 0.500 0.211 1.000 -3.687e-01 -3.780e+00 -3.395e+00 -4.853e+00 -3.051e+00 -8.309e-01 -8.193e-01 -1.047e+00 -1.001e+00 -2.342e+00 -1.991e+00 -1.668e+00 -1.338e+00 -4.452e+00 -7.601e+00 -1.055e+01
-5.039 -7.416 17.033 21.445 0.562 0.211 1.000 -3.661e-01 -3.799e+00 -3.415e+00 -4.872e+00 -3.068e+00 -8.454e-01 -8.313e-01 -1.057e+00 -1.008e+00 -2.346e+00 -1.987e+00 -1.642e+00 -1.265e+00 -4.376e+00 -7.522e+00 -1.047e+01
-4.986 -7.210 17.027 20.154 0.562 0.211 1.000 -3.650e-01 -3.811e+00 -3.427e+00 -4.884e+00 -3.081e+00 -8.568e-01 -8.417e-01 -1.066e+00 -1.017e+00 -2.354e+00 -1.987e+00 -1.617e+00 -1.199e+00 -4.310e+00 -7.455e+00 -1.040e+01
-4.933 -7.055 17.032 21.297 0.562 0.211 1.000 -3.650e-01 -3.818e+00 -3.436e+00 -4.894e+00 -3.090e+00 -8.665e-01 -8.515e-01 -1.076e+00 -1.027e+00 -2.365e+00 -1.990e+00 -1.595e+00 -1.139e+00 -4.250e+00 -7.396e+00 -1.034e+01
-4.878 -6.926 17.050 21.552 0.562 0.211 1.000 -3.658e-01 -3.824e+00 -3.443e+00 -4.901e+00 -3.098e+00 -8.750e-01 -8.608e-01 -1.086e+00 -1.039e+00 -2.377e+00 -1.995e+00 -1.575e+00 -1.084e+00 -4.196e+00 -7.343e+00 -1.029e+01
-4.824 -6.814 17.078 21.669 0.562 0.211 1.000 -3.673e-01 -3.826e+00 -3.447e+00 -4.906e+00 -3.104e+00 -8.823e-01 -8.697e-01 -1.097e+00 -1.051e+00 -2.391e+00 -2.001e+00 -1.556e+00 -1.034e+00 -4.147e+00 -7.295e+00 -1.024e+01
-4.770 -6.828 17.107 21.588 0.562 0.211 1.000 -3.687e-01 -3.829e+00 -3.450e+00 -4.911e+00 -3.110e+00 -8.900e-01 -8.788e-01 -1.107e+00 -1.063e+00 -2.404e+00 -2.007e+00 -1.539e+00 -9.894e-01 -4.104e+00 -7.253e+00 -1.021e+01
-4.720 -6.865 17.130 21.148 0.562 0.211 1.000 -3.694e-01 -3.833e+00 -3.455e+00 -4.917e+00 -3.118e+00 -8.989e-01 -8.884e-01 -1.118e+00 -1.074e+00 -2.415e+00 -2.012e+00 -1.523e+00 -9.516e-01 -4.066e+00 -7.215e+00 -1.017e+01
-4.666 -6.814 17.158 21.531 0.500 0.263 1.000 -3.709e-01 -3.837e+00 -3.461e+00 -4.923e+00 -3.124e+00 -9.061e-01 -8.974e-01 -1.128e+00 -1.086e+00 -2.429e+00 -2.018e+00 -1.508e+00 -9.159e-01 -4.032e+00 -7.181e+00 -1.014e+01
-4.611 -6.808 17.182 21.427 0.500 0.263 1.000 -3.719e-01 -3.841e+00 -3.466e+00 -4.930e+00 -3.132e+00 -9.151e-01 -9.073e-01 -1.139e+00 -1.097e+00 -2.441e+00 -2.023e+00 -1.493e+00 -8.835e-01 -4.000e+00 -7.150e+00 -1.010e+01
-4.558 -6.816 17.202 21.208 0.500 0.263 1.000 -3.719e-01 -3.848e+00 -3.474e+00 -4.939e+00 -3.142e+00 -9.255e-01 -9.178e-01 -1.150e+00 -1.108e+00 -2.452e+00 -2.026e+00 -1.479e+00 -8.555e-01 -3.972e+00 -7.122e+00 -1.008e+01
-4.506 -6.808 17.217 21.189 0.500 0.263 1.000 -3.714e-01 -3.858e+00 -3.485e+00 -4.950e+00 -3.154e+00 -9.370e-01 -9.287e-01 -1.160e+00 -1.118e+00 -2.461e+00 -2.028e+00 -1.467e+00 -8.310e-01 -3.946e+00 -7.096e+00 -1.005e+01
-4.452 -6.828 17.230 21.087 0.500 0.263 1.000 -3.703e-01 -3.870e+00 -3.499e+00 -4.964e+00 -3.168e+00 -9.502e-01 -9.408e-01 -1.171e+00 -1.127e+00 -2.470e+00 -2.029e+00 -1.454e+00 -8.078e-01 -3.922e+00 -7.070e+00 -1.002e+01
-4.399 -6.822 17.240 20.805 0.500 0.263 1.000 -3.688e-01 -3.885e+00 -3.514e+00 -4.979e+00 -3.184e+00 -9.642e-01 -9.532e-01 -1.182e+00 -1.136e+00 -2.477e+00 -2.030e+00 -1.442e+00 -7.868e-01 -3.899e+00 -7.046e+00 -9.996e+00
-4.347 -6.813 17.250 20.836 0.500 0.263 1.000 -3.670e-01 -3.901e+00 -3.531e+00 -4.995e+00 -3.200e+00 -9.789e-01 -9.661e-01 -1.193e+00 -1.146e+00 -2.485e+00 -2.030e+00 -1.431e+00 -7.673e-01 -3.878e+00 -7.022e+00 -9.972e+00
-4.293 -6.824 17.258 20.555 0.500 0.263 1.000 -3.650e-01 -3.918e+00 -3.549e+00 -5.013e+00 -3.218e+00 -9.944e-01 -9.796e-01 -1.204e+00 -1.155e+00 -2.492e+00 -2.031e+00 -1.420e+00 -7.490e-01 -3.857e+00 -7.000e+00 -9.949e+00
-4.239 -6.815 17.264 20.637 0.500 0.263 1.000 -3.629e-01 -3.936e+00 -3.568e+00 -5.031e+00 -3.236e+00 -1.011e+00 -9.936e-01 -1.216e+00 -1.164e+00 -2.499e+00 -2.031e+00 -1.410e+00 -7.316e-01 -3.838e+00 -6.978e+00 -9.923e+00
-4.186 -6.827 17.270 20.282 0.500 0.263 1.000 -3.607e-01 -3.954e+00 -3.586e+00 -5.049e+00 -3.254e+00 -1.027e+00 -1.007e+00 -1.228e+00 -1.174e+00 -2.506e+00 -2.032e+00 -1.401e+00 -7.160e-01 -3.820e+00 -6.958e+00 -9.902e+00
-4.133 -6.832 17.224 21.343 0.312 0.368 1.000 -3.539e-01 -3.991e+00 -3.624e+00 -5.084e+00 -3.289e+00 -1.054e+00 -1.028e+00 -1.243e+00 -1.184e+00 -2.511e+00 -2.031e+00 -1.394e+00 -7.015e-01 -3.798e+00 -6.929e+00 -9.865e+00
-4.080 -6.840 17.177 21.165 0.312 0.368 1.000 -3.497e-01 -4.023e+00 -3.656e+00 -5.115e+00 -3.318e+00 -1.079e+00 -1.049e+00 -1.259e+00 -1.195e+00 -2.518e+00 -2.030e+00 -1.384e+00 -6.841e-01 -3.776e+00 -6.903e+00 -9.837e+00
-4.027 -6.459 17.135 21.060 0.438 0.368 1.001 -3.479e-01 -4.042e+00 -3.677e+00 -5.135e+00 -3.338e+00 -1.098e+00 -1.065e+00 -1.273e+00 -1.206e+00 -2.527e+00 -2.032e+00 -1.375e+00 -6.688e-01 -3.759e+00 -6.885e+00 -9.816e+00
-3.972 -6.227 17.093 20.955 0.438 0.368 1.001 -3.464e-01 -4.058e+00 -3.693e+00 -5.151e+00 -3.355e+00 -1.113e+00 -1.079e+00 -1.285e+00 -1.216e+00 -2.535e+00 -2.034e+00 -1.368e+00 -6.566e-01 -3.745e+00 -6.870e+00 -9.800e+00
-3.919 -6.064 17.052 20.845 0.438 0.368 1.001 -3.452e-01 -4.070e+00 -3.706e+00 -5.164e+00 -3.368e+00 -1.125e+00 -1.090e+00 -1.295e+00 -1.225e+00 -2.542e+00 -2.036e+00 -1.363e+00 -6.472e-01 -3.734e+00 -6.858e+00 -9.785e+00
-3.864 -5.926 17.014 20.690 0.500 0.368 1.001 -3.438e-01 -4.082e+00 -3.718e+00 -5.175e+00 -3.381e+00 -1.136e+00 -1.099e+00 -1.303e+00 -1.232e+00 -2.548e+00 -2.038e+00 -1.360e+00 -6.398e-01 -3.726e+00 -6.848e+00 -9.773e+00
-3.811 -5.814 16.982 20.547 0.500 0.368 1.001 -3.428e-01 -4.091e+00 -3.728e+00 -5.185e+00 -3.390e+00 -1.144e+00 -1.107e+00 -1.309e+00 -1.237e+00 -2.552e+00 -2.039e+00 -1.357e+00 -6.343e-01 -3.719e+00 -6.840e+00 -9.766e+00
-3.756 -5.711 16.953 20.394 0.500 0.368 1.001 -3.420e-01 -4.099e+00 -3.736e+00 -5.193e+00 -3.398e+00 -1.152e+00 -1.113e+00 -1.315e+00 -1.242e+00 -2.556e+00 -2.039e+00 -1.354e+00 -6.296e-01 -3.714e+00 -6.834e+00 -9.757e+00
-3.705 -5.625 16.931 20.242 0.500 0.368 1.001 -3.414e-01 -4.105e+00 -3.742e+00 -5.199e+00 -3.404e+00 -1.157e+00 -1.118e+00 -1.319e+00 -1.245e+00 -2.559e+00 -2.040e+00 -1.352e+00 -6.262e-01 -3.710e+00 -6.829e+00 -9.753e+00
-3.650 -5.539 16.912 20.062 0.500 0.368 1.001 -3.409e-01 -4.110e+00 -3.748e+00 -5.204e+00 -3.409e+00 -1.162e+00 -1.122e+00 -1.323e+00 -1.248e+00 -2.561e+00 -2.041e+00 -1.350e+00 -6.233e-01 -3.706e+00 -6.825e+00 -9.748e+00
-3.598 -5.462 16.898 19.873 0.500 0.368 1.001 -3.405e-01 -4.114e+00 -3.751e+00 -5.208e+00 -3.413e+00 -1.165e+00 -1.125e+00 -1.325e+00 -1.250e+00 -2.563e+00 -2.041e+00 -1.349e+00 -6.212e-01 -3.704e+00 -6.822e+00 -9.745e+00
-3.543 -5.416 16.894 19.055 0.438 0.684 1.000 -3.406e-01 -4.121e+00 -3.759e+00 -5.212e+00 -3.414e+00 -1.167e+00 -1.127e+00 -1.327e+00 -1.252e+00 -2.565e+00 -2.041e+00 -1.348e+00 -6.193e-01 -3.703e+00 -6.821e+00 -9.744e+00
-3.489 -5.338 16.896 18.913 0.250 0.789 1.000 -3.407e-01 -4.124e+00 -3.759e+00 -5.216e+00 -3.416e+00 -1.167e+00 -1.128e+00 -1.328e+00 -1.252e+00 -2.565e+00 -2.041e+00 -1.348e+00 -6.188e-01 -3.702e+00 -6.820e+00 -9.743e+00
-3.438 -5.269 16.897 17.912 0.188 0.842 1.000 -3.408e-01 -4.124e+00 -3.759e+00 -5.216e+00 -3.416e+00 -1.167e+00 -1.128e+00 -1.328e+00 -1.253e+00 -2.566e+00 -2.042e+00 -1.347e+00 -6.186e-01 -3.702e+00 -6.820e+00 -9.744e+00
-3.385 -5.201 16.895 18.627 0.062 0.895 1.000 -3.406e-01 -4.124e+00 -3.759e+00 -5.216e+00 -3.416e+00 -1.168e+00 -1.128e+00 -1.328e+00 -1.253e+00 -2.566e+00 -2.042e+00 -1.348e+00 -6.187e-01 -3.702e+00 -6.819e+00 -9.743e+00
-3.331 -5.132 16.894 18.568 0.062 0.895 1.000 -3.404e-01 -4.124e+00 -3.759e+00 -5.216e+00 -3.417e+00 -1.168e+00 -1.128e+00 -1.328e+00 -1.253e+00 -2.566e+00 -2.043e+00 -1.348e+00 -6.188e-01 -3.702e+00 -6.819e+00 -9.742e+00
-3.274 -5.063 16.893 18.498 0.062 0.895 1.000 -3.402e-01 -4.123e+00 -3.759e+00 -5.216e+00 -3.417e+00 -1.168e+00 -1.128e+00 -1.328e+00 -1.253e+00 -2.566e+00 -2.043e+00 -1.348e+00 -6.188e-01 -3.702e+00 -6.819e+00 -9.743e+00
-3.224 -5.003 16.892 18.428 0.062 0.895 1.000 -3.401e-01 -4.123e+00 -3.759e+00 -5.216e+00 -3.417e+00 -1.169e+00 -1.129e+00 -1.328e+00 -1.253e+00 -2.567e+00 -2.043e+00 -1.348e+00 -6.189e-01 -3.702e+00 -6.819e+00 -9.742e+00
-3.172 -4.943 16.891 18.348 0.062 0.895 1.000 -3.400e-01 -4.123e+00 -3.759e+00 -5.216e+00 -3.418e+00 -1.169e+00 -1.129e+00 -1.328e+00 -1.253e+00 -2.567e+00 -2.043e+00 -1.348e+00 -6.190e-01 -3.702e+00 -6.818e+00 -9.741e+00
-3.120 -4.882 16.890 18.256 0.062 0.895 1.000 -3.398e-01 -4.123e+00 -3.759e+00 -5.216e+00 -3.418e+00 -1.169e+00 -1.129e+00 -1.328e+00 -1.252e+00 -2.567e+00 -2.044e+00 -1.349e+00 -6.190e-01 -3.702e+00 -6.818e+00 -9.741e+00
-3.066 -4.822 16.889 18.152 0.062 0.895 1.000 -3.397e-01 -4.122e+00 -3.759e+00 -5.216e+00 -3.418e+00 -1.170e+00 -1.129e+00 -1.328e+00 -1.252e+00 -2.567e+00 -2.044e+00 -1.349e+00 -6.191e-01 -3.701e+00 -6.818e+00 -9.742e+00
-3.012 -4.762 16.888 18.034 0.062 0.947 1.000 -3.396e-01 -4.122e+00 -3.759e+00 -5.216e+00 -3.419e+00 -1.170e+00 -1.129e+00 -1.328e+00 -1.252e+00 -2.567e+00 -2.044e+00 -1.349e+00 -6.191e-01 -3.701e+00 -6.818e+00 -9.741e+00
-2.951 -4.186 16.888   -inf 0.000 1.000 1.000 -3.396e-01 -4.122e+00 -3.759e+00 -5.215e+00 -3.419e+00 -1.170e+00 -1.129e+00 -1.328e+00 -1.252e+00 -2.567e+00 -2.044e+00 -1.349e+00 -6.190e-01 -3.701e+00 -6.818e+00 -9.740e+00
-2.868 -3.910 16.888   -inf 0.000 1.000 1.000 -3.396e-01 -4.122e+00 -3.759e+00 -5.215e+00 -3.419e+00 -1.170e+00 -1.129e+00 -1.328e+00 -1.252e+00 -2.567e+00 -2.044e+00 -1.349e+00 -6.190e-01 -3.701e+00 -6.818e+00 -9.741e+00
-2.827 -3.868 16.888   -inf 0.000 1.000 1.000 -3.396e-01 -4.122e+00 -3.759e+00 -5.215e+00 -3.419e+00 -1.170e+00 -1.129e+00 -1.328e+00 -1.252e+00 -2.567e+00 -2.044e+00 -1.349e+00 -6.190e-01 -3.701e+00 -6.818e+00 -9.740e+00
-2.785 -3.827 16.888   -inf 0.000 1.000 1.000 -3.396e-01 -4.122e+00 -3.759e+00 -5.215e+00 -3.419e+00 -1.170e+00 -1.129e+00 -1.328e+00 -1.252e+00 -2.567e+00 -2.044e+00 -1.349e+00 -6.190e-01 -3.701e+00 -6.818e+00 -9.741e+00
-2.744 -3.785 16.888   -inf 0.000 1.000 1.000 -3.396e-01 -4.122e+00 -3.759e+00 -5.215e+00 -3.419e+00 -1.170e+00 -1.129e+00 -1.329e+00 -1.252e+00 -2.567e+00 -2.044e+00 -1.349e+00 -6.190e-01 -3.701e+00 -6.818e+00 -9.741e+00
-2.661 -3.703 16.888   -inf 0.000 1.000 1.000 -3.397e-01 -4.122e+00 -3.759e+00 -5.215e+00 -3.419e+00 -1.170e+00 -1.129e+00 -1.329e+00 -1.252e+00 -2.567e+00 -2.044e+00 -1.349e+00 -6.190e-01 -3.701e+00 -6.818e+00 -9.741e+00
-2.620 -3.661 16.888   -inf 0.000 1.000 1.000 -3.397e-01 -4.122e+00 -3.759e+00 -5.215e+00 -3.419e+00 -1.170e+00 -1.129e+00 -1.329e+00 -1.252e+00 -2.567e+00 -2.044e+00 -1.349e+00 -6.190e-01 -3.701e+00 -6.818e+00 -9.741e+00
-2.579 -3.620 16.888   -inf 0.000 1.000 1.000 -3.397e-01 -4.122e+00 -3.759e+00 -5.215e+00 -3.419e+00 -1.170e+00 -1.129e+00 -1.329e+00 -1.252e+00 -2.567e+00 -2.044e+00 -1.349e+00 -6.189e-01 -3.701e+00 -6.818e+00 -9.741e+00
-2.496 -3.537 16.888   -inf 0.000 1.000 1.000 -3.397e-01 -4.122e+00 -3.759e+00 -5.215e+00 -3.419e+00 -1.170e+00 -1.129e+00 -1.329e+00 -1.252e+00 -2.567e+00 -2.044e+00 -1.349e+00 -6.189e-01 -3.701e+00 -6.818e+00 -9.741e+00
-2.454 -3.496 16.888   -inf 0.000 1.000 1.000 -3.397e-01 -4.122e+00 -3.759e+00 -5.215e+00 -3.419e+00 -1.170e+00 -1.129e+00 -1.329e+00 -1.252e+00 -2.567e+00 -2.044e+00 -1.349e+00 -6.189e-01 -3.701e+00 -6.818e+00 -9.741e+00
-2.413 -3.454 16.888   -inf 0.000 1.000 1.000 -3.397e-01 -4.122e+00 -3.759e+00 -5.215e+00 -3.419e+00 -1.170e+00 -1.129e+00 -1.329e+00 -1.252e+00 -2.567e+00 -2.044e+00 -1.349e+00 -6.189e-01 -3.701e+00 -6.818e+00 -9.740e+00
-2.372 -3.413 16.888   -inf 0.000 1.000 1.000 -3.397e-01 -4.122e+00 -3.759e+00 -5.215e+00 -3.419e+00 -1.170e+00 -1.129e+00 -1.329e+00 -1.252e+00 -2.567e+00 -2.044e+00 -1.349e+00 -6.189e-01 -3.701e+00 -6.818e+00 -9.741e+00
-2.289 -3.330 16.888   -inf 0.000 1.000 1.000 -3.397e-01 -4.122e+00 -3.759e+00 -5.215e+00 -3.419e+00 -1.170e+00 -1.130e+00 -1.329e+00 -1.253e+00 -2.567e+00 -2.044e+00 -1.349e+00 -6.189e-01 -3.701e+00 -6.818e+00 -9.740e+00
-2.247 -3.289 16.888   -inf 0.000 1.000 1.000 -3.397e-01 -4.122e+00 -3.759e+00 -5.215e+00 -3.419e+00 -1.170e+00 -1.130e+00 -1.329e+00 -1.253e+00 -2.567e+00 -2.044e+00 -1.349e+00 -6.189e-01 -3.701e+00 -6.818e+00 -9.740e+00
-2.206 -3.247 16.888   -inf 0.000 1.000 1.000 -3.397e-01 -4.122e+00 -3.759e+00 -5.215e+00 -3.419e+00 -1.170e+00 -1.130e+00 -1.329e+00 -1.253e+00 -2.567e+00 -2.044e+00 -1.349e+00 -6.189e-01 -3.701e+00 -6.818e+00 -9.740e+00
-2.123 -3.165 16.888   -inf 0.000 1.000 1.000 -3.397e-01 -4.122e+00 -3.759e+00 -5.215e+00 -3.419e+00 -1.170e+00 -1.130e+00 -1.329e+00 -1.253e+00 -2.567e+00 -2.044e+00 -1.349e+00 -6.188e-01 -3.701e+00 -6.818e+00 -9.741e+00
-2.082 -3.123 16.888   -inf 0.000 1.000 1.000 -3.397e-01 -4.122e+00 -3.759e+00 -5.215e+00 -3.419e+00 -1.170e+00 -1.130e+00 -1.329e+00 -1.253e+00 -2.567e+00 -2.044e+00 -1.349e+00 -6.188e-01 -3.701e+00 -6.818e+00 -9.740e+00
-2.040 -3.082 16.888   -inf 0.000 1.000 1.000 -3.397e-01 -4.122e+00 -3.759e+00 -5.215e+00 -3.419e+00 -1.170e+00 -1.130e+00 -1.329e+00 -1.253e+00 -2.567e+00 -2.044e+00 -1.348e+00 -6.188e-01 -3.701e+00 -6.818e+00 -9.741e+00
-1.999 -3.040 16.888   -inf 0.000 1.000 1.000 -3.397e-01 -4.122e+00 -3.759e+00 -5.215e+00 -3.419e+00 -1.170e+00 -1.130e+00 -1.329e+00 -1.253e+00 -2.567e+00 -2.044e+00 -1.348e+00 -6.188e-01 -3.701e+00 -6.818e+00 -9.741e+00
