
#    t     dt   F+(4He)   F+(12C)   F+(16O)   F-(4He)   F-(12C)   F-(16O)   
-17.933 -20.934 4.242e+00 3.440e+00 -6.658e+00 -6.658e+00 3.691e+00 3.440e+00 4.242e+00 3.332e+00 3.440e+00
-17.866 -20.867 4.242e+00 3.440e+00 -6.590e+00 -6.590e+00 3.691e+00 3.440e+00 4.242e+00 3.332e+00 3.440e+00
-17.800 -20.800 4.242e+00 3.440e+00 -6.523e+00 -6.523e+00 3.691e+00 3.440e+00 4.242e+00 3.332e+00 3.440e+00
-17.733 -20.734 4.242e+00 3.440e+00 -6.456e+00 -6.456e+00 3.691e+00 3.440e+00 4.242e+00 3.332e+00 3.440e+00
-17.666 -20.667 4.242e+00 3.440e+00 -6.389e+00 -6.389e+00 3.691e+00 3.440e+00 4.242e+00 3.332e+00 3.440e+00
-17.600 -20.600 4.242e+00 3.440e+00 -6.322e+00 -6.322e+00 3.691e+00 3.440e+00 4.242e+00 3.332e+00 3.440e+00
-17.533 -20.533 4.242e+00 3.440e+00 -6.255e+00 -6.255e+00 3.691e+00 3.440e+00 4.242e+00 3.332e+00 3.440e+00
-17.467 -20.467 4.242e+00 3.440e+00 -6.188e+00 -6.188e+00 3.691e+00 3.440e+00 4.242e+00 3.332e+00 3.440e+00
-17.400 -20.400 4.242e+00 3.440e+00 -6.121e+00 -6.121e+00 3.691e+00 3.440e+00 4.242e+00 3.332e+00 3.440e+00
-17.333 -20.333 4.242e+00 3.440e+00 -6.054e+00 -6.054e+00 3.691e+00 3.440e+00 4.242e+00 3.332e+00 3.440e+00
-17.267 -20.267 4.242e+00 3.440e+00 -5.988e+00 -5.988e+00 3.691e+00 3.440e+00 4.242e+00 3.332e+00 3.440e+00
-17.200 -20.200 4.242e+00 3.440e+00 -5.921e+00 -5.921e+00 3.691e+00 3.440e+00 4.242e+00 3.332e+00 3.440e+00
-17.133 -20.134 4.242e+00 3.440e+00 -5.854e+00 -5.854e+00 3.691e+00 3.440e+00 4.242e+00 3.332e+00 3.440e+00
-17.066 -20.067 4.242e+00 3.440e+00 -5.787e+00 -5.787e+00 3.691e+00 3.440e+00 4.242e+00 3.332e+00 3.440e+00
-17.000 -20.000 4.242e+00 3.440e+00 -5.721e+00 -5.721e+00 3.691e+00 3.440e+00 4.242e+00 3.332e+00 3.440e+00
-16.933 -19.934 4.242e+00 3.440e+00 -5.654e+00 -5.654e+00 3.691e+00 3.440e+00 4.242e+00 3.332e+00 3.440e+00
-16.866 -19.867 4.242e+00 3.440e+00 -5.587e+00 -5.587e+00 3.691e+00 3.440e+00 4.242e+00 3.332e+00 3.440e+00
-16.800 -19.800 4.242e+00 3.440e+00 -5.521e+00 -5.521e+00 3.691e+00 3.440e+00 4.242e+00 3.332e+00 3.440e+00
-16.733 -19.733 4.242e+00 3.440e+00 -5.454e+00 -5.454e+00 3.691e+00 3.440e+00 4.242e+00 3.332e+00 3.440e+00
-16.667 -19.667 4.242e+00 3.440e+00 -5.387e+00 -5.387e+00 3.691e+00 3.440e+00 4.242e+00 3.332e+00 3.440e+00
-16.600 -19.600 4.242e+00 3.440e+00 -5.321e+00 -5.321e+00 3.691e+00 3.440e+00 4.242e+00 3.332e+00 3.440e+00
-16.533 -19.533 4.242e+00 3.440e+00 -5.254e+00 -5.254e+00 3.691e+00 3.440e+00 4.242e+00 3.332e+00 3.440e+00
-16.466 -19.467 4.242e+00 3.440e+00 -5.187e+00 -5.187e+00 3.691e+00 3.440e+00 4.242e+00 3.332e+00 3.440e+00
-16.400 -19.400 4.242e+00 3.440e+00 -5.120e+00 -5.120e+00 3.691e+00 3.440e+00 4.242e+00 3.332e+00 3.440e+00
-16.333 -19.334 4.242e+00 3.440e+00 -5.054e+00 -5.054e+00 3.691e+00 3.440e+00 4.242e+00 3.332e+00 3.440e+00
-16.266 -19.267 4.242e+00 3.440e+00 -4.987e+00 -4.987e+00 3.691e+00 3.440e+00 4.242e+00 3.332e+00 3.440e+00
-16.200 -19.200 4.242e+00 3.440e+00 -4.921e+00 -4.921e+00 3.691e+00 3.440e+00 4.242e+00 3.332e+00 3.440e+00
-16.133 -19.134 4.242e+00 3.440e+00 -4.854e+00 -4.854e+00 3.691e+00 3.440e+00 4.242e+00 3.332e+00 3.440e+00
-16.066 -19.067 4.242e+00 3.440e+00 -4.787e+00 -4.787e+00 3.691e+00 3.440e+00 4.242e+00 3.332e+00 3.440e+00
-16.000 -19.000 4.242e+00 3.440e+00 -4.720e+00 -4.720e+00 3.691e+00 3.440e+00 4.242e+00 3.332e+00 3.440e+00
-15.933 -18.933 4.242e+00 3.440e+00 -4.654e+00 -4.654e+00 3.691e+00 3.440e+00 4.242e+00 3.332e+00 3.440e+00
-15.867 -18.867 4.242e+00 3.440e+00 -4.587e+00 -4.587e+00 3.691e+00 3.440e+00 4.242e+00 3.332e+00 3.440e+00
-15.800 -18.800 4.242e+00 3.440e+00 -4.520e+00 -4.520e+00 3.691e+00 3.440e+00 4.242e+00 3.332e+00 3.440e+00
-15.733 -18.733 4.242e+00 3.440e+00 -4.454e+00 -4.454e+00 3.691e+00 3.440e+00 4.242e+00 3.332e+00 3.440e+00
-15.666 -18.667 4.242e+00 3.440e+00 -4.387e+00 -4.387e+00 3.691e+00 3.440e+00 4.242e+00 3.332e+00 3.440e+00
-15.600 -18.600 4.242e+00 3.440e+00 -4.320e+00 -4.320e+00 3.691e+00 3.440e+00 4.242e+00 3.332e+00 3.440e+00
-15.533 -18.534 4.242e+00 3.440e+00 -4.254e+00 -4.254e+00 3.691e+00 3.440e+00 4.242e+00 3.332e+00 3.440e+00
-15.466 -18.467 4.242e+00 3.440e+00 -4.187e+00 -4.187e+00 3.691e+00 3.440e+00 4.242e+00 3.332e+00 3.440e+00
-15.400 -18.400 4.242e+00 3.440e+00 -4.121e+00 -4.121e+00 3.691e+00 3.440e+00 4.242e+00 3.332e+00 3.440e+00
-15.333 -18.334 4.242e+00 3.440e+00 -4.054e+00 -4.054e+00 3.691e+00 3.440e+00 4.242e+00 3.332e+00 3.440e+00
-15.266 -18.267 4.242e+00 3.440e+00 -3.987e+00 -3.987e+00 3.691e+00 3.440e+00 4.242e+00 3.332e+00 3.440e+00
-15.200 -18.200 4.242e+00 3.440e+00 -3.920e+00 -3.920e+00 3.691e+00 3.440e+00 4.242e+00 3.332e+00 3.440e+00
-15.133 -18.133 4.242e+00 3.440e+00 -3.854e+00 -3.854e+00 3.691e+00 3.440e+00 4.242e+00 3.332e+00 3.440e+00
-15.067 -18.067 4.242e+00 3.440e+00 -3.787e+00 -3.787e+00 3.691e+00 3.440e+00 4.242e+00 3.332e+00 3.440e+00
-15.000 -18.000 4.242e+00 3.440e+00 -3.720e+00 -3.720e+00 3.691e+00 3.440e+00 4.242e+00 3.332e+00 3.440e+00
-14.933 -17.933 4.242e+00 3.440e+00 -3.653e+00 -3.653e+00 3.691e+00 3.440e+00 4.242e+00 3.332e+00 3.440e+00
-14.866 -17.867 4.242e+00 3.440e+00 -3.587e+00 -3.587e+00 3.691e+00 3.440e+00 4.242e+00 3.332e+00 3.440e+00
-14.800 -17.800 4.242e+00 3.440e+00 -3.520e+00 -3.520e+00 3.691e+00 3.440e+00 4.242e+00 3.332e+00 3.440e+00
-14.733 -17.734 4.242e+00 3.440e+00 -3.454e+00 -3.454e+00 3.691e+00 3.440e+00 4.242e+00 3.332e+00 3.440e+00
-14.666 -17.667 4.242e+00 3.440e+00 -3.387e+00 -3.387e+00 3.691e+00 3.440e+00 4.242e+00 3.332e+00 3.440e+00
-14.600 -17.600 4.242e+00 3.440e+00 -3.321e+00 -3.321e+00 3.691e+00 3.440e+00 4.242e+00 3.332e+00 3.440e+00
-14.533 -17.534 4.242e+00 3.440e+00 -3.254e+00 -3.254e+00 3.691e+00 3.440e+00 4.242e+00 3.332e+00 3.440e+00
-14.466 -17.467 4.242e+00 3.440e+00 -3.187e+00 -3.187e+00 3.691e+00 3.440e+00 4.242e+00 3.332e+00 3.440e+00
-14.400 -17.400 4.242e+00 3.440e+00 -3.120e+00 -3.120e+00 3.691e+00 3.440e+00 4.242e+00 3.332e+00 3.440e+00
-14.333 -17.333 4.242e+00 3.440e+00 -3.054e+00 -3.054e+00 3.691e+00 3.440e+00 4.242e+00 3.332e+00 3.440e+00
-14.267 -17.267 4.242e+00 3.440e+00 -2.987e+00 -2.987e+00 3.691e+00 3.440e+00 4.242e+00 3.332e+00 3.440e+00
-14.200 -17.200 4.242e+00 3.440e+00 -2.920e+00 -2.920e+00 3.691e+00 3.440e+00 4.242e+00 3.332e+00 3.440e+00
-14.133 -17.134 4.242e+00 3.440e+00 -2.854e+00 -2.854e+00 3.691e+00 3.440e+00 4.242e+00 3.332e+00 3.440e+00
-14.066 -17.067 4.242e+00 3.440e+00 -2.787e+00 -2.787e+00 3.691e+00 3.440e+00 4.242e+00 3.332e+00 3.440e+00
-14.000 -17.000 4.242e+00 3.440e+00 -2.720e+00 -2.720e+00 3.691e+00 3.440e+00 4.242e+00 3.332e+00 3.440e+00
-13.933 -16.934 4.242e+00 3.440e+00 -2.654e+00 -2.654e+00 3.691e+00 3.440e+00 4.242e+00 3.332e+00 3.440e+00
-13.866 -16.867 4.242e+00 3.440e+00 -2.587e+00 -2.587e+00 3.691e+00 3.440e+00 4.242e+00 3.332e+00 3.440e+00
-13.800 -16.800 4.242e+00 3.440e+00 -2.521e+00 -2.521e+00 3.691e+00 3.440e+00 4.242e+00 3.332e+00 3.440e+00
-13.733 -16.734 4.242e+00 3.440e+00 -2.454e+00 -2.454e+00 3.691e+00 3.440e+00 4.242e+00 3.332e+00 3.440e+00
-13.666 -16.667 4.242e+00 3.440e+00 -2.387e+00 -2.387e+00 3.691e+00 3.440e+00 4.242e+00 3.332e+00 3.440e+00
-13.600 -16.600 4.242e+00 3.440e+00 -2.320e+00 -2.320e+00 3.691e+00 3.440e+00 4.242e+00 3.332e+00 3.440e+00
-13.533 -16.533 4.242e+00 3.440e+00 -2.254e+00 -2.254e+00 3.691e+00 3.440e+00 4.242e+00 3.332e+00 3.440e+00
-13.467 -16.467 4.242e+00 3.440e+00 -2.187e+00 -2.187e+00 3.691e+00 3.440e+00 4.242e+00 3.332e+00 3.440e+00
-13.400 -16.400 4.242e+00 3.440e+00 -2.120e+00 -2.120e+00 3.691e+00 3.440e+00 4.242e+00 3.332e+00 3.440e+00
-13.333 -16.334 4.242e+00 3.440e+00 -2.054e+00 -2.054e+00 3.691e+00 3.440e+00 4.242e+00 3.332e+00 3.440e+00
-13.266 -16.267 4.242e+00 3.440e+00 -1.987e+00 -1.987e+00 3.691e+00 3.440e+00 4.242e+00 3.332e+00 3.440e+00
-13.200 -16.200 4.242e+00 3.440e+00 -1.920e+00 -1.920e+00 3.691e+00 3.440e+00 4.242e+00 3.332e+00 3.440e+00
-13.133 -16.134 4.242e+00 3.440e+00 -1.854e+00 -1.854e+00 3.691e+00 3.440e+00 4.242e+00 3.332e+00 3.440e+00
-13.066 -16.067 4.242e+00 3.440e+00 -1.787e+00 -1.787e+00 3.691e+00 3.440e+00 4.242e+00 3.332e+00 3.440e+00
-13.000 -16.000 4.242e+00 3.440e+00 -1.721e+00 -1.721e+00 3.691e+00 3.440e+00 4.242e+00 3.332e+00 3.440e+00
-12.933 -15.934 4.242e+00 3.440e+00 -1.654e+00 -1.654e+00 3.691e+00 3.440e+00 4.242e+00 3.332e+00 3.440e+00
-12.866 -15.867 4.242e+00 3.440e+00 -1.587e+00 -1.587e+00 3.691e+00 3.440e+00 4.242e+00 3.332e+00 3.440e+00
-12.800 -15.800 4.242e+00 3.440e+00 -1.520e+00 -1.520e+00 3.691e+00 3.440e+00 4.242e+00 3.332e+00 3.440e+00
-12.733 -15.733 4.242e+00 3.440e+00 -1.454e+00 -1.454e+00 3.691e+00 3.440e+00 4.242e+00 3.332e+00 3.440e+00
-12.667 -15.667 4.242e+00 3.440e+00 -1.387e+00 -1.387e+00 3.691e+00 3.440e+00 4.242e+00 3.332e+00 3.440e+00
-12.600 -15.600 4.242e+00 3.440e+00 -1.320e+00 -1.320e+00 3.691e+00 3.440e+00 4.242e+00 3.332e+00 3.440e+00
-12.533 -15.534 4.242e+00 3.440e+00 -1.254e+00 -1.254e+00 3.691e+00 3.440e+00 4.242e+00 3.332e+00 3.440e+00
-12.466 -15.467 4.242e+00 3.440e+00 -1.187e+00 -1.187e+00 3.691e+00 3.440e+00 4.242e+00 3.332e+00 3.440e+00
-12.400 -15.400 4.242e+00 3.440e+00 -1.120e+00 -1.120e+00 3.691e+00 3.440e+00 4.242e+00 3.332e+00 3.440e+00
-12.333 -15.334 4.242e+00 3.440e+00 -1.054e+00 -1.054e+00 3.691e+00 3.440e+00 4.242e+00 3.332e+00 3.440e+00
-12.266 -15.267 4.242e+00 3.440e+00 -9.870e-01 -9.870e-01 3.691e+00 3.440e+00 4.242e+00 3.332e+00 3.440e+00
-12.200 -15.200 4.242e+00 3.440e+00 -9.205e-01 -9.205e-01 3.691e+00 3.440e+00 4.242e+00 3.332e+00 3.440e+00
-12.133 -15.134 4.242e+00 3.440e+00 -8.537e-01 -8.537e-01 3.691e+00 3.440e+00 4.242e+00 3.332e+00 3.440e+00
-12.066 -15.067 4.242e+00 3.440e+00 -7.868e-01 -7.868e-01 3.691e+00 3.440e+00 4.242e+00 3.332e+00 3.440e+00
-12.000 -15.000 4.242e+00 3.440e+00 -7.204e-01 -7.204e-01 3.691e+00 3.440e+00 4.242e+00 3.332e+00 3.440e+00
-11.933 -14.933 4.242e+00 3.440e+00 -6.536e-01 -6.536e-01 3.691e+00 3.440e+00 4.242e+00 3.332e+00 3.440e+00
-11.867 -14.867 4.242e+00 3.440e+00 -5.872e-01 -5.872e-01 3.691e+00 3.440e+00 4.242e+00 3.332e+00 3.440e+00
-11.800 -14.800 4.242e+00 3.440e+00 -5.203e-01 -5.203e-01 3.691e+00 3.440e+00 4.242e+00 3.332e+00 3.440e+00
-11.733 -14.734 4.242e+00 3.440e+00 -4.539e-01 -4.539e-01 3.691e+00 3.440e+00 4.242e+00 3.332e+00 3.440e+00
-11.666 -14.667 4.242e+00 3.440e+00 -3.871e-01 -3.871e-01 3.691e+00 3.440e+00 4.242e+00 3.332e+00 3.440e+00
-11.600 -14.600 4.242e+00 3.440e+00 -3.202e-01 -3.202e-01 3.691e+00 3.440e+00 4.242e+00 3.332e+00 3.440e+00
-11.533 -14.534 4.242e+00 3.440e+00 -2.538e-01 -2.538e-01 3.691e+00 3.440e+00 4.242e+00 3.332e+00 3.440e+00
-11.466 -14.467 4.242e+00 3.440e+00 -1.870e-01 -1.870e-01 3.691e+00 3.440e+00 4.242e+00 3.332e+00 3.440e+00
-11.400 -14.400 4.242e+00 3.440e+00 -1.205e-01 -1.205e-01 3.691e+00 3.440e+00 4.242e+00 3.333e+00 3.440e+00
-11.333 -14.334 4.242e+00 3.440e+00 -5.370e-02 -5.370e-02 3.691e+00 3.440e+00 4.242e+00 3.333e+00 3.440e+00
-11.266 -14.267 4.242e+00 3.440e+00 1.315e-02 1.315e-02 3.691e+00 3.440e+00 4.242e+00 3.333e+00 3.440e+00
-11.200 -14.200 4.242e+00 3.440e+00 7.956e-02 7.956e-02 3.691e+00 3.440e+00 4.242e+00 3.333e+00 3.440e+00
-11.133 -14.133 4.242e+00 3.440e+00 1.464e-01 1.464e-01 3.691e+00 3.440e+00 4.242e+00 3.333e+00 3.440e+00
-11.067 -14.067 4.242e+00 3.440e+00 2.128e-01 2.128e-01 3.691e+00 3.440e+00 4.242e+00 3.333e+00 3.440e+00
-11.000 -14.000 4.242e+00 3.440e+00 2.797e-01 2.797e-01 3.691e+00 3.440e+00 4.242e+00 3.333e+00 3.440e+00
-10.933 -13.934 4.242e+00 3.440e+00 3.461e-01 3.461e-01 3.691e+00 3.440e+00 4.242e+00 3.333e+00 3.440e+00
-10.866 -13.867 4.242e+00 3.440e+00 4.129e-01 4.129e-01 3.691e+00 3.440e+00 4.242e+00 3.333e+00 3.440e+00
-10.800 -13.800 4.242e+00 3.440e+00 4.798e-01 4.798e-01 3.691e+00 3.440e+00 4.242e+00 3.333e+00 3.439e+00
-10.733 -13.734 4.242e+00 3.440e+00 5.462e-01 5.462e-01 3.691e+00 3.440e+00 4.242e+00 3.333e+00 3.439e+00
-10.666 -13.667 4.242e+00 3.440e+00 6.130e-01 6.130e-01 3.691e+00 3.440e+00 4.242e+00 3.333e+00 3.439e+00
-10.600 -13.600 4.242e+00 3.440e+00 6.794e-01 6.794e-01 3.691e+00 3.440e+00 4.242e+00 3.333e+00 3.439e+00
-10.533 -13.534 4.242e+00 3.440e+00 7.462e-01 7.462e-01 3.691e+00 3.440e+00 4.242e+00 3.333e+00 3.439e+00
-10.466 -13.467 4.242e+00 3.440e+00 8.131e-01 8.131e-01 3.691e+00 3.440e+00 4.242e+00 3.334e+00 3.439e+00
-10.400 -13.400 4.242e+00 3.440e+00 8.795e-01 8.795e-01 3.691e+00 3.440e+00 4.242e+00 3.334e+00 3.439e+00
-10.333 -13.333 4.242e+00 3.440e+00 9.463e-01 9.463e-01 3.691e+00 3.440e+00 4.242e+00 3.334e+00 3.439e+00
-10.267 -13.267 4.242e+00 3.440e+00 1.013e+00 1.013e+00 3.691e+00 3.440e+00 4.242e+00 3.334e+00 3.438e+00
-10.200 -13.200 4.242e+00 3.440e+00 1.080e+00 1.080e+00 3.692e+00 3.440e+00 4.242e+00 3.335e+00 3.438e+00
-10.133 -13.134 4.242e+00 3.440e+00 1.146e+00 1.146e+00 3.692e+00 3.440e+00 4.242e+00 3.335e+00 3.438e+00
-10.066 -13.067 4.242e+00 3.440e+00 1.213e+00 1.213e+00 3.692e+00 3.440e+00 4.242e+00 3.336e+00 3.437e+00
-10.000 -13.000 4.242e+00 3.440e+00 1.280e+00 1.280e+00 3.692e+00 3.440e+00 4.242e+00 3.336e+00 3.437e+00
-9.933 -12.934 4.242e+00 3.440e+00 1.346e+00 1.346e+00 3.692e+00 3.440e+00 4.242e+00 3.337e+00 3.436e+00
-9.866 -12.867 4.242e+00 3.440e+00 1.413e+00 1.413e+00 3.693e+00 3.440e+00 4.242e+00 3.338e+00 3.436e+00
-9.800 -12.800 4.242e+00 3.440e+00 1.479e+00 1.479e+00 3.693e+00 3.440e+00 4.241e+00 3.338e+00 3.435e+00
-9.733 -12.734 4.242e+00 3.440e+00 1.546e+00 1.546e+00 3.694e+00 3.440e+00 4.241e+00 3.339e+00 3.434e+00
-9.666 -12.667 4.242e+00 3.440e+00 1.613e+00 1.613e+00 3.694e+00 3.440e+00 4.241e+00 3.341e+00 3.433e+00
-9.600 -12.600 4.242e+00 3.440e+00 1.679e+00 1.679e+00 3.695e+00 3.440e+00 4.241e+00 3.342e+00 3.432e+00
-9.533 -12.533 4.242e+00 3.440e+00 1.746e+00 1.746e+00 3.695e+00 3.440e+00 4.241e+00 3.343e+00 3.431e+00
-9.467 -12.467 4.242e+00 3.440e+00 1.812e+00 1.812e+00 3.696e+00 3.440e+00 4.241e+00 3.345e+00 3.430e+00
-9.400 -12.400 4.242e+00 3.440e+00 1.879e+00 1.879e+00 3.697e+00 3.440e+00 4.240e+00 3.347e+00 3.428e+00
-9.333 -12.334 4.242e+00 3.440e+00 1.945e+00 1.945e+00 3.698e+00 3.440e+00 4.240e+00 3.350e+00 3.426e+00
-9.266 -12.267 4.242e+00 3.440e+00 2.012e+00 2.012e+00 3.700e+00 3.440e+00 4.240e+00 3.353e+00 3.423e+00
-9.200 -12.200 4.242e+00 3.440e+00 2.078e+00 2.078e+00 3.701e+00 3.440e+00 4.239e+00 3.356e+00 3.421e+00
-9.133 -12.134 4.242e+00 3.440e+00 2.144e+00 2.144e+00 3.703e+00 3.440e+00 4.239e+00 3.360e+00 3.417e+00
-9.066 -12.067 4.242e+00 3.440e+00 2.211e+00 2.211e+00 3.705e+00 3.440e+00 4.238e+00 3.364e+00 3.414e+00
-9.000 -12.000 4.242e+00 3.440e+00 2.277e+00 2.277e+00 3.707e+00 3.440e+00 4.237e+00 3.369e+00 3.409e+00
-8.933 -11.934 4.242e+00 3.440e+00 2.344e+00 2.344e+00 3.710e+00 3.440e+00 4.237e+00 3.375e+00 3.404e+00
-8.866 -11.867 4.242e+00 3.440e+00 2.410e+00 2.410e+00 3.713e+00 3.440e+00 4.236e+00 3.381e+00 3.397e+00
-8.800 -11.800 4.242e+00 3.440e+00 2.476e+00 2.476e+00 3.716e+00 3.440e+00 4.235e+00 3.389e+00 3.390e+00
-8.733 -11.733 4.242e+00 3.440e+00 2.542e+00 2.542e+00 3.720e+00 3.440e+00 4.233e+00 3.398e+00 3.381e+00
-8.667 -11.667 4.242e+00 3.440e+00 2.608e+00 2.608e+00 3.725e+00 3.440e+00 4.232e+00 3.407e+00 3.371e+00
-8.600 -11.600 4.242e+00 3.440e+00 2.674e+00 2.674e+00 3.730e+00 3.440e+00 4.230e+00 3.418e+00 3.358e+00
-8.533 -11.534 4.242e+00 3.440e+00 2.739e+00 2.739e+00 3.736e+00 3.440e+00 4.228e+00 3.431e+00 3.343e+00
-8.466 -11.467 4.242e+00 3.440e+00 2.805e+00 2.805e+00 3.744e+00 3.440e+00 4.226e+00 3.445e+00 3.325e+00
-8.400 -11.400 4.242e+00 3.440e+00 2.870e+00 2.870e+00 3.752e+00 3.440e+00 4.223e+00 3.461e+00 3.304e+00
-8.333 -11.334 4.242e+00 3.440e+00 2.935e+00 2.935e+00 3.761e+00 3.440e+00 4.220e+00 3.479e+00 3.277e+00
-8.266 -11.267 4.242e+00 3.440e+00 3.000e+00 3.000e+00 3.771e+00 3.440e+00 4.216e+00 3.498e+00 3.244e+00
-8.200 -11.200 4.242e+00 3.440e+00 3.064e+00 3.064e+00 3.783e+00 3.440e+00 4.212e+00 3.520e+00 3.202e+00
-8.133 -11.134 4.242e+00 3.440e+00 3.129e+00 3.129e+00 3.796e+00 3.440e+00 4.207e+00 3.543e+00 3.149e+00
-8.067 -11.067 4.242e+00 3.440e+00 3.192e+00 3.192e+00 3.810e+00 3.440e+00 4.201e+00 3.569e+00 3.078e+00
-8.000 -11.000 4.242e+00 3.440e+00 3.256e+00 3.256e+00 3.826e+00 3.440e+00 4.195e+00 3.597e+00 2.978e+00
-7.933 -10.933 4.242e+00 3.440e+00 3.319e+00 3.319e+00 3.844e+00 3.440e+00 4.187e+00 3.626e+00 2.826e+00
-7.867 -10.867 4.242e+00 3.440e+00 3.380e+00 3.380e+00 3.863e+00 3.440e+00 4.177e+00 3.658e+00 2.545e+00
-7.800 -10.800 4.242e+00 3.440e+00 3.442e+00 3.442e+00 3.884e+00 3.440e+00 4.167e+00 3.691e+00 1.150e+00
-7.733 -10.734 4.241e+00 3.440e+00 3.502e+00 3.502e+00 3.907e+00 3.440e+00 4.154e+00 3.726e+00 2.629e+00
-7.666 -10.667 4.241e+00 3.440e+00 3.562e+00 3.562e+00 3.931e+00 3.440e+00 4.139e+00 3.762e+00 2.951e+00
-7.600 -10.600 4.241e+00 3.440e+00 3.620e+00 3.620e+00 3.957e+00 3.440e+00 4.122e+00 3.800e+00 3.152e+00
-7.533 -10.534 4.241e+00 3.440e+00 3.677e+00 3.677e+00 3.984e+00 3.440e+00 4.103e+00 3.838e+00 3.301e+00
-7.466 -10.467 4.241e+00 3.440e+00 3.732e+00 3.732e+00 4.012e+00 3.440e+00 4.079e+00 3.877e+00 3.423e+00
-7.400 -10.400 4.240e+00 3.440e+00 3.786e+00 3.786e+00 4.041e+00 3.440e+00 4.052e+00 3.915e+00 3.525e+00
-7.333 -10.334 4.240e+00 3.441e+00 3.837e+00 3.837e+00 4.070e+00 3.441e+00 4.021e+00 3.954e+00 3.615e+00
-7.267 -10.267 4.239e+00 3.441e+00 3.887e+00 3.887e+00 4.099e+00 3.441e+00 3.984e+00 3.991e+00 3.694e+00
-7.200 -10.200 4.239e+00 3.442e+00 3.933e+00 3.933e+00 4.128e+00 3.442e+00 3.942e+00 4.028e+00 3.764e+00
-7.133 -10.133 4.238e+00 3.443e+00 3.977e+00 3.977e+00 4.156e+00 3.443e+00 3.892e+00 4.062e+00 3.827e+00
-7.067 -10.067 4.236e+00 3.444e+00 4.017e+00 4.017e+00 4.182e+00 3.444e+00 3.835e+00 4.095e+00 3.882e+00
-7.000 -10.000 4.235e+00 3.446e+00 4.054e+00 4.054e+00 4.207e+00 3.446e+00 3.768e+00 4.125e+00 3.931e+00
-6.933 -9.934 4.233e+00 3.448e+00 4.086e+00 4.086e+00 4.230e+00 3.448e+00 3.692e+00 4.151e+00 3.973e+00
-6.866 -9.867 4.231e+00 3.450e+00 4.114e+00 4.114e+00 4.249e+00 3.450e+00 3.603e+00 4.174e+00 4.008e+00
-6.800 -9.800 4.228e+00 3.454e+00 4.138e+00 4.138e+00 4.266e+00 3.454e+00 3.502e+00 4.193e+00 4.038e+00
-6.733 -9.734 4.225e+00 3.458e+00 4.157e+00 4.157e+00 4.279e+00 3.458e+00 3.388e+00 4.208e+00 4.060e+00
-6.666 -9.667 4.221e+00 3.463e+00 4.171e+00 4.171e+00 4.288e+00 3.463e+00 3.260e+00 4.218e+00 4.077e+00
-6.600 -9.600 4.217e+00 3.468e+00 4.180e+00 4.180e+00 4.294e+00 3.468e+00 3.121e+00 4.223e+00 4.087e+00
-6.533 -9.534 4.211e+00 3.475e+00 4.185e+00 4.185e+00 4.296e+00 3.475e+00 2.973e+00 4.224e+00 4.091e+00
-6.467 -9.467 4.205e+00 3.483e+00 4.186e+00 4.186e+00 4.294e+00 3.483e+00 2.825e+00 4.221e+00 4.090e+00
-6.400 -9.400 4.197e+00 3.492e+00 4.183e+00 4.183e+00 4.289e+00 3.492e+00 2.691e+00 4.214e+00 4.085e+00
-6.333 -9.333 4.188e+00 3.502e+00 4.177e+00 4.177e+00 4.282e+00 3.502e+00 2.584e+00 4.203e+00 4.074e+00
-6.267 -9.267 4.178e+00 3.513e+00 4.169e+00 4.169e+00 4.271e+00 3.513e+00 2.516e+00 4.188e+00 4.060e+00
-6.200 -9.200 4.166e+00 3.525e+00 4.157e+00 4.157e+00 4.259e+00 3.525e+00 2.484e+00 4.170e+00 4.042e+00
-6.133 -9.134 4.153e+00 3.538e+00 4.144e+00 4.144e+00 4.243e+00 3.538e+00 2.480e+00 4.148e+00 4.020e+00
-6.066 -9.067 4.138e+00 3.552e+00 4.128e+00 4.128e+00 4.226e+00 3.552e+00 2.492e+00 4.122e+00 3.994e+00
-6.000 -9.000 4.120e+00 3.567e+00 4.109e+00 4.109e+00 4.205e+00 3.567e+00 2.513e+00 4.092e+00 3.963e+00
-5.933 -8.934 4.101e+00 3.582e+00 4.089e+00 4.089e+00 4.182e+00 3.582e+00 2.541e+00 4.056e+00 3.927e+00
-5.866 -8.867 4.079e+00 3.598e+00 4.065e+00 4.065e+00 4.155e+00 3.598e+00 2.573e+00 4.014e+00 3.884e+00
-5.800 -8.800 4.055e+00 3.614e+00 4.039e+00 4.039e+00 4.125e+00 3.614e+00 2.610e+00 3.965e+00 3.834e+00
-5.733 -8.733 4.028e+00 3.629e+00 4.009e+00 4.009e+00 4.092e+00 3.629e+00 2.652e+00 3.908e+00 3.775e+00
-5.667 -8.667 3.999e+00 3.645e+00 3.977e+00 3.977e+00 4.055e+00 3.645e+00 2.698e+00 3.841e+00 3.705e+00
-5.600 -8.600 3.969e+00 3.659e+00 3.942e+00 3.942e+00 4.014e+00 3.659e+00 2.749e+00 3.761e+00 3.622e+00
-5.533 -8.533 3.938e+00 3.673e+00 3.905e+00 3.905e+00 3.971e+00 3.673e+00 2.802e+00 3.667e+00 3.522e+00
-5.467 -8.467 3.907e+00 3.684e+00 3.866e+00 3.866e+00 3.926e+00 3.684e+00 2.856e+00 3.556e+00 3.401e+00
-5.400 -8.400 3.877e+00 3.694e+00 3.828e+00 3.828e+00 3.881e+00 3.694e+00 2.907e+00 3.424e+00 3.253e+00
-5.333 -8.334 3.851e+00 3.702e+00 3.793e+00 3.793e+00 3.838e+00 3.702e+00 2.949e+00 3.270e+00 3.069e+00
-5.266 -8.267 3.828e+00 3.707e+00 3.762e+00 3.762e+00 3.801e+00 3.707e+00 2.977e+00 3.090e+00 2.837e+00
-5.200 -8.200 3.809e+00 3.711e+00 3.739e+00 3.739e+00 3.772e+00 3.711e+00 2.985e+00 2.894e+00 2.538e+00
-5.133 -8.134 3.795e+00 3.712e+00 3.723e+00 3.723e+00 3.752e+00 3.712e+00 2.974e+00 2.692e+00 2.126e+00
-5.066 -8.067 3.783e+00 3.713e+00 3.714e+00 3.714e+00 3.739e+00 3.713e+00 2.948e+00 2.497e+00 1.140e+00
-5.000 -8.000 3.773e+00 3.713e+00 3.709e+00 3.709e+00 3.730e+00 3.713e+00 2.913e+00 2.316e+00 1.692e+00
-4.933 -7.933 3.765e+00 3.712e+00 3.705e+00 3.705e+00 3.724e+00 3.712e+00 2.873e+00 2.148e+00 1.911e+00
-4.867 -7.867 3.757e+00 3.711e+00 3.702e+00 3.702e+00 3.719e+00 3.711e+00 2.832e+00 1.992e+00 1.984e+00
-4.800 -7.800 3.751e+00 3.709e+00 3.700e+00 3.700e+00 3.715e+00 3.709e+00 2.790e+00 1.844e+00 2.008e+00
-4.733 -7.733 3.744e+00 3.707e+00 3.698e+00 3.698e+00 3.711e+00 3.707e+00 2.748e+00 1.703e+00 2.009e+00
-4.667 -7.667 3.738e+00 3.704e+00 3.696e+00 3.696e+00 3.708e+00 3.704e+00 2.706e+00 1.570e+00 1.997e+00
-4.600 -7.600 3.732e+00 3.702e+00 3.693e+00 3.694e+00 3.704e+00 3.702e+00 2.664e+00 1.440e+00 1.976e+00
-4.533 -7.534 3.727e+00 3.699e+00 3.691e+00 3.691e+00 3.701e+00 3.699e+00 2.622e+00 1.315e+00 1.950e+00
-4.466 -7.467 3.721e+00 3.695e+00 3.688e+00 3.688e+00 3.697e+00 3.695e+00 2.579e+00 1.193e+00 1.920e+00
-4.400 -7.400 3.715e+00 3.692e+00 3.685e+00 3.685e+00 3.693e+00 3.692e+00 2.536e+00 1.072e+00 1.887e+00
-4.333 -7.334 3.709e+00 3.688e+00 3.681e+00 3.682e+00 3.689e+00 3.688e+00 2.492e+00 9.545e-01 1.851e+00
-4.266 -7.267 3.704e+00 3.684e+00 3.678e+00 3.679e+00 3.685e+00 3.684e+00 2.447e+00 8.370e-01 1.811e+00
-4.200 -7.200 3.698e+00 3.679e+00 3.674e+00 3.675e+00 3.680e+00 3.679e+00 2.399e+00 7.206e-01 1.769e+00
-4.133 -7.133 3.691e+00 3.675e+00 3.669e+00 3.671e+00 3.675e+00 3.674e+00 2.349e+00 6.030e-01 1.722e+00
-4.067 -7.067 3.685e+00 3.670e+00 3.665e+00 3.667e+00 3.670e+00 3.669e+00 2.294e+00 4.849e-01 1.671e+00
-4.000 -7.000 3.679e+00 3.665e+00 3.660e+00 3.663e+00 3.665e+00 3.664e+00 2.234e+00 3.641e-01 1.614e+00
-3.933 -6.933 3.673e+00 3.660e+00 3.655e+00 3.659e+00 3.660e+00 3.659e+00 2.173e+00 2.501e-01 1.555e+00
-3.866 -6.867 3.668e+00 3.656e+00 3.651e+00 3.655e+00 3.656e+00 3.654e+00 2.109e+00 1.414e-01 1.493e+00
-3.800 -7.103 3.663e+00 3.652e+00 3.647e+00 3.652e+00 3.652e+00 3.650e+00 2.044e+00 3.691e-02 1.429e+00
-3.733 -6.733 3.659e+00 3.648e+00 3.644e+00 3.649e+00 3.648e+00 3.646e+00 1.976e+00 -6.397e-02 1.362e+00
-3.666 -6.667 3.655e+00 3.645e+00 3.641e+00 3.647e+00 3.645e+00 3.643e+00 1.906e+00 -1.631e-01 1.292e+00
-3.600 -7.123 3.651e+00 3.642e+00 3.638e+00 3.645e+00 3.642e+00 3.640e+00 1.833e+00 -2.600e-01 1.220e+00
-3.533 -6.533 3.649e+00 3.640e+00 3.636e+00 3.643e+00 3.640e+00 3.637e+00 1.757e+00 -3.566e-01 1.145e+00
-3.467 -7.148 3.646e+00 3.638e+00 3.634e+00 3.641e+00 3.638e+00 3.635e+00 1.680e+00 -4.506e-01 1.068e+00
-3.400 -6.400 3.644e+00 3.636e+00 3.632e+00 3.640e+00 3.636e+00 3.633e+00 1.597e+00 -5.484e-01 9.851e-01
-3.333 -6.334 3.642e+00 3.634e+00 3.631e+00 3.639e+00 3.634e+00 3.631e+00 1.514e+00 -6.428e-01 9.028e-01
-3.267 -6.267 3.641e+00 3.633e+00 3.629e+00 3.638e+00 3.633e+00 3.630e+00 1.430e+00 -7.364e-01 8.191e-01
-3.200 -6.200 3.640e+00 3.632e+00 3.628e+00 3.637e+00 3.632e+00 3.629e+00 1.343e+00 -8.320e-01 7.318e-01
-3.133 -6.134 3.638e+00 3.631e+00 3.628e+00 3.637e+00 3.631e+00 3.628e+00 1.252e+00 -9.300e-01 6.409e-01
-3.066 -6.067 3.638e+00 3.630e+00 3.627e+00 3.636e+00 3.630e+00 3.627e+00 1.162e+00 -1.025e+00 5.518e-01
-3.000 -6.000 3.637e+00 3.630e+00 3.626e+00 3.636e+00 3.630e+00 3.627e+00 1.072e+00 -1.119e+00 4.614e-01
-2.933 -5.934 3.636e+00 3.629e+00 3.626e+00 3.635e+00 3.629e+00 3.626e+00 9.798e-01 -1.215e+00 3.694e-01
-2.866 -5.867 3.636e+00 3.629e+00 3.625e+00 3.635e+00 3.629e+00 3.626e+00 8.854e-01 -1.313e+00 2.750e-01
-2.800 -5.800 3.636e+00 3.629e+00 3.625e+00 3.635e+00 3.629e+00 3.625e+00 7.891e-01 -1.411e+00 1.787e-01
-2.733 -5.734 3.635e+00 3.628e+00 3.625e+00 3.635e+00 3.628e+00 3.625e+00 6.914e-01 -1.511e+00 8.105e-02
-2.666 -5.667 3.635e+00 3.628e+00 3.625e+00 3.635e+00 3.628e+00 3.625e+00 5.958e-01 -1.608e+00 -1.450e-02
-2.600 -5.600 3.635e+00 3.628e+00 3.624e+00 3.635e+00 3.628e+00 3.625e+00 4.996e-01 -1.705e+00 -1.106e-01
-2.533 -5.533 3.635e+00 3.628e+00 3.624e+00 3.634e+00 3.628e+00 3.624e+00 4.029e-01 -1.803e+00 -2.073e-01
-2.466 -5.467 3.635e+00 3.628e+00 3.624e+00 3.634e+00 3.628e+00 3.624e+00 3.059e-01 -1.901e+00 -3.043e-01
-2.400 -5.400 3.634e+00 3.628e+00 3.624e+00 3.634e+00 3.628e+00 3.624e+00 2.076e-01 -2.000e+00 -4.027e-01
-2.333 -5.334 3.634e+00 3.628e+00 3.624e+00 3.634e+00 3.628e+00 3.624e+00 1.077e-01 -2.100e+00 -5.025e-01
-2.266 -5.267 3.634e+00 3.627e+00 3.624e+00 3.634e+00 3.627e+00 3.624e+00 6.884e-03 -2.201e+00 -6.033e-01
-2.200 -5.200 3.634e+00 3.627e+00 3.624e+00 3.634e+00 3.627e+00 3.624e+00 -9.341e-02 -2.302e+00 -7.036e-01
-2.133 -5.133 3.634e+00 3.627e+00 3.624e+00 3.634e+00 3.627e+00 3.624e+00 -1.921e-01 -2.401e+00 -8.023e-01
-2.066 -5.067 3.634e+00 3.627e+00 3.624e+00 3.634e+00 3.627e+00 3.624e+00 -2.909e-01 -2.500e+00 -9.011e-01
-2.000 -5.000 3.634e+00 3.627e+00 3.624e+00 3.634e+00 3.627e+00 3.624e+00 -3.898e-01 -2.599e+00 -1.000e+00
-1.933 -4.934 3.634e+00 3.627e+00 3.624e+00 3.634e+00 3.627e+00 3.624e+00 -4.887e-01 -2.698e+00 -1.099e+00
-1.866 -4.867 3.634e+00 3.627e+00 3.624e+00 3.634e+00 3.627e+00 3.624e+00 -5.889e-01 -2.798e+00 -1.199e+00
-1.800 -4.800 3.634e+00 3.627e+00 3.624e+00 3.634e+00 3.627e+00 3.624e+00 -6.899e-01 -2.900e+00 -1.300e+00
-1.733 -4.734 3.634e+00 3.627e+00 3.624e+00 3.634e+00 3.627e+00 3.624e+00 -7.917e-01 -3.001e+00 -1.402e+00
-1.666 -4.667 3.634e+00 3.627e+00 3.624e+00 3.634e+00 3.627e+00 3.624e+00 -8.936e-01 -3.103e+00 -1.504e+00
-1.600 -4.600 3.634e+00 3.627e+00 3.624e+00 3.634e+00 3.627e+00 3.624e+00 -9.940e-01 -3.204e+00 -1.604e+00
-1.533 -4.534 3.634e+00 3.627e+00 3.624e+00 3.634e+00 3.627e+00 3.624e+00 -1.093e+00 -3.303e+00 -1.704e+00
-1.466 -4.467 3.634e+00 3.627e+00 3.624e+00 3.634e+00 3.627e+00 3.624e+00 -1.193e+00 -3.403e+00 -1.803e+00
-1.400 -4.400 3.634e+00 3.627e+00 3.624e+00 3.634e+00 3.627e+00 3.624e+00 -1.293e+00 -3.502e+00 -1.903e+00
-1.333 -4.333 3.634e+00 3.627e+00 3.624e+00 3.634e+00 3.627e+00 3.624e+00 -1.393e+00 -3.603e+00 -2.003e+00
-1.266 -4.267 3.634e+00 3.627e+00 3.624e+00 3.634e+00 3.627e+00 3.624e+00 -1.478e+00 -3.688e+00 -2.088e+00
-1.200 -4.200 3.634e+00 3.627e+00 3.624e+00 3.634e+00 3.627e+00 3.624e+00 -1.562e+00 -3.772e+00 -2.172e+00
-1.133 -4.133 3.634e+00 3.627e+00 3.624e+00 3.634e+00 3.627e+00 3.624e+00 -1.646e+00 -3.855e+00 -2.256e+00
-1.067 -4.067 3.634e+00 3.627e+00 3.624e+00 3.634e+00 3.627e+00 3.624e+00 -1.729e+00 -3.939e+00 -2.339e+00
-1.000 -4.000 3.634e+00 3.627e+00 3.624e+00 3.634e+00 3.627e+00 3.624e+00 -1.813e+00 -4.023e+00 -2.423e+00
-0.933 -3.934 3.634e+00 3.627e+00 3.624e+00 3.634e+00 3.627e+00 3.624e+00 -1.896e+00 -4.106e+00 -2.507e+00
-0.866 -3.867 3.634e+00 3.627e+00 3.624e+00 3.634e+00 3.627e+00 3.624e+00 -1.980e+00 -4.190e+00 -2.590e+00
-0.800 -3.800 3.634e+00 3.627e+00 3.624e+00 3.634e+00 3.627e+00 3.624e+00 -2.064e+00 -4.274e+00 -2.674e+00
-0.733 -3.733 3.634e+00 3.627e+00 3.624e+00 3.634e+00 3.627e+00 3.624e+00 -2.148e+00 -4.358e+00 -2.758e+00
-0.667 -3.667 3.634e+00 3.627e+00 3.624e+00 3.634e+00 3.627e+00 3.624e+00 -2.231e+00 -4.441e+00 -2.841e+00
-0.600 -3.600 3.634e+00 3.627e+00 3.624e+00 3.634e+00 3.627e+00 3.624e+00 -2.315e+00 -4.525e+00 -2.925e+00
-0.533 -3.534 3.634e+00 3.627e+00 3.624e+00 3.634e+00 3.627e+00 3.624e+00 -2.399e+00 -4.609e+00 -3.009e+00
-0.466 -3.467 3.634e+00 3.627e+00 3.624e+00 3.634e+00 3.627e+00 3.624e+00 -2.483e+00 -4.692e+00 -3.093e+00
-0.400 -3.400 3.634e+00 3.627e+00 3.624e+00 3.634e+00 3.627e+00 3.624e+00 -2.566e+00 -4.776e+00 -3.177e+00
-0.333 -3.334 3.634e+00 3.627e+00 3.624e+00 3.634e+00 3.627e+00 3.624e+00 -2.650e+00 -4.860e+00 -3.260e+00
-0.266 -3.267 3.634e+00 3.627e+00 3.624e+00 3.634e+00 3.627e+00 3.624e+00 -2.734e+00 -4.944e+00 -3.344e+00
-0.200 -3.200 3.634e+00 3.627e+00 3.624e+00 3.634e+00 3.627e+00 3.624e+00 -2.817e+00 -5.027e+00 -3.427e+00
-0.133 -3.133 3.634e+00 3.627e+00 3.624e+00 3.634e+00 3.627e+00 3.624e+00 -2.901e+00 -5.111e+00 -3.511e+00
-0.067 -3.067 3.634e+00 3.627e+00 3.624e+00 3.634e+00 3.627e+00 3.624e+00 -2.985e+00 -5.195e+00 -3.595e+00
+0.000 -3.000 3.634e+00 3.627e+00 3.624e+00 3.634e+00 3.627e+00 3.624e+00 -3.069e+00 -5.279e+00 -3.679e+00
+0.067 -2.934 3.634e+00 3.627e+00 3.624e+00 3.634e+00 3.627e+00 3.624e+00 -3.152e+00 -5.362e+00 -3.762e+00
+0.134 -2.867 3.634e+00 3.627e+00 3.624e+00 3.634e+00 3.627e+00 3.624e+00 -3.236e+00 -5.446e+00 -3.846e+00
+0.200 -2.800 3.634e+00 3.627e+00 3.624e+00 3.634e+00 3.627e+00 3.624e+00 -3.320e+00 -5.530e+00 -3.930e+00
+0.267 -2.734 3.634e+00 3.627e+00 3.624e+00 3.634e+00 3.627e+00 3.624e+00 -3.403e+00 -5.613e+00 -4.013e+00
+0.334 -2.667 3.634e+00 3.627e+00 3.624e+00 3.634e+00 3.627e+00 3.624e+00 -3.487e+00 -5.697e+00 -4.097e+00
+0.400 -2.600 3.634e+00 3.627e+00 3.624e+00 3.634e+00 3.627e+00 3.624e+00 -3.571e+00 -5.781e+00 -4.181e+00
+0.467 -2.534 3.634e+00 3.627e+00 3.624e+00 3.634e+00 3.627e+00 3.624e+00 -3.655e+00 -5.865e+00 -4.265e+00
+0.534 -2.467 3.634e+00 3.627e+00 3.624e+00 3.634e+00 3.627e+00 3.624e+00 -3.739e+00 -5.949e+00 -4.349e+00
+0.600 -2.400 3.634e+00 3.627e+00 3.624e+00 3.634e+00 3.627e+00 3.624e+00 -3.822e+00 -6.032e+00 -4.432e+00
+0.667 -2.333 3.634e+00 3.627e+00 3.624e+00 3.634e+00 3.627e+00 3.624e+00 -3.906e+00 -6.116e+00 -4.516e+00
+0.733 -2.267 3.634e+00 3.627e+00 3.624e+00 3.634e+00 3.627e+00 3.624e+00 -3.990e+00 -6.199e+00 -4.600e+00
+0.800 -2.200 3.634e+00 3.627e+00 3.624e+00 3.634e+00 3.627e+00 3.624e+00 -4.073e+00 -6.283e+00 -4.684e+00
+0.867 -2.134 3.634e+00 3.627e+00 3.624e+00 3.634e+00 3.627e+00 3.624e+00 -4.157e+00 -6.367e+00 -4.767e+00
+0.934 -2.067 3.634e+00 3.627e+00 3.624e+00 3.634e+00 3.627e+00 3.624e+00 -4.241e+00 -6.451e+00 -4.851e+00
+1.000 -2.000 3.634e+00 3.627e+00 3.624e+00 3.634e+00 3.627e+00 3.624e+00 -4.325e+00 -6.535e+00 -4.935e+00
+1.067 -1.934 3.634e+00 3.627e+00 3.624e+00 3.634e+00 3.627e+00 3.624e+00 -4.408e+00 -6.618e+00 -5.018e+00
+1.134 -1.867 3.634e+00 3.627e+00 3.624e+00 3.634e+00 3.627e+00 3.624e+00 -4.492e+00 -6.702e+00 -5.102e+00
+1.200 -1.800 3.634e+00 3.627e+00 3.624e+00 3.634e+00 3.627e+00 3.624e+00 -4.576e+00 -6.786e+00 -5.186e+00
+1.267 -1.734 3.634e+00 3.627e+00 3.624e+00 3.634e+00 3.627e+00 3.624e+00 -4.660e+00 -6.870e+00 -5.270e+00
+1.333 -1.667 3.634e+00 3.627e+00 3.624e+00 3.634e+00 3.627e+00 3.624e+00 -4.743e+00 -6.953e+00 -5.353e+00
+1.400 -1.600 3.634e+00 3.627e+00 3.624e+00 3.634e+00 3.627e+00 3.624e+00 -4.827e+00 -7.037e+00 -5.437e+00
+1.467 -1.533 3.634e+00 3.627e+00 3.624e+00 3.634e+00 3.627e+00 3.624e+00 -4.911e+00 -7.121e+00 -5.521e+00
+1.533 -1.467 3.634e+00 3.627e+00 3.624e+00 3.634e+00 3.627e+00 3.624e+00 -4.987e+00 -7.197e+00 -5.598e+00
+1.600 -1.400 3.634e+00 3.627e+00 3.624e+00 3.634e+00 3.627e+00 3.624e+00 -5.029e+00 -7.239e+00 -5.640e+00
+1.667 -1.334 3.634e+00 3.627e+00 3.624e+00 3.634e+00 3.627e+00 3.624e+00 -5.071e+00 -7.281e+00 -5.681e+00
+1.734 -1.267 3.634e+00 3.627e+00 3.624e+00 3.634e+00 3.627e+00 3.624e+00 -5.113e+00 -7.323e+00 -5.723e+00
+1.800 -1.200 3.634e+00 3.627e+00 3.624e+00 3.634e+00 3.627e+00 3.624e+00 -5.155e+00 -7.365e+00 -5.765e+00
+1.867 -1.134 3.634e+00 3.627e+00 3.624e+00 3.634e+00 3.627e+00 3.624e+00 -5.197e+00 -7.407e+00 -5.807e+00
+1.934 -1.067 3.634e+00 3.627e+00 3.624e+00 3.634e+00 3.627e+00 3.624e+00 -5.239e+00 -7.449e+00 -5.849e+00
+2.000 -1.000 3.634e+00 3.627e+00 3.624e+00 3.634e+00 3.627e+00 3.624e+00 -5.281e+00 -7.491e+00 -5.891e+00