
#    t     dt   F+(4He)   F+(12C)   F+(16O)   F-(4He)   F-(12C)   F-(16O)   
-10.929 -11.893 4.242e+00 3.440e+00 2.468e-01 2.468e-01 3.691e+00 3.440e+00 4.242e+00 3.333e+00 3.440e+00
-10.879 -11.843 4.242e+00 3.440e+00 2.968e-01 2.968e-01 3.691e+00 3.440e+00 4.242e+00 3.333e+00 3.440e+00
-10.829 -11.793 4.242e+00 3.440e+00 3.468e-01 3.468e-01 3.691e+00 3.440e+00 4.242e+00 3.333e+00 3.440e+00
-10.779 -11.743 4.242e+00 3.440e+00 3.968e-01 3.968e-01 3.691e+00 3.440e+00 4.242e+00 3.333e+00 3.440e+00
-10.729 -11.693 4.242e+00 3.440e+00 4.468e-01 4.468e-01 3.691e+00 3.440e+00 4.242e+00 3.333e+00 3.440e+00
-10.679 -11.643 4.242e+00 3.440e+00 4.968e-01 4.968e-01 3.691e+00 3.440e+00 4.242e+00 3.333e+00 3.439e+00
-10.629 -11.593 4.242e+00 3.440e+00 5.468e-01 5.468e-01 3.691e+00 3.440e+00 4.242e+00 3.333e+00 3.439e+00
-10.579 -11.543 4.242e+00 3.440e+00 5.967e-01 5.967e-01 3.691e+00 3.440e+00 4.242e+00 3.333e+00 3.439e+00
-10.529 -11.493 4.242e+00 3.440e+00 6.467e-01 6.467e-01 3.691e+00 3.440e+00 4.242e+00 3.333e+00 3.439e+00
-10.479 -11.443 4.242e+00 3.440e+00 6.967e-01 6.967e-01 3.691e+00 3.440e+00 4.242e+00 3.333e+00 3.439e+00
-10.429 -11.393 4.242e+00 3.440e+00 7.467e-01 7.467e-01 3.691e+00 3.440e+00 4.242e+00 3.333e+00 3.439e+00
-10.379 -11.343 4.242e+00 3.440e+00 7.967e-01 7.967e-01 3.691e+00 3.440e+00 4.242e+00 3.334e+00 3.439e+00
-10.329 -11.293 4.242e+00 3.440e+00 8.467e-01 8.467e-01 3.691e+00 3.440e+00 4.242e+00 3.334e+00 3.439e+00
-10.279 -11.243 4.242e+00 3.440e+00 8.967e-01 8.967e-01 3.691e+00 3.440e+00 4.242e+00 3.334e+00 3.439e+00
-10.229 -11.193 4.242e+00 3.440e+00 9.466e-01 9.466e-01 3.691e+00 3.440e+00 4.242e+00 3.334e+00 3.439e+00
-10.179 -11.143 4.242e+00 3.440e+00 9.966e-01 9.966e-01 3.691e+00 3.440e+00 4.242e+00 3.334e+00 3.438e+00
-10.129 -11.093 4.242e+00 3.440e+00 1.047e+00 1.047e+00 3.692e+00 3.440e+00 4.242e+00 3.335e+00 3.438e+00
-10.079 -11.043 4.242e+00 3.440e+00 1.097e+00 1.097e+00 3.692e+00 3.440e+00 4.242e+00 3.335e+00 3.438e+00
-10.029 -10.993 4.242e+00 3.440e+00 1.147e+00 1.147e+00 3.692e+00 3.440e+00 4.242e+00 3.335e+00 3.438e+00
-9.979 -10.943 4.242e+00 3.440e+00 1.197e+00 1.197e+00 3.692e+00 3.440e+00 4.242e+00 3.336e+00 3.437e+00
-9.929 -10.893 4.242e+00 3.440e+00 1.246e+00 1.246e+00 3.692e+00 3.440e+00 4.242e+00 3.336e+00 3.437e+00
-9.879 -10.843 4.242e+00 3.440e+00 1.296e+00 1.296e+00 3.692e+00 3.440e+00 4.242e+00 3.336e+00 3.437e+00
-9.829 -10.793 4.242e+00 3.440e+00 1.346e+00 1.346e+00 3.692e+00 3.440e+00 4.242e+00 3.337e+00 3.436e+00
-9.779 -10.743 4.242e+00 3.440e+00 1.396e+00 1.396e+00 3.693e+00 3.440e+00 4.242e+00 3.337e+00 3.436e+00
-9.729 -10.693 4.242e+00 3.440e+00 1.446e+00 1.446e+00 3.693e+00 3.440e+00 4.241e+00 3.338e+00 3.436e+00
-9.679 -10.643 4.242e+00 3.440e+00 1.496e+00 1.496e+00 3.693e+00 3.440e+00 4.241e+00 3.339e+00 3.435e+00
-9.629 -10.593 4.242e+00 3.440e+00 1.546e+00 1.546e+00 3.694e+00 3.440e+00 4.241e+00 3.339e+00 3.434e+00
-9.579 -10.543 4.242e+00 3.440e+00 1.596e+00 1.596e+00 3.694e+00 3.440e+00 4.241e+00 3.340e+00 3.434e+00
-9.529 -10.493 4.242e+00 3.440e+00 1.646e+00 1.646e+00 3.694e+00 3.440e+00 4.241e+00 3.341e+00 3.433e+00
-9.479 -10.443 4.242e+00 3.440e+00 1.696e+00 1.696e+00 3.695e+00 3.440e+00 4.241e+00 3.342e+00 3.432e+00
-9.429 -10.393 4.242e+00 3.440e+00 1.746e+00 1.746e+00 3.695e+00 3.440e+00 4.241e+00 3.343e+00 3.431e+00
-9.379 -10.343 4.242e+00 3.440e+00 1.796e+00 1.796e+00 3.696e+00 3.440e+00 4.241e+00 3.345e+00 3.430e+00
-9.329 -10.293 4.242e+00 3.440e+00 1.846e+00 1.846e+00 3.697e+00 3.440e+00 4.240e+00 3.346e+00 3.429e+00
-9.279 -10.243 4.242e+00 3.440e+00 1.896e+00 1.896e+00 3.697e+00 3.440e+00 4.240e+00 3.348e+00 3.427e+00
-9.229 -10.193 4.242e+00 3.440e+00 1.946e+00 1.946e+00 3.698e+00 3.440e+00 4.240e+00 3.350e+00 3.426e+00
-9.179 -10.143 4.242e+00 3.440e+00 1.995e+00 1.995e+00 3.699e+00 3.440e+00 4.240e+00 3.352e+00 3.424e+00
-9.129 -10.093 4.242e+00 3.440e+00 2.045e+00 2.045e+00 3.700e+00 3.440e+00 4.239e+00 3.354e+00 3.422e+00
-9.079 -10.043 4.242e+00 3.440e+00 2.095e+00 2.095e+00 3.701e+00 3.440e+00 4.239e+00 3.357e+00 3.420e+00
-9.029 -9.993 4.242e+00 3.440e+00 2.145e+00 2.145e+00 3.703e+00 3.440e+00 4.239e+00 3.360e+00 3.417e+00
-8.979 -9.943 4.242e+00 3.440e+00 2.195e+00 2.195e+00 3.704e+00 3.440e+00 4.238e+00 3.363e+00 3.415e+00
-8.929 -9.893 4.242e+00 3.440e+00 2.244e+00 2.244e+00 3.706e+00 3.440e+00 4.238e+00 3.366e+00 3.411e+00
-8.880 -9.843 4.242e+00 3.440e+00 2.294e+00 2.294e+00 3.708e+00 3.440e+00 4.237e+00 3.370e+00 3.408e+00
-8.830 -9.793 4.242e+00 3.440e+00 2.344e+00 2.344e+00 3.710e+00 3.440e+00 4.237e+00 3.375e+00 3.404e+00
-8.780 -9.743 4.242e+00 3.440e+00 2.394e+00 2.394e+00 3.712e+00 3.440e+00 4.236e+00 3.380e+00 3.399e+00
-8.730 -9.693 4.242e+00 3.440e+00 2.443e+00 2.443e+00 3.714e+00 3.440e+00 4.235e+00 3.385e+00 3.394e+00
-8.680 -9.643 4.242e+00 3.440e+00 2.493e+00 2.493e+00 3.717e+00 3.440e+00 4.234e+00 3.391e+00 3.388e+00
-8.630 -9.593 4.242e+00 3.440e+00 2.542e+00 2.542e+00 3.720e+00 3.440e+00 4.233e+00 3.398e+00 3.381e+00
-8.580 -9.543 4.242e+00 3.440e+00 2.592e+00 2.592e+00 3.724e+00 3.440e+00 4.232e+00 3.405e+00 3.373e+00
-8.530 -9.493 4.242e+00 3.440e+00 2.641e+00 2.641e+00 3.728e+00 3.440e+00 4.231e+00 3.413e+00 3.365e+00
-8.480 -9.443 4.242e+00 3.440e+00 2.691e+00 2.691e+00 3.732e+00 3.440e+00 4.230e+00 3.422e+00 3.355e+00
-8.430 -9.393 4.242e+00 3.440e+00 2.740e+00 2.740e+00 3.737e+00 3.440e+00 4.228e+00 3.431e+00 3.343e+00
-8.380 -9.343 4.242e+00 3.440e+00 2.789e+00 2.789e+00 3.742e+00 3.440e+00 4.227e+00 3.442e+00 3.330e+00
-8.330 -9.293 4.242e+00 3.440e+00 2.838e+00 2.838e+00 3.748e+00 3.440e+00 4.225e+00 3.453e+00 3.315e+00
-8.280 -9.243 4.242e+00 3.440e+00 2.887e+00 2.887e+00 3.754e+00 3.440e+00 4.222e+00 3.465e+00 3.297e+00
-8.230 -9.193 4.242e+00 3.440e+00 2.936e+00 2.936e+00 3.761e+00 3.440e+00 4.220e+00 3.479e+00 3.277e+00
-8.180 -9.143 4.242e+00 3.440e+00 2.985e+00 2.985e+00 3.768e+00 3.440e+00 4.217e+00 3.493e+00 3.252e+00
-8.130 -9.093 4.242e+00 3.440e+00 3.033e+00 3.033e+00 3.777e+00 3.440e+00 4.214e+00 3.509e+00 3.224e+00
-8.080 -9.043 4.242e+00 3.440e+00 3.082e+00 3.082e+00 3.786e+00 3.440e+00 4.211e+00 3.526e+00 3.189e+00
-8.030 -8.993 4.242e+00 3.440e+00 3.130e+00 3.130e+00 3.796e+00 3.440e+00 4.207e+00 3.544e+00 3.147e+00
-7.980 -8.943 4.242e+00 3.440e+00 3.178e+00 3.178e+00 3.807e+00 3.440e+00 4.203e+00 3.563e+00 3.096e+00
-7.930 -8.893 4.242e+00 3.440e+00 3.225e+00 3.225e+00 3.818e+00 3.440e+00 4.198e+00 3.583e+00 3.030e+00
-7.880 -8.843 4.242e+00 3.440e+00 3.273e+00 3.273e+00 3.831e+00 3.440e+00 4.192e+00 3.604e+00 2.943e+00
-7.830 -8.793 4.242e+00 3.440e+00 3.320e+00 3.320e+00 3.844e+00 3.440e+00 4.186e+00 3.627e+00 2.821e+00
-7.780 -8.743 4.242e+00 3.440e+00 3.367e+00 3.367e+00 3.859e+00 3.440e+00 4.180e+00 3.651e+00 2.628e+00
-7.730 -8.693 4.242e+00 3.440e+00 3.413e+00 3.413e+00 3.874e+00 3.440e+00 4.172e+00 3.675e+00 2.211e+00
-7.680 -8.643 4.242e+00 3.440e+00 3.459e+00 3.459e+00 3.891e+00 3.440e+00 4.163e+00 3.701e+00 2.102e+00
-7.630 -8.593 4.242e+00 3.440e+00 3.505e+00 3.505e+00 3.908e+00 3.440e+00 4.154e+00 3.728e+00 2.648e+00
-7.580 -8.543 4.241e+00 3.440e+00 3.550e+00 3.550e+00 3.926e+00 3.440e+00 4.143e+00 3.755e+00 2.899e+00
-7.530 -8.493 4.241e+00 3.440e+00 3.594e+00 3.594e+00 3.945e+00 3.440e+00 4.130e+00 3.783e+00 3.069e+00
-7.480 -8.443 4.241e+00 3.440e+00 3.638e+00 3.638e+00 3.965e+00 3.440e+00 4.117e+00 3.811e+00 3.201e+00
-7.430 -8.393 4.241e+00 3.440e+00 3.680e+00 3.680e+00 3.986e+00 3.440e+00 4.101e+00 3.840e+00 3.309e+00
-7.380 -8.343 4.241e+00 3.440e+00 3.722e+00 3.722e+00 4.007e+00 3.440e+00 4.084e+00 3.870e+00 3.402e+00
-7.330 -8.293 4.240e+00 3.440e+00 3.764e+00 3.764e+00 4.029e+00 3.440e+00 4.064e+00 3.899e+00 3.484e+00
-7.280 -8.243 4.240e+00 3.440e+00 3.804e+00 3.804e+00 4.051e+00 3.440e+00 4.042e+00 3.929e+00 3.557e+00
-7.230 -8.193 4.240e+00 3.441e+00 3.842e+00 3.842e+00 4.073e+00 3.441e+00 4.018e+00 3.958e+00 3.623e+00
-7.180 -8.143 4.239e+00 3.441e+00 3.880e+00 3.880e+00 4.095e+00 3.441e+00 3.990e+00 3.986e+00 3.684e+00
-7.130 -8.093 4.239e+00 3.441e+00 3.916e+00 3.916e+00 4.117e+00 3.441e+00 3.959e+00 4.015e+00 3.739e+00
-7.080 -8.043 4.238e+00 3.442e+00 3.951e+00 3.951e+00 4.139e+00 3.442e+00 3.923e+00 4.042e+00 3.790e+00
-7.030 -7.993 4.238e+00 3.443e+00 3.984e+00 3.984e+00 4.160e+00 3.443e+00 3.884e+00 4.068e+00 3.836e+00
-6.980 -7.943 4.237e+00 3.443e+00 4.015e+00 4.015e+00 4.181e+00 3.443e+00 3.840e+00 4.093e+00 3.879e+00
-6.930 -7.893 4.236e+00 3.445e+00 4.044e+00 4.044e+00 4.200e+00 3.445e+00 3.790e+00 4.117e+00 3.918e+00
-6.880 -7.843 4.235e+00 3.446e+00 4.070e+00 4.070e+00 4.219e+00 3.446e+00 3.734e+00 4.138e+00 3.952e+00
-6.830 -7.793 4.233e+00 3.447e+00 4.094e+00 4.094e+00 4.236e+00 3.447e+00 3.671e+00 4.158e+00 3.984e+00
-6.780 -7.743 4.232e+00 3.449e+00 4.116e+00 4.116e+00 4.251e+00 3.449e+00 3.600e+00 4.176e+00 4.011e+00
-6.730 -7.693 4.230e+00 3.452e+00 4.135e+00 4.135e+00 4.264e+00 3.452e+00 3.522e+00 4.192e+00 4.035e+00
-6.680 -7.643 4.228e+00 3.454e+00 4.152e+00 4.152e+00 4.276e+00 3.454e+00 3.435e+00 4.205e+00 4.054e+00
-6.630 -7.593 4.225e+00 3.457e+00 4.165e+00 4.165e+00 4.285e+00 3.457e+00 3.338e+00 4.215e+00 4.070e+00
-6.580 -7.543 4.223e+00 3.461e+00 4.176e+00 4.176e+00 4.292e+00 3.461e+00 3.232e+00 4.223e+00 4.083e+00
-6.530 -7.493 4.219e+00 3.465e+00 4.183e+00 4.183e+00 4.297e+00 3.465e+00 3.117e+00 4.228e+00 4.091e+00
-6.480 -7.443 4.215e+00 3.470e+00 4.188e+00 4.188e+00 4.299e+00 3.470e+00 2.996e+00 4.230e+00 4.096e+00
-6.430 -7.393 4.211e+00 3.475e+00 4.191e+00 4.191e+00 4.300e+00 3.475e+00 2.872e+00 4.229e+00 4.098e+00
-6.380 -7.343 4.206e+00 3.481e+00 4.191e+00 4.191e+00 4.298e+00 3.481e+00 2.752e+00 4.226e+00 4.097e+00
-6.330 -7.293 4.201e+00 3.488e+00 4.189e+00 4.189e+00 4.295e+00 3.488e+00 2.645e+00 4.221e+00 4.092e+00
-6.280 -7.244 4.195e+00 3.495e+00 4.185e+00 4.185e+00 4.290e+00 3.495e+00 2.560e+00 4.214e+00 4.086e+00
-6.230 -7.194 4.188e+00 3.502e+00 4.179e+00 4.179e+00 4.283e+00 3.502e+00 2.503e+00 4.204e+00 4.076e+00
-6.180 -7.144 4.180e+00 3.511e+00 4.172e+00 4.172e+00 4.275e+00 3.511e+00 2.474e+00 4.193e+00 4.065e+00
-6.130 -7.094 4.172e+00 3.519e+00 4.163e+00 4.163e+00 4.265e+00 3.519e+00 2.464e+00 4.179e+00 4.052e+00
-6.080 -7.044 4.163e+00 3.529e+00 4.154e+00 4.154e+00 4.254e+00 3.529e+00 2.469e+00 4.164e+00 4.036e+00
-6.030 -6.994 4.152e+00 3.539e+00 4.143e+00 4.143e+00 4.242e+00 3.539e+00 2.481e+00 4.147e+00 4.018e+00
-5.980 -6.944 4.141e+00 3.549e+00 4.131e+00 4.131e+00 4.229e+00 3.549e+00 2.498e+00 4.127e+00 3.999e+00
-5.930 -6.894 4.128e+00 3.560e+00 4.117e+00 4.117e+00 4.214e+00 3.560e+00 2.518e+00 4.105e+00 3.976e+00
-5.880 -6.844 4.114e+00 3.572e+00 4.102e+00 4.102e+00 4.197e+00 3.572e+00 2.540e+00 4.080e+00 3.951e+00
-5.830 -6.794 4.099e+00 3.584e+00 4.086e+00 4.086e+00 4.179e+00 3.584e+00 2.565e+00 4.051e+00 3.922e+00
-5.780 -6.744 4.082e+00 3.596e+00 4.068e+00 4.068e+00 4.158e+00 3.596e+00 2.592e+00 4.019e+00 3.889e+00
-5.730 -6.694 4.064e+00 3.608e+00 4.048e+00 4.048e+00 4.136e+00 3.608e+00 2.622e+00 3.983e+00 3.852e+00
-5.685 -6.694 4.044e+00 3.620e+00 4.026e+00 4.026e+00 4.111e+00 3.620e+00 2.656e+00 3.942e+00 3.810e+00
-5.644 -6.694 4.023e+00 3.632e+00 3.993e+00 3.993e+00 4.077e+00 3.632e+00 2.848e+00 3.884e+00 3.745e+00
-5.607 -6.694 4.004e+00 3.642e+00 3.981e+00 3.981e+00 4.060e+00 3.642e+00 2.721e+00 3.850e+00 3.715e+00
-5.573 -6.694 3.986e+00 3.651e+00 3.960e+00 3.960e+00 4.035e+00 3.651e+00 2.751e+00 3.803e+00 3.665e+00
-5.541 -6.694 3.968e+00 3.660e+00 3.939e+00 3.939e+00 4.012e+00 3.660e+00 2.779e+00 3.756e+00 3.616e+00
-5.512 -6.694 3.952e+00 3.667e+00 3.920e+00 3.920e+00 3.989e+00 3.667e+00 2.806e+00 3.708e+00 3.565e+00
-5.484 -6.694 3.937e+00 3.673e+00 3.901e+00 3.901e+00 3.968e+00 3.673e+00 2.831e+00 3.660e+00 3.514e+00
-5.458 -6.694 3.923e+00 3.678e+00 3.884e+00 3.884e+00 3.947e+00 3.678e+00 2.854e+00 3.612e+00 3.461e+00
-5.434 -6.694 3.910e+00 3.683e+00 3.868e+00 3.868e+00 3.928e+00 3.683e+00 2.876e+00 3.563e+00 3.408e+00
-5.410 -6.694 3.898e+00 3.687e+00 3.853e+00 3.853e+00 3.910e+00 3.687e+00 2.895e+00 3.514e+00 3.353e+00
-5.388 -6.694 3.887e+00 3.691e+00 3.838e+00 3.838e+00 3.893e+00 3.691e+00 2.913e+00 3.465e+00 3.297e+00
-5.367 -6.694 3.877e+00 3.694e+00 3.825e+00 3.825e+00 3.878e+00 3.694e+00 2.929e+00 3.415e+00 3.240e+00
-5.347 -6.694 3.868e+00 3.697e+00 3.813e+00 3.813e+00 3.863e+00 3.697e+00 2.944e+00 3.366e+00 3.182e+00
-5.328 -6.694 3.859e+00 3.699e+00 3.801e+00 3.801e+00 3.850e+00 3.699e+00 2.956e+00 3.316e+00 3.123e+00
-5.310 -6.694 3.852e+00 3.701e+00 3.791e+00 3.791e+00 3.837e+00 3.701e+00 2.966e+00 3.266e+00 3.062e+00
-5.292 -6.694 3.845e+00 3.703e+00 3.782e+00 3.782e+00 3.826e+00 3.703e+00 2.975e+00 3.217e+00 3.000e+00
-5.275 -6.694 3.838e+00 3.705e+00 3.773e+00 3.773e+00 3.816e+00 3.705e+00 2.982e+00 3.168e+00 2.937e+00
-5.259 -6.694 3.832e+00 3.706e+00 3.765e+00 3.765e+00 3.806e+00 3.706e+00 2.988e+00 3.120e+00 2.872e+00
-5.243 -6.694 3.827e+00 3.707e+00 3.759e+00 3.759e+00 3.798e+00 3.707e+00 2.992e+00 3.072e+00 2.806e+00
-5.228 -6.694 3.822e+00 3.708e+00 3.752e+00 3.752e+00 3.790e+00 3.708e+00 2.994e+00 3.025e+00 2.739e+00
-5.214 -6.694 3.818e+00 3.709e+00 3.747e+00 3.747e+00 3.783e+00 3.709e+00 2.996e+00 2.979e+00 2.670e+00
-5.199 -6.694 3.814e+00 3.710e+00 3.742e+00 3.742e+00 3.777e+00 3.710e+00 2.996e+00 2.934e+00 2.599e+00
-5.186 -6.694 3.810e+00 3.710e+00 3.738e+00 3.738e+00 3.772e+00 3.710e+00 2.995e+00 2.891e+00 2.526e+00
-5.172 -6.694 3.807e+00 3.711e+00 3.734e+00 3.734e+00 3.767e+00 3.711e+00 2.994e+00 2.849e+00 2.451e+00
-5.160 -6.694 3.804e+00 3.711e+00 3.731e+00 3.731e+00 3.762e+00 3.711e+00 2.992e+00 2.808e+00 2.373e+00
-5.147 -6.694 3.801e+00 3.712e+00 3.728e+00 3.728e+00 3.758e+00 3.712e+00 2.989e+00 2.768e+00 2.292e+00
-5.135 -6.694 3.798e+00 3.712e+00 3.725e+00 3.725e+00 3.755e+00 3.712e+00 2.985e+00 2.730e+00 2.206e+00
-5.123 -6.694 3.795e+00 3.712e+00 3.723e+00 3.723e+00 3.752e+00 3.712e+00 2.982e+00 2.693e+00 2.114e+00
-5.112 -6.694 3.793e+00 3.712e+00 3.721e+00 3.721e+00 3.749e+00 3.712e+00 2.977e+00 2.657e+00 2.014e+00
-5.100 -6.694 3.791e+00 3.713e+00 3.719e+00 3.719e+00 3.747e+00 3.713e+00 2.973e+00 2.623e+00 1.903e+00
-5.089 -6.694 3.789e+00 3.713e+00 3.718e+00 3.718e+00 3.744e+00 3.713e+00 2.968e+00 2.590e+00 1.774e+00
-5.079 -6.694 2.983e+00 -1.144e+00 -2.400e+01 -6.673e-01 2.505e+00 -2.400e+01 2.982e+00 2.505e+00 -2.400e+01
-5.067 -6.644 2.969e+00 -1.113e+00 -2.400e+01 -6.362e-01 2.492e+00 -2.400e+01 2.969e+00 2.492e+00 -2.400e+01
-5.054 -6.594 2.958e+00 -1.081e+00 -2.400e+01 -6.041e-01 2.481e+00 -2.400e+01 2.958e+00 2.481e+00 -2.400e+01
-5.040 -6.544 2.947e+00 -1.047e+00 -2.400e+01 -5.694e-01 2.470e+00 -2.400e+01 2.947e+00 2.469e+00 -2.400e+01
-5.025 -6.494 2.934e+00 -1.009e+00 -2.400e+01 -5.321e-01 2.457e+00 -2.400e+01 2.934e+00 2.457e+00 -2.400e+01
-5.009 -6.444 2.921e+00 -9.692e-01 -2.400e+01 -4.921e-01 2.444e+00 -2.400e+01 2.921e+00 2.443e+00 -2.400e+01
-4.992 -6.394 2.906e+00 -9.265e-01 -2.400e+01 -4.493e-01 2.429e+00 -2.400e+01 2.906e+00 2.429e+00 -2.400e+01
-4.973 -6.344 2.891e+00 -8.810e-01 -2.400e+01 -4.039e-01 2.414e+00 -2.400e+01 2.891e+00 2.414e+00 -2.400e+01
-4.952 -6.294 2.875e+00 -8.329e-01 -2.400e+01 -3.557e-01 2.398e+00 -2.400e+01 2.875e+00 2.397e+00 -2.400e+01
-4.931 -6.244 2.858e+00 -7.821e-01 -2.400e+01 -3.049e-01 2.381e+00 -2.400e+01 2.857e+00 2.380e+00 -2.400e+01
-4.908 -6.194 2.840e+00 -7.287e-01 -2.400e+01 -2.516e-01 2.362e+00 -2.400e+01 2.839e+00 2.362e+00 -2.400e+01
-4.883 -6.144 2.821e+00 -6.730e-01 -2.400e+01 -1.959e-01 2.344e+00 -2.400e+01 2.820e+00 2.343e+00 -2.400e+01
-4.857 -6.094 2.801e+00 -6.149e-01 -2.400e+01 -1.378e-01 2.324e+00 -2.400e+01 2.800e+00 2.323e+00 -2.400e+01
-4.830 -6.044 2.780e+00 -5.547e-01 -2.400e+01 -7.757e-02 2.303e+00 -2.400e+01 2.780e+00 2.303e+00 -2.400e+01
-4.801 -5.994 2.759e+00 -4.925e-01 -2.400e+01 -1.538e-02 2.282e+00 -2.400e+01 2.758e+00 2.281e+00 -2.400e+01
-4.771 -5.944 2.737e+00 -4.285e-01 -2.400e+01 4.862e-02 2.260e+00 -2.400e+01 2.736e+00 2.259e+00 -2.400e+01
-4.739 -5.894 2.714e+00 -3.629e-01 -2.400e+01 1.142e-01 2.237e+00 -2.400e+01 2.713e+00 2.236e+00 -2.400e+01
-4.706 -5.844 2.691e+00 -2.959e-01 -2.400e+01 1.813e-01 2.214e+00 -2.400e+01 2.690e+00 2.212e+00 -2.400e+01
-4.675 -5.835 2.667e+00 -2.276e-01 -2.400e+01 2.495e-01 2.190e+00 -2.400e+01 2.665e+00 2.188e+00 -2.400e+01
-4.646 -5.827 2.643e+00 -1.582e-01 -2.400e+01 3.189e-01 2.166e+00 -2.400e+01 2.641e+00 2.164e+00 -2.400e+01
-4.617 -5.818 2.620e+00 -9.428e-02 -2.400e+01 3.828e-01 2.143e+00 -2.400e+01 2.618e+00 2.141e+00 -2.400e+01
-4.590 -5.809 2.599e+00 -3.487e-02 -2.400e+01 4.423e-01 2.122e+00 -2.400e+01 2.596e+00 2.119e+00 -2.400e+01
-4.564 -5.801 2.580e+00 2.063e-02 -2.400e+01 4.977e-01 2.103e+00 -2.400e+01 2.576e+00 2.099e+00 -2.400e+01
-4.539 -5.792 2.561e+00 7.272e-02 -2.400e+01 5.498e-01 2.084e+00 -2.400e+01 2.557e+00 2.080e+00 -2.400e+01
-4.515 -5.784 2.544e+00 1.218e-01 -2.400e+01 5.989e-01 2.066e+00 -2.400e+01 2.539e+00 2.062e+00 -2.400e+01
-4.492 -5.775 2.527e+00 1.683e-01 -2.400e+01 6.454e-01 2.050e+00 -2.400e+01 2.521e+00 2.044e+00 -2.400e+01
-4.470 -5.766 2.511e+00 2.124e-01 -2.400e+01 6.895e-01 2.034e+00 -2.400e+01 2.504e+00 2.027e+00 -2.400e+01
-4.448 -5.758 2.496e+00 2.544e-01 -2.400e+01 7.315e-01 2.019e+00 -2.400e+01 2.488e+00 2.011e+00 -2.400e+01
-4.427 -5.749 2.481e+00 2.945e-01 -2.400e+01 7.717e-01 2.004e+00 -2.400e+01 2.473e+00 1.996e+00 -2.400e+01
-4.406 -5.741 2.467e+00 3.330e-01 -2.400e+01 8.101e-01 1.990e+00 -2.400e+01 2.458e+00 1.981e+00 -2.400e+01
-4.386 -5.732 2.454e+00 3.698e-01 -2.400e+01 8.469e-01 1.977e+00 -2.400e+01 2.443e+00 1.966e+00 -2.400e+01
-4.366 -5.723 2.441e+00 4.052e-01 -2.400e+01 8.823e-01 1.964e+00 -2.400e+01 2.429e+00 1.952e+00 -2.400e+01
-4.347 -5.715 2.429e+00 4.393e-01 -2.400e+01 9.164e-01 1.951e+00 -2.400e+01 2.415e+00 1.938e+00 -2.400e+01
-4.329 -5.706 2.416e+00 4.721e-01 -2.400e+01 9.493e-01 1.939e+00 -2.400e+01 2.401e+00 1.924e+00 -2.400e+01
-4.311 -5.698 2.405e+00 5.039e-01 -2.400e+01 9.810e-01 1.928e+00 -2.400e+01 2.388e+00 1.911e+00 -2.400e+01
-4.293 -5.689 2.393e+00 5.346e-01 -2.400e+01 1.012e+00 1.916e+00 -2.400e+01 2.375e+00 1.898e+00 -2.400e+01
-4.275 -5.680 2.382e+00 5.643e-01 -2.400e+01 1.041e+00 1.905e+00 -2.400e+01 2.362e+00 1.885e+00 -2.400e+01
-4.258 -5.672 2.372e+00 5.931e-01 -2.400e+01 1.070e+00 1.894e+00 -2.400e+01 2.349e+00 1.872e+00 -2.400e+01
-4.241 -5.663 2.361e+00 6.211e-01 -2.400e+01 1.098e+00 1.884e+00 -2.400e+01 2.337e+00 1.860e+00 -2.400e+01
-4.225 -5.655 2.351e+00 6.482e-01 -2.400e+01 1.125e+00 1.874e+00 -2.400e+01 2.324e+00 1.847e+00 -2.400e+01
-4.209 -5.646 2.341e+00 6.746e-01 -2.400e+01 1.152e+00 1.864e+00 -2.400e+01 2.312e+00 1.835e+00 -2.400e+01
-4.193 -5.637 2.331e+00 7.003e-01 -2.400e+01 1.177e+00 1.854e+00 -2.400e+01 2.300e+00 1.823e+00 -2.400e+01
-4.177 -5.629 2.322e+00 7.253e-01 -2.400e+01 1.202e+00 1.845e+00 -2.400e+01 2.288e+00 1.810e+00 -2.400e+01
-4.162 -5.620 2.313e+00 7.496e-01 -2.400e+01 1.227e+00 1.835e+00 -2.400e+01 2.275e+00 1.798e+00 -2.400e+01
-4.147 -5.612 2.304e+00 7.733e-01 -2.400e+01 1.250e+00 1.826e+00 -2.400e+01 2.263e+00 1.786e+00 -2.400e+01
-4.132 -5.603 2.295e+00 7.965e-01 -2.400e+01 1.274e+00 1.818e+00 -2.400e+01 2.251e+00 1.774e+00 -2.400e+01
-4.117 -5.594 2.286e+00 8.190e-01 -2.400e+01 1.296e+00 1.809e+00 -2.400e+01 2.239e+00 1.762e+00 -2.400e+01
-4.103 -5.586 2.278e+00 8.410e-01 -2.400e+01 1.318e+00 1.801e+00 -2.400e+01 2.227e+00 1.750e+00 -2.400e+01
-4.088 -5.577 2.269e+00 8.625e-01 -2.400e+01 1.340e+00 1.792e+00 -2.400e+01 2.215e+00 1.738e+00 -2.400e+01
-4.074 -5.569 2.261e+00 8.835e-01 -2.400e+01 1.361e+00 1.784e+00 -2.400e+01 2.203e+00 1.726e+00 -2.400e+01
-4.060 -5.560 2.253e+00 9.040e-01 -2.400e+01 1.381e+00 1.776e+00 -2.400e+01 2.191e+00 1.714e+00 -2.400e+01
-4.046 -5.551 2.246e+00 9.240e-01 -2.400e+01 1.401e+00 1.769e+00 -2.400e+01 2.179e+00 1.701e+00 -2.400e+01
-4.033 -5.543 2.238e+00 9.436e-01 -2.400e+01 1.421e+00 1.761e+00 -2.400e+01 2.166e+00 1.689e+00 -2.400e+01
-4.019 -5.534 2.231e+00 9.627e-01 -2.400e+01 1.440e+00 1.753e+00 -2.400e+01 2.154e+00 1.677e+00 -2.400e+01
-4.006 -5.526 2.223e+00 9.814e-01 -2.400e+01 1.459e+00 1.746e+00 -2.400e+01 2.141e+00 1.664e+00 -2.400e+01
-3.993 -5.517 2.216e+00 9.997e-01 -2.400e+01 1.477e+00 1.739e+00 -2.400e+01 2.129e+00 1.652e+00 -2.400e+01
-3.980 -5.508 2.209e+00 1.018e+00 -2.400e+01 1.495e+00 1.732e+00 -2.400e+01 2.116e+00 1.639e+00 -2.400e+01
-3.967 -5.500 2.202e+00 1.035e+00 -2.400e+01 1.512e+00 1.725e+00 -2.400e+01 2.103e+00 1.626e+00 -2.400e+01
-3.954 -5.491 2.195e+00 1.052e+00 -2.400e+01 1.529e+00 1.718e+00 -2.400e+01 2.090e+00 1.613e+00 -2.400e+01
-3.941 -5.482 2.189e+00 1.069e+00 -2.400e+01 1.546e+00 1.712e+00 -2.400e+01 2.077e+00 1.600e+00 -2.400e+01
-3.929 -5.474 2.182e+00 1.085e+00 -2.400e+01 1.562e+00 1.705e+00 -2.400e+01 2.063e+00 1.586e+00 -2.400e+01
-3.916 -5.465 2.176e+00 1.101e+00 -2.400e+01 1.578e+00 1.699e+00 -2.400e+01 2.050e+00 1.573e+00 -2.400e+01
-3.904 -5.457 2.170e+00 1.117e+00 -2.400e+01 1.594e+00 1.693e+00 -2.400e+01 2.036e+00 1.559e+00 -2.400e+01
-3.892 -5.448 2.164e+00 1.132e+00 -2.400e+01 1.609e+00 1.687e+00 -2.400e+01 2.022e+00 1.545e+00 -2.400e+01
-3.880 -5.439 2.158e+00 1.147e+00 -2.400e+01 1.624e+00 1.681e+00 -2.400e+01 2.008e+00 1.530e+00 -2.400e+01
-3.868 -5.431 2.152e+00 1.161e+00 -2.400e+01 1.638e+00 1.675e+00 -2.400e+01 1.993e+00 1.516e+00 -2.400e+01
-3.856 -5.422 2.146e+00 1.175e+00 -2.400e+01 1.652e+00 1.669e+00 -2.400e+01 1.978e+00 1.501e+00 -2.400e+01
-3.844 -5.414 2.141e+00 1.189e+00 -2.400e+01 1.666e+00 1.664e+00 -2.400e+01 1.963e+00 1.486e+00 -2.400e+01
-3.832 -5.405 2.135e+00 1.202e+00 -2.400e+01 1.680e+00 1.658e+00 -2.400e+01 1.948e+00 1.471e+00 -2.400e+01
-3.820 -5.396 2.130e+00 1.216e+00 -2.400e+01 1.693e+00 1.653e+00 -2.400e+01 1.932e+00 1.455e+00 -2.400e+01
-3.809 -5.388 2.125e+00 1.228e+00 -2.400e+01 1.705e+00 1.648e+00 -2.400e+01 1.916e+00 1.439e+00 -2.400e+01
-3.797 -5.379 2.120e+00 1.241e+00 -2.400e+01 1.718e+00 1.642e+00 -2.400e+01 1.900e+00 1.423e+00 -2.400e+01
-3.786 -5.371 2.115e+00 1.253e+00 -2.400e+01 1.730e+00 1.638e+00 -2.400e+01 1.884e+00 1.407e+00 -2.400e+01
-3.774 -5.362 2.110e+00 1.265e+00 -2.400e+01 1.742e+00 1.633e+00 -2.400e+01 1.867e+00 1.390e+00 -2.400e+01
-3.763 -5.353 2.105e+00 1.276e+00 -2.400e+01 1.753e+00 1.628e+00 -2.400e+01 1.850e+00 1.372e+00 -2.400e+01
-3.752 -5.345 2.101e+00 1.287e+00 -2.400e+01 1.764e+00 1.623e+00 -2.400e+01 1.832e+00 1.355e+00 -2.400e+01
-3.741 -5.336 2.096e+00 1.298e+00 -2.400e+01 1.775e+00 1.619e+00 -2.400e+01 1.814e+00 1.337e+00 -2.400e+01
-3.730 -5.328 2.092e+00 1.309e+00 -2.400e+01 1.786e+00 1.615e+00 -2.400e+01 1.796e+00 1.318e+00 -2.400e+01
-3.719 -5.319 2.087e+00 1.319e+00 -2.400e+01 1.796e+00 1.610e+00 -2.400e+01 1.777e+00 1.300e+00 -2.400e+01
-3.708 -5.310 2.083e+00 1.329e+00 -2.400e+01 1.806e+00 1.606e+00 -2.400e+01 1.758e+00 1.280e+00 -2.400e+01
-3.697 -5.302 2.079e+00 1.338e+00 -2.400e+01 1.815e+00 1.602e+00 -2.400e+01 1.738e+00 1.261e+00 -2.400e+01
-3.686 -5.293 2.076e+00 1.348e+00 -2.400e+01 1.825e+00 1.598e+00 -2.400e+01 1.718e+00 1.241e+00 -2.400e+01
-3.675 -5.285 2.072e+00 1.357e+00 -2.400e+01 1.834e+00 1.595e+00 -2.400e+01 1.697e+00 1.220e+00 -2.400e+01
-3.664 -5.276 2.068e+00 1.365e+00 -2.400e+01 1.842e+00 1.591e+00 -2.400e+01 1.676e+00 1.199e+00 -2.400e+01
-3.654 -5.267 2.065e+00 1.374e+00 -2.400e+01 1.851e+00 1.588e+00 -2.400e+01 1.655e+00 1.178e+00 -2.400e+01
-3.643 -5.259 2.061e+00 1.382e+00 -2.400e+01 1.859e+00 1.584e+00 -2.400e+01 1.633e+00 1.156e+00 -2.400e+01
-3.632 -5.250 2.058e+00 1.389e+00 -2.400e+01 1.867e+00 1.581e+00 -2.400e+01 1.610e+00 1.133e+00 -2.400e+01
-3.622 -5.242 2.055e+00 1.397e+00 -2.400e+01 1.874e+00 1.578e+00 -2.400e+01 1.587e+00 1.110e+00 -2.400e+01
-3.611 -5.233 2.052e+00 1.404e+00 -2.400e+01 1.881e+00 1.575e+00 -2.400e+01 1.564e+00 1.086e+00 -2.400e+01
-3.601 -5.224 2.049e+00 1.411e+00 -2.400e+01 1.888e+00 1.572e+00 -2.400e+01 1.539e+00 1.062e+00 -2.400e+01
-3.590 -5.216 2.046e+00 1.418e+00 -2.400e+01 1.895e+00 1.569e+00 -2.400e+01 1.515e+00 1.038e+00 -2.400e+01
-3.580 -5.207 2.043e+00 1.424e+00 -2.400e+01 1.901e+00 1.566e+00 -2.400e+01 1.490e+00 1.012e+00 -2.400e+01
-3.570 -5.199 2.041e+00 1.430e+00 -2.400e+01 1.907e+00 1.564e+00 -2.400e+01 1.464e+00 9.865e-01 -2.400e+01
-3.559 -5.190 2.038e+00 1.436e+00 -2.400e+01 1.913e+00 1.561e+00 -2.400e+01 1.437e+00 9.601e-01 -2.400e+01
-3.549 -5.181 2.036e+00 1.442e+00 -2.400e+01 1.919e+00 1.559e+00 -2.400e+01 1.410e+00 9.330e-01 -2.400e+01
-3.539 -5.173 2.034e+00 1.447e+00 -2.400e+01 1.924e+00 1.557e+00 -2.400e+01 1.382e+00 9.053e-01 -2.400e+01
-3.529 -5.164 2.032e+00 1.452e+00 -2.400e+01 1.929e+00 1.554e+00 -2.400e+01 1.354e+00 8.770e-01 -2.400e+01
-3.519 -5.156 2.029e+00 1.457e+00 -2.400e+01 1.934e+00 1.552e+00 -2.400e+01 1.325e+00 8.480e-01 -2.400e+01
-3.509 -5.147 2.028e+00 1.461e+00 -2.400e+01 1.939e+00 1.550e+00 -2.400e+01 1.295e+00 8.183e-01 -2.400e+01
-3.499 -5.138 2.026e+00 1.466e+00 -2.400e+01 1.943e+00 1.549e+00 -2.400e+01 1.265e+00 7.880e-01 -2.400e+01
-3.488 -5.130 2.024e+00 1.470e+00 -2.400e+01 1.947e+00 1.547e+00 -2.400e+01 1.234e+00 7.569e-01 -2.400e+01
-3.478 -5.121 2.022e+00 1.474e+00 -2.400e+01 1.951e+00 1.545e+00 -2.400e+01 1.202e+00 7.252e-01 -2.400e+01
-3.469 -5.113 2.021e+00 1.478e+00 -2.400e+01 1.955e+00 1.544e+00 -2.400e+01 1.170e+00 6.927e-01 -2.400e+01
-3.459 -5.104 2.019e+00 1.481e+00 -2.400e+01 1.958e+00 1.542e+00 -2.400e+01 1.137e+00 6.595e-01 -2.400e+01
-3.449 -5.095 2.018e+00 1.484e+00 -2.400e+01 1.961e+00 1.541e+00 -2.400e+01 1.103e+00 6.255e-01 -2.400e+01
-3.439 -5.087 2.016e+00 1.487e+00 -2.400e+01 1.965e+00 1.539e+00 -2.400e+01 1.068e+00 5.907e-01 -2.400e+01
-3.429 -5.078 2.015e+00 1.490e+00 -2.400e+01 1.967e+00 1.538e+00 -2.400e+01 1.032e+00 5.552e-01 -2.400e+01
-3.419 -5.070 2.014e+00 1.493e+00 -2.400e+01 1.970e+00 1.537e+00 -2.400e+01 9.960e-01 5.189e-01 -2.400e+01
-3.410 -5.070 2.013e+00 1.495e+00 -2.400e+01 1.972e+00 1.536e+00 -2.400e+01 9.661e-01 4.890e-01 -2.400e+01
-3.400 -5.070 2.012e+00 1.497e+00 -2.400e+01 1.974e+00 1.535e+00 -2.400e+01 9.366e-01 4.594e-01 -2.400e+01
-3.391 -5.070 2.011e+00 1.499e+00 -2.400e+01 1.976e+00 1.534e+00 -2.400e+01 9.070e-01 4.299e-01 -2.400e+01
-3.382 -5.070 2.011e+00 1.500e+00 -2.400e+01 1.978e+00 1.534e+00 -2.400e+01 8.774e-01 4.003e-01 -2.400e+01
-3.373 -5.070 2.010e+00 1.502e+00 -2.400e+01 1.979e+00 1.533e+00 -2.400e+01 8.477e-01 3.706e-01 -2.400e+01
-3.364 -5.070 2.009e+00 1.503e+00 -2.400e+01 1.981e+00 1.532e+00 -2.400e+01 8.181e-01 3.410e-01 -2.400e+01
-3.356 -5.070 2.009e+00 1.505e+00 -2.400e+01 1.982e+00 1.532e+00 -2.400e+01 7.884e-01 3.113e-01 -2.400e+01
-3.348 -5.070 2.008e+00 1.506e+00 -2.400e+01 1.983e+00 1.531e+00 -2.400e+01 7.587e-01 2.816e-01 -2.400e+01
-3.339 -5.070 2.008e+00 1.507e+00 -2.400e+01 1.984e+00 1.531e+00 -2.400e+01 7.290e-01 2.519e-01 -2.400e+01
-3.331 -5.070 2.007e+00 1.508e+00 -2.400e+01 1.985e+00 1.530e+00 -2.400e+01 6.993e-01 2.221e-01 -2.400e+01
-3.324 -5.070 2.007e+00 1.509e+00 -2.400e+01 1.986e+00 1.530e+00 -2.400e+01 6.695e-01 1.924e-01 -2.400e+01
-3.316 -5.070 2.006e+00 1.510e+00 -2.400e+01 1.987e+00 1.529e+00 -2.400e+01 6.398e-01 1.626e-01 -2.400e+01
-3.286 -5.070 2.005e+00 1.514e+00 -2.400e+01 1.991e+00 1.528e+00 -2.400e+01 5.206e-01 4.344e-02 -2.400e+01
-3.259 -5.070 2.004e+00 1.516e+00 -2.400e+01 1.993e+00 1.527e+00 -2.400e+01 4.012e-01 -7.593e-02 -2.400e+01
-3.226 -5.070 2.003e+00 1.518e+00 -2.400e+01 1.995e+00 1.526e+00 -2.400e+01 2.518e-01 -2.253e-01 -2.400e+01
-3.196 -5.070 2.002e+00 1.520e+00 -2.400e+01 1.997e+00 1.525e+00 -2.400e+01 1.022e-01 -3.749e-01 -2.400e+01
-3.167 -5.020 -2.400e+01 -2.400e+01 -2.400e+01 -2.400e+01 -2.400e+01 -2.400e+01 -2.400e+01 -2.400e+01 -2.400e+01
-3.136 -4.820 -2.400e+01 -2.400e+01 -2.400e+01 -2.400e+01 -2.400e+01 -2.400e+01 -2.400e+01 -2.400e+01 -2.400e+01
-3.103 -4.670 -2.400e+01 -2.400e+01 -2.400e+01 -2.400e+01 -2.400e+01 -2.400e+01 -2.400e+01 -2.400e+01 -2.400e+01
-3.076 -4.570 -2.400e+01 -2.400e+01 -2.400e+01 -2.400e+01 -2.400e+01 -2.400e+01 -2.400e+01 -2.400e+01 -2.400e+01
-3.044 -4.470 -2.400e+01 -2.400e+01 -2.400e+01 -2.400e+01 -2.400e+01 -2.400e+01 -2.400e+01 -2.400e+01 -2.400e+01
-3.007 -4.370 -2.400e+01 -2.400e+01 -2.400e+01 -2.400e+01 -2.400e+01 -2.400e+01 -2.400e+01 -2.400e+01 -2.400e+01
-2.986 -4.320 -2.400e+01 -2.400e+01 -2.400e+01 -2.400e+01 -2.400e+01 -2.400e+01 -2.400e+01 -2.400e+01 -2.400e+01
-2.941 -4.220 -2.400e+01 -2.400e+01 -2.400e+01 -2.400e+01 -2.400e+01 -2.400e+01 -2.400e+01 -2.400e+01 -2.400e+01
-2.916 -4.170 -2.400e+01 -2.400e+01 -2.400e+01 -2.400e+01 -2.400e+01 -2.400e+01 -2.400e+01 -2.400e+01 -2.400e+01
-2.889 -4.120 -2.400e+01 -2.400e+01 -2.400e+01 -2.400e+01 -2.400e+01 -2.400e+01 -2.400e+01 -2.400e+01 -2.400e+01
-2.862 -4.070 -2.400e+01 -2.400e+01 -2.400e+01 -2.400e+01 -2.400e+01 -2.400e+01 -2.400e+01 -2.400e+01 -2.400e+01
-2.832 -4.020 -2.400e+01 -2.400e+01 -2.400e+01 -2.400e+01 -2.400e+01 -2.400e+01 -2.400e+01 -2.400e+01 -2.400e+01
-2.802 -3.970 -2.400e+01 -2.400e+01 -2.400e+01 -2.400e+01 -2.400e+01 -2.400e+01 -2.400e+01 -2.400e+01 -2.400e+01
-2.770 -3.920 -2.400e+01 -2.400e+01 -2.400e+01 -2.400e+01 -2.400e+01 -2.400e+01 -2.400e+01 -2.400e+01 -2.400e+01
-2.737 -3.870 -2.400e+01 -2.400e+01 -2.400e+01 -2.400e+01 -2.400e+01 -2.400e+01 -2.400e+01 -2.400e+01 -2.400e+01
-2.702 -3.820 -2.400e+01 -2.400e+01 -2.400e+01 -2.400e+01 -2.400e+01 -2.400e+01 -2.400e+01 -2.400e+01 -2.400e+01
-2.667 -3.770 -2.400e+01 -2.400e+01 -2.400e+01 -2.400e+01 -2.400e+01 -2.400e+01 -2.400e+01 -2.400e+01 -2.400e+01
-2.630 -3.720 -2.400e+01 -2.400e+01 -2.400e+01 -2.400e+01 -2.400e+01 -2.400e+01 -2.400e+01 -2.400e+01 -2.400e+01
-2.592 -3.670 -2.400e+01 -2.400e+01 -2.400e+01 -2.400e+01 -2.400e+01 -2.400e+01 -2.400e+01 -2.400e+01 -2.400e+01
-2.553 -3.620 -2.400e+01 -2.400e+01 -2.400e+01 -2.400e+01 -2.400e+01 -2.400e+01 -2.400e+01 -2.400e+01 -2.400e+01
-2.513 -3.570 -2.400e+01 -2.400e+01 -2.400e+01 -2.400e+01 -2.400e+01 -2.400e+01 -2.400e+01 -2.400e+01 -2.400e+01
-2.472 -3.520 -2.400e+01 -2.400e+01 -2.400e+01 -2.400e+01 -2.400e+01 -2.400e+01 -2.400e+01 -2.400e+01 -2.400e+01
-2.431 -3.470 -2.400e+01 -2.400e+01 -2.400e+01 -2.400e+01 -2.400e+01 -2.400e+01 -2.400e+01 -2.400e+01 -2.400e+01
-2.388 -3.420 -2.400e+01 -2.400e+01 -2.400e+01 -2.400e+01 -2.400e+01 -2.400e+01 -2.400e+01 -2.400e+01 -2.400e+01
-2.345 -3.370 -2.400e+01 -2.400e+01 -2.400e+01 -2.400e+01 -2.400e+01 -2.400e+01 -2.400e+01 -2.400e+01 -2.400e+01
-2.301 -3.320 -2.400e+01 -2.400e+01 -2.400e+01 -2.400e+01 -2.400e+01 -2.400e+01 -2.400e+01 -2.400e+01 -2.400e+01
-2.257 -3.270 -2.400e+01 -2.400e+01 -2.400e+01 -2.400e+01 -2.400e+01 -2.400e+01 -2.400e+01 -2.400e+01 -2.400e+01
-2.212 -3.220 -2.400e+01 -2.400e+01 -2.400e+01 -2.400e+01 -2.400e+01 -2.400e+01 -2.400e+01 -2.400e+01 -2.400e+01
-2.167 -3.170 -2.400e+01 -2.400e+01 -2.400e+01 -2.400e+01 -2.400e+01 -2.400e+01 -2.400e+01 -2.400e+01 -2.400e+01
-2.121 -3.120 -2.400e+01 -2.400e+01 -2.400e+01 -2.400e+01 -2.400e+01 -2.400e+01 -2.400e+01 -2.400e+01 -2.400e+01
-2.075 -3.070 -2.400e+01 -2.400e+01 -2.400e+01 -2.400e+01 -2.400e+01 -2.400e+01 -2.400e+01 -2.400e+01 -2.400e+01
-2.028 -3.020 -2.400e+01 -2.400e+01 -2.400e+01 -2.400e+01 -2.400e+01 -2.400e+01 -2.400e+01 -2.400e+01 -2.400e+01
-1.981 -2.970 -2.400e+01 -2.400e+01 -2.400e+01 -2.400e+01 -2.400e+01 -2.400e+01 -2.400e+01 -2.400e+01 -2.400e+01
+0.000 +0.000 -2.400e+01 -2.400e+01 -2.400e+01 -2.400e+01 -2.400e+01 -2.400e+01 -2.400e+01 -2.400e+01 -2.400e+01
+0.000 +0.000 -2.400e+01 -2.400e+01 -2.400e+01 -2.400e+01 -2.400e+01 -2.400e+01 -2.400e+01 -2.400e+01 -2.400e+01
+0.000 +0.000 -2.400e+01 -2.400e+01 -2.400e+01 -2.400e+01 -2.400e+01 -2.400e+01 -2.400e+01 -2.400e+01 -2.400e+01
+0.000 +0.000 -2.400e+01 -2.400e+01 -2.400e+01 -2.400e+01 -2.400e+01 -2.400e+01 -2.400e+01 -2.400e+01 -2.400e+01
+0.000 +0.000 -2.400e+01 -2.400e+01 -2.400e+01 -2.400e+01 -2.400e+01 -2.400e+01 -2.400e+01 -2.400e+01 -2.400e+01
+0.000 +0.000 -2.400e+01 -2.400e+01 -2.400e+01 -2.400e+01 -2.400e+01 -2.400e+01 -2.400e+01 -2.400e+01 -2.400e+01
+0.000 +0.000 -2.400e+01 -2.400e+01 -2.400e+01 -2.400e+01 -2.400e+01 -2.400e+01 -2.400e+01 -2.400e+01 -2.400e+01