
#    t     dt   F+(4He)   F+(12C)   F+(16O)   F-(4He)   F-(12C)   F-(16O)   
-10.949 -12.153 4.242e+00 3.440e+00 2.906e-01 2.906e-01 3.691e+00 3.440e+00 4.242e+00 3.333e+00 3.440e+00
-10.921 -12.125 4.242e+00 3.440e+00 3.186e-01 3.186e-01 3.691e+00 3.440e+00 4.242e+00 3.333e+00 3.440e+00
-10.893 -12.097 4.242e+00 3.440e+00 3.466e-01 3.466e-01 3.691e+00 3.440e+00 4.242e+00 3.333e+00 3.440e+00
-10.865 -12.069 4.242e+00 3.440e+00 3.747e-01 3.747e-01 3.691e+00 3.440e+00 4.242e+00 3.333e+00 3.440e+00
-10.837 -12.041 4.242e+00 3.440e+00 4.027e-01 4.027e-01 3.691e+00 3.440e+00 4.242e+00 3.333e+00 3.440e+00
-10.809 -12.013 4.242e+00 3.440e+00 4.307e-01 4.307e-01 3.691e+00 3.440e+00 4.242e+00 3.333e+00 3.440e+00
-10.781 -11.985 4.242e+00 3.440e+00 4.587e-01 4.587e-01 3.691e+00 3.440e+00 4.242e+00 3.333e+00 3.440e+00
-10.753 -11.957 4.242e+00 3.440e+00 4.868e-01 4.868e-01 3.691e+00 3.440e+00 4.242e+00 3.333e+00 3.439e+00
-10.725 -11.929 4.242e+00 3.440e+00 5.148e-01 5.148e-01 3.691e+00 3.440e+00 4.242e+00 3.333e+00 3.439e+00
-10.697 -11.901 4.242e+00 3.440e+00 5.428e-01 5.428e-01 3.691e+00 3.440e+00 4.242e+00 3.333e+00 3.439e+00
-10.669 -11.873 4.242e+00 3.440e+00 5.708e-01 5.708e-01 3.691e+00 3.440e+00 4.242e+00 3.333e+00 3.439e+00
-10.612 -11.817 4.242e+00 3.440e+00 6.269e-01 6.269e-01 3.691e+00 3.440e+00 4.242e+00 3.333e+00 3.439e+00
-10.584 -11.789 4.242e+00 3.440e+00 6.549e-01 6.549e-01 3.691e+00 3.440e+00 4.242e+00 3.333e+00 3.439e+00
-10.556 -11.761 4.242e+00 3.440e+00 6.829e-01 6.829e-01 3.691e+00 3.440e+00 4.242e+00 3.333e+00 3.439e+00
-10.528 -11.732 4.242e+00 3.440e+00 7.110e-01 7.110e-01 3.691e+00 3.440e+00 4.242e+00 3.333e+00 3.439e+00
-10.500 -11.704 4.242e+00 3.440e+00 7.390e-01 7.390e-01 3.691e+00 3.440e+00 4.242e+00 3.333e+00 3.439e+00
-10.472 -11.676 4.242e+00 3.440e+00 7.670e-01 7.670e-01 3.691e+00 3.440e+00 4.242e+00 3.334e+00 3.439e+00
-10.444 -11.648 4.242e+00 3.440e+00 7.950e-01 7.950e-01 3.691e+00 3.440e+00 4.242e+00 3.334e+00 3.439e+00
-10.416 -11.620 4.242e+00 3.440e+00 8.231e-01 8.231e-01 3.691e+00 3.440e+00 4.242e+00 3.334e+00 3.439e+00
-10.388 -11.592 4.242e+00 3.440e+00 8.511e-01 8.511e-01 3.691e+00 3.440e+00 4.242e+00 3.334e+00 3.439e+00
-10.360 -11.564 4.242e+00 3.440e+00 8.791e-01 8.791e-01 3.691e+00 3.440e+00 4.242e+00 3.334e+00 3.439e+00
-10.332 -11.536 4.242e+00 3.440e+00 9.071e-01 9.071e-01 3.691e+00 3.440e+00 4.242e+00 3.334e+00 3.439e+00
-10.304 -11.508 4.242e+00 3.440e+00 9.352e-01 9.352e-01 3.691e+00 3.440e+00 4.242e+00 3.334e+00 3.439e+00
-10.276 -11.480 4.242e+00 3.440e+00 9.632e-01 9.632e-01 3.691e+00 3.440e+00 4.242e+00 3.334e+00 3.439e+00
-10.248 -11.452 4.242e+00 3.440e+00 9.912e-01 9.912e-01 3.691e+00 3.440e+00 4.242e+00 3.334e+00 3.438e+00
-10.192 -11.396 4.242e+00 3.440e+00 1.047e+00 1.047e+00 3.692e+00 3.440e+00 4.242e+00 3.335e+00 3.438e+00
-10.164 -11.368 4.242e+00 3.440e+00 1.075e+00 1.075e+00 3.692e+00 3.440e+00 4.242e+00 3.335e+00 3.438e+00
-10.136 -11.340 4.242e+00 3.440e+00 1.103e+00 1.103e+00 3.692e+00 3.440e+00 4.242e+00 3.335e+00 3.438e+00
-10.108 -11.312 4.242e+00 3.440e+00 1.131e+00 1.131e+00 3.692e+00 3.440e+00 4.242e+00 3.335e+00 3.438e+00
-10.080 -11.284 4.242e+00 3.440e+00 1.159e+00 1.159e+00 3.692e+00 3.440e+00 4.242e+00 3.335e+00 3.438e+00
-10.052 -11.256 4.242e+00 3.440e+00 1.187e+00 1.187e+00 3.692e+00 3.440e+00 4.242e+00 3.335e+00 3.438e+00
-10.024 -11.228 4.242e+00 3.440e+00 1.215e+00 1.215e+00 3.692e+00 3.440e+00 4.242e+00 3.336e+00 3.437e+00
-9.996 -11.200 4.242e+00 3.440e+00 1.243e+00 1.243e+00 3.692e+00 3.440e+00 4.242e+00 3.336e+00 3.437e+00
-9.968 -11.172 4.242e+00 3.440e+00 1.271e+00 1.271e+00 3.692e+00 3.440e+00 4.242e+00 3.336e+00 3.437e+00
-9.940 -11.144 4.242e+00 3.440e+00 1.299e+00 1.299e+00 3.692e+00 3.440e+00 4.242e+00 3.336e+00 3.437e+00
-9.912 -11.116 4.242e+00 3.440e+00 1.327e+00 1.327e+00 3.692e+00 3.440e+00 4.242e+00 3.337e+00 3.437e+00
-9.884 -11.088 4.242e+00 3.440e+00 1.355e+00 1.355e+00 3.693e+00 3.440e+00 4.242e+00 3.337e+00 3.436e+00
-9.856 -11.060 4.242e+00 3.440e+00 1.383e+00 1.383e+00 3.693e+00 3.440e+00 4.242e+00 3.337e+00 3.436e+00
-9.828 -11.032 4.242e+00 3.440e+00 1.411e+00 1.411e+00 3.693e+00 3.440e+00 4.242e+00 3.338e+00 3.436e+00
-9.800 -11.004 4.242e+00 3.440e+00 1.439e+00 1.439e+00 3.693e+00 3.440e+00 4.241e+00 3.338e+00 3.436e+00
-9.744 -10.948 4.242e+00 3.440e+00 1.495e+00 1.495e+00 3.693e+00 3.440e+00 4.241e+00 3.339e+00 3.435e+00
-9.716 -10.920 4.242e+00 3.440e+00 1.523e+00 1.523e+00 3.693e+00 3.440e+00 4.241e+00 3.339e+00 3.435e+00
-9.688 -10.892 4.242e+00 3.440e+00 1.551e+00 1.551e+00 3.694e+00 3.440e+00 4.241e+00 3.339e+00 3.434e+00
-9.659 -10.864 4.242e+00 3.440e+00 1.579e+00 1.579e+00 3.694e+00 3.440e+00 4.241e+00 3.340e+00 3.434e+00
-9.631 -10.836 4.242e+00 3.440e+00 1.607e+00 1.607e+00 3.694e+00 3.440e+00 4.241e+00 3.340e+00 3.434e+00
-9.603 -10.808 4.242e+00 3.440e+00 1.635e+00 1.635e+00 3.694e+00 3.440e+00 4.241e+00 3.341e+00 3.433e+00
-9.575 -10.780 4.242e+00 3.440e+00 1.663e+00 1.663e+00 3.695e+00 3.440e+00 4.241e+00 3.342e+00 3.433e+00
-9.547 -10.751 4.242e+00 3.440e+00 1.691e+00 1.691e+00 3.695e+00 3.440e+00 4.241e+00 3.342e+00 3.432e+00
-9.519 -10.723 4.242e+00 3.440e+00 1.719e+00 1.719e+00 3.695e+00 3.440e+00 4.241e+00 3.343e+00 3.432e+00
-9.491 -10.695 4.242e+00 3.440e+00 1.747e+00 1.747e+00 3.695e+00 3.440e+00 4.241e+00 3.344e+00 3.431e+00
-9.463 -10.667 4.242e+00 3.440e+00 1.775e+00 1.775e+00 3.696e+00 3.440e+00 4.241e+00 3.344e+00 3.430e+00
-9.435 -10.639 4.242e+00 3.440e+00 1.803e+00 1.803e+00 3.696e+00 3.440e+00 4.241e+00 3.345e+00 3.430e+00
-9.407 -10.611 4.242e+00 3.440e+00 1.831e+00 1.831e+00 3.696e+00 3.440e+00 4.240e+00 3.346e+00 3.429e+00
-9.379 -10.583 4.242e+00 3.440e+00 1.859e+00 1.859e+00 3.697e+00 3.440e+00 4.240e+00 3.347e+00 3.428e+00
-9.323 -10.527 4.242e+00 3.440e+00 1.915e+00 1.915e+00 3.698e+00 3.440e+00 4.240e+00 3.349e+00 3.427e+00
-9.295 -10.499 4.242e+00 3.440e+00 1.943e+00 1.943e+00 3.698e+00 3.440e+00 4.240e+00 3.350e+00 3.426e+00
-9.267 -10.471 4.242e+00 3.440e+00 1.971e+00 1.971e+00 3.699e+00 3.440e+00 4.240e+00 3.351e+00 3.425e+00
-9.239 -10.443 4.242e+00 3.440e+00 1.999e+00 1.999e+00 3.699e+00 3.440e+00 4.240e+00 3.352e+00 3.424e+00
-9.211 -10.415 4.242e+00 3.440e+00 2.027e+00 2.027e+00 3.700e+00 3.440e+00 4.240e+00 3.353e+00 3.423e+00
-9.183 -10.387 4.242e+00 3.440e+00 2.055e+00 2.055e+00 3.700e+00 3.440e+00 4.239e+00 3.355e+00 3.422e+00
-9.155 -10.359 4.242e+00 3.440e+00 2.083e+00 2.083e+00 3.701e+00 3.440e+00 4.239e+00 3.356e+00 3.420e+00
-9.127 -10.331 4.242e+00 3.440e+00 2.111e+00 2.111e+00 3.702e+00 3.440e+00 4.239e+00 3.358e+00 3.419e+00
-9.099 -10.303 4.242e+00 3.440e+00 2.139e+00 2.139e+00 3.703e+00 3.440e+00 4.239e+00 3.359e+00 3.418e+00
-9.071 -10.275 4.242e+00 3.440e+00 2.167e+00 2.167e+00 3.703e+00 3.440e+00 4.238e+00 3.361e+00 3.416e+00
-9.043 -10.247 4.242e+00 3.440e+00 2.195e+00 2.195e+00 3.704e+00 3.440e+00 4.238e+00 3.363e+00 3.415e+00
-9.015 -10.219 4.242e+00 3.440e+00 2.223e+00 2.223e+00 3.705e+00 3.440e+00 4.238e+00 3.365e+00 3.413e+00
-8.987 -10.191 4.242e+00 3.440e+00 2.250e+00 2.250e+00 3.706e+00 3.440e+00 4.238e+00 3.367e+00 3.411e+00
-8.959 -10.163 4.242e+00 3.440e+00 2.278e+00 2.278e+00 3.707e+00 3.440e+00 4.237e+00 3.369e+00 3.409e+00
-8.903 -10.107 4.242e+00 3.440e+00 2.334e+00 2.334e+00 3.709e+00 3.440e+00 4.237e+00 3.374e+00 3.404e+00
-8.875 -10.079 4.242e+00 3.440e+00 2.362e+00 2.362e+00 3.710e+00 3.440e+00 4.236e+00 3.377e+00 3.402e+00
-8.847 -10.051 4.242e+00 3.440e+00 2.390e+00 2.390e+00 3.712e+00 3.440e+00 4.236e+00 3.379e+00 3.399e+00
-8.819 -10.023 4.242e+00 3.440e+00 2.418e+00 2.418e+00 3.713e+00 3.440e+00 4.236e+00 3.382e+00 3.397e+00
-8.791 -9.995 4.242e+00 3.440e+00 2.445e+00 2.445e+00 3.715e+00 3.440e+00 4.235e+00 3.385e+00 3.394e+00
-8.763 -9.967 4.242e+00 3.440e+00 2.473e+00 2.473e+00 3.716e+00 3.440e+00 4.235e+00 3.389e+00 3.390e+00
-8.735 -9.939 4.242e+00 3.440e+00 2.501e+00 2.501e+00 3.718e+00 3.440e+00 4.234e+00 3.392e+00 3.387e+00
-8.707 -9.911 4.242e+00 3.440e+00 2.529e+00 2.529e+00 3.719e+00 3.440e+00 4.234e+00 3.396e+00 3.383e+00
-8.678 -9.883 4.242e+00 3.440e+00 2.556e+00 2.556e+00 3.721e+00 3.440e+00 4.233e+00 3.400e+00 3.379e+00
-8.650 -9.855 4.242e+00 3.440e+00 2.584e+00 2.584e+00 3.723e+00 3.440e+00 4.232e+00 3.404e+00 3.375e+00
-8.622 -9.827 4.242e+00 3.440e+00 2.612e+00 2.612e+00 3.725e+00 3.440e+00 4.232e+00 3.408e+00 3.370e+00
-8.594 -9.799 4.242e+00 3.440e+00 2.640e+00 2.640e+00 3.727e+00 3.440e+00 4.231e+00 3.413e+00 3.365e+00
-8.566 -9.770 4.242e+00 3.440e+00 2.667e+00 2.667e+00 3.730e+00 3.440e+00 4.230e+00 3.417e+00 3.360e+00
-8.538 -9.742 4.242e+00 3.440e+00 2.695e+00 2.695e+00 3.732e+00 3.440e+00 4.230e+00 3.422e+00 3.354e+00
-8.482 -9.686 4.242e+00 3.440e+00 2.750e+00 2.750e+00 3.738e+00 3.440e+00 4.228e+00 3.433e+00 3.341e+00
-8.454 -9.658 4.242e+00 3.440e+00 2.778e+00 2.778e+00 3.741e+00 3.440e+00 4.227e+00 3.439e+00 3.333e+00
-8.426 -9.630 4.242e+00 3.440e+00 2.805e+00 2.805e+00 3.744e+00 3.440e+00 4.226e+00 3.445e+00 3.325e+00
-8.398 -9.602 4.242e+00 3.440e+00 2.833e+00 2.833e+00 3.747e+00 3.440e+00 4.225e+00 3.452e+00 3.317e+00
-8.370 -9.574 4.242e+00 3.440e+00 2.860e+00 2.860e+00 3.750e+00 3.440e+00 4.224e+00 3.458e+00 3.307e+00
-8.342 -9.546 4.242e+00 3.440e+00 2.888e+00 2.888e+00 3.754e+00 3.440e+00 4.222e+00 3.466e+00 3.297e+00
-8.314 -9.518 4.242e+00 3.440e+00 2.915e+00 2.915e+00 3.758e+00 3.440e+00 4.221e+00 3.473e+00 3.286e+00
-8.286 -9.490 4.242e+00 3.440e+00 2.942e+00 2.942e+00 3.762e+00 3.440e+00 4.220e+00 3.481e+00 3.274e+00
-8.258 -9.462 4.242e+00 3.440e+00 2.970e+00 2.970e+00 3.766e+00 3.440e+00 4.218e+00 3.489e+00 3.260e+00
-8.230 -9.434 4.242e+00 3.440e+00 2.997e+00 2.997e+00 3.770e+00 3.440e+00 4.217e+00 3.497e+00 3.246e+00
-8.202 -9.406 4.242e+00 3.440e+00 3.024e+00 3.024e+00 3.775e+00 3.440e+00 4.215e+00 3.506e+00 3.229e+00
-8.174 -9.378 4.242e+00 3.440e+00 3.051e+00 3.051e+00 3.780e+00 3.440e+00 4.213e+00 3.515e+00 3.212e+00
-8.146 -9.350 4.242e+00 3.440e+00 3.078e+00 3.078e+00 3.785e+00 3.440e+00 4.211e+00 3.525e+00 3.192e+00
-8.118 -9.322 4.242e+00 3.440e+00 3.105e+00 3.105e+00 3.791e+00 3.440e+00 4.209e+00 3.534e+00 3.170e+00
-8.090 -9.294 4.242e+00 3.440e+00 3.132e+00 3.132e+00 3.796e+00 3.440e+00 4.207e+00 3.545e+00 3.145e+00
-8.034 -9.238 4.242e+00 3.440e+00 3.186e+00 3.186e+00 3.809e+00 3.440e+00 4.202e+00 3.566e+00 3.086e+00
-8.006 -9.210 4.242e+00 3.440e+00 3.213e+00 3.213e+00 3.815e+00 3.440e+00 4.199e+00 3.578e+00 3.049e+00
-7.978 -9.182 4.242e+00 3.440e+00 3.239e+00 3.239e+00 3.822e+00 3.440e+00 4.196e+00 3.589e+00 3.007e+00
-7.950 -9.154 4.242e+00 3.440e+00 3.266e+00 3.266e+00 3.829e+00 3.440e+00 4.193e+00 3.601e+00 2.958e+00
-7.922 -9.126 4.242e+00 3.440e+00 3.292e+00 3.292e+00 3.836e+00 3.440e+00 4.190e+00 3.614e+00 2.899e+00
-7.894 -9.098 4.242e+00 3.440e+00 3.319e+00 3.319e+00 3.844e+00 3.440e+00 4.187e+00 3.626e+00 2.825e+00
-7.866 -9.070 4.242e+00 3.440e+00 3.345e+00 3.345e+00 3.852e+00 3.440e+00 4.183e+00 3.639e+00 2.732e+00
-7.838 -9.042 4.242e+00 3.440e+00 3.371e+00 3.371e+00 3.860e+00 3.440e+00 4.179e+00 3.653e+00 2.604e+00
-7.810 -9.014 4.242e+00 3.440e+00 3.397e+00 3.397e+00 3.869e+00 3.440e+00 4.175e+00 3.667e+00 2.410e+00
-7.782 -8.986 4.242e+00 3.440e+00 3.423e+00 3.423e+00 3.878e+00 3.440e+00 4.170e+00 3.681e+00 2.017e+00
-7.754 -8.958 4.242e+00 3.440e+00 3.449e+00 3.449e+00 3.887e+00 3.440e+00 4.165e+00 3.695e+00 1.760e+00
-7.726 -8.930 4.242e+00 3.440e+00 3.474e+00 3.474e+00 3.896e+00 3.440e+00 4.160e+00 3.710e+00 2.358e+00
-7.697 -8.902 4.242e+00 3.440e+00 3.500e+00 3.500e+00 3.906e+00 3.440e+00 4.155e+00 3.725e+00 2.610e+00
-7.669 -8.874 4.241e+00 3.440e+00 3.525e+00 3.525e+00 3.916e+00 3.440e+00 4.149e+00 3.740e+00 2.775e+00
-7.613 -8.818 4.241e+00 3.440e+00 3.575e+00 3.575e+00 3.937e+00 3.440e+00 4.136e+00 3.771e+00 3.002e+00
-7.585 -8.789 4.241e+00 3.440e+00 3.599e+00 3.599e+00 3.948e+00 3.440e+00 4.129e+00 3.786e+00 3.087e+00
-7.557 -8.761 4.241e+00 3.440e+00 3.624e+00 3.624e+00 3.959e+00 3.440e+00 4.121e+00 3.802e+00 3.162e+00
-7.529 -8.733 4.241e+00 3.440e+00 3.648e+00 3.648e+00 3.970e+00 3.440e+00 4.113e+00 3.818e+00 3.229e+00
-7.501 -8.705 4.241e+00 3.440e+00 3.672e+00 3.672e+00 3.982e+00 3.440e+00 4.104e+00 3.835e+00 3.289e+00
-7.473 -8.677 4.241e+00 3.440e+00 3.696e+00 3.696e+00 3.993e+00 3.440e+00 4.095e+00 3.851e+00 3.344e+00
-7.445 -8.649 4.241e+00 3.440e+00 3.719e+00 3.719e+00 4.005e+00 3.440e+00 4.085e+00 3.867e+00 3.395e+00
-7.417 -8.621 4.241e+00 3.440e+00 3.742e+00 3.742e+00 4.017e+00 3.440e+00 4.075e+00 3.884e+00 3.442e+00
-7.389 -8.593 4.240e+00 3.440e+00 3.765e+00 3.765e+00 4.029e+00 3.440e+00 4.064e+00 3.900e+00 3.486e+00
-7.361 -8.565 4.240e+00 3.440e+00 3.787e+00 3.787e+00 4.042e+00 3.440e+00 4.052e+00 3.916e+00 3.528e+00
-7.333 -8.537 4.240e+00 3.440e+00 3.809e+00 3.809e+00 4.054e+00 3.440e+00 4.039e+00 3.933e+00 3.567e+00
-7.305 -8.509 4.240e+00 3.441e+00 3.831e+00 3.831e+00 4.066e+00 3.441e+00 4.025e+00 3.949e+00 3.604e+00
-7.277 -8.481 4.240e+00 3.441e+00 3.852e+00 3.852e+00 4.079e+00 3.441e+00 4.011e+00 3.965e+00 3.639e+00
-7.249 -8.453 4.239e+00 3.441e+00 3.873e+00 3.873e+00 4.091e+00 3.441e+00 3.995e+00 3.981e+00 3.673e+00
-7.193 -8.397 4.239e+00 3.441e+00 3.914e+00 3.914e+00 4.116e+00 3.441e+00 3.961e+00 4.012e+00 3.735e+00
-7.165 -8.369 4.239e+00 3.442e+00 3.933e+00 3.933e+00 4.128e+00 3.442e+00 3.942e+00 4.028e+00 3.764e+00
-7.137 -8.341 4.238e+00 3.442e+00 3.952e+00 3.952e+00 4.140e+00 3.442e+00 3.922e+00 4.043e+00 3.792e+00
-7.109 -8.313 4.238e+00 3.442e+00 3.971e+00 3.971e+00 4.152e+00 3.442e+00 3.900e+00 4.057e+00 3.818e+00
-7.081 -8.285 4.237e+00 3.443e+00 3.988e+00 3.988e+00 4.163e+00 3.443e+00 3.877e+00 4.072e+00 3.843e+00
-7.053 -8.257 4.237e+00 3.443e+00 4.006e+00 4.006e+00 4.175e+00 3.443e+00 3.853e+00 4.086e+00 3.866e+00
-7.025 -8.229 4.236e+00 3.444e+00 4.022e+00 4.022e+00 4.186e+00 3.444e+00 3.827e+00 4.099e+00 3.889e+00
-6.997 -8.201 4.236e+00 3.445e+00 4.038e+00 4.038e+00 4.197e+00 3.445e+00 3.799e+00 4.112e+00 3.910e+00
-6.969 -8.173 4.235e+00 3.445e+00 4.053e+00 4.053e+00 4.207e+00 3.445e+00 3.770e+00 4.124e+00 3.930e+00
-6.941 -8.145 4.235e+00 3.446e+00 4.068e+00 4.068e+00 4.217e+00 3.446e+00 3.738e+00 4.136e+00 3.949e+00
-6.913 -8.117 4.234e+00 3.447e+00 4.082e+00 4.082e+00 4.227e+00 3.447e+00 3.705e+00 4.148e+00 3.967e+00
-6.885 -8.089 4.233e+00 3.448e+00 4.095e+00 4.095e+00 4.236e+00 3.448e+00 3.669e+00 4.158e+00 3.984e+00
-6.857 -8.061 4.232e+00 3.449e+00 4.107e+00 4.107e+00 4.244e+00 3.449e+00 3.631e+00 4.168e+00 3.999e+00
-6.829 -8.033 4.231e+00 3.450e+00 4.118e+00 4.118e+00 4.252e+00 3.450e+00 3.591e+00 4.177e+00 4.013e+00
-6.773 -7.977 4.229e+00 3.453e+00 4.139e+00 4.139e+00 4.266e+00 3.453e+00 3.504e+00 4.194e+00 4.038e+00
-6.745 -7.949 4.228e+00 3.454e+00 4.147e+00 4.147e+00 4.272e+00 3.454e+00 3.456e+00 4.201e+00 4.049e+00
-6.716 -7.921 4.227e+00 3.456e+00 4.155e+00 4.155e+00 4.278e+00 3.456e+00 3.405e+00 4.207e+00 4.059e+00
-6.688 -7.893 4.225e+00 3.458e+00 4.163e+00 4.163e+00 4.283e+00 3.458e+00 3.352e+00 4.212e+00 4.067e+00
-6.660 -7.865 4.223e+00 3.460e+00 4.169e+00 4.169e+00 4.287e+00 3.460e+00 3.297e+00 4.217e+00 4.074e+00
-6.632 -7.837 4.222e+00 3.462e+00 4.174e+00 4.174e+00 4.291e+00 3.462e+00 3.238e+00 4.221e+00 4.080e+00
-6.604 -7.808 4.220e+00 3.464e+00 4.179e+00 4.179e+00 4.293e+00 3.464e+00 3.178e+00 4.224e+00 4.086e+00
-6.576 -7.780 4.218e+00 3.467e+00 4.182e+00 4.182e+00 4.296e+00 3.467e+00 3.115e+00 4.226e+00 4.089e+00
-6.548 -7.752 4.216e+00 3.469e+00 4.185e+00 4.185e+00 4.297e+00 3.469e+00 3.050e+00 4.227e+00 4.092e+00
-6.520 -7.724 4.214e+00 3.472e+00 4.187e+00 4.187e+00 4.298e+00 3.472e+00 2.984e+00 4.227e+00 4.094e+00
-6.492 -7.696 4.211e+00 3.475e+00 4.188e+00 4.188e+00 4.298e+00 3.475e+00 2.918e+00 4.227e+00 4.095e+00
-6.464 -7.668 4.209e+00 3.479e+00 4.189e+00 4.189e+00 4.297e+00 3.479e+00 2.852e+00 4.226e+00 4.095e+00
-6.436 -7.640 4.206e+00 3.482e+00 4.189e+00 4.189e+00 4.296e+00 3.482e+00 2.788e+00 4.224e+00 4.094e+00
-6.408 -7.612 4.203e+00 3.485e+00 4.188e+00 4.188e+00 4.295e+00 3.485e+00 2.727e+00 4.222e+00 4.092e+00
-6.352 -7.556 4.196e+00 3.493e+00 4.184e+00 4.184e+00 4.290e+00 3.493e+00 2.620e+00 4.214e+00 4.086e+00
-6.324 -7.528 4.192e+00 3.497e+00 4.182e+00 4.182e+00 4.287e+00 3.497e+00 2.577e+00 4.210e+00 4.081e+00
-6.296 -7.500 4.189e+00 3.502e+00 4.179e+00 4.179e+00 4.283e+00 3.502e+00 2.541e+00 4.204e+00 4.076e+00
-6.268 -7.472 4.185e+00 3.506e+00 4.175e+00 4.175e+00 4.279e+00 3.506e+00 2.514e+00 4.198e+00 4.070e+00
-6.240 -7.444 4.180e+00 3.511e+00 4.171e+00 4.171e+00 4.274e+00 3.511e+00 2.494e+00 4.192e+00 4.064e+00
-6.212 -7.416 4.176e+00 3.516e+00 4.167e+00 4.167e+00 4.269e+00 3.516e+00 2.481e+00 4.185e+00 4.057e+00
-6.184 -7.388 4.171e+00 3.521e+00 4.162e+00 4.162e+00 4.264e+00 3.521e+00 2.474e+00 4.177e+00 4.049e+00
-6.156 -7.360 4.165e+00 3.526e+00 4.157e+00 4.157e+00 4.258e+00 3.526e+00 2.472e+00 4.168e+00 4.041e+00
-6.128 -7.332 4.160e+00 3.532e+00 4.151e+00 4.151e+00 4.251e+00 3.532e+00 2.473e+00 4.159e+00 4.031e+00
-6.100 -7.304 4.154e+00 3.537e+00 4.145e+00 4.145e+00 4.245e+00 3.537e+00 2.477e+00 4.150e+00 4.022e+00
-6.072 -7.276 4.148e+00 3.543e+00 4.138e+00 4.138e+00 4.237e+00 3.543e+00 2.484e+00 4.139e+00 4.011e+00
-6.044 -7.248 4.141e+00 3.549e+00 4.131e+00 4.131e+00 4.230e+00 3.549e+00 2.492e+00 4.128e+00 4.000e+00
-6.016 -7.220 4.134e+00 3.555e+00 4.124e+00 4.124e+00 4.222e+00 3.555e+00 2.501e+00 4.116e+00 3.988e+00
-5.988 -7.194 4.127e+00 3.561e+00 4.116e+00 4.116e+00 4.213e+00 3.561e+00 2.512e+00 4.103e+00 3.975e+00
-5.935 -7.167 4.112e+00 3.574e+00 4.100e+00 4.100e+00 4.195e+00 3.574e+00 2.535e+00 4.076e+00 3.947e+00
-5.909 -7.152 4.104e+00 3.580e+00 4.092e+00 4.092e+00 4.185e+00 3.580e+00 2.547e+00 4.061e+00 3.932e+00
-5.884 -7.137 4.096e+00 3.586e+00 4.083e+00 4.083e+00 4.175e+00 3.586e+00 2.559e+00 4.046e+00 3.917e+00
-5.860 -7.122 4.088e+00 3.592e+00 4.074e+00 4.074e+00 4.165e+00 3.592e+00 2.571e+00 4.031e+00 3.901e+00
-5.836 -7.105 4.079e+00 3.598e+00 4.065e+00 4.065e+00 4.155e+00 3.598e+00 2.584e+00 4.014e+00 3.884e+00
-5.789 -7.071 4.062e+00 3.609e+00 4.046e+00 4.046e+00 4.134e+00 3.609e+00 2.611e+00 3.980e+00 3.849e+00
-5.766 -7.053 4.053e+00 3.615e+00 4.037e+00 4.037e+00 4.123e+00 3.615e+00 2.625e+00 3.962e+00 3.830e+00
-5.743 -7.033 4.044e+00 3.620e+00 4.027e+00 4.027e+00 4.112e+00 3.620e+00 2.640e+00 3.942e+00 3.810e+00
-5.698 -6.992 4.025e+00 3.631e+00 4.006e+00 4.006e+00 4.088e+00 3.631e+00 2.670e+00 3.901e+00 3.768e+00
-5.675 -6.970 4.016e+00 3.636e+00 3.995e+00 3.995e+00 4.075e+00 3.636e+00 2.686e+00 3.879e+00 3.744e+00
-5.652 -6.946 4.006e+00 3.641e+00 3.983e+00 3.983e+00 4.062e+00 3.641e+00 2.703e+00 3.855e+00 3.720e+00
-5.630 -6.921 3.996e+00 3.647e+00 3.972e+00 3.972e+00 4.049e+00 3.647e+00 2.720e+00 3.830e+00 3.694e+00
-5.583 -6.866 3.974e+00 3.657e+00 3.947e+00 3.947e+00 4.021e+00 3.657e+00 2.757e+00 3.775e+00 3.636e+00
-5.560 -6.835 3.964e+00 3.662e+00 3.934e+00 3.934e+00 4.006e+00 3.662e+00 2.776e+00 3.744e+00 3.603e+00
-5.535 -6.801 3.952e+00 3.667e+00 3.921e+00 3.921e+00 3.990e+00 3.667e+00 2.796e+00 3.711e+00 3.568e+00
-5.485 -6.725 3.929e+00 3.676e+00 3.892e+00 3.892e+00 3.957e+00 3.676e+00 2.838e+00 3.634e+00 3.485e+00
-5.458 -6.681 3.917e+00 3.681e+00 3.877e+00 3.877e+00 3.939e+00 3.681e+00 2.861e+00 3.590e+00 3.437e+00
-5.430 -6.635 3.904e+00 3.685e+00 3.860e+00 3.860e+00 3.920e+00 3.685e+00 2.885e+00 3.540e+00 3.382e+00
-5.402 -6.606 3.891e+00 3.690e+00 3.843e+00 3.843e+00 3.900e+00 3.690e+00 2.909e+00 3.483e+00 3.318e+00
-5.374 -6.578 3.879e+00 3.694e+00 3.827e+00 3.827e+00 3.880e+00 3.694e+00 2.931e+00 3.423e+00 3.249e+00
-5.346 -6.550 3.867e+00 3.697e+00 3.811e+00 3.811e+00 3.861e+00 3.697e+00 2.950e+00 3.357e+00 3.172e+00
-5.318 -6.522 3.855e+00 3.700e+00 3.795e+00 3.795e+00 3.842e+00 3.700e+00 2.968e+00 3.287e+00 3.087e+00
-5.290 -6.494 3.845e+00 3.703e+00 3.781e+00 3.781e+00 3.825e+00 3.703e+00 2.983e+00 3.213e+00 2.993e+00
-5.262 -6.466 3.835e+00 3.706e+00 3.767e+00 3.767e+00 3.809e+00 3.706e+00 2.994e+00 3.134e+00 2.889e+00
-5.234 -6.438 3.826e+00 3.708e+00 3.755e+00 3.755e+00 3.794e+00 3.708e+00 3.002e+00 3.051e+00 2.773e+00
-5.206 -6.410 3.818e+00 3.709e+00 3.745e+00 3.745e+00 3.781e+00 3.709e+00 3.005e+00 2.965e+00 2.643e+00
-5.178 -6.382 3.810e+00 3.710e+00 3.736e+00 3.736e+00 3.770e+00 3.710e+00 3.004e+00 2.878e+00 2.497e+00
-5.150 -6.354 3.803e+00 3.711e+00 3.729e+00 3.729e+00 3.761e+00 3.711e+00 3.000e+00 2.791e+00 2.330e+00
-5.094 -6.298 3.792e+00 3.713e+00 3.719e+00 3.719e+00 3.746e+00 3.713e+00 2.982e+00 2.621e+00 1.868e+00
-5.066 -6.270 3.787e+00 3.713e+00 3.715e+00 3.715e+00 3.741e+00 3.713e+00 2.969e+00 2.539e+00 1.432e+00
-5.057 -7.210 3.783e+00 3.713e+00 3.724e+00 3.724e+00 3.748e+00 3.713e+00 2.889e+00 2.639e+00 2.124e+00
-5.025 -6.890 3.778e+00 3.713e+00 3.713e+00 3.713e+00 3.736e+00 3.713e+00 2.924e+00 2.432e+00 8.495e-01
-4.995 -6.707 3.774e+00 3.713e+00 3.709e+00 3.709e+00 3.731e+00 3.713e+00 2.917e+00 2.330e+00 1.665e+00
-4.965 -6.570 3.771e+00 3.713e+00 3.708e+00 3.708e+00 3.728e+00 3.713e+00 2.903e+00 2.253e+00 1.816e+00
-4.926 -6.432 3.766e+00 3.713e+00 3.706e+00 3.706e+00 3.725e+00 3.713e+00 2.882e+00 2.163e+00 1.910e+00
-4.905 -6.768 3.763e+00 3.712e+00 3.706e+00 3.706e+00 3.724e+00 3.712e+00 2.858e+00 2.137e+00 1.890e+00
-4.875 -6.585 3.760e+00 3.712e+00 3.704e+00 3.704e+00 3.721e+00 3.712e+00 2.847e+00 2.036e+00 1.974e+00
-4.849 -6.691 3.758e+00 3.711e+00 3.707e+00 3.707e+00 3.723e+00 3.711e+00 2.801e+00 2.159e+00 1.698e+00
-4.812 -6.508 3.754e+00 3.710e+00 3.702e+00 3.702e+00 3.717e+00 3.710e+00 2.808e+00 1.897e+00 2.007e+00
-4.783 -6.518 3.751e+00 3.710e+00 3.701e+00 3.701e+00 3.715e+00 3.710e+00 2.790e+00 1.834e+00 2.012e+00
-4.754 -6.556 3.749e+00 3.709e+00 3.704e+00 3.705e+00 3.718e+00 3.709e+00 2.737e+00 2.049e+00 1.721e+00
-4.728 -6.556 3.747e+00 3.709e+00 3.704e+00 3.704e+00 3.717e+00 3.709e+00 2.722e+00 2.011e+00 1.740e+00
-4.697 -6.556 3.745e+00 3.708e+00 3.703e+00 3.703e+00 3.716e+00 3.708e+00 2.705e+00 1.963e+00 1.763e+00
-4.668 -6.556 3.743e+00 3.707e+00 3.702e+00 3.702e+00 3.714e+00 3.707e+00 2.689e+00 1.919e+00 1.778e+00
-4.635 -6.556 3.740e+00 3.707e+00 3.701e+00 3.701e+00 3.713e+00 3.707e+00 2.671e+00 1.870e+00 1.790e+00
-4.610 -6.556 3.738e+00 3.706e+00 3.701e+00 3.701e+00 3.712e+00 3.706e+00 2.657e+00 1.833e+00 1.796e+00
-4.577 -6.556 3.736e+00 3.705e+00 3.700e+00 3.700e+00 3.710e+00 3.705e+00 2.638e+00 1.784e+00 1.800e+00
-4.546 -6.556 3.734e+00 3.704e+00 3.699e+00 3.699e+00 3.709e+00 3.704e+00 2.621e+00 1.740e+00 1.801e+00
-4.517 -6.556 3.732e+00 3.703e+00 3.698e+00 3.698e+00 3.708e+00 3.703e+00 2.604e+00 1.699e+00 1.800e+00
-4.487 -6.556 3.729e+00 3.702e+00 3.697e+00 3.697e+00 3.706e+00 3.702e+00 2.587e+00 1.655e+00 1.796e+00
-4.458 -6.556 3.727e+00 3.701e+00 3.696e+00 3.696e+00 3.705e+00 3.701e+00 2.570e+00 1.615e+00 1.792e+00
-4.428 -6.556 3.725e+00 3.700e+00 3.695e+00 3.695e+00 3.703e+00 3.700e+00 2.552e+00 1.573e+00 1.786e+00
-4.398 -6.510 3.723e+00 3.699e+00 3.694e+00 3.694e+00 3.702e+00 3.699e+00 2.532e+00 1.558e+00 1.763e+00
-4.368 -6.510 3.721e+00 3.698e+00 3.692e+00 3.693e+00 3.700e+00 3.697e+00 2.514e+00 1.519e+00 1.755e+00
-4.338 -6.465 3.719e+00 3.696e+00 3.691e+00 3.692e+00 3.699e+00 3.696e+00 2.496e+00 1.478e+00 1.746e+00
-4.310 -6.465 3.717e+00 3.695e+00 3.690e+00 3.691e+00 3.698e+00 3.695e+00 2.476e+00 1.468e+00 1.722e+00
-4.277 -6.465 3.714e+00 3.694e+00 3.689e+00 3.690e+00 3.696e+00 3.693e+00 2.455e+00 1.426e+00 1.711e+00
-4.249 -6.419 3.712e+00 3.692e+00 3.688e+00 3.689e+00 3.695e+00 3.692e+00 2.435e+00 1.418e+00 1.685e+00
-4.217 -6.419 3.710e+00 3.691e+00 3.686e+00 3.687e+00 3.693e+00 3.690e+00 2.414e+00 1.378e+00 1.672e+00
-4.188 -6.419 3.708e+00 3.689e+00 3.685e+00 3.686e+00 3.691e+00 3.689e+00 2.395e+00 1.340e+00 1.660e+00
-4.158 -6.373 3.705e+00 3.688e+00 3.683e+00 3.685e+00 3.690e+00 3.687e+00 2.372e+00 1.332e+00 1.631e+00
-4.128 -6.373 3.703e+00 3.686e+00 3.682e+00 3.683e+00 3.688e+00 3.686e+00 2.350e+00 1.292e+00 1.616e+00
-4.100 -6.327 3.701e+00 3.685e+00 3.680e+00 3.682e+00 3.686e+00 3.684e+00 2.327e+00 1.288e+00 1.586e+00
-4.070 -6.327 3.699e+00 3.683e+00 3.679e+00 3.681e+00 3.685e+00 3.682e+00 2.305e+00 1.249e+00 1.570e+00
-4.039 -6.282 3.697e+00 3.681e+00 3.677e+00 3.680e+00 3.683e+00 3.680e+00 2.279e+00 1.240e+00 1.537e+00
-4.008 -6.282 3.694e+00 3.679e+00 3.676e+00 3.678e+00 3.681e+00 3.679e+00 2.253e+00 1.200e+00 1.517e+00
-3.979 -6.282 3.692e+00 3.678e+00 3.674e+00 3.677e+00 3.679e+00 3.677e+00 2.228e+00 1.160e+00 1.497e+00
-3.949 -6.236 3.690e+00 3.676e+00 3.672e+00 3.675e+00 3.677e+00 3.675e+00 2.198e+00 1.153e+00 1.460e+00
-3.919 -6.236 3.687e+00 3.674e+00 3.671e+00 3.674e+00 3.676e+00 3.673e+00 2.169e+00 1.109e+00 1.436e+00
-3.888 -6.190 3.685e+00 3.673e+00 3.669e+00 3.673e+00 3.674e+00 3.671e+00 2.136e+00 1.100e+00 1.393e+00
-3.859 -6.190 3.683e+00 3.671e+00 3.667e+00 3.671e+00 3.672e+00 3.670e+00 2.104e+00 1.055e+00 1.367e+00
-3.829 -6.144 3.681e+00 3.669e+00 3.666e+00 3.670e+00 3.670e+00 3.668e+00 2.068e+00 1.045e+00 1.320e+00
-3.799 -6.144 3.679e+00 3.668e+00 3.664e+00 3.669e+00 3.669e+00 3.666e+00 2.030e+00 9.958e-01 1.288e+00
-3.770 -6.098 3.677e+00 3.666e+00 3.663e+00 3.668e+00 3.667e+00 3.664e+00 1.990e+00 9.833e-01 1.235e+00
-3.740 -6.053 3.675e+00 3.665e+00 3.661e+00 3.667e+00 3.665e+00 3.663e+00 1.944e+00 9.697e-01 1.176e+00
-3.709 -6.053 3.673e+00 3.663e+00 3.660e+00 3.666e+00 3.664e+00 3.661e+00 1.899e+00 9.111e-01 1.136e+00
-3.679 -6.007 3.671e+00 3.662e+00 3.659e+00 3.665e+00 3.663e+00 3.660e+00 1.846e+00 8.895e-01 1.070e+00
-3.649 -5.961 3.670e+00 3.661e+00 3.657e+00 3.664e+00 3.661e+00 3.658e+00 1.790e+00 8.695e-01 9.940e-01
-3.618 -5.961 3.668e+00 3.659e+00 3.656e+00 3.663e+00 3.660e+00 3.657e+00 1.733e+00 8.000e-01 9.444e-01
-3.589 -5.915 3.667e+00 3.658e+00 3.655e+00 3.663e+00 3.659e+00 3.656e+00 1.671e+00 7.712e-01 8.633e-01
-3.558 -5.870 3.666e+00 3.657e+00 3.654e+00 3.662e+00 3.658e+00 3.655e+00 1.600e+00 7.330e-01 7.699e-01
-3.528 -5.824 3.665e+00 3.657e+00 3.653e+00 3.662e+00 3.657e+00 3.654e+00 1.526e+00 6.936e-01 6.707e-01
-3.499 -5.778 3.664e+00 3.656e+00 3.653e+00 3.661e+00 3.656e+00 3.653e+00 1.450e+00 6.540e-01 5.649e-01
-3.470 -5.732 3.663e+00 3.655e+00 3.652e+00 3.661e+00 3.656e+00 3.653e+00 1.368e+00 6.040e-01 4.511e-01
-3.439 -5.687 3.663e+00 3.655e+00 3.652e+00 3.661e+00 3.655e+00 3.652e+00 1.276e+00 5.516e-01 3.122e-01
-3.409 -5.641 3.662e+00 3.655e+00 3.651e+00 3.661e+00 3.655e+00 3.652e+00 1.182e+00 4.919e-01 1.691e-01
-3.378 -5.595 3.662e+00 3.654e+00 3.651e+00 3.661e+00 3.655e+00 3.651e+00 1.077e+00 4.234e-01 -4.604e-04
-3.347 -5.504 3.661e+00 3.654e+00 3.651e+00 3.661e+00 3.655e+00 3.651e+00 9.694e-01 3.517e-01 -1.910e-01
-3.317 -5.458 3.661e+00 3.654e+00 3.651e+00 3.661e+00 3.654e+00 3.651e+00 8.521e-01 2.962e-01 -5.299e-01
-3.288 -5.412 3.661e+00 3.654e+00 3.651e+00 3.661e+00 3.654e+00 3.651e+00 7.347e-01 2.294e-01 -1.069e+00
-3.259 -5.321 3.661e+00 3.654e+00 3.651e+00 3.661e+00 3.654e+00 3.651e+00 6.034e-01 1.948e-01 -7.659e-01
-3.226 -5.229 3.661e+00 3.654e+00 3.651e+00 3.661e+00 3.654e+00 3.651e+00 4.515e-01 1.390e-01 -4.870e-01
-3.199 -5.138 3.661e+00 3.654e+00 3.651e+00 3.661e+00 3.655e+00 3.651e+00 2.825e-01 1.357e-01 -2.627e-01
-3.169 -5.000 3.661e+00 3.655e+00 3.651e+00 3.661e+00 3.654e+00 3.651e+00 5.020e-01 -2.229e-01 9.450e-02
-3.140 -5.258 3.661e+00 3.655e+00 3.651e+00 3.661e+00 3.654e+00 3.651e+00 5.374e-01 2.145e-01 3.203e-01
-3.107 -5.167 3.661e+00 3.655e+00 3.651e+00 3.661e+00 3.655e+00 3.651e+00 -2.191e-02 3.396e-01 2.735e-01
-3.078 -5.214 3.661e+00 3.655e+00 3.652e+00 3.662e+00 3.655e+00 3.651e+00 5.159e-01 6.160e-01 5.930e-01
-3.048 -5.214 3.661e+00 3.655e+00 3.652e+00 3.662e+00 3.655e+00 3.651e+00 4.633e-01 5.403e-01 5.223e-01
-3.019 -5.214 3.661e+00 3.655e+00 3.652e+00 3.662e+00 3.655e+00 3.651e+00 4.056e-01 4.650e-01 4.509e-01
-2.989 -5.214 3.661e+00 3.655e+00 3.651e+00 3.661e+00 3.655e+00 3.651e+00 4.029e-01 3.546e-01 3.672e-01
-2.959 -5.214 3.661e+00 3.655e+00 3.651e+00 3.661e+00 3.655e+00 3.651e+00 3.097e-01 2.725e-01 2.821e-01
-2.929 -5.214 3.661e+00 3.655e+00 3.651e+00 3.662e+00 3.655e+00 3.651e+00 1.747e-01 1.978e-01 1.922e-01
-2.899 -5.214 3.661e+00 3.655e+00 3.651e+00 3.661e+00 3.655e+00 3.651e+00 7.940e-02 9.508e-02 9.121e-02
-2.869 -5.168 3.661e+00 3.655e+00 3.651e+00 3.661e+00 3.655e+00 3.651e+00 1.279e-01 1.331e-01 1.318e-01
-2.838 -5.208 3.661e+00 3.655e+00 3.651e+00 3.661e+00 3.654e+00 3.651e+00 6.091e-01 6.053e-01 6.063e-01
-2.810 -5.208 3.661e+00 3.655e+00 3.651e+00 3.661e+00 3.654e+00 3.651e+00 5.852e-01 5.817e-01 5.826e-01
-2.780 -5.208 3.661e+00 3.655e+00 3.651e+00 3.661e+00 3.654e+00 3.651e+00 5.583e-01 5.551e-01 5.559e-01
-2.750 -5.208 3.661e+00 3.655e+00 3.652e+00 3.662e+00 3.655e+00 3.651e+00 5.299e-01 5.271e-01 5.278e-01
-2.719 -5.208 3.661e+00 3.655e+00 3.651e+00 3.661e+00 3.654e+00 3.651e+00 4.988e-01 4.958e-01 4.966e-01
-2.689 -5.208 3.661e+00 3.655e+00 3.651e+00 3.661e+00 3.655e+00 3.651e+00 4.662e-01 4.632e-01 4.639e-01
-2.659 -5.208 3.661e+00 3.655e+00 3.651e+00 3.661e+00 3.655e+00 3.651e+00 4.306e-01 4.275e-01 4.283e-01
-2.629 -5.208 3.661e+00 3.655e+00 3.652e+00 3.662e+00 3.655e+00 3.651e+00 3.934e-01 3.906e-01 3.913e-01
-2.599 -5.208 3.661e+00 3.655e+00 3.651e+00 3.661e+00 3.655e+00 3.651e+00 3.534e-01 3.504e-01 3.512e-01
-2.569 -5.208 3.661e+00 3.655e+00 3.651e+00 3.662e+00 3.655e+00 3.651e+00 3.103e-01 3.075e-01 3.082e-01
-2.540 -5.208 3.661e+00 3.655e+00 3.651e+00 3.661e+00 3.655e+00 3.651e+00 2.644e-01 2.614e-01 2.621e-01
-2.510 -5.208 3.661e+00 3.655e+00 3.651e+00 3.662e+00 3.655e+00 3.651e+00 2.154e-01 2.125e-01 2.132e-01
-2.480 -5.208 3.661e+00 3.655e+00 3.651e+00 3.662e+00 3.655e+00 3.651e+00 1.620e-01 1.591e-01 1.598e-01
-2.450 -5.208 3.661e+00 3.655e+00 3.651e+00 3.661e+00 3.655e+00 3.651e+00 1.056e-01 1.027e-01 1.035e-01
-2.420 -5.208 3.661e+00 3.655e+00 3.651e+00 3.661e+00 3.655e+00 3.651e+00 4.482e-02 4.186e-02 4.260e-02
-2.390 -5.245 3.661e+00 3.655e+00 3.652e+00 3.662e+00 3.655e+00 3.651e+00 4.160e-01 4.118e-01 4.128e-01
-2.360 -5.143 3.661e+00 3.655e+00 3.651e+00 3.661e+00 3.655e+00 3.651e+00 1.611e-01 1.592e-01 1.597e-01
-2.329 -5.217 3.661e+00 3.655e+00 3.651e+00 3.661e+00 3.655e+00 3.651e+00 1.702e-01 1.665e-01 1.674e-01
-2.300 -5.146 3.661e+00 3.655e+00 3.651e+00 3.661e+00 3.655e+00 3.651e+00 2.794e-02 2.638e-02 2.677e-02
-2.270 -5.179 3.661e+00 3.655e+00 3.651e+00 3.662e+00 3.655e+00 3.651e+00 4.240e-01 4.203e-01 4.212e-01
-2.240 -5.215 3.661e+00 3.655e+00 3.652e+00 3.662e+00 3.655e+00 3.651e+00 6.211e-01 6.176e-01 6.185e-01
-2.210 -5.215 3.661e+00 3.655e+00 3.651e+00 3.661e+00 3.655e+00 3.651e+00 4.090e-02 3.818e-02 3.886e-02
-2.180 -5.180 3.661e+00 3.655e+00 3.651e+00 3.661e+00 3.654e+00 3.651e+00 5.563e-01 5.530e-01 5.539e-01
-2.150 -5.226 3.661e+00 3.655e+00 3.651e+00 3.661e+00 3.655e+00 3.651e+00 2.012e-01 1.977e-01 1.986e-01
-2.120 -5.214 3.661e+00 3.655e+00 3.651e+00 3.661e+00 3.655e+00 3.651e+00 2.632e-01 2.606e-01 2.612e-01
-2.090 -5.210 3.661e+00 3.655e+00 3.651e+00 3.662e+00 3.655e+00 3.651e+00 5.040e-01 5.009e-01 5.017e-01
-2.060 -5.210 3.661e+00 3.655e+00 3.651e+00 3.661e+00 3.655e+00 3.651e+00 2.293e-01 2.265e-01 2.272e-01
-2.030 -5.235 3.661e+00 3.655e+00 3.651e+00 3.661e+00 3.655e+00 3.651e+00 3.481e-01 3.439e-01 3.449e-01
-2.000 -5.210 3.661e+00 3.655e+00 3.651e+00 3.661e+00 3.654e+00 3.651e+00 4.027e-01 3.998e-01 4.005e-01