# ASY method (no partition functions): 72387168 integration steps in 7.0567e+02 seconds
# All double quantities are log10(x); rates in units of s^-1
#
#      t       dt  2/Rmin   Reaction_Rmin    1/Rmax   Reaction_Rmax     dt_FE   dt_EA   trial_dt
-15.8828 -16.8828  7.6970 he4+he4+he4-->c12 -10.6277 c12+c12-->he4+ne20 -7.8496 -16.9242 -16.8828
-15.8000 -16.8000  7.5315 he4+he4+he4-->c12 -10.6277 c12+c12-->he4+ne20 -7.8496 -16.8414 -16.8000
-15.7586 -16.7586  7.4487 he4+he4+he4-->c12 -10.6277 c12+c12-->he4+ne20 -7.8496 -16.8000 -16.7586
-15.6759 -16.6759  7.2831 he4+he4+he4-->c12 -10.6277 c12+c12-->he4+ne20 -7.8496 -16.7172 -16.6759
-15.5931 -16.5931  7.1175 he4+he4+he4-->c12 -10.6277 c12+c12-->he4+ne20 -7.8496 -16.6345 -16.5931
-15.5103 -16.5103  6.9519 he4+he4+he4-->c12 -10.6277 c12+c12-->he4+ne20 -7.8496 -16.5517 -16.5103
-15.4275 -16.4275  6.7864 he4+he4+he4-->c12 -10.6277 c12+c12-->he4+ne20 -7.8496 -16.4689 -16.4275
-15.3447 -16.3447  6.6208 he4+he4+he4-->c12 -10.6277 c12+c12-->he4+ne20 -7.8496 -16.3861 -16.3447
-15.2619 -16.2619  6.4553 he4+he4+he4-->c12 -10.6277 c12+c12-->he4+ne20 -7.8496 -16.3033 -16.2619
-15.1791 -16.1791  6.2897 he4+he4+he4-->c12 -10.6277 c12+c12-->he4+ne20 -7.8496 -16.2205 -16.1791
-15.0964 -16.0964  6.1241 he4+he4+he4-->c12 -10.6277 c12+c12-->he4+ne20 -7.8495 -16.1378 -16.0964
-15.0136 -16.0136  5.9586 he4+he4+he4-->c12 -10.6277 c12+c12-->he4+ne20 -7.8495 -16.0550 -16.0136
-14.9308 -15.9308  5.7930 he4+he4+he4-->c12 -10.6277 c12+c12-->he4+ne20 -7.8495 -15.9722 -15.9308
-14.8480 -15.8480  5.6275 he4+he4+he4-->c12 -10.6277 c12+c12-->he4+ne20 -7.8495 -15.8894 -15.8480
-14.7652 -15.7652  5.4620 he4+he4+he4-->c12 -10.6276 c12+c12-->he4+ne20 -7.8495 -15.8066 -15.7652
-14.6824 -15.6824  5.2964 he4+he4+he4-->c12 -10.6276 c12+c12-->he4+ne20 -7.8495 -15.7238 -15.6824
-14.5996 -15.5996  5.1944 he4+o16-->ne20 -10.6276 c12+c12-->he4+ne20 -7.8494 -15.6410 -15.5996
-14.5583 -15.5583  5.1530 he4+o16-->ne20 -10.6276 c12+c12-->he4+ne20 -7.8494 -15.5996 -15.5583
-14.4755 -15.4755  5.0702 he4+o16-->ne20 -10.6275 c12+c12-->he4+ne20 -7.8494 -15.5169 -15.4755
-14.3927 -15.3927  4.9875 he4+o16-->ne20 -10.6275 c12+c12-->he4+ne20 -7.8493 -15.4341 -15.3927
-14.3099 -15.3099  4.9048 he4+o16-->ne20 -10.6274 c12+c12-->he4+ne20 -7.8493 -15.3513 -15.3099
-14.2271 -15.2271  4.8220 he4+o16-->ne20 -10.6273 c12+c12-->he4+ne20 -7.8492 -15.2685 -15.2271
-14.1443 -15.1443  4.7393 he4+o16-->ne20 -10.6273 c12+c12-->he4+ne20 -7.8491 -15.1857 -15.1443
-14.0615 -15.0615  4.6566 he4+o16-->ne20 -10.6272 c12+c12-->he4+ne20 -7.8490 -15.1029 -15.0615
-13.9788 -14.9788  4.5740 he4+o16-->ne20 -10.6270 c12+c12-->he4+ne20 -7.8489 -15.0201 -14.9788
-13.8960 -14.8960  4.4913 he4+o16-->ne20 -10.6269 c12+c12-->he4+ne20 -7.8487 -14.9374 -14.8960
-13.8132 -14.8132  4.4087 he4+o16-->ne20 -10.6267 c12+c12-->he4+ne20 -7.8486 -14.8546 -14.8132
-13.7304 -14.7304  4.3261 he4+o16-->ne20 -10.6265 c12+c12-->he4+ne20 -7.8483 -14.7718 -14.7304
-13.6476 -14.6476  4.2436 he4+o16-->ne20 -10.6262 c12+c12-->he4+ne20 -7.8481 -14.6890 -14.6476
-13.5648 -14.5648  4.1611 he4+o16-->ne20 -10.6259 c12+c12-->he4+ne20 -7.8477 -14.6062 -14.5648
-13.4820 -14.4820  4.0787 he4+o16-->ne20 -10.6255 c12+c12-->he4+ne20 -7.8474 -14.5234 -14.4820
-13.3993 -14.3993  3.9963 he4+o16-->ne20 -10.6250 c12+c12-->he4+ne20 -7.8469 -14.4407 -14.3993
-13.3579 -14.3579  3.9552 he4+o16-->ne20 -10.6248 c12+c12-->he4+ne20 -7.8466 -14.3993 -14.3579
-13.2751 -14.2751  3.8729 he4+o16-->ne20 -10.6241 c12+c12-->he4+ne20 -7.8460 -14.3165 -14.2751
-13.1923 -14.1923  3.7908 he4+o16-->ne20 -10.6234 c12+c12-->he4+ne20 -7.8452 -14.2337 -14.1923
-13.1095 -14.1095  3.7089 he4+o16-->ne20 -10.6225 c12+c12-->he4+ne20 -7.8443 -14.1509 -14.1095
-13.0267 -14.0267  3.6271 he4+o16-->ne20 -10.6214 c12+c12-->he4+ne20 -7.8432 -14.0681 -14.0267
-12.9439 -13.9439  3.5455 he4+o16-->ne20 -10.6200 c12+c12-->he4+ne20 -7.8419 -13.9853 -13.9439
-12.8612 -13.8612  3.4642 he4+o16-->ne20 -10.6184 c12+c12-->he4+ne20 -7.8403 -13.9025 -13.8612
-12.7784 -13.7784  3.3832 he4+o16-->ne20 -10.6165 c12+c12-->he4+ne20 -7.8384 -13.8198 -13.7784
-12.6956 -13.6956  3.3025 he4+o16-->ne20 -10.6142 c12+c12-->he4+ne20 -7.8360 -13.7370 -13.6956
-12.6128 -13.6128  3.2223 he4+o16-->ne20 -10.6114 c12+c12-->he4+ne20 -7.8332 -13.6542 -13.6128
-12.5300 -13.5300  3.1426 he4+o16-->ne20 -10.6080 c12+c12-->he4+ne20 -7.8299 -13.5714 -13.5300
-12.4472 -13.4472  3.0635 he4+o16-->ne20 -10.6040 c12+c12-->he4+ne20 -7.8258 -13.4886 -13.4472
-12.3644 -13.3644  2.9851 he4+o16-->ne20 -10.5991 c12+c12-->he4+ne20 -7.8210 -13.4058 -13.3644
-12.2817 -13.2817  2.9076 he4+o16-->ne20 -10.5933 c12+c12-->he4+ne20 -7.8152 -13.3230 -13.2817
-12.1989 -13.1989  2.8311 he4+o16-->ne20 -10.5864 c12+c12-->he4+ne20 -7.8083 -13.2403 -13.1989
-12.1575 -13.1575  2.7932 he4+o16-->ne20 -10.5825 c12+c12-->he4+ne20 -7.8043 -13.1989 -13.1575
-12.0747 -13.0747  2.7186 he4+o16-->ne20 -10.5735 c12+c12-->he4+ne20 -7.7954 -13.1161 -13.0747
-11.9919 -12.9919  2.6454 he4+o16-->ne20 -10.5629 c12+c12-->he4+ne20 -7.7847 -13.0333 -12.9919
-11.9091 -12.9091  2.5739 he4+o16-->ne20 -10.5504 c12+c12-->he4+ne20 -7.7722 -12.9505 -12.9091
-11.8263 -12.8263  2.5044 he4+o16-->ne20 -10.5356 c12+c12-->he4+ne20 -7.7575 -12.8677 -12.8263
-11.7436 -12.7436  2.4371 he4+o16-->ne20 -10.5184 c12+c12-->he4+ne20 -7.7403 -12.7849 -12.7436
-11.6608 -12.6608  2.3722 he4+o16-->ne20 -10.4984 c12+c12-->he4+ne20 -7.7202 -12.7022 -12.6608
-11.5780 -12.5780  2.3100 he4+o16-->ne20 -10.4753 c12+c12-->he4+ne20 -7.6971 -12.6194 -12.5780
-11.4952 -12.4952  2.2506 he4+o16-->ne20 -10.4488 c12+c12-->he4+ne20 -7.6706 -12.5366 -12.4952
-11.4124 -12.4124  2.1944 he4+o16-->ne20 -10.4186 c12+c12-->he4+ne20 -7.6405 -12.4538 -12.4124
-11.3296 -12.3296  2.1413 he4+o16-->ne20 -10.3846 c12+c12-->he4+ne20 -7.6065 -12.3710 -12.3296
-11.2468 -12.2468  2.0914 he4+o16-->ne20 -10.3466 c12+c12-->he4+ne20 -7.5684 -12.2882 -12.2468
-11.1641 -12.1641  2.0447 he4+o16-->ne20 -10.3044 c12+c12-->he4+ne20 -7.5262 -12.2054 -12.1641
-11.0813 -12.0813  2.0011 he4+o16-->ne20 -10.2580 c12+c12-->he4+ne20 -7.4798 -12.1227 -12.0813
-11.0399 -12.0399  1.9804 he4+o16-->ne20 -10.2332 c12+c12-->he4+ne20 -7.4551 -12.0813 -12.0399
-10.9571 -11.9571  1.9409 he4+o16-->ne20 -10.1807 c12+c12-->he4+ne20 -7.4025 -11.9985 -11.9571
-10.8743 -11.8743  1.9039 he4+o16-->ne20 -10.1242 c12+c12-->he4+ne20 -7.3460 -11.9157 -11.8743
-10.7915 -11.7915  1.8690 he4+o16-->ne20 -10.0639 c12+c12-->he4+ne20 -7.2858 -11.8329 -11.7915
-10.7087 -11.7087  1.8358 he4+o16-->ne20 -10.0002 c12+c12-->he4+ne20 -7.2220 -11.7501 -11.7087
-10.6259 -11.6259  1.8040 he4+o16-->ne20 -9.9332 c12+c12-->he4+ne20 -7.1550 -11.6673 -11.6259
-10.5432 -11.5432  1.7733 he4+o16-->ne20 -9.8874 ne20-->he4+o16 -7.1092 -11.5846 -11.5432
-10.4604 -11.4604  1.7435 he4+o16-->ne20 -9.8874 ne20-->he4+o16 -7.1092 -11.5018 -11.4604
-10.3776 -11.3776  1.7146 he4+o16-->ne20 -9.8874 ne20-->he4+o16 -7.1092 -11.4190 -11.3776
-10.2948 -11.2948  1.6865 he4+o16-->ne20 -9.8874 ne20-->he4+o16 -7.1092 -11.3362 -11.2948
-10.2120 -11.2120  1.6596 he4+o16-->ne20 -9.8874 ne20-->he4+o16 -7.1092 -11.2534 -11.2120
-10.1292 -11.1292  1.6341 he4+o16-->ne20 -9.8874 ne20-->he4+o16 -7.1092 -11.1706 -11.1292
-10.0465 -11.0465  1.6104 he4+o16-->ne20 -9.8874 ne20-->he4+o16 -7.1092 -11.0878 -11.0465
-9.9637 -10.9637  1.5890 he4+o16-->ne20 -9.8874 ne20-->he4+o16 -7.1092 -11.0051 -10.9637
-9.8809 -10.8809  1.5700 he4+o16-->ne20 -9.8874 ne20-->he4+o16 -7.1092 -10.9223 -10.8809
-9.8395 -10.8395  1.5616 he4+o16-->ne20 -9.8874 ne20-->he4+o16 -7.1092 -10.8809 -10.8395
-9.7567 -10.7567  1.5466 he4+o16-->ne20 -9.8874 ne20-->he4+o16 -7.1092 -10.7981 -10.7567
-9.6739 -10.6739  1.5340 he4+o16-->ne20 -9.8874 ne20-->he4+o16 -7.1092 -10.7153 -10.6739
-9.5911 -10.5911  1.5232 he4+o16-->ne20 -9.8874 ne20-->he4+o16 -7.1092 -10.6325 -10.5911
-9.5083 -10.5083  1.5136 he4+o16-->ne20 -9.8874 ne20-->he4+o16 -7.1092 -10.5497 -10.5083
-9.4256 -10.4256  1.5046 he4+o16-->ne20 -9.8874 ne20-->he4+o16 -7.1092 -10.4670 -10.4256
-9.3428 -10.3428  1.4955 he4+o16-->ne20 -9.8874 ne20-->he4+o16 -7.1092 -10.3842 -10.3428
-9.2600 -10.2600  1.4861 he4+o16-->ne20 -9.8874 ne20-->he4+o16 -7.1092 -10.3014 -10.2600
-9.1718 -10.1718  1.4744 he4+o16-->ne20 -9.8874 ne20-->he4+o16 -7.1092 -10.3561 -10.1718
-9.1131 -10.1131  1.4674 he4+o16-->ne20 -9.8874 ne20-->he4+o16 -7.1092 -10.2974 -10.1131
-9.0252 -10.1100  1.4555 he4+o16-->ne20 -9.8874 ne20-->he4+o16 -7.1092 -10.4110 -10.1100
-8.9449 -10.0027  1.4462 he4+o16-->ne20 -9.8874 ne20-->he4+o16 -7.1092 -10.3037 -10.0027
-8.8780 -10.0378  1.4379 he4+o16-->ne20 -9.8874 ne20-->he4+o16 -7.1092 -10.3388 -10.0378
-8.7904 -10.0992  1.4276 he4+o16-->ne20 -9.8874 ne20-->he4+o16 -7.1092 -10.4002 -10.0992
-8.7125 -10.0057  1.4191 he4+o16-->ne20 -9.8874 ne20-->he4+o16 -7.1092 -10.3067 -10.0057
-8.6384 -10.0759  1.4110 he4+o16-->ne20 -9.8874 ne20-->he4+o16 -7.1092 -10.3769 -10.0759
-8.5553 -10.0175  1.4025 he4+o16-->ne20 -9.8874 ne20-->he4+o16 -7.1092 -10.3185 -10.0175
-8.4778 -10.1316  1.3948 he4+o16-->ne20 -9.8874 ne20-->he4+o16 -7.1092 -10.4326 -10.1316
-8.3975 -10.1083  1.3875 he4+o16-->ne20 -9.8874 ne20-->he4+o16 -7.1092 -10.4093 -10.1083
-8.3199 -10.1113  1.3809 he4+o16-->ne20 -9.8874 ne20-->he4+o16 -7.1092 -10.4123 -10.1113
-8.2397 -9.9945  1.3750 he4+o16-->ne20 -9.8874 ne20-->he4+o16 -7.1092 -10.2956 -9.9945
-8.1577 -10.0765  1.3696 he4+o16-->ne20 -9.8874 ne20-->he4+o16 -7.1092 -10.3775 -10.0765
-8.0783 -10.0475  1.3652 he4+o16-->ne20 -9.8874 ne20-->he4+o16 -7.1092 -10.3485 -10.0475
-8.0000 -10.0711  1.3618 he4+o16-->ne20 -9.8874 ne20-->he4+o16 -7.1092 -10.3721 -10.0711
-7.9194 -10.0188  1.3590 he4+o16-->ne20 -9.8874 ne20-->he4+o16 -7.1092 -10.3198 -10.0188
-7.8391 -10.0454  1.3569 he4+o16-->ne20 -9.8874 ne20-->he4+o16 -7.1092 -10.3464 -10.0454
-7.7597 -10.0136  1.3552 he4+o16-->ne20 -9.8874 ne20-->he4+o16 -7.1092 -10.3147 -10.0136
-7.6795 -10.0170  1.3536 he4+o16-->ne20 -9.8874 ne20-->he4+o16 -7.1092 -10.3180 -10.0170
-7.5999 -10.0935  1.3519 he4+o16-->ne20 -9.8874 ne20-->he4+o16 -7.1092 -10.3946 -10.0935
-7.5196 -10.0358  1.3497 he4+o16-->ne20 -9.8874 ne20-->he4+o16 -7.1092 -10.3368 -10.0358
-7.4394 -9.8464  1.3471 he4+o16-->ne20 -9.8874 ne20-->he4+o16 -7.1092 -10.1474 -9.8464
-7.3597 -9.8646  1.3438 he4+o16-->ne20 -9.8874 ne20-->he4+o16 -7.1092 -10.1656 -9.8646
-7.2797 -9.9296  1.3399 he4+o16-->ne20 -9.8874 ne20-->he4+o16 -7.1092 -10.2307 -9.9296
-7.2000 -9.9043  1.3353 he4+o16-->ne20 -9.8874 ne20-->he4+o16 -7.1092 -10.2053 -9.9043
-7.1199 -9.8498  1.3300 he4+o16-->ne20 -9.8874 ne20-->he4+o16 -7.1092 -10.1509 -9.8498
-7.0399 -9.8278  1.3240 he4+o16-->ne20 -9.8874 ne20-->he4+o16 -7.1092 -10.1288 -9.8278
-6.9599 -9.8908  1.3171 he4+o16-->ne20 -9.8874 ne20-->he4+o16 -7.1092 -10.1918 -9.8908
-6.8798 -9.8255  1.3095 he4+o16-->ne20 -9.8874 ne20-->he4+o16 -7.1092 -10.1265 -9.8255
-6.7999 -9.8658  1.3010 he4+o16-->ne20 -9.8874 ne20-->he4+o16 -7.1092 -10.1668 -9.8658
-6.7200 -9.8335  1.2916 he4+o16-->ne20 -9.8874 ne20-->he4+o16 -7.1092 -10.1345 -9.8335
-6.6400 -9.8690  1.2814 he4+o16-->ne20 -9.8874 ne20-->he4+o16 -7.1092 -10.1700 -9.8690
-6.5599 -9.8292  1.2705 he4+o16-->ne20 -9.8874 ne20-->he4+o16 -7.1092 -10.1302 -9.8292
-6.4799 -9.9246  1.2589 he4+o16-->ne20 -9.8874 ne20-->he4+o16 -7.1092 -10.2257 -9.9246
-6.3999 -9.8135  1.2466 he4+o16-->ne20 -9.8874 ne20-->he4+o16 -7.1092 -10.1145 -9.8135
-6.3199 -9.7792  1.2340 he4+o16-->ne20 -9.8874 ne20-->he4+o16 -7.1092 -10.0802 -9.7792
-6.2399 -9.7340  1.2209 he4+o16-->ne20 -9.8874 ne20-->he4+o16 -7.1092 -10.0351 -9.7340
-6.1600 -9.8329  1.2077 he4+o16-->ne20 -9.8874 ne20-->he4+o16 -7.1092 -10.1339 -9.8329
-6.0800 -9.8011  1.1944 he4+o16-->ne20 -9.8874 ne20-->he4+o16 -7.1092 -10.1022 -9.8011
-6.0000 -9.6741  1.1811 he4+o16-->ne20 -9.8874 ne20-->he4+o16 -7.1092 -9.9751 -9.6741
-5.9200 -9.6472  1.1681 he4+o16-->ne20 -9.8874 ne20-->he4+o16 -7.1092 -9.9482 -9.6472
-5.8400 -9.5710  1.1555 he4+o16-->ne20 -9.8874 ne20-->he4+o16 -7.1092 -9.8720 -9.5710
-5.7600 -9.5804  1.1432 he4+o16-->ne20 -9.8874 ne20-->he4+o16 -7.1092 -9.8815 -9.5804
-5.6800 -9.5936  1.1316 he4+o16-->ne20 -9.8874 ne20-->he4+o16 -7.1092 -9.8946 -9.5936
-5.6000 -9.2303  1.1207 he4+o16-->ne20 -9.8874 ne20-->he4+o16 -7.1092 -9.5314 -9.2303
-5.5200 -9.4643  1.1105 he4+o16-->ne20 -9.8874 ne20-->he4+o16 -7.1092 -9.7654 -9.4643
-5.4400 -9.3126  1.1012 he4+o16-->ne20 -9.8874 ne20-->he4+o16 -7.1092 -9.6136 -9.3126
-5.3600 -9.1951  1.0929 he4+o16-->ne20 -9.8874 ne20-->he4+o16 -7.1092 -9.4961 -9.1951
-5.2800 -9.1326  1.0856 he4+o16-->ne20 -9.8874 ne20-->he4+o16 -7.1092 -9.4337 -9.1326
-5.2000 -9.1408  1.0794 he4+o16-->ne20 -9.8874 ne20-->he4+o16 -7.1092 -9.4418 -9.1408
-5.1200 -9.1794  1.0743 he4+o16-->ne20 -9.8874 ne20-->he4+o16 -7.1092 -9.4804 -9.1794
-5.0400 -9.2199  1.0702 he4+o16-->ne20 -9.8874 ne20-->he4+o16 -7.1092 -9.5209 -9.2199
-4.9600 -9.1873  1.0672 he4+o16-->ne20 -9.8874 ne20-->he4+o16 -7.1092 -9.4884 -9.1873
-4.8800 -9.1502  1.0651 he4+o16-->ne20 -9.8874 ne20-->he4+o16 -7.1092 -9.4512 -9.1502
-4.8000 -9.1829  1.0637 he4+o16-->ne20 -9.8874 ne20-->he4+o16 -7.1092 -9.4839 -9.1829
-4.7200 -9.2317  1.0630 he4+o16-->ne20 -9.8874 ne20-->he4+o16 -7.1092 -9.5327 -9.2317
-4.6400 -9.2254  1.0626 he4+o16-->ne20 -9.8874 ne20-->he4+o16 -7.1092 -9.5264 -9.2254
-4.5600 -9.1404  1.0625 he4+o16-->ne20 -9.8874 ne20-->he4+o16 -7.1092 -9.4414 -9.1404
-4.4800 -9.2074  1.0624 he4+o16-->ne20 -9.8874 ne20-->he4+o16 -7.1092 -9.5084 -9.2074
-4.4000 -9.1934  1.0624 he4+o16-->ne20 -9.8874 ne20-->he4+o16 -7.1092 -9.4945 -9.1934
-4.3200 -9.1536  1.0623 he4+o16-->ne20 -9.8874 ne20-->he4+o16 -7.1092 -9.4546 -9.1536
-4.2400 -9.0528  1.0622 he4+o16-->ne20 -9.8874 ne20-->he4+o16 -7.1092 -9.3539 -9.0528
-4.1600 -8.9706  1.0621 he4+o16-->ne20 -9.8874 ne20-->he4+o16 -7.1092 -9.2716 -8.9706
-4.0800 -8.7909  1.0621 he4+o16-->ne20 -9.8874 ne20-->he4+o16 -7.1092 -9.0919 -8.7909
-4.0000 -8.4917  1.0620 he4+o16-->ne20 -9.8874 ne20-->he4+o16 -7.1092 -8.7927 -8.4917
-3.9200 -8.2786  1.0619 he4+o16-->ne20 -9.8874 ne20-->he4+o16 -7.1092 -8.5796 -8.2786
-3.8400 -8.0841  1.0619 he4+o16-->ne20 -9.8874 ne20-->he4+o16 -7.1092 -8.3852 -8.0841
-3.7600 -7.7219  1.0618 he4+o16-->ne20 -9.8874 ne20-->he4+o16 -7.1092 -8.0229 -7.7219
-3.6800 -7.8033  1.0618 he4+o16-->ne20 -9.8874 ne20-->he4+o16 -7.1092 -8.1043 -7.8033
-3.6000 -7.4772  1.0618 he4+o16-->ne20 -9.8874 ne20-->he4+o16 -7.1092 -7.7782 -7.4772
-3.5200 -7.4368  1.0618 he4+o16-->ne20 -9.8874 ne20-->he4+o16 -7.1092 -7.7378 -7.4368
-3.4400 -7.3535  1.0618 he4+o16-->ne20 -9.8874 ne20-->he4+o16 -7.1092 -7.6546 -7.3535
-3.3600 -7.3397  1.0618 he4+o16-->ne20 -9.8874 ne20-->he4+o16 -7.1092 -7.6408 -7.3397
-3.2800 -7.6976  1.0618 he4+o16-->ne20 -9.8874 ne20-->he4+o16 -7.1092 -7.9987 -7.6976
-3.2000 -7.3415  1.0618 he4+o16-->ne20 -9.8874 ne20-->he4+o16 -7.1092 -7.6425 -7.3415
-3.1200 -7.4246  1.0618 he4+o16-->ne20 -9.8874 ne20-->he4+o16 -7.1092 -7.7256 -7.4246
-3.0400 -7.3877  1.0618 he4+o16-->ne20 -9.8874 ne20-->he4+o16 -7.1092 -7.6887 -7.3877
-2.9600 -7.7590  1.0618 he4+o16-->ne20 -9.8874 ne20-->he4+o16 -7.1092 -8.0600 -7.7590
-2.8800 -7.9396  1.0618 he4+o16-->ne20 -9.8874 ne20-->he4+o16 -7.1092 -8.2406 -7.9396
-2.8000 -7.3657  1.0618 he4+o16-->ne20 -9.8874 ne20-->he4+o16 -7.1092 -7.6667 -7.3657
-2.7200 -7.4088  1.0618 he4+o16-->ne20 -9.8874 ne20-->he4+o16 -7.1092 -7.7098 -7.4088
-2.6400 -7.7205  1.0618 he4+o16-->ne20 -9.8874 ne20-->he4+o16 -7.1092 -8.0215 -7.7205
-2.5600 -7.6781  1.0618 he4+o16-->ne20 -9.8874 ne20-->he4+o16 -7.1092 -7.9791 -7.6781
-2.4800 -7.9202  1.0618 he4+o16-->ne20 -9.8874 ne20-->he4+o16 -7.1092 -8.2212 -7.9202
-2.4000 -7.7039  1.0619 he4+o16-->ne20 -9.8874 ne20-->he4+o16 -7.1092 -8.0049 -7.7039
-2.3200 -7.4133  1.0619 he4+o16-->ne20 -9.8874 ne20-->he4+o16 -7.1092 -7.7143 -7.4133
-2.2400 -7.4579  1.0619 he4+o16-->ne20 -9.8874 ne20-->he4+o16 -7.1092 -7.7589 -7.4579
-2.1600 -7.4347  1.0619 he4+o16-->ne20 -9.8874 ne20-->he4+o16 -7.1092 -7.7358 -7.4347
-2.0800 -7.4341  1.0619 he4+o16-->ne20 -9.8874 ne20-->he4+o16 -7.1092 -7.7352 -7.4341
-2.0000 -7.3645  1.0620 he4+o16-->ne20 -9.8874 ne20-->he4+o16 -7.1092 -7.6655 -7.3645
-1.9200 -7.7476  1.0620 he4+o16-->ne20 -9.8874 ne20-->he4+o16 -7.1092 -8.0486 -7.7476
-1.8400 -7.4238  1.0621 he4+o16-->ne20 -9.8874 ne20-->he4+o16 -7.1092 -7.7248 -7.4238
-1.7600 -7.4203  1.0621 he4+o16-->ne20 -9.8874 ne20-->he4+o16 -7.1092 -7.7214 -7.4203
-1.6800 -7.4232  1.0622 he4+o16-->ne20 -9.8874 ne20-->he4+o16 -7.1092 -7.7242 -7.4232
-1.6000 -7.3855  1.0622 he4+o16-->ne20 -9.8874 ne20-->he4+o16 -7.1092 -7.6865 -7.3855
-1.5200 -7.7254  1.0623 he4+o16-->ne20 -9.8874 ne20-->he4+o16 -7.1092 -8.0265 -7.7254
-1.4400 -7.3638  1.0625 he4+o16-->ne20 -9.8874 ne20-->he4+o16 -7.1092 -7.6649 -7.3638
-1.3600 -7.4534  1.0626 he4+o16-->ne20 -9.8874 ne20-->he4+o16 -7.1092 -7.7544 -7.4534
-1.2800 -7.6491  1.0628 he4+o16-->ne20 -9.8874 ne20-->he4+o16 -7.1092 -7.9501 -7.6491
-1.2000 -7.3683  1.0629 he4+o16-->ne20 -9.8874 ne20-->he4+o16 -7.1092 -7.6693 -7.3683
-1.1200 -7.4534  1.0632 he4+o16-->ne20 -9.8874 ne20-->he4+o16 -7.1092 -7.7544 -7.4534
-1.0400 -7.3312  1.0635 he4+o16-->ne20 -9.8874 ne20-->he4+o16 -7.1092 -7.6323 -7.3312
-0.9600 -7.3864  1.0638 he4+o16-->ne20 -9.8874 ne20-->he4+o16 -7.1092 -7.6875 -7.3864
-0.8800 -7.6613  1.0642 he4+o16-->ne20 -9.8874 ne20-->he4+o16 -7.1092 -7.9624 -7.6613
-0.8000 -7.4023  1.0647 he4+o16-->ne20 -9.8874 ne20-->he4+o16 -7.1092 -7.7033 -7.4023
-0.7200 -7.8566  1.0653 he4+o16-->ne20 -9.8874 ne20-->he4+o16 -7.1092 -8.1576 -7.8566
-0.6400 -7.7313  1.0660 he4+o16-->ne20 -9.8874 ne20-->he4+o16 -7.1092 -8.0324 -7.7313
-0.5600 -7.4143  1.0669 he4+o16-->ne20 -9.8874 ne20-->he4+o16 -7.1092 -7.7153 -7.4143
-0.4800 -7.3228  1.0679 he4+o16-->ne20 -9.8874 ne20-->he4+o16 -7.1092 -7.6238 -7.3228
-0.4000 -7.3552  1.0691 he4+o16-->ne20 -9.8874 ne20-->he4+o16 -7.1092 -7.6563 -7.3552
-0.3200 -7.7996  1.0706 he4+o16-->ne20 -9.8874 ne20-->he4+o16 -7.1092 -8.1006 -7.7996
-0.2400 -7.8540  1.0723 he4+o16-->ne20 -9.8874 ne20-->he4+o16 -7.1092 -8.1551 -7.8540
-0.1600 -7.2828  1.0743 he4+o16-->ne20 -9.8874 ne20-->he4+o16 -7.1092 -7.5839 -7.2828
-0.0800 -7.6440  1.0767 he4+o16-->ne20 -9.8874 ne20-->he4+o16 -7.1092 -7.9450 -7.6440
 0.0000 -7.5209  1.0796 he4+o16-->ne20 -9.8874 ne20-->he4+o16 -7.1092 -7.8220 -7.5209
